0 0.14007551937359866 0.4215518362153837 0.3453911486989719 0.2942446884980496 0.35721027733499167 0.3377549499677126 0.15189464800961835 0.46506209768504675
0 0.3135128877712534 0.2288541416169823 0.32770829136596136 0.2878334024734291 0.2982407316408824 0.30402275957024255 0.28404532804617433 0.2450434987137958
0 0.0848393716801959 0.40337160345562173 0.019934959440539583 0.3534500559613382 0.046028701713801475 0.2760110870609438 0.1109331139534578 0.3259326345552273
0 0.09751119539160163 0.08137475047788187 0.10166559572529699 0.14931003245368749 0.06304908376103559 0.15470045756518355 0.05889468342734025 0.08676517558937796
0 0.07151286819982786 0.2462915436728334 0.05664384959952267 0.17889745807044913 0.09452442195418964 0.15982028309891994 0.10939344055449482 0.2272143687013042
0 0.09558649911888195 0.15072743792570728 0.13712532851399126 0.13361146831585322 0.14385178811673208 0.17087433787500797 0.10231295872162277 0.18799030748486203
0 0.104137363889984 0.18405212761218742 0.1411576695655515 0.17473016521637655 0.1462259262269844 0.22067410823953743 0.1092056205514169 0.2299960706353483
0 0.14065599243504442 0.2700529302745838 0.31128847356555267 0.17114913932242778 0.3255944035724966 0.22748719757638938 0.15496192244198834 0.3263909885285454
0 0.33360411176182964 0.2607866353414835 0.312986195143391 0.1813532016537121 0.3342166096640275 0.16877446781975144 0.35483452628246615 0.24820790150752278
0 0.06538581243619936 0.17873006471083497 0.067439504785613 0.24388888091885713 0.03933343508243415 0.24591096555681327 0.03727974273302051 0.18075214934879114
0 0.036168862244473445 0.0 0.036168862244473445 0.05654101901584201 0.0 0.05654101901584201 0.0 0.0
0 0.0613345233286242 0.02628981304567556 0.030505199299996753 0.02273938973264984 0.0316664762941485 -0.00027803328456894313 0.06249580032277595 0.0032723900284567756
0 0.07438402939190233 -0.014609668898721444 0.11587202579615782 0.02380816671944927 0.10592472093522283 0.04832881834448838 0.06443672453096734 0.009910982726317668
0 0.034708022652824896 0.13350381934584057 0.032545183806141395 0.08938983203918953 0.047594826949981295 0.08770556456959283 0.049757665796664796 0.1318195518762439
0 0.015235137920423714 0.09642284935715585 0.03151382858904348 0.09334853628471182 0.034329150457673506 0.12737653783041314 0.01805045978905374 0.13045085090285718
0 0.124886578894824 0.028841438671707773 0.09625806043910917 0.02758772526776029 0.09676658048758058 0.0010816336162691193 0.12539509894329542 0.002335347020216605
0 0.11769519886964666 0.12030250181397321 0.10589439353402445 0.07335247426544941 0.131382265646896 0.05872914073913077 0.14318307098251823 0.10567916828765456
0 0.16807893953507436 0.1422257294506622 0.15190146573607216 0.05939603637668634 0.17824549920422594 0.04765128213564477 0.1944229730032281 0.13048097520962065
0 0.17784283211913052 0.12420370644150286 0.19455654885582468 0.21889781906954361 0.15105026997792875 0.23642608725281586 0.1343365532412346 0.14173197462477508
0 0.15212737007567712 0.05131708730356306 0.16479396820377612 0.12722806132265196 0.1450487356045512 0.13474869946967025 0.13238213747645217 0.05883772545058138
0 0.10103433519583041 0.11559730749429535 0.11862766369880834 0.11438909786854631 0.11947358765332475 0.14250642637315 0.1018802591503468 0.14371463599889905
0 0.22271386702143686 0.006439381320739424 0.30391181270956397 -0.04349997494175863 0.3497564711873247 0.1266484192763283 0.2685585254991976 0.17658777553882637
0 0.042096744125167423 0.197549101592967 0.04484304932735426 0.2542552172653075 0.01125149506712923 0.25796873934167747 0.008505189864942394 0.20126262366933703
0 0.0022370212241260745 0.12135585273582856 0.03533729965169725 0.11755768712588262 0.03736920891321294 0.15797794414406544 0.004268930485641763 0.16177610975401138
0 0.0680257860693057 0.18650815201717014 0.012539327015695873 0.1943428377637154 0.010620721893994796 0.16332667694505315 0.06610718094760462 0.15549199119850787
0 0.3557275226796385 0.1671964018614756 0.3676478255453896 0.21865261550503293 0.352982922199061 0.22640732762613267 0.34106261933330995 0.17495111398257537
0 0.11380551893719892 0.43957381213878327 0.04275753869382201 0.4580412560907906 0.035701967247933016 0.3960808648003472 0.10674994749130992 0.3776134208483399
0 0.12881838109915014 0.3902070814753084 0.135946258146437 0.44270635380620094 0.10842931457729804 0.4512342934922813 0.1013014375300112 0.39873502116138876
0 0.16005178854369456 0.5130362325092283 0.09368169415517992 0.5452672907032412 0.07735159479675457 0.46850928027604694 0.1437216891852692 0.43627822208203393
0 0.019454368680569812 0.506645123026598 0.05255647480466197 0.48933323350970237 0.06647558047225698 0.5500850821550499 0.033373474348164824 0.5673969716719457
0 0.3940052533343406 0.4840266407655455 0.3365682459613231 0.5140652410443889 0.319762008631985 0.440711948004885 0.37719901600500244 0.41067334772604175
0 0.39766698408396917 0.46668325732791643 0.4205600760448699 0.6115198156398983 0.3605629359965785 0.633166621216807 0.3376698440356778 0.4883300629048251
0 0.3204633863583854 0.44431600751115846 0.3382625268038648 0.5308368986480301 0.2985005696587451 0.5495085534681848 0.28070142921326563 0.4629876623313132
0 0.2468513179690012 0.5908622560362113 0.2216466961053868 0.49970067475008567 0.2706980833314792 0.46874383338069436 0.29590270519509365 0.5599054146668201
0 0.3605433430871591 0.637826557131526 0.3086532884204935 0.6530003041386733 0.29504777446251074 0.546795722429589 0.34693782912917637 0.5316219754224418
0 0.2640565607045263 0.6764644633140668 0.24369279375646583 0.5830664385069846 0.2932106496661607 0.5584219806235914 0.31357441661422125 0.6518200054306738
0 0.19161779292495792 0.6180946329421789 0.17381886463033086 0.5278164308667938 0.22335288556701927 0.505524301916603 0.2411518138616463 0.5958025039919882
0 0.24404967440617995 0.5909943619394691 0.26707892847713094 0.7029860458393288 0.21921352506218475 0.7254534465510672 0.19618427099123373 0.6134617626512076
0 0.16308882478039363 0.5420899387215126 0.18012742411603352 0.6206726016818309 0.12486004493957858 0.6480261096321758 0.10782144560393869 0.5694434466718574
0 0.03876129626122216 0.6072668181312088 0.10442290765957722 0.5684973702504319 0.12535754173230512 0.6494301217407148 0.05969593033395004 0.6881995696214916
0 0.06160007321071953 0.6922481089165513 0.12549446757971805 0.652979979777442 0.14322388075405318 0.7188296978108398 0.07932948638505466 0.758097826949949
0 0.12214394328713322 0.6505032304800131 0.18172114602675787 0.620499405941033 0.19891096038134115 0.6984127220422597 0.13933375764171646 0.7284165465812398
0 0.16746282150442518 0.8121418243352945 0.11287225632435466 0.8469656581096908 0.08893871221841719 0.7613240063675051 0.14352927739848773 0.7265001725931087
0 0.19998418480771685 0.7037404138255106 0.21634129247853617 0.7849402318634464 0.16807719606392718 0.8071330598703313 0.15172008839310785 0.7259332418323955
0 0.027799063393309065 0.7432166559552126 0.02524448877379057 0.7948339509725963 -9.888378229131801e-05 0.791970928412116 0.0024556908372271756 0.7403536333947323
0 0.09036900723070694 0.8674850864913835 0.035380872493106834 0.8830621895357768 0.024200379226237634 0.7929714253370008 0.07918851396383775 0.7773943222926075
0 -0.0025587692423739666 0.7998065022500996 0.031607363038805424 0.79658024012908 0.035554131477937574 0.8919860509029895 0.0013879991967581848 0.8952123130240092
0 0.02060644893902837 0.6984127220422595 0.04893179251623383 0.6835274902815797 0.05781900681384176 0.722130596255971 0.029493663236636297 0.7370158280166507
0 0.6060225259089177 0.46487347274757707 0.5811907738142627 0.3121260899791724 0.6550158353840667 0.2847308937740108 0.6798475874787218 0.43747827654241545
0 0.718351138838114 0.6659271172249521 0.6535012198927886 0.6680117775277166 0.6504768622401169 0.453256274773684 0.7153267811854422 0.4511716144709196
0 0.536279361064767 0.11039711127902811 0.5384368759634248 0.03542392492940433 0.5758282622536187 0.03788008356338541 0.5736707473549608 0.11285326991300919
0 0.7976802396364452 0.8971895075440919 0.7510765477177448 0.9027483166440272 0.747172408502552 0.8280345090863708 0.7937761004212522 0.8224756999864354
0 0.7861412923954667 0.9113432919065354 0.7954631109094815 0.9817618689210965 0.7178501870070035 1.0052141156546535 0.7085283684929887 0.9347955386400925
0 0.6673969429403606 0.33009094584217374 0.6834122942401083 0.28492385507214496 0.7199444826408352 0.31449220238662345 0.7039291313410875 0.3596592931566523
0 0.786130405245563 0.591281160757035 0.7904011692414991 0.5364354076791429 0.8395259292670963 0.5451671321217606 0.8352551652711602 0.6000128851996527
0 0.9220160508039217 0.7581333901803222 0.8754846073287229 0.7324133214163275 0.8920377489971568 0.6640549286799711 0.9385691924723557 0.6897749974439655
0 0.8512705713109585 0.6645373419371402 0.8528022594169201 0.7617298007934248 0.8186300433446243 0.7629590726120175 0.8170983552386627 0.6657666137557328
0 0.7060644859690303 0.06768615329814794 0.7169570081224329 0.0199613518816099 0.7466367713004485 0.03542392492940433 0.7357442491470458 0.08314872634594236
0 0.7167414233288958 0.2822299740178798 0.6795606093430575 0.2681864077596788 0.6879137253012892 0.21770551728039253 0.7250945392871274 0.2317490835385936
0 0.816036754659473 0.36288551392594 0.8072743397410138 0.4120576246636156 0.7775998239559976 0.39998711480034715 0.7863622388744567 0.3508150040626715
0 0.4701046520284473 0.18060395775771723 0.5085415279918722 0.18060395775771723 0.5085415279918722 0.2322235107421875 0.4701046520284473 0.2322235107421875
0 0.4996755713383697 0.0943932037864699 0.5032030593119395 0.15479417092754913 0.47363214000201725 0.1587362332543605 0.4701046520284474 0.09833526611328125
0 0.6163783873143216 0.17899084737307333 0.5854361771131348 0.15741447663160055 0.5960922720186378 0.1225319425588054 0.6270344822198247 0.14410831330027818
0 0.5535409150925971 0.2783074774794137 0.5568318961863592 0.2070397011720927 0.5940447844324673 0.2109621977105588 0.5907538033387053 0.28222997401787986
0 0.9612421633215397 0.272809170163692 0.9404207530478921 0.38705073587862443 0.8990596393194591 0.3698433368141022 0.9198810495931067 0.2556017710991698
0 0.8842406609872893 0.14144433808474374 0.8995064020361961 0.07801817300796843 0.9303024497267377 0.0949374356567052 0.9150367086778308 0.15836360073348052
0 0.35501099486384063 0.8085532393398389 0.3303675168124113 0.7017390693914987 0.3821759005833101 0.674454934551787 0.40681937863473944 0.7812691045001272
0 0.4348727135011258 0.6460029294289416 0.4591121826102205 0.7467134183453542 0.40843533229400225 0.7745550719056995 0.3841958631849075 0.6738445829892868
0 0.42996438764374845 0.8877203974068546 0.3788627316598935 0.916984165264016 0.35417400456104986 0.81857389120366 0.40527566054490477 0.7893101233464985
0 0.4895751648263738 0.8547086514155593 0.4322708472008128 0.8893039775734672 0.40457256051906043 0.7845766954122007 0.4618768781446214 0.7499813692542927
0 0.27006012099740756 0.982903788083291 0.2469147918306391 0.9013096379573099 0.28341762388768216 0.8776739683900745 0.30656295305445064 0.9592681185160556
0 0.33229278078742797 0.8489135236349351 0.3549756789955858 0.9353341616912263 0.31659569511819147 0.9583286036569433 0.29391279691003364 0.8719079656006521
0 0.2414368770582259 0.8719079656006524 0.19035414535777131 0.9034807068511428 0.16746570427765525 0.8189498933829389 0.21854843597810986 0.7873771521324485
0 0.14441401828547135 0.9299657545320924 0.12230505082162613 0.8464579784216697 0.16589789803328212 0.8201132461837848 0.1880068654971273 0.9036210222942075
0 0.046916999188905587 0.9602845002375222 0.0335594962986309 0.8982998255201694 0.07255987329867923 0.8791154897632961 0.08591737618895393 0.9411001644806487
0 0.06869479241199938 1.020488289043448 0.055576495290120015 0.9720402711036215 0.10074404564081044 0.9441235121047207 0.1138623427626898 0.9925715300445472
0 0.21345291479820624 0.9986449864498643 0.1662549004869643 1.0247335381353013 0.14984256761491033 0.9569567341791582 0.1970405819261523 0.9308681824937212
0 0.24878394831095252 0.8999643105352715 0.2677913991765019 0.9918124659730702 0.21700376499914825 1.015803470430669 0.19799631413359883 0.9239553149928704
0 0.8663772377732623 0.13097503579405903 0.8499306962324552 0.17190136907163092 0.8320293888382847 0.15548059933876926 0.8484759303790916 0.11455426606119737
0 0.7948191826653589 0.030069769882574315 0.8275220336935126 0.0540255431421656 0.814855464370796 0.09349593495934967 0.7821526133426423 0.06954016169975838
0 0.8607179789129923 0.1840934644891346 0.8463410108078756 0.23188029136761099 0.8319640427027587 0.22200696629666739 0.8463410108078755 0.174220139418191
0 0.8013947692944883 0.13020995856462045 0.832880315731568 0.15039103035519674 0.8148554643707959 0.21458226232347768 0.7833699179337164 0.1944011905329014
0 0.895000481712444 0.4596378977705792 0.8898760309094788 0.5153818525072837 0.857790275539518 0.5086490041841336 0.8629147263424832 0.45290504944742915
0 0.4650146151561938 0.021334561070162912 0.5022247665890694 0.01989305520384082 0.5028623024978981 0.057458339990962184 0.46565215106502245 0.05889984585728428
0 0.4694685726422366 0.05745833999096216 0.42419066177693693 0.06201884733567946 0.42271728515625 0.028628264016252222 0.46799519602154976 0.02406775667153492
0 0.5552426766268611 0.12065287011763283 0.5610628547155269 0.16989563732612423 0.5334893029485314 0.1773347912699063 0.5276691248598656 0.1280920240614149
0 0.6150542715160702 0.18741886575250397 0.6427233963759356 0.19606789061250354 0.6364373861406951 0.24197081692496614 0.6087682612808296 0.23332179206496656
0 0.603932711299734 0.29655055787229934 0.6068600231221972 0.24052931622761048 0.6326859191479957 0.24360972722969707 0.6297586073255325 0.29963096887438595
0 0.7207111856955339 0.14445638381800008 0.7043963558887235 0.22333390441365955 0.677070143906435 0.210432240003274 0.6933849737132455 0.13155471940761457
0 0.9090582401065225 0.9785282144934911 0.9071501114279911 0.8372607739870549 0.9522469695908071 0.8358703447874323 0.9541550982693385 0.9771377852938685
0 0.9991031390134529 0.5785907859078592 0.9471037494553073 0.5673675142881092 0.9522469695908073 0.5129735269520664 1.004246359148953 0.5241967985718163
0 0.9389067502544798 0.7034151694231735 0.9387953129566746 0.6097177405436834 0.9989981475966926 0.6095543011094172 0.9991095848944977 0.7032517299889075
0 0.4971047971129717 0.32354007208112084 0.49615067803365553 0.2644384194343454 0.5190821626261212 0.2635933894128981 0.5200362817054374 0.3226950420596736
0 0.7169168744986256 0.5683196232938313 0.7490220142586882 0.5735166802961975 0.7429833280709927 0.6586690144036592 0.71087818831093 0.6534719574012932
0 0.6373914504799608 0.75082165891239 0.6364128839246164 0.672464381542697 0.6688769969170405 0.6715389344750382 0.6698555634723851 0.7498962118447311
0 0.6763742153302548 0.8269936228017832 0.7357218045653483 0.8159821234357402 0.7408048075804701 0.8785158056705639 0.6814572183453765 0.8895273050366069
0 0.823958600810764 0.82859198269655 0.826820903308662 0.8761616090886147 0.8053143830577356 0.8791154897632962 0.8024520805598376 0.8315458633712315
0 0.836703386865306 0.9246917565349099 0.833841084367408 0.8655900418605366 0.8549279730416198 0.8632589200647866 0.8577902755395178 0.9223606347391599
0 0.9611930989902783 0.9438304867135305 0.9859999760922962 0.9409475266705511 0.9885030566844171 0.990111312245935 0.9636961795823991 0.9929942722889143
0 0.2843961897096198 0.9420873225279578 0.3830413460909959 0.9462965153156865 0.3820627802690583 0.9986449864498647 0.2834176238876822 0.994435793662136
0 0.4315299541729031 0.940944574454998 0.44300054407966244 0.9882467488925953 0.403656447705246 1.0100249114061783 0.3921858577984866 0.9627227369685808
0 0.452102511150459 0.9811283811764793 0.43139086606863386 0.9118390336097816 0.48579064756160334 0.8747212282772835 0.5065022926434285 0.9440105758439813
0 0.7082302691927408 0.49920102215929124 0.7101385073513731 0.4458653516260723 0.7375727495270461 0.4481058508400026 0.7356645113684138 0.5014415213732215
0 0.7406228241850432 0.028211223981021695 0.7692404910461469 -0.03225934254816413 0.7991031390134529 7.702360279242278e-17 0.7704854721523493 0.0604705665291859
0 0.6167939812038526 0.11995177288760302 0.5709968127971821 0.10265372833657031 0.5801450173416478 0.04736781443360692 0.6259421857483184 0.06466585898463963
0 0.8462703486380494 0.35922638215965036 0.832209395062363 0.44177396496600796 0.8066293622525086 0.4318279634275466 0.8206903158281951 0.3492803806211891
0 0.7655442187614004 0.46985440577485577 0.7767405693841088 0.40164544330379826 0.8093758060248946 0.41387353886543043 0.798179455402186 0.482082501336488
0 0.8402586038852686 0.40539265262156093 0.8477622057805881 0.36004555776267294 0.8735729816248597 0.36979451993616613 0.8660693797295402 0.4151416147950541
0 0.8340264581752084 0.4412828876682791 0.82759477594777 0.4920284097719375 0.8006806925273261 0.48424188877508884 0.8071123747547645 0.4334963666714304
0 0.7632067489603998 0.5747280146368178 0.7673557030479631 0.479134939463305 0.7971075357343047 0.482082501336488 0.7929585816467414 0.5776755765100007
0 0.9194989022601618 0.4834213823365633 0.8702471907638429 0.46775581157108176 0.8817912148787838 0.3849102320063728 0.9310429263751028 0.4005758027718544
0 0.9541718811293816 0.4470528754526311 0.9323757068020275 0.44057471313682833 0.9364604864419843 0.4092032993389016 0.9582566607693384 0.4156814616547044
0 0.782746082826723 0.647652384988791 0.7845326338532084 0.595827169165832 0.8003233494779989 0.597069717035061 0.7985367984515135 0.6488949328580199
0 0.780906503491957 0.6525209454319637 0.7437457275845859 0.6438834370292917 0.7506565521650784 0.5760157308604336 0.7878173280724495 0.5846532392631055
0 0.9293141728559419 0.6575324826124239 0.8829512163212057 0.6604269964964576 0.8819274581041328 0.6229961285638699 0.928290414638869 0.6201016146798362
0 0.7335058874403005 0.2762744293832022 0.7549647583555213 0.18576591512375085 0.7832568845082701 0.20107749585418988 0.7617980135930493 0.29158601011364116
0 0.790134628304167 0.3226749462691866 0.7641554507893454 0.3023228870051883 0.7827972400335247 0.24800515304042442 0.8087764175483463 0.2683572123044227
0 0.7941273812346523 0.32526537358303625 0.8077938369696579 0.2517075069618896 0.8318385650224214 0.2619047707658473 0.8181721092874158 0.335462637386994
0 0.8217376110285922 0.33836327524330273 0.837112339517942 0.27512932335422335 0.8574631489980382 0.28642405274760757 0.8420884205086885 0.349658004636687
0 0.8814126822116429 0.3004717341661607 0.8677130044843051 0.36127242421716227 0.8429093075235032 0.3485152269711511 0.8566089852508411 0.28771453692014953
0 0.8421386206746105 0.059601565698980064 0.8575134039040108 0.02088689579166079 0.8899209882111828 0.05026454977226774 0.8745462049817826 0.08897921967958701
0 0.8358780009547983 0.26813249241069287 0.8582411663824112 0.17401096527766716 0.8941917522071189 0.19350884083486836 0.8718285867795059 0.28763036796789404
0 0.9181080634283911 0.26706672813188087 0.8854363779348909 0.25155305775453574 0.8968633720579093 0.19662098389956742 0.9295350575514095 0.21213465427691258
0 0.7509152834809741 0.32504892363742105 0.7404441388733185 0.4025680831454311 0.7090832960948594 0.39289845354959113 0.7195544407025151 0.31537929404158105
0 0.883941896720852 0.8090721068343496 0.883941896720852 0.8787585416137365 0.8472133482518217 0.8787585416137365 0.8472133482518217 0.8090721068343496
0 0.6757739805735763 0.4046634521179979 0.6746743514398823 0.35481998267858655 0.7079493859306849 0.3531442933709447 0.7090490150643789 0.40298776281035614
0 0.8512862761350389 0.6526981141215893 0.8045425895943962 0.6555806421317508 0.8031830539329423 0.6052564235704757 0.849926740473585 0.6023738955603141
0 0.9437327021440581 0.5354884698138973 0.9152876214565779 0.5257841872712705 0.9198163361827356 0.4954832743823044 0.9482614168702158 0.5051875569249311
0 0.7457728019549893 0.4217596240330398 0.763710021685931 0.3314254011412504 0.7840059973199269 0.3406245947530276 0.7660687775889852 0.43095881764481697
0 0.89077515195838 0.5833440847836212 0.8922250476638168 0.5241981487822904 0.9114171870620796 0.5252720695847094 0.9099672913566427 0.5844180055860402
0 1.010894320500769 0.015477824743958613 0.9855087744725078 0.09766410089310153 0.9657525872046425 0.08373486313281071 0.9911381332329036 0.0015485869836678026
0 0.8999344789342064 0.03329890281812247 0.9239960666078463 -0.01921109890137002 0.9448715141535876 0.002623994499041059 0.9208099264799479 0.05513399621853355
0 1.0158905500570257 0.3266719425122889 0.9991031390134529 0.4200542005420053 0.9670804176719966 0.4069136185477088 0.9838678287155693 0.3135313605179924
0 0.9643886061428595 0.4197896550298306 1.007613402623956 0.4294637715324758 0.9991031390134529 0.5162601626016261 0.9558783425323564 0.506586046098981
0 0.8831061006406713 0.5567445480689145 0.8395259292670965 0.5424786079220656 0.8443477863408307 0.50885534315949 0.8879279577144056 0.5231212833063389
0 0.8663604665250758 0.41328788897449176 0.8620897025291397 0.46060584872635507 0.8366787897631726 0.45537060579956384 0.8409495537591086 0.4080526460477007
0 0.8400925827784302 0.5519128942252658 0.882484011838815 0.5553748998425312 0.8800982145985146 0.6220587753668062 0.8377067855381298 0.6185967697495409
0 0.8494910817509809 0.6285112169053819 0.8771923666991559 0.6273800924884231 0.8790206644842951 0.7295854076029566 0.85131937953612 0.7307165320199156
0 0.6366645573500561 0.0015485869836677835 0.6319045485996506 0.047574813746940045 0.5987697757074373 0.03975271331749943 0.6035297844578429 -0.006273513445772829
0 0.5071179582399103 0.1090893422361958 0.5071179582399103 0.05854518755987731 0.5355897364595011 0.05854518755987731 0.5355897364595011 0.1090893422361958
0 0.4612531066828591 0.061521815413196304 0.5046087039337102 0.058191136039294794 0.505630506163407 0.08855214520080416 0.46227490891255596 0.09188282457470567
0 0.4310687927015937 0.10094510535168283 0.42846463540793234 0.06553534640696745 0.4590891700681231 0.06039430914437182 0.4616933273617844 0.09580406808908719
0 0.6294655072634634 0.07356260663045924 0.6817482244268451 0.09824721604687428 0.668246935864565 0.1635218012754806 0.6159642187011832 0.13883719185906557
0 0.6482798759230327 0.15753773889236553 0.6416471062219732 0.1918957304502245 0.622295384827772 0.18336819048168715 0.6289281545288317 0.14901019892382816
0 0.6665354867044964 0.16940942669696663 0.658705743588605 0.20059624125065903 0.6416471062219731 0.19082031663517318 0.6494768493378643 0.15963350208148078
0 0.6573065924537556 0.20587602734242674 0.6663924417577005 0.1509669891461179 0.680460824272642 0.15628076060897775 0.671374974968697 0.2111897988052866
0 0.6623314958880354 0.24592460474579061 0.6580253540830657 0.30707987213313964 0.6324778976662994 0.30297368123397006 0.636784039471269 0.24181841384662103
0 0.8302726163992433 0.052092740852335284 0.8582153474246405 0.08224774245948359 0.8434504235943551 0.1134781546545711 0.8155076925689579 0.0833231530474228
0 0.7996654835517095 0.019830516360316495 0.815593069977147 -0.020893304231394367 0.8395259292670963 0.0004731793471468173 0.8235983428416589 0.04119699993885768
0 0.8864882968853788 0.13918827117026836 0.9114171870620797 0.1585580986043625 0.8993327710273176 0.19405904022282847 0.8744038808506166 0.17468921278873434
0 0.9269123918581057 0.06375675812321678 0.9425718780898882 0.02826830898518544 0.9640899795053252 0.049941928729132265 0.9484304932735428 0.0854303778671636
0 0.9029955653635697 0.19715220809576417 0.9110355553223346 0.15629395358239856 0.9349326827821238 0.16702787491423887 0.9268926928233591 0.20788612942760448
0 0.9330901262391561 0.1850353977244043 0.944478793734952 0.1344912378791193 0.9640899795053249 0.14457779137422713 0.9527013120095289 0.19512195121951215
0 0.9503733541462978 0.2088779705680141 0.9650155849055356 0.13552575110488493 0.9971513863366512 0.15016841636336334 0.9825091555774136 0.2235206358264925
0 0.8149502486753721 0.16919652981562017 0.764238488088465 0.13496322630250626 0.7824859505383291 0.07326120837398838 0.8331977111252363 0.1074945118871023
0 0.9014462634990626 0.26262640149028665 0.8900601331967741 0.30706654595120275 0.8616244107021154 0.2904361738750876 0.8730105410044039 0.24599602941417142
0 0.8754144848330238 0.36368419047373707 0.883244227948915 0.3077630029049278 0.9042992288221693 0.31449220238662345 0.896469485706278 0.37041338995543277
0 0.9790376261210763 0.31029810298102983 0.9790376261210763 0.23383662112683137 0.9991031390134529 0.23383662112683137 0.9991031390134529 0.31029810298102983
0 0.8504057137291852 0.9275756439387618 0.8565022421524666 0.9986449864498648 0.8185743039627995 1.006071697905751 0.8124777755395182 0.9350023553946478
0 0.8544736306228979 0.9425301900724086 0.882078797074953 0.9414029904545371 0.8830602279538728 0.9962668387064268 0.8554550615018178 0.9973940383242982
0 0.8822336239665078 0.9425301900724086 0.8566089852508408 0.9425301900724086 0.8566089852508408 0.8855336093644139 0.8822336239665078 0.8855336093644139
0 0.6873937639971318 0.9324519306378064 0.6429380888388638 0.9451246802621612 0.637376342226037 0.9005893614233992 0.681832017384305 0.8879166117990444
0 0.6822193915533912 0.8909106577638041 0.6556124994920196 0.8966533503371744 0.6485941913449457 0.8224287233364134 0.6752010834063171 0.8166860307630429
0 0.6262841541055151 0.8919629544159879 0.6200389802536885 0.8188385542496088 0.6475024394819741 0.8134846023372203 0.6537476133338005 0.8866090025035994
0 0.9057954527950243 0.9079596382390821 0.8858652025673056 0.9090351140817311 0.8843689785944506 0.8457435669937754 0.9042992288221693 0.8446680911511264
0 0.88079267454168 0.9137818903377604 0.9065073185398308 0.9124868830857316 0.9072364830886778 0.9455368380805849 0.881521839090527 0.9468318453326137
0 0.6679268156978708 0.029848544256445814 0.6928396147975066 0.04275343250256342 0.6836429613053533 0.08327956057499422 0.6587301622057175 0.0703746723288766
0 0.6471012990718918 -0.01747852963979258 0.6798863421882378 0.005475774387754696 0.6613883992516066 0.06578337862064866 0.6286033561352605 0.04282907459310139
0 0.9335146276771743 0.6900121925155713 0.9762222676365355 0.6975401098967959 0.9719196678811661 0.7532585164718836 0.9292120279218049 0.745730599090659
0 0.9662253888733184 0.21985632423462903 0.9536275952552001 0.27807566771845316 0.9206704999299328 0.261797214911236 0.933268293548051 0.20357787142741185
0 0.960252384306111 0.27501637028307196 0.9858769682817277 0.2900720603144596 0.974055077249159 0.3360003339565866 0.9484304932735425 0.320944643925199
0 0.949677516500782 0.48335132955748566 0.9204939534052105 0.4736726672496224 0.9256530488018497 0.43816406746220776 0.9548366118974213 0.447842729770071
0 0.7106911697729821 0.7844453310255757 0.7122554880776849 0.721815898189001 0.7356039688726176 0.7231470950573764 0.7340396505679148 0.7857765278939511
0 0.7143576342720633 0.7319930005040725 0.711510440028089 0.7825371396734915 0.6928962741732064 0.7801436757653709 0.6957434684171806 0.7295995365959519
0 0.613512540354455 0.7352631940578029 0.6127762769629352 0.6829808253504949 0.6345291479820628 0.6822815768440889 0.6352654113735826 0.734563945551397
0 0.668657087692472 0.7476595802048502 0.6722542390695069 0.6672258661368353 0.696488895393673 0.6696998363585212 0.6928917440166382 0.750133550426536
0 0.7370275386245797 0.7285241434567666 0.7112293126596636 0.7248700560756196 0.715283022340776 0.6595418748856089 0.7410812483056921 0.6631959622667559
0 0.6950316835411995 0.7328257160135078 0.6971698097983228 0.6725262928461785 0.7114029546489629 0.6736783076754107 0.7092648283918396 0.7339777308427399
0 0.7376439499652253 0.7248875047896518 0.7425070676846384 0.6452906812310891 0.7641148362446212 0.648304145013579 0.7592517185252082 0.7279009685721417
0 0.7790233937079597 0.7005635083206302 0.7812782075187241 0.6608195998523916 0.7975300741837165 0.6629242522283623 0.795275260372952 0.7026681606966009
0 0.7644196106845473 0.7216911819115703 0.7573016524446371 0.7829894178797699 0.7384511083765415 0.7779928894870003 0.7455690666164518 0.7166946535188008
0 0.7868531368238509 0.788746903582317 0.7868531368238509 0.7070159498592056 0.816748539535454 0.7070159498592056 0.816748539535454 0.788746903582317
0 0.7965585355567281 0.5060933917452685 0.8438664968520339 0.5073256989463325 0.8434144657270602 0.5469371358924175 0.7961065044317545 0.5457048286913534
0 0.8342628928903669 0.4535467343521722 0.860167964370796 0.45859682656885165 0.8560764447553142 0.5065047266530994 0.8301713732748851 0.5014546344364199
0 0.9213164248654166 0.6303557358136419 0.9171115208099774 0.5833440847836212 0.9421820894393369 0.5782254778266974 0.9463869934947761 0.625237128856718
0 1.0022464994905478 0.8124145763547873 0.9991031390134527 0.8753387533875339 0.9801650843799674 0.8731792742126244 0.9833084448570626 0.8102550971798779
0 0.9891045521659314 0.9826451296622202 0.9882547578422414 0.9081366688433918 0.9982533446897627 0.90787636302941 0.9991031390134527 0.9823848238482383
0 0.9092831239926853 0.9512101617637155 0.9092190781336607 0.9987216476207617 0.884304932735426 0.9986449864498645 0.8843689785944506 0.9511335005928184
0 0.8175695325028044 0.8693343445979207 0.8204498624426837 0.9313459704975818 0.7961065044317543 0.9339269622554622 0.793226174491875 0.8719153363558011
0 0.7368018538531534 0.9154877405721057 0.702861426657091 0.9199466860391263 0.7009517568005745 0.8867663754138788 0.734892183996637 0.8823074299468582
0 0.7456502242152465 0.18672086720867204 0.7361434977578475 0.229810298102981 0.7060089686098655 0.2146341463414634 0.7155156950672645 0.17154471544715444
0 0.7413329209834546 0.1057377815157462 0.747456316684707 0.08260910195308849 0.7720426782124634 0.09746752639940198 0.765919282511211 0.1205962059620597
0 0.7622390598422762 0.13923932342771703 0.7512911705582188 0.1805905990094384 0.7297974331220042 0.16760115877020848 0.7407453224060616 0.12624988318848712
0 0.7562331838565023 0.06314363143631448 0.7359641255605381 0.12439024390243908 0.7201793721973093 0.11246612466124657 0.7404484304932735 0.05121951219512197
0 0.5802690582959641 0.0 0.5802690582959641 0.025745257452574527 0.5569506726457399 0.025745257452574527 0.5569506726457399 0.0
0 0.7736322869955156 0.1466124661246612 0.7943497757847533 0.15704607046070462 0.7853811659192824 0.1976964769647697 0.7646636771300448 0.18726287262872626
0 0.8457399103139014 0.2317073170731707 0.8335426008968609 0.26856368563685634 0.8116591928251121 0.25203252032520324 0.8238565022421525 0.21517615176151758
0 0.9535178599041289 0.10171946547051672 0.9330446884181228 0.17904868703859453 0.9089222205040979 0.1644706102233437 0.9293953919901039 0.08714138865526588
0 0.8929621524663675 0.3755967479674797 0.9205754260089682 0.23255934959349595 0.9885589237668161 0.26251707317073175 0.9609456502242153 0.4055544715447155
0 0.9622263255077815 0.41256177267655025 1.01012925349512 0.43065518890483023 0.9990503824848324 0.49760879961740795 0.9511474544974938 0.479515383389128
0 0.6927698261563979 0.19940973382336563 0.6828552122366239 0.23935479080818212 0.6654585662509983 0.22949845936815538 0.6753731801707722 0.1895534023833389
0 0.6519351500517422 0.2394830102147176 0.6546947223180409 0.20612883051907446 0.6690444981027942 0.20883885761934545 0.6662849258364955 0.24219303731498862
0 0.6569161779924113 0.20012507817385872 0.6515005174198001 0.24103606420679596 0.6320110382890654 0.23514696685428393 0.6374266988616765 0.19423598082134672
0 0.6017937219730942 0.28319783197831977 0.6017937219730942 0.3252032520325203 0.5506726457399103 0.3252032520325203 0.5506726457399103 0.28319783197831977
0 0.5461883408071749 0.16802168021680217 0.5461883408071749 0.22493224932249323 0.5237668161434977 0.22493224932249323 0.5237668161434977 0.16802168021680217
0 0.5061315100119878 0.20953070916847782 0.5268214713848066 0.21265663151681025 0.5250721484704524 0.23908610373232445 0.5043821870976335 0.23596018138399208
0 0.5197915404193431 0.3040723650479749 0.51499212216701 0.26056544349227284 0.5394255241788876 0.2544129495349008 0.5442249424312205 0.29791987109060286
0 0.5289098773760863 0.10707005300141495 0.5315171236953846 0.16615703767657145 0.5162188975753004 0.16769791591721225 0.513611651256002 0.10861093124205577
0 0.5165919282511211 0.12195121951219512 0.5165919282511211 0.16666666666666666 0.49865470852017935 0.16666666666666666 0.49865470852017935 0.12195121951219512
0 0.568609865470852 0.16531165311653118 0.568609865470852 0.22086720867208673 0.547085201793722 0.22086720867208673 0.547085201793722 0.16531165311653118
0 0.7498285412819836 0.30455922206280883 0.7452914798206278 0.3319783197831978 0.7212345027697178 0.322891758329348 0.7257715642310736 0.29547266060895905
0 0.9991031390134529 0.0 0.9991031390134529 0.0921409214092141 0.8977578475336323 0.0921409214092141 0.8977578475336323 0.0
0 0.9991031390134529 0.16260162601626016 0.9991031390134529 0.22493224932249323 0.9829596412556054 0.22493224932249323 0.9829596412556054 0.16260162601626016
0 0.8769506726457399 0.09674796747967476 0.8667264573991031 0.1276422764227642 0.8444843049327353 0.11084010840108395 0.854708520179372 0.0799457994579945
0 0.8505127496122817 0.08734206645015505 0.8889888072710659 0.1099486329983943 0.8711477656620059 0.1792613904691326 0.8326717080032218 0.15665482392089333
0 0.7692114185715848 0.4200046268755369 0.7666630208902985 0.45465661973692906 0.736049436727551 0.4495174829797078 0.7385978344088372 0.41486549011831575
0 0.5248295118030291 0.5084726696323567 0.5233996107961756 0.45878457841182174 0.5504103562061088 0.4570102776499463 0.5518402572129621 0.5066983688704813
0 0.5518911396319776 0.43672553966918976 0.5903386423380237 0.4318848705728436 0.5934498221741146 0.4882908139426221 0.5550023194680686 0.4931314830389682
0 0.628687646335172 0.5002698035829914 0.5893408468590022 0.4963066887306041 0.5914083892217944 0.44945079981773267 0.6307551886979642 0.4534139146701201
0 0.6937459106649856 0.9689504190415568 0.658203405518408 0.9857313697692136 0.6496656719276127 0.9444540886690004 0.6852081770741905 0.9276731379413435
0 0.8134529147982063 0.9322493224932249 0.8134529147982063 0.9986449864498645 0.7892376681614349 0.9986449864498645 0.7892376681614349 0.9322493224932249
0 0.8544176463458975 0.8889621328645719 0.8454005575081808 0.891232696110745 0.8439946673130528 0.878488244341903 0.8530117561507696 0.8762176810957298
0 0.7632286995515695 0.8753387533875339 0.7883408071748879 0.8753387533875339 0.7883408071748879 0.8970189701897019 0.7632286995515695 0.8970189701897019
0 0.8367713004484305 0.8604336043360432 0.8336322869955158 0.874661246612466 0.8263677130044842 0.8710027100271001 0.829506726457399 0.8567750677506772
0 0.8403587443946189 0.8468834688346883 0.8484304932735426 0.8468834688346883 0.8484304932735426 0.8644986449864499 0.8403587443946189 0.8644986449864499
0 0.7345291479820628 0.8170731707317073 0.7345291479820628 0.9349593495934959 0.6269058295964126 0.9349593495934959 0.6269058295964126 0.8170731707317073
0 0.62152466367713 0.7845528455284553 0.7022421524663677 0.7845528455284553 0.7022421524663677 0.7967479674796748 0.62152466367713 0.7967479674796748
0 0.695067264573991 0.7588075880758808 0.7121076233183856 0.7588075880758808 0.7121076233183856 0.7669376693766937 0.695067264573991 0.7669376693766937
0 0.8812735426008967 0.7606233062330622 0.8444843049327353 0.7685636856368563 0.8431390134529148 0.7543360433604334 0.8799282511210761 0.7463956639566393
0 0.7766816143497758 0.6869918699186992 0.7766816143497758 0.7046070460704607 0.7668161434977578 0.7046070460704607 0.7668161434977578 0.6869918699186992
0 0.9354260089686098 0.6084010840108401 0.9354260089686098 0.6192411924119241 0.9228699551569507 0.6192411924119241 0.9228699551569507 0.6084010840108401
0 0.7784753363228699 0.5609756097560976 0.7919282511210762 0.5609756097560976 0.7919282511210762 0.575880758807588 0.7784753363228699 0.575880758807588
0 0.7910313901345292 0.5338753387533876 0.7910313901345292 0.5636856368563685 0.7668161434977578 0.5636856368563685 0.7668161434977578 0.5338753387533876
0 0.7871864316476491 0.4971155652150581 0.7848244017226835 0.5328020606938743 0.7711494916307774 0.5307360004293112 0.773511521555743 0.4950495049504951
0 0.9980269058295965 0.153658536585366 0.9668161434977578 0.13008130081300814 0.9754260089686098 0.10406504065040645 1.0066367713004485 0.1276422764227643
0 0.7976515720988101 0.6863417767125647 0.7881956504834235 0.7792032833623134 0.7699992223748668 0.7749737612983065 0.7794551439902534 0.6821122546485578
0 0.7782799804644142 0.6623601384528697 0.7958620077254362 0.6597037752555744 0.7969631043821872 0.6763395851780301 0.779381077121165 0.6789959483753254
0 0.7901345291479821 0.8211382113821138 0.7901345291479821 0.9281842818428184 0.7237668161434978 0.9281842818428184 0.7237668161434978 0.8211382113821138
0 0.957847533632287 0.7886178861788617 0.9838565022421525 0.7886178861788617 0.9838565022421525 0.8102981029810298 0.957847533632287 0.8102981029810298
0 0.9662242152466367 0.9086991869918698 0.9890762331838564 0.9136314363143629 0.986080717488789 0.9453116531165311 0.9632286995515693 0.940379403794038
0 0.9318385650224216 0.983739837398374 0.967713004484305 0.983739837398374 0.967713004484305 0.9986449864498645 0.9318385650224216 0.9986449864498645
0 0.1494527226606292 0.4210740996570122 0.12688418439512442 0.34694922970717756 0.16488258806579317 0.32054084426342305 0.1874511263312979 0.3946657142132577
1 0.3623001440758128 0.07159672455412909 0.32062780269058294 0.07159672455412909 0.32062780269058294 0.0031616981759627016 0.3623001440758128 0.0031616981759627016
1 0.460098147360397 0.10877422738037189 0.471496457128667 0.19832354992295934 0.43577917994369275 0.20870106817948586 0.4243808701754228 0.11915174563689841
1 0.34095247691972075 0.09987830467348331 0.3622429729277995 0.07109768748299831 0.3795390909062667 0.10030363675145466 0.35824859489818794 0.12908425394193965
1 0.3846093357018247 0.10590482047794053 0.43046271356509447 0.20862603481899575 0.3999651945135911 0.23970114747316196 0.3541118166503214 0.13697993313210674
1 0.390109185594381 0.22055200571250816 0.36816438315542244 0.2945133166608549 0.3418146803863604 0.2766673611150683 0.363759482825319 0.20270605016672158
1 0.4014403371343734 0.25261299040056545 0.4072397123466045 0.3489941793460459 0.37432212692068517 0.3535153813453941 0.36852275170845405 0.25713419239991375
1 0.3286392804370657 0.3940912703010834 0.33362008506295093 0.33539471497408646 0.3645631873070091 0.3413883149675068 0.3595823826811239 0.40008487029450374
1 0.26062392735642126 0.3931608137877781 0.32297255175142237 0.3722278098227833 0.330454363888937 0.42309516187918345 0.2681057394939359 0.4440281658441783
1 0.17507292886275566 0.4711937495516815 0.2095764729846708 0.40903950234026126 0.23554988650122424 0.4419518557087399 0.20104634237930913 0.5041061029201601
1 0.20060981075632806 0.49722004776389866 0.17208974819599485 0.5710873410386292 0.1349141621268918 0.5383236272548274 0.16343422468722502 0.46445633398009684
1 0.4226344306158913 0.3962524992986747 0.4556099245901065 0.4958938970798399 0.41683652869254484 0.525184097910315 0.38386103471832966 0.4255427001291498
1 0.45138153366252337 0.26724849378727955 0.4618856488054974 0.36700298701012035 0.4217239369531618 0.37665629658840866 0.4112198218101878 0.2769018033655678
1 0.46455784808790057 0.2999884926356565 0.4504612761690302 0.26126559870095034 0.4728223860531111 0.24268429970676664 0.4869189579719814 0.2814071936414728
1 0.4936251012453532 0.3574170042224057 0.4654126338895649 0.3297109778111167 0.4820742730347244 0.29098329067521556 0.5102867403905128 0.31868931708650455
1 0.4733765311086502 0.38100993903299174 0.4959739147523528 0.34161634722667084 0.5214615561756896 0.37498965380604926 0.4988641725319869 0.4143832456123701
1 0.5389545526205157 0.33575594522119534 0.5244598251821749 0.31659413159378175 0.5371427116907231 0.29469491601959474 0.5516374391290639 0.31385672964700834
1 0.571075204495026 0.35511834934751696 0.5335623482458807 0.35694660330125777 0.5331489400127661 0.33758417849907024 0.5706617962619114 0.33575592454532943
1 0.5199302502277187 0.5068435048669334 0.5715676893567825 0.5068435048669334 0.5715676893567825 0.5930716248385628 0.5199302502277187 0.5930716248385628
1 0.5958912143785408 0.5798843682960239 0.565038415686667 0.5717776366523634 0.5705570514607631 0.5238354860692293 0.6014098501526368 0.5319422177128897
1 0.4568093368676716 0.3697671468370113 0.5072396992068737 0.5456577512902085 0.47326880122055104 0.567890516696323 0.422838438881349 0.39199991224312575
1 0.4872445037462589 0.6072652093599527 0.4828986635262693 0.562617104580926 0.5079916689542857 0.5570419050124862 0.5123375091742752 0.6016900097915129
1 0.5268996145327625 0.667954172009425 0.4602318935261913 0.7100752616974407 0.44141242145596654 0.642082847997989 0.5080801424625376 0.5999617583099733
1 0.499999955485071 0.6285441739237266 0.5265971902841593 0.6210095852112579 0.5366053563070006 0.7016529144856137 0.5100081215079123 0.7091875031980824
1 0.4762310230922551 0.7651345737416311 0.4707833701600076 0.7013476476039923 0.5130506581135603 0.6931078005492187 0.5184983110458079 0.7568947266868576
1 0.4866882866042441 0.841958118514925 0.49869876095468485 0.7527413862066883 0.5468449070431622 0.7675362982618146 0.5348344326927216 0.8567530305700514
1 0.535335298097342 0.7988624096964436 0.5040291789215813 0.7279147707313408 0.5345525914937711 0.6971706989920132 0.5658587106695319 0.768118337957116
1 0.5856983465063123 0.8647452729620944 0.5913513688808073 0.9458816978684287 0.5300409759593386 0.9556324012955241 0.5243879535848436 0.8744959763891897
1 0.5397104032371076 0.810967422113186 0.5788805221762893 0.810967422113186 0.5788805221762893 0.8668821588118225 0.5397104032371076 0.8668821588118225
1 0.5693918042361259 0.9827405881446082 0.5870685276357571 0.9133031611316937 0.6347736506250253 0.9410242431272295 0.6170969272253942 1.0104616701401439
1 0.2296113223772947 0.7296775983278023 0.26329011788817264 0.7805608733882751 0.2391009138304022 0.8171068930690529 0.20542211831952426 0.7662236180085802
1 0.27853271344606284 0.7196294954449218 0.24282876220120714 0.7324731836714318 0.23769379989742226 0.6998894537825987 0.2733977511422779 0.6870457655560888
1 0.2931427395657257 0.6889212540586742 0.30495923410800396 0.7375205865870178 0.28744031591681435 0.7472436395135471 0.27562382137453606 0.6986443069852034
1 0.29957390344730944 0.7060632886602304 0.32041382383338 0.7060632886602304 0.32041382383338 0.7358623390921409 0.29957390344730944 0.7358623390921409
1 0.3183984744362353 0.7827008590994203 0.3088001486804624 0.7457876480326869 0.3232960028120557 0.7371837653377059 0.33289432856782863 0.7740969764044393
1 0.23493464527252045 0.8550404514543184 0.24080088522296994 0.8208547183293213 0.2679222587264961 0.8314781203330902 0.2620560187760466 0.865663853458087
1 0.3297173606975196 0.6267865188722688 0.35762797128993834 0.6267865188722688 0.35762797128993834 0.654898832160929 0.3297173606975196 0.654898832160929
1 0.18021018219366539 0.640677584155495 0.16644095201394282 0.597946896075909 0.18532646418686943 0.584055830792683 0.19909569436659197 0.626786518872269
1 0.10360948284606479 0.5824859312570931 0.10241876384642508 0.5537023920662212 0.1231762090281068 0.5517423021201894 0.12436692802774652 0.5805258413110613
1 0.03944637631997755 0.5926536782778064 0.014084214711803841 0.5845866931615716 0.018278200050851973 0.5544886036825728 0.043640361659025684 0.5625555887988076
1 0.02253421259079178 0.6535489408572445 0.03887880372718357 0.6498448399281984 0.0416137228569434 0.6773917410022188 0.02526913172055161 0.6810958419312648
1 0.020158646077158754 0.4886053457961073 0.01820865904374192 0.45177889944714783 0.06444983521841388 0.4461898520309229 0.06639982225183072 0.4830162983798824
1 -0.0057435772627084615 0.44418091342911786 0.003736920634727307 0.42595099885935384 0.013217418532163076 0.4372051999315275 0.003736920634727307 0.4554351145012915
1 0.024401936853299694 0.28582978813925786 0.02547829141276979 0.3695790898198434 0.0009375459347965708 0.3702990341614052 -0.00013880862467352808 0.2865497324808196
1 -0.010276043897209325 0.0985993059238833 0.020319545110372914 0.04784238906649399 0.039611736909651134 0.07438735465660382 0.00901614790206889 0.12514427151399313
1 0.05948239928071022 0.017297919925789315 0.101474045604142 0.04146653822378016 0.08950275110613477 0.0889441871728134 0.047511104782703005 0.06477556887482255
1 0.22665704028379147 0.034011974096540984 0.19770869992996606 0.03239211065401223 0.19851921926684846 -0.0006711482132981648 0.2274675596206739 0.000948715229230597
1 0.12766609390150024 0.23645836946257895 0.15113314668207425 0.2565495368248626 0.13849409705610616 0.2902475898166742 0.11502704427553216 0.27015642245439053
1 0.1892553768988613 0.9406785336573757 0.16262635008304363 0.9360004480079189 0.16487944006345182 0.9067250590777177 0.19150846687926948 0.9114031447271744
1 0.11243597326132916 0.9466153209337722 0.08774355968251912 0.9560898743001384 0.0838981437918217 0.9332136090324413 0.10859055737063174 0.9237390556660752
1 0.6412338388190937 0.9686401192534221 0.6633261071066071 0.9475007999322775 0.6802703720571748 0.9879219861534552 0.6581781037696613 1.0090613054745996
1 0.735043669290356 0.847612251788415 0.6971989213447413 0.8409831652590305 0.6997323689102101 0.8079689589825421 0.7375771168558249 0.8145980455119267
1 0.5762157847278819 0.6413618728169562 0.588597460984494 0.6691202901278411 0.5746642135356569 0.6833067523214736 0.562282537279045 0.6555483350105886
1 0.6014418787830716 0.7576593738732913 0.5671165078717764 0.7137100051591979 0.5876020172883301 0.6771886926617511 0.6219273881996253 0.7211380613758444
1 0.646042883007752 0.7614041557647973 0.659838776997379 0.7438956375577276 0.6719925453364436 0.7657555501750917 0.6581966513468166 0.7832640683821614
1 0.6079011788817265 0.8121997864265752 0.62392578125 0.8121997864265752 0.62392578125 0.8547636202680386 0.6079011788817265 0.8547636202680386
1 0.6687561341608447 0.3970829850151649 0.713801351674047 0.4040376163176144 0.7107537613541715 0.4490952286367456 0.6657085438409691 0.4421405973342962
1 0.7385076399980609 0.40703871306064004 0.7342066240435018 0.44963716970318973 0.708019219256512 0.4436017613273659 0.7123202352110712 0.4010033046848163
1 0.7547735689914796 0.458175565837647 0.7498304896377557 0.5073406834057133 0.7355487928435858 0.5040630730722796 0.7404918721973096 0.4548979555042134
1 0.7685069675412612 0.43970725537084554 0.766684909422873 0.5008204329886751 0.7537996651492977 0.4999435189412712 0.7556217232676858 0.4388303413234417
1 0.7283986243754607 0.6011171646189101 0.6961487268937188 0.5507953296192498 0.7248081562221991 0.5088700064875606 0.757058053703941 0.5591918414872209
1 0.7750066730486598 0.5600417753136843 0.7410429618557891 0.5668083760309098 0.7358239484667394 0.50701266823755 0.76978765965961 0.5002460675203244
1 0.9122265821762797 0.7554775611943427 0.9522094565348398 0.7665521992830989 0.945486386181231 0.8219572219141031 0.905503511822671 0.8108825838253468
1 0.9046648055301192 0.8382726351509204 0.8841994005247191 0.8250212259865645 0.8917281809556571 0.7984800646209503 0.9121935859610572 0.8117314737853063
1 0.7677386930847295 0.8291900006449029 0.7416954095618447 0.8211050244586054 0.7448528548949964 0.7978888934889228 0.7708961384178813 0.8059738696752202
1 0.803481478452615 0.2096416711544181 0.794204178564309 0.25033466298688123 0.7837138677527937 0.24487548390446276 0.7929911676410997 0.20418249207199962
1 0.7798451124327789 0.13536807412082957 0.774908951116695 0.17638572789006166 0.7557818345273964 0.17113154669702188 0.7607179958434803 0.13011389292778983
1 0.708476939905498 0.11978924110489254 0.7222769175935707 0.11168107896582238 0.7269859660584567 0.12997581429107594 0.7131859883703838 0.1380839764301461
1 0.6937198097972209 0.10819216433344839 0.6889978623194741 0.14505175367068365 0.6716945949092237 0.1399919252458403 0.6764165423869705 0.10313233590860503
1 0.8014007965219317 0.5026818096013269 0.8043878938602508 0.4744759271787908 0.8306492277578142 0.48082431538729437 0.8276621304194953 0.5090301978098305
1 0.8672610706278027 0.6197348907388 0.8672610706278027 0.5651141737857808 0.8877706895494675 0.5651141737857808 0.8877706895494675 0.6197348907388
1 0.9614536184882292 0.5682776197196266 0.9907509519930147 0.5779602520452091 0.9853490778211529 0.6152694685438285 0.9560517443163674 0.605586836218246
1 0.9493062567421369 0.5601090828486711 0.959792026905919 0.5868430599142792 0.9465948133885101 0.5986586663694244 0.9361090432247281 0.5719246893038163
1 0.9550828210179892 0.6194130592328954 0.9403526590278193 0.6115161249496573 0.944720730833686 0.5929177165911592 0.959450892823856 0.6008146508743973
1 0.4323184430613728 0.5901526009904798 0.42474352179267266 0.6106322077757117 0.4148499425380544 0.6022791216797949 0.4224248638067545 0.581799514894563
1 0.43476086261561103 0.652824339827871 0.42192475870585766 0.6334310392054117 0.4285928632111828 0.6233565994717565 0.44142896712093616 0.6427499000942158
1 0.3884913580453623 0.4318600868687554 0.39561873157394983 0.4538453967487097 0.3893326968890134 0.45849708619156504 0.3822053233604259 0.4365117763116107
1 0.5857421440890588 0.18193117836910516 0.5800328546991825 0.20301656898291845 0.5697219527275565 0.19664371342726603 0.5754312421174327 0.17555832281345274
1 0.5388387697464504 0.9884831199370774 0.5311425481789724 1.0043097559918137 0.5202766293303386 0.9922485033384459 0.5279728508978165 0.9764218672837095
1 0.5540235978846012 1.0013052767532653 0.5436195478696666 0.9634951735094761 0.5660856983896468 0.9493840938530752 0.5764897484045813 0.9871941970968644
1 0.601655922876492 0.7894053932630769 0.5937696814882528 0.7731010712278262 0.6006549872511111 0.7654990765057449 0.6085412286393505 0.7818033985409956
1 0.7129283736038908 0.6709922006831098 0.698156959287168 0.6822734722147903 0.6927551985502963 0.6661285341948844 0.7075266128670191 0.6548472626632039
