0 0.8505560932375522 1.0249632827878936 0.6994255489014982 0.9674313522699312 0.7150702752310674 0.8957728108083169 0.8662007467762374 0.9533046452079232
0 0.704574484873472 0.9617819958784449 0.6510656148675089 0.9447719303641732 0.6606208742126938 0.8923611858698327 0.7141296714277728 0.9093711552657481
0 0.8964830647640877 0.8053758516086368 1.0136315488502534 0.8386271799643209 0.9972148751956619 0.9394763856422244 0.8800663183186122 0.9062249131090059
0 0.8976698473371347 0.7740109901728592 0.9948961943761181 0.7593384750246063 1.000575994265243 0.8249636672613189 0.9033496472262597 0.8396361343503937
0 0.9569944906035703 0.7887825072281004 0.905170220026461 0.7694148026113435 0.9136192035163238 0.7299943578524852 0.9654434740934332 0.7493620624692421
0 0.5339620427567829 0.8700617272084153 0.5483708890620341 0.7765148733544538 0.602500738099564 0.791052582507997 0.5880918917943128 0.8845994363619587
0 0.6048854402509131 0.9432395154096949 0.6210945506997242 0.8696644700418307 0.6656822427511926 0.8867922805425689 0.6494731686978235 0.9603673259104331
0 0.6590633676673375 0.5418162428487943 0.6769271968871124 0.46908439576156497 0.7530777441580948 0.5016966812253937 0.7352138421474359 0.5744285763718012
0 0.7741457553015056 0.8067523145300197 0.7329320663060898 0.797892989511565 0.7388284190751714 0.750064543476255 0.7800421080705874 0.7589238204355315
0 0.7321367531072973 0.8502002145361712 0.7747349247167561 0.8554327056163878 0.7714127487701252 0.9025911586491142 0.7288145771606663 0.8973586675688976
0 0.7735033757500372 0.8571860005536417 0.7366882215032424 0.854671448234498 0.7379197704699613 0.8232311338890256 0.7747349247167561 0.8257456862081692
0 0.923633336594365 0.6505462406188485 0.874012082122093 0.6290171225239911 0.8867750173533467 0.5777250034602608 0.9363962718256187 0.5992541215551181
0 0.8699238549120453 0.6219746266763041 0.9156027551058438 0.6452401228777067 0.9057342765867248 0.6790244755782481 0.8600552308111583 0.6557590754952017
0 0.97533400825041 0.6921035886749508 0.9241925889562835 0.670493683101624 0.9397680183642666 0.6062219814991388 0.990909437658393 0.6278318870724655
0 0.9609465988605024 0.6235651932363435 0.9274982413722421 0.6065180740957185 0.9367083991362924 0.575008025882751 0.9701567566245528 0.592055145023376
0 0.9706314987701252 0.7718047855407234 0.9724439189913163 0.7111730380321112 0.9996395395423375 0.7125905915508121 0.9978270465302623 0.7732223871186024
0 0.9754921828413834 0.7063346802718996 0.9766922861462061 0.6358174962321604 0.999027149835085 0.6364802322988435 0.9978270465302623 0.7069974163385827
0 0.9181492713923673 0.7252782145823081 0.9320114217631932 0.667923766609252 0.9771938881279815 0.6869648610513042 0.9633317377571556 0.7443193570835384
0 0.9705830928322525 0.6298335999015748 0.9711595238427997 0.528593048335999 0.9995564851436717 0.5288749634750246 0.9989799813422406 0.6301155150406004
0 0.9937918110837806 0.5387706846702756 0.9737158668986657 0.5898966150959646 0.9432934264590788 0.5690667099840059 0.9633693706441935 0.517940779558317
0 1.0138376198429115 0.4441008320004921 0.9975745349536002 0.4997403843196358 0.9432035297173151 0.47202984667199804 0.9594665418157424 0.4163903424120325
0 0.9654221463644156 0.473968505859375 0.950714093130404 0.5915201983113927 0.9074373649001193 0.58207878052719 0.9221454181341309 0.46452708807517223
0 0.9425003697776908 0.4756003552534449 0.9012632421176208 0.5780994805764026 0.8621636187667711 0.5506710983636811 0.9034008920086091 0.44817202109990156
0 0.8599291570000372 0.5541949895423228 0.8214286754155486 0.5311586395023375 0.837692415422816 0.483763687253937 0.8761928242164206 0.5067999892347441
0 0.8795632605191562 0.5017215758796753 0.8474685223101148 0.48194411871001475 0.8783220303648629 0.394641449695497 0.9104168413647883 0.4144189549243356
0 0.9024361216318202 0.44404522753137304 0.9152157987663984 0.4033462163970226 0.9540156692568574 0.42458967073695864 0.9412359921222794 0.46528868187130906
0 1.0235012648144006 0.21595946785033218 0.9984035503316935 0.2974681704063115 0.9561487333221527 0.27478173924243354 0.9812464478048599 0.19327304870124876
0 0.9182748356673003 0.2571242204801304 0.9499789052018113 0.2792876956969734 0.9210371769249404 0.35147476797028787 0.8893331073904294 0.3293112927534449
0 0.9107155023619186 0.2486092635027067 0.8743982377618142 0.3513721375953494 0.8375696899923599 0.32867763248954235 0.8738869545924642 0.22591475839689962
0 0.954333983792673 0.1687393669068344 0.9249503420589222 0.2517539197065699 0.886638534445811 0.22810873196819637 0.9160221761795617 0.14509417916846087
0 0.9165309116679711 0.24391181525282973 0.9477604574295617 0.15496744471272145 0.9825479488111211 0.17626504973163756 0.9513184030495304 0.26520936019777314
0 0.8429114490161002 0.2811170923428273 0.7614770842650567 0.23031469630444143 0.7851113380245602 0.16425700750876598 0.8665456299847197 0.21505939153235729
0 0.7926946195307841 0.17171326885073204 0.8223466412539132 0.09696335679902805 0.9093273074127907 0.15712580643300936 0.8796752128987776 0.23187565841074065
0 0.7902046617611435 0.30472025232990896 0.7346604858471228 0.2680479755551796 0.7516213441506411 0.2232554278035802 0.8071654472737776 0.25992770457830955
0 0.8059833233173077 0.438692107914001 0.7109550426030486 0.389590285894439 0.7291013004528175 0.32835534764087104 0.8241295083761926 0.3774571696604331
0 0.6587374828795841 0.3660910538801058 0.6830081473380665 0.3085490069051427 0.7228573712125447 0.33785623865803394 0.6985867067540623 0.39539828563299706
0 0.5809684666978794 0.20012022003414123 0.6369617987617398 0.21394030953955462 0.6281348122111657 0.2762992318220965 0.5721414437518635 0.26247909425750493
0 0.4813096666876304 0.23998542845718504 0.5071279017358006 0.13615881251537892 0.5583686441911709 0.15837616207092767 0.5325504091430009 0.2622027780127338
0 0.5809431354702408 0.10042839350662833 0.7089200278585271 0.1563995721771961 0.6970096922517889 0.2038839505413386 0.5690327998635025 0.14791277787816806
0 0.4465214837926729 0.8485817736528051 0.42559708906343174 0.9514269731176181 0.38261006855154295 0.9361772191806103 0.40353442688534213 0.8333320197157973
0 0.7777964365077147 0.7534143643116388 0.7930924945028325 0.696492737296998 0.8447912008050089 0.7207163412739911 0.8294951428098912 0.77763801634781
0 0.8823293141118813 0.5855088121309056 0.8640505040623137 0.6488676777036171 0.8134363819320215 0.623406982421875 0.8317152647724732 0.560047972671629
0 0.8136622520451327 0.6274321308286172 0.8769843522892442 0.6574073130690207 0.8605281531846303 0.7180225762795276 0.7972060529405188 0.6880473459799459
0 0.39026930734524073 0.4730901763195128 0.4029407080398405 0.39779523714320864 0.4498541416266026 0.41156145230991636 0.4371827409320028 0.48685639148622045
0 0.36345205380935075 0.6062597079539862 0.3260971187621124 0.5870773195281742 0.34794592132295393 0.5128897118756152 0.3853008563701923 0.5320721003014272
0 0.2280097647515094 0.37001155342642716 0.20741365690919425 0.4702991395484744 0.15041958667297908 0.4498899444820374 0.17101570361415475 0.3496023343304011
0 0.2230686103579681 0.8022465743417815 0.24377184818383832 0.7260906549889272 0.3086571144645386 0.7568473275252214 0.2879538766386684 0.8330031988188976
0 0.5828198300420208 0.5665184681809793 0.5413143223925723 0.5487061988650345 0.5710380067410182 0.42793901098056103 0.6125435143904666 0.44575123223732777
0 0.9237980623649001 0.07790255208653728 0.9279486713625522 -0.004307812968576987 0.9975071305949985 0.0018154696216733438 0.9933565943882304 0.08402583805594857
0 0.8628562240282126 0.11995369017593505 0.7775278381456843 0.09087665587898315 0.792850537604353 0.01247345856794222 0.8781787779051133 0.04155043354184609
0 0.92092886408952 0.07399036077063853 0.8814122945550089 0.14247729684424212 0.8517749037995677 0.1126598448265256 0.8912914005431947 0.04417291175662063
0 0.8873072642972942 0.0014162598632452056 0.960979573130963 0.04663188063253568 0.9425123074826699 0.09909768893024114 0.8688399986490012 0.05388201615941806
0 0.9514476796595484 0.10650796965351254 0.9161680491111359 0.16953593576986958 0.8875175571612254 0.14157303937776822 0.9227971877096377 0.07854507326141118
0 0.9545233856728905 0.06548160342719611 1.004329892944991 0.09014471459576465 0.9943942284399225 0.12513096126045767 0.944587575586054 0.10046785609928642
0 0.9763666197311046 0.18021283487635334 0.9274108923114192 0.14573570912278544 0.9424334021643933 0.10854190616157111 0.9913890567931947 0.14301909198911172
0 0.8819690720268709 0.3696782149667815 0.8415011984291145 0.4710709218903789 0.7972430307096005 0.4402705155019685 0.8377109043073568 0.3388778085783711
0 0.7584283836696855 0.4059762068620817 0.8329090352703861 0.45158768300935037 0.8073902255236285 0.5242468165600394 0.7329095011320438 0.4786353884719488
0 0.6697849553471601 0.5518704151544045 0.7216668763044126 0.5724230668676181 0.7121567473073196 0.6142824187992126 0.6602748263500671 0.593729767085999
0 0.7806408130916443 0.008666288571094903 0.773746497302661 0.060254699226439466 0.717334508469365 0.04710936658964383 0.7242288970492322 -0.004479042563851424
0 0.6104682098916405 0.05114168782872478 0.6341233182394156 -0.009377843000757412 0.6706512396578712 0.01551721527820497 0.6469961677055381 0.07603675061323512
0 0.7276876286942829 0.8012027770515502 0.7189602200730472 0.9063628429502952 0.667118115729353 0.8988608052411418 0.6758455971414729 0.7937007393423966
0 0.7436984203795841 0.684889281265379 0.7924673663908766 0.6985909529558317 0.7837537152467203 0.7526697354053887 0.7349847692354279 0.7389680637149361
0 0.7953472649262076 0.7074626291830709 0.7538417572767591 0.689650359867126 0.7609257661094961 0.6608682467242865 0.8024312009680605 0.6786804679810532
0 0.7723341357800387 0.6245778962383121 0.8103520138034809 0.6440107691006398 0.8013936397072525 0.6745699664739173 0.7633756161020423 0.6551370936115896
0 0.7879043242443724 0.5649562565360482 0.7967369156930159 0.5316326471764272 0.8354230868226371 0.5495120071050689 0.8265904225831098 0.5828355684055118
0 0.8248731400473316 0.5803441806102362 0.8124215314270274 0.6310405100424459 0.7764903496757602 0.6156525859682579 0.7889418855051804 0.5649562565360482
0 0.8799823176384541 0.8919903612512303 0.8343783192643113 0.8667824572465551 0.8481393630972347 0.8233739657664862 0.8937433614713775 0.8485817736528051
0 0.5538304965270013 0.7356488565760335 0.5688120615077147 0.6748875415231299 0.627525115766622 0.7001295194851131 0.6125435143904666 0.7608908345380168
0 0.6104682098916405 0.7745925542876476 0.6283155519761852 0.7038916880690207 0.655086656091607 0.71567512572281 0.6372393504025045 0.7863760400006151
0 0.680446636129435 0.7964311254306102 0.6379034944282945 0.7731382354976624 0.655086656091607 0.7184154600609006 0.6976298705836315 0.7417083980530266
0 0.7030548295878056 0.6706335353100393 0.6833397098147734 0.7281807967058317 0.650936119884839 0.7088242898775836 0.6706512396578712 0.6512770284817914
0 0.6208977969402206 0.6958496574341781 0.6312742102480248 0.6506340447373278 0.6602748263500671 0.6622384138933317 0.649898485833147 0.7074541227085384
0 0.7052088574276982 0.6767423855038139 0.632339359253876 0.6496799739327018 0.6444754921828414 0.5927006759042815 0.7173449175657797 0.6197630874753937
0 0.8165529236312985 0.1100338913324311 0.7665008199165176 0.23795463982529527 0.7243629050667114 0.20920626422551672 0.7744150815723763 0.08128550972525529
0 0.844947628414766 0.7859290896438238 0.8999692385724135 0.8033661128967766 0.8948076369866205 0.8317645215612697 0.8397861724107409 0.8143275944266732
0 0.9051030340405113 0.7708383635273129 0.8667647305456172 0.7663715032141978 0.8688943734393635 0.7345011553426427 0.9072326041433736 0.7389680637149361
0 0.8605389262354651 0.7266365111343503 0.861640980219514 0.7018978088859498 0.9093293455575432 0.7056020181010089 0.9082273643643783 0.7303406722902313
0 0.8283721250512448 0.7718521718903789 0.8478594821481813 0.715708526851624 0.8754068282507826 0.7323805921659695 0.8559194711538461 0.7885242852639026
0 0.8478550419042561 0.773073211429626 0.8346500476343545 0.9256462998277559 0.7661709316301432 0.9153121347502461 0.7793759986909288 0.7627389502337598
0 0.898109649858378 0.956940322034941 0.8854781021727788 1.0088326041154037 0.8567069229371646 0.9966210553026574 0.8693384706227638 0.9447287732221948
0 1.0008328005040623 0.9424545167937992 0.9894804070233304 0.9918350339874508 0.9662239379518858 0.9825124184916338 0.9775762586417337 0.9331319012979823
0 0.49343091388081395 0.7946902778204971 0.5071011510859236 0.7351214070958415 0.5501927720981478 0.7523642232098917 0.5365225712884801 0.8119330939345473
0 0.47987877988502536 0.8548079363004429 0.49209534674083183 0.7902813768762303 0.5364049412199053 0.8049087163970227 0.5241884107595408 0.8694353238804133
0 0.48641369068416446 0.8082786740280512 0.4069470455053667 0.7835884154312254 0.4132965215274672 0.7479552261472687 0.4927631303108229 0.7726454847440944
0 0.5183962217454905 0.7319734828678641 0.5301368454061381 0.677256378414124 0.5635485162888528 0.6897568109467274 0.5518079290236472 0.7444738673412894
0 0.5626455453725961 0.7353014848363681 0.6111591045673077 0.7582486370417076 0.6029479288955352 0.7885177492156742 0.5544342969099396 0.7655705970103347
0 0.5875689984789617 0.5713344784233514 0.6014378456111173 0.5232618917630414 0.6594757280253056 0.5524571696604331 0.645606953684034 0.6005297563207431
0 0.6456862957476148 0.5945230799397145 0.634883910186531 0.6295354888195128 0.600944578185562 0.6112771822711615 0.6117469637466458 0.5762647733913632
0 0.5649069033709749 0.6919677253783219 0.5275108414742659 0.6813862477700542 0.5381725950474248 0.6156861793337844 0.5755686569441338 0.6262676569420522
0 0.5421793328628131 0.6192133385365404 0.5522160675103421 0.5651807890163631 0.5829143490049195 0.575123656265379 0.5728776143573904 0.629156157726378
0 0.5504513981090675 0.48978064829908957 0.5395915077496086 0.5650668887641486 0.481441490978589 0.5504411351962353 0.49230138133804785 0.47515484667199803
0 0.5053972256773629 0.6214878352608267 0.4641731275855322 0.6050545279435285 0.4755793499249963 0.5551631416861467 0.5168034480168269 0.5715964490034449
0 0.48600402358890504 0.7790176992341289 0.41670215222262597 0.7159065787247786 0.44606108145125223 0.6596934401144193 0.5153629164220893 0.7228045606237696
0 0.48875639249543457 0.8617066390871063 0.46871728049763345 0.9609358659879429 0.42732004928816336 0.9463589405450296 0.44735916128596454 0.8471296175258366
0 0.41525106594970557 0.8440558486097441 0.42464887861275713 0.7902813768762303 0.4762485529172257 0.8060050423689714 0.4668507402541741 0.8597796582800197
0 0.5901952207834862 0.87690170167938 0.5968031408392963 0.7760724405604085 0.6734802573652728 0.7848344457431102 0.6668723737049046 0.8856637549212598
0 0.3448819710373807 0.5205596202940452 0.3720557543231962 0.3872824841596949 0.41015883407638265 0.40082861232006645 0.3829850507905672 0.5341056763656497
0 0.32137710307422107 0.33713393324003443 0.3764052644114304 0.3556558684101255 0.3620666977046996 0.4299343319389764 0.3070385363674903 0.4114123246801181
0 0.29550068991199874 0.4609155369555856 0.30355392756317084 0.4143910325418307 0.3554881123751491 0.4300658218503937 0.34743482013081395 0.4765903743233268
0 0.33478078006205275 0.5291151632474164 0.27998833380501825 0.5138099490188238 0.2886156731584489 0.45995584322711613 0.34340817400864637 0.4752610574557087
0 0.6987360736480694 0.9966404712106299 0.6056474880157089 1.0043229230745572 0.6035035417132528 0.9590273399052658 0.6965920909501714 0.951344695804626
0 0.6074163428928145 1.0084086260457676 0.565875750037269 0.9992665208230808 0.572040591982055 0.9504234974778544 0.6135811484421586 0.9595657949372539
0 0.44186312198354577 1.004082915538878 0.38107247031296587 0.9992665208230808 0.383655564018709 0.9424178957000492 0.4444462156892889 0.9472341942974901
0 0.5419841441073159 0.4197179599071112 0.5215059211016696 0.49633375753567915 0.4912196724060823 0.4822188730314961 0.5116978954117285 0.40560307540292817
0 0.5244249811326028 0.4876400925043061 0.5427697033276498 0.41658387672244096 0.5710380067410182 0.4293091781496063 0.5526932845459712 0.5003653939314715
0 0.4942527957522734 0.32517606479915107 0.5142396438953488 0.25065728134996307 0.5404971355331321 0.26293705016609253 0.5205102873900567 0.33745583361528053
0 0.47711017861135957 0.24589286263533464 0.44589770231207143 0.335817039669968 0.41020414640168457 0.3142147034171998 0.4414166227009727 0.22429052638256644
0 0.06278431664354828 0.7249201256459153 0.20208956787254956 0.7693912055548721 0.1893016653680773 0.8392379160002461 0.04999649602882053 0.7947668360912894
0 0.19109485059816636 0.6098197396345965 0.14213912317848093 0.5897575798935778 0.15290602318360538 0.543945937269316 0.20186175060329084 0.5640080489511565
0 0.1566360828488372 0.5407377948911172 0.1476818032398349 0.5909894327479085 0.10453648985178611 0.5775843342458169 0.11349076036192793 0.5273326483298474
0 0.2568836337267535 0.8657735028604823 0.20915226717399002 0.8534419983390747 0.2161658872218806 0.8061064472348671 0.26389727197236507 0.8184379998154527
0 0.37384047761301803 0.9031764233206201 0.3216651729977266 0.8770435723732776 0.33714884949640356 0.8231410709891732 0.38932411771625297 0.849274018054872
0 0.39111990522044576 0.8257602961983268 0.3372092295346974 0.8049972414031742 0.34451921766687166 0.7719025859682579 0.39842989335262 0.7926656407634104
0 0.11941554707007956 0.9066989688422736 0.03501600698836161 0.8998407318836122 0.0373413936680957 0.8499445397084153 0.12174085186006914 0.8568028727854331
0 0.11919358036812389 0.8216542161355808 0.11309474155742211 0.8667530450295275 0.04112447011875978 0.8497826763964075 0.047223304380031306 0.8046838475024606
0 0.13419498086473242 0.9879764586921752 0.0462024668248267 0.96900634765625 0.05323733271199035 0.9121087982898622 0.14122984675189607 0.9310790054441437
0 0.25559612676794496 0.9773779681348426 0.20703468936926991 0.9642242671936516 0.2141888504164803 0.9181709830216536 0.2627502878151554 0.9313245878444882
0 0.24937026786462993 0.6362051896222933 0.26352026978630927 0.5381104476808563 0.322120771140802 0.5528495728500246 0.30797069642823865 0.6509443147914616
0 0.06658106185740208 0.48842739796075296 0.07799508646974694 0.44869240588090553 0.11862795880385361 0.4690441702294537 0.10721392964207849 0.5087791623093012
0 0.09091727905637392 0.5066822442482776 0.035922483240626864 0.47927880474901574 0.06155789943415278 0.38957418606975885 0.11655269070046959 0.4169776255690207
0 0.27087153034972233 0.2614129975086122 0.2878229804314811 0.17827283003198818 0.3287560241735614 0.19282501701294907 0.31180459228952373 0.2759651484451895
0 0.10582844615338029 0.22676031157726378 0.07608482165214343 0.21419213963305855 0.09627734498744503 0.13086819385919046 0.12602088304950712 0.14343640184777928
0 0.046615859903461815 0.19665393979530635 0.06726483212529583 0.11485468346302903 0.09559242826312798 0.1273232527605192 0.07494345149186372 0.20912249707800196
0 0.10226469546041107 0.40973746232160435 0.04142333584025138 0.3881075881597564 0.0536359856366116 0.3282093919168307 0.11447734980620156 0.3498391699603223
0 0.11287887109200302 0.5200737420029528 0.10278297565348744 0.6000622366357038 0.06038005649154927 0.5907302496001476 0.07047594738063459 0.5107418030265748
0 0.015630089675093523 0.5661242868017963 0.026795475413277522 0.4899499127245325 0.06412443776321183 0.49949033241572344 0.052959053162385396 0.5756647545521654
0 0.37699974756121424 0.17445718359759474 0.38564075340311943 0.08602840994286724 0.4382203749836948 0.09498719943789985 0.4295793691417897 0.18341591902605192
0 0.44302413658365014 0.1872044961283526 0.4571446218018597 0.12618209959015134 0.4952904298039654 0.14157303937776822 0.4811699445857558 0.20259550800473672
0 0.4721950833542971 0.05568976815291277 0.49491249953413835 -0.020304362980399546 0.5366343052954494 0.0014427868400033064 0.5139169255110503 0.07743681059108945
0 0.14255769805817214 0.11197579451433316 0.20371422400841346 0.13061167799581694 0.1973834734412269 0.16683659591074065 0.13622693839212507 0.14820066437007873
0 0.11572632309078246 0.048565415510042446 0.21326706305670468 0.08961161816214014 0.20131556420505367 0.13913325512503075 0.10377475144824742 0.09808711254690576
0 0.35096015543474207 0.31442587544598916 0.31568048849088776 0.3034645140640379 0.3354942399117658 0.192269416869156 0.3707739068556202 0.20323077825110727
0 0.4242427782708147 0.31268336979422984 0.3737037035419462 0.29599950595164864 0.3887189707019603 0.21669068824587845 0.43925800903538686 0.23337455208845964
0 0.22953036631866802 0.37773053026574804 0.24717018159287418 0.3201832688699557 0.28983812326466535 0.3429883100855069 0.27219830799045913 0.40053554745171016
0 0.11687181503486975 0.3436207688699557 0.06000141196117276 0.3286015307809424 0.07169478978866185 0.2513975849301796 0.1285652793015336 0.2664168230191929
0 -0.018904190654902495 0.2775128462183194 0.003212763286447269 0.20707762710691438 0.057733903133094344 0.23692862443097934 0.03561694805438702 0.3073638195127953
0 0.009406935976741566 0.46685872716227855 0.026375335529579887 0.37424604761318897 0.0546606083177852 0.3832822784664124 0.037692211608340784 0.4758950060746801
0 0.11959140984586968 0.8167450672059547 0.18176704456782014 0.838934662586122 0.172916419177661 0.8821766770730807 0.110740702565966 0.8599871778112697
0 0.5012318765256969 0.4075984924796998 0.48497974666443056 0.4977326640932579 0.44012065380189697 0.4836290254367618 0.45637278366316336 0.39349485382320376
0 0.4263957870383311 0.5547370490126723 0.4389307776162791 0.49107512226254924 0.4843260117350552 0.5066603292630414 0.4717910575525492 0.5703223040723425
0 0.5551004790804822 0.026771190973717395 0.6064247126798226 0.06125174094372847 0.567866944669611 0.16132501316821482 0.5165427474657126 0.12684440312423106
0 0.5501598342231291 -0.027798353780911663 0.6205195755068574 0.0050592666535865605 0.6080748456250932 0.05152491772268701 0.5377151043413648 0.018667297663651113
0 0.3533666220604129 0.21097443347840797 0.28612305852154146 0.17725545327494463 0.2995394921117975 0.1306034118171752 0.36678300105750594 0.16432240403543308
0 0.10613875369195364 0.4042250745878445 0.12240848074943166 0.334402946412094 0.16220871635896505 0.35057377852792815 0.14593899840034752 0.4203959307332677
0 0.2043602067086408 0.35901686300442914 0.2187870141645237 0.3042472779281496 0.24876033484971302 0.31801382950910434 0.2343334546029461 0.372783462644562
0 0.3686111441096452 0.9224968857652559 0.35544298202705726 0.9757479930487205 0.31904204430577293 0.9600527305302657 0.3322101699929189 0.9068016232468011
0 0.2930386292486583 0.9031823826587106 0.30754093904899 0.8545711967888779 0.3385775889679301 0.8707160048597441 0.3240753155630404 0.9193271907295768
0 0.2964208212791629 0.9074088990218996 0.2284000330761777 0.898077056163878 0.2315185947224862 0.8584405373400591 0.2995394921117975 0.8677724763164371
0 0.17037590813906903 0.9593758650652067 0.11851343144671009 0.9519048735851378 0.12253535526027691 0.90322265625 0.17439782285377534 0.9106935516117126
0 0.2654309395032051 0.018069244745209462 0.33429042427185823 0.04213816124623216 0.31748781335019755 0.12595737487312378 0.24862827398838142 0.10188846137579971
0 0.41899280855182247 0.5683981106975886 0.40503373711892515 0.6175515963336614 0.36531615555819547 0.5978842908003199 0.37927522699109273 0.5487308532234252
0 0.4446625138011516 0.4958569143700787 0.4212678512363968 0.5718987412340059 0.37715133457718397 0.5482328159602609 0.4005460335373807 0.47219094103715553
0 0.47145956786672627 0.5652401901605562 0.45764524110670096 0.6145993690791093 0.41574240441683435 0.5941507174274114 0.4295567311768597 0.5447915865680364
0 0.05739897407800155 0.7385790727269931 0.04439717101140895 0.8126178411048228 0.0037501448311120468 0.8001718115618849 0.01675194732902586 0.726132995124877
0 0.0014262389909247238 0.9009316752276083 0.052506635071055546 0.9117665208230807 0.04714632347075087 0.9558302511380413 -0.003934157058178987 0.9449953094242126
0 0.034551323633074546 0.9056819405142716 0.0036721761267883265 0.9003168061023622 0.01268885799583112 0.8098290631151575 0.04356800550211734 0.8151941975270669
0 0.13292706375258553 0.6538588155911663 0.1589305970948867 0.6656620536263533 0.14514399456281213 0.7186217781126969 0.11914047031937146 0.706818588136688
0 0.03094838869735181 0.7403001680148869 0.03860214315288182 0.695542174812377 0.09319894571139405 0.7118213563453494 0.08554519353057916 0.7565793495478592
0 0.02882619777035699 0.7112360916738435 -0.013808328336239146 0.6982946681225394 0.0 0.6189752533679872 0.042634526106596134 0.6319166769192913
0 0.044380542843840846 0.629560623769685 0.10616510399196855 0.6474421944205216 0.09720012412301543 0.7014533576064222 0.03541556297488773 0.6835718350147638
0 0.12736075395050686 0.7453294648898868 0.09076307156857949 0.7343462125522884 0.09841822497391174 0.6898693174827756 0.13501583456495508 0.7008526178795522
0 0.1657657156974415 0.6064911128967766 0.22601453022510434 0.6245040292814961 0.21801999842189362 0.6711288812592273 0.15777118389423078 0.6531159168153298
0 0.5017079289071817 0.970968796136811 0.5041457684038648 0.9377050204539862 0.5278822933554151 0.9407382274237205 0.5254444538587321 0.9740020992249016
0 0.545593188927866 0.8777339905265747 0.5279931174763343 0.9585220457062008 0.4765992593964296 0.938999542476624 0.4941993308479614 0.8582113911786418
0 0.5491663842380367 0.8678137110912894 0.5896404814563767 0.878502745140256 0.5794516138612478 0.9457732914000985 0.5389774802474657 0.9350842573511319
0 0.5342821042738148 0.9335983636811024 0.5752378951671512 0.9497075118417815 0.5671678610194917 0.9854818989911417 0.5262121065215973 0.9693727508304626
0 0.517795587766007 0.9778185746801181 0.5633016096102601 0.9799646092212106 0.562824392574631 0.9976086714136319 0.5173183707303779 0.9954625407541831
0 0.4359058068490981 0.9436394638902559 0.5008270500242248 0.9399122823880414 0.5026500613190407 0.9952783779835138 0.43772881814391396 0.9990056556040846
0 0.3335481028366316 0.563650344488189 0.2708484738372093 0.5421456885150099 0.2771274518881373 0.5102245901513287 0.33982708088755964 0.531729294183686
0 0.5711662642786598 0.35274148775836617 0.548145164530691 0.41209140086737206 0.5206615104516062 0.39350312000184545 0.5436826465950172 0.33415323092242866
0 0.5768796935562015 0.2747476652851255 0.554622352158803 0.35312151570958417 0.522987215591458 0.3374564824141855 0.5452445205934146 0.25908265601931596
0 0.6130877718302773 0.36921079140009844 0.6021251007425835 0.4238973782757136 0.5623606054571034 0.4099982314222441 0.5733232401493552 0.355311668576218
0 0.6342405115626863 0.3856417918768455 0.5790537388891994 0.36576744740403544 0.5889372487258684 0.3179141788032111 0.6441239850039132 0.33778852327602116
0 0.6989693684313506 0.27002188614972933 0.7234022837703116 0.28816972867710383 0.708866162604353 0.3222931629090797 0.6844333928471601 0.304145248292938
0 0.7407481330594067 0.2882818267101378 0.7574352976390131 0.2977253831277682 0.743236707802251 0.3414728840505044 0.7265494704317605 0.332029327632874
0 0.6980381546520945 0.4611951933132382 0.7283213461305531 0.3862173726239542 0.7603175982735167 0.40875075933501476 0.7300343340041742 0.48372855599470965
0 0.1509162206769203 0.7157505786325049 0.15185958143494707 0.65595703125 0.17893877296697971 0.6567020446296752 0.17799540311009243 0.7164954958938238
0 0.20947336596111918 0.7077701598640502 0.17355293906296587 0.6866892416646161 0.1836490710718545 0.6566931056225394 0.21956949797000783 0.6777739757627953
0 0.1469935836291555 0.7109177957369587 0.1584594762957942 0.6503562146284448 0.21876453997908282 0.670264008289247 0.2072986473124441 0.730825637456939
0 0.12362411580913182 0.5195901705524114 0.14165624665161933 0.44418873223732774 0.21405842735003913 0.4743797963059793 0.1960262146178071 0.5497811865618848
0 0.2519465192272753 0.4854138471948819 0.23519802832788275 0.564399490957185 0.1955706710678947 0.5497479776697834 0.2123192529558922 0.4707623339074803
0 0.20672338095604129 0.4662353035033219 0.22864348218777952 0.37940065879521406 0.26041075240734013 0.39338326041154037 0.2384906511756019 0.4802179291492372
0 0.18051848073196183 0.35393960306963584 0.1885326842715787 0.3116093432809424 0.21678082461007378 0.32093462606114664 0.2087666210704569 0.36326483779066193
0 0.22033773295994522 0.328365608275406 0.17117757234249217 0.3133852981206939 0.17832771169336054 0.27247220737727607 0.22748778132220857 0.28745246947281006
0 0.17462942524900305 0.2879271259458046 0.24657262302824054 0.3154268520084892 0.2330143200050313 0.37727456881305366 0.16107123141211985 0.34977486677995817
0 0.17468203486042785 0.284836944820374 0.16082760032330798 0.3470379686731053 0.1354492314884047 0.337181656003937 0.14930366602552456 0.27498065618079476
0 0.1804866893133665 0.2670054278035802 0.18950074843586948 0.21344296913447341 0.23120648560953339 0.22568107064314716 0.22219242648703041 0.27924350528266484
0 0.19141307414537678 0.20537508266178642 0.20517207983354763 0.15086966687300074 0.24705639124343134 0.1693052877591351 0.23329731276437649 0.22381075160709893
0 0.21171090314270274 0.11974287859098179 0.27688087276852263 0.14644960418460876 0.26917795944441336 0.17922454593688483 0.20400798981859347 0.15251777228407973
0 0.23828836530891287 0.21205465962567668 0.25029378400790103 0.16449601781649853 0.2871195293283207 0.18070516511211246 0.2751141106293325 0.22826379490649606
0 0.19171786777448568 0.2022161288524237 0.1554828568733229 0.19214298518623893 0.16165141115319395 0.15345219889963704 0.19788644025207774 0.16352534256582185
0 0.1267215317036328 0.24632267989511564 0.13489290895956788 0.19237215537724534 0.18651537590959488 0.20600535475362944 0.1783439986536598 0.25995591531588336
0 0.0 0.4577744851900837 0.0 0.31883905365711124 0.020908401207193138 0.31883905365711124 0.020908401207193138 0.4577744851900837
0 0.0 0.576225845457062 0.0 0.48538347379429136 0.020908401207193138 0.48538347379429136 0.020908401207193138 0.576225845457062
0 0.012851958482409064 0.5858592115987943 0.05214412736978002 0.6014244740403544 0.04551705421261227 0.6305940883366141 0.0062248830505261905 0.615028777835876
0 0.05304920467224303 0.5982513668030266 0.02827564164436354 0.59170883058563 0.031180976044228904 0.572526442159818 0.05595462096185292 0.5790689783772146
0 0.0037733622797202267 0.5721579243817667 0.025647847511687305 0.576972060316191 0.022840653421200664 0.599213271253691 0.0009660848777921127 0.5943991353192667
0 0.09358237169296456 0.6248947984590305 0.05688011610728328 0.6165388933316929 0.060412084480517665 0.5894884004367618 0.09711433096733844 0.5978443055640994
0 0.09887253107879584 0.690734238511934 0.118028662356864 0.5927156703678642 0.16204850362323905 0.60771614134781 0.14289238144403138 0.7057347575510581
0 0.13667367424507118 0.7060491126353347 0.20710384070908802 0.7382895161786417 0.19564881208188917 0.7819225881982037 0.12521856372812779 0.7496821846548967
0 0.2276321984361024 0.8887109951710138 0.20090959124715824 0.8683534156619095 0.21356419544527058 0.8393893024114173 0.24028680263421473 0.8597468819205216
0 0.31944643406194095 0.9642409917876477 0.28077600396098873 0.9481157918614666 0.29067379900864637 0.9067280927042323 0.32934428370276164 0.9228533887487697
0 0.29554309060193984 0.944168883796752 0.28469328177991765 0.9907311146653544 0.25402884804640913 0.9782720610851378 0.2648786568684314 0.9317100224532481
0 0.8890217807794797 0.9969800573634351 0.9056673817643113 0.9294699841596948 0.9258340233909138 0.9381399560162401 0.9091884224060823 1.0056501253383365
0 0.8221072320363745 0.9290381243848426 0.8404542471442681 0.8695724847748524 0.8820813883609123 0.8919666200172244 0.8637343732530188 0.9514321635088583
0 0.7873048185235912 0.5714408814437746 0.7407667675257156 0.5500662255474902 0.7536055508581172 0.5013258566067913 0.8001436018559929 0.5227005605622539
0 0.7750151696202295 0.6072021003783219 0.725566793497503 0.5827163335845227 0.7377626149513641 0.5397717573511319 0.7872110638649746 0.5642575241449311
0 0.751888413904107 0.5757959080493357 0.736492050070811 0.6266221894992619 0.7135835214249776 0.614522186039001 0.7289799580491577 0.5636958565298966
0 0.6741310078684034 0.5161912812961368 0.7851384162334153 0.5688104584461122 0.7549795515848614 0.6797484390378937 0.6439722160107334 0.6271292618879183
0 0.6927236922098614 0.7216194693497785 0.7089950752599508 0.6610686054379922 0.7550243907694171 0.6826358825203002 0.7387530805102117 0.7431867944912648
0 0.7453341771252608 0.7460974505567175 0.7342883060571332 0.7971480722502461 0.6942912438972123 0.7820580189622294 0.7053371877562239 0.7310074933870571
0 0.625228636166704 0.6839899018054872 0.5952823936903697 0.6708088551919291 0.6078274658057543 0.6211127333753691 0.6377736354912046 0.6342937799889272
0 0.6061849395078638 0.6260477381428395 0.5977739528594589 0.6704734982468011 0.5701606218204942 0.6613579216904527 0.5785715720734571 0.6169320654681348
0 0.6052159108643598 0.5862229715182087 0.5955678431420506 0.6260354830524114 0.5802235611862702 0.6195517712690699 0.5898716289085794 0.5797391636165108
0 0.6348010741605173 0.47412416953740155 0.6206744745080501 0.5363035667599656 0.6045244338616205 0.5299058809055118 0.6186510335140877 0.46772648368294784
0 0.6188276969896019 0.5286317359744095 0.6370998830687239 0.45186113973302167 0.6791211869223316 0.46930013341227855 0.6608489280523255 0.5460707296536663
0 0.40321061663778324 0.7913524237204724 0.3214351901996683 0.7731659656434547 0.3288069413969328 0.7153687484621063 0.41058244062593174 0.7335553026574804
0 0.24941991124753093 0.6449663777989665 0.36474631212265207 0.6852772149514026 0.3495487401936121 0.7610893670029527 0.234222393911654 0.7207785779096949
0 0.31696492003484644 0.7493714340089813 0.34841400310263865 0.7570212536909449 0.3407170586310189 0.8121951125738189 0.30926797556322677 0.8045452448326772
0 0.3420261298892181 0.8052363838736466 0.33641253330910853 0.8645375169168307 0.2936618829953507 0.8574810839074803 0.29927544318001825 0.7981800469826525
0 0.41719119777690816 0.5812317375123032 0.45591478342091535 0.6016850509042815 0.4433558082466831 0.6431445985328494 0.4046322226026759 0.6226912370816929
0 0.45782652680335045 0.6800712044783465 0.4686854344858751 0.6370546355960875 0.4864912857665288 0.6448920302503691 0.4756324144794462 0.6879085991326279
0 0.5103328479637187 0.7018255278820128 0.4753510049218284 0.6888338344303642 0.48037197451969665 0.6652604230745571 0.5153537811661449 0.6782521165262058
0 0.5109651823731924 0.5960531399944636 0.52104934028166 0.5524741345503199 0.5530409338080463 0.5653820127952756 0.5429568122950209 0.6089610662985975
0 0.4953743576932394 0.6422359436515748 0.5030315583421847 0.6017916461614173 0.5287405342734421 0.6102786567267471 0.5210834064153809 0.6507229542169045
0 0.4322952698154256 0.6804132897084153 0.44132749026349133 0.6398621086060532 0.4660850529451774 0.6494772603192668 0.45705286889255364 0.6900284894808071
0 0.4447419286556164 0.6405280646376722 0.452430829734552 0.6202221006859006 0.47158560528240534 0.6328687772976131 0.46389670420346973 0.6531747412493848
0 0.36050689824649673 0.6339147372508612 0.32532011247065074 0.6187636968657726 0.3336478991386218 0.5850406676765502 0.3688347213099098 0.6001917080616388
0 0.4015917837726409 0.6491532933993602 0.37137053733648256 0.641172057624877 0.3766106438906902 0.6065751683993602 0.40683185393140653 0.6145564041738435
0 0.4398400449440034 0.6364582692544292 0.42855694838485764 0.7190805029681349 0.39401104994735764 0.7108545498585138 0.40529421929738746 0.6282323161448081
0 0.38279750507789206 0.6109549454816683 0.3713297744414319 0.6498935489203986 0.354828044638864 0.6414196104515256 0.3662957024844402 0.6024809589536171
0 0.5833478187192531 0.09575050534225825 0.7107724102750447 0.1569362009604146 0.6887760241968545 0.23681174450971948 0.5613514326410629 0.17562605489896038
0 0.7071086267097123 0.08923931572380966 0.7232957907069917 0.04648989579808994 0.7532420331833258 0.06626154381459154 0.7370548691860465 0.10901091568113312
0 0.7332487066515727 0.08414172675665908 0.7217807940379025 0.12091768520084892 0.7015289142861136 0.10990625817006029 0.7129968268997838 0.07313029972587044
0 0.6772973385323494 0.09939226165531188 0.6845815222961389 0.08015506774421752 0.7069737452016249 0.09493920033372294 0.6996895614378354 0.11417644831139272
0 0.4379973073196184 0.09102054505836307 0.412097837644883 0.07392078309547244 0.43934623158681796 0.0019593026694350356 0.46524562847066936 0.01905911513200895
0 0.380878446211613 0.0006831792865212509 0.411922302428071 0.01605536543478177 0.399005851222421 0.06153766902412955 0.36796199500596305 0.046165373193936085
0 0.3870632692540623 0.0921521284448819 0.39317315408141396 0.05988060057632567 0.4204691168660555 0.06889141413170521 0.4143593048295878 0.10116304412601501
0 0.3811590914649486 0.1355854304756705 0.3280063508590489 0.11452939491572342 0.34410067008376194 0.04368901290292815 0.39725344708510363 0.06474504846287525
0 0.319156617157219 0.14463538222425565 0.3285316826690146 0.10749685933270792 0.3520030668255255 0.11782793660802166 0.3426280013137299 0.1549664594995694
0 0.37608141776842946 0.16761316014087108 0.34512352758599807 0.1539868091973733 0.35314963243515207 0.12219196229469119 0.3841075590130255 0.13581831323818896
0 0.34446666264860987 0.027187686830055055 0.33160425867434407 0.09087937122254859 0.3054512583505702 0.0816702594907265 0.31831366232483604 0.01797857509823296
0 0.21262825025855323 0.08038435207577202 0.15326557375521765 0.06430495855376477 0.15904593425061495 0.027094842505267287 0.21840861075395052 0.043174127894123705
0 0.03367185279878038 0.09628158929779773 0.05621627234388976 -0.0015316088368573526 0.1217560014628056 0.024807649146853468 0.09921166380744074 0.12262090247447097
0 0.0 0.18346604474886197 0.0 0.11577954630213459 0.020908401207193138 0.11577954630213459 0.020908401207193138 0.18346604474886197
0 0.18866441757393224 0.6268656572957677 0.20041830737319247 0.5596094326710138 0.23829815568281343 0.5711523821973425 0.22654433867443724 0.6384085587629184
0 0.3451671657209675 0.3161147951141117 0.355720533667822 0.2603730209230438 0.375240355499031 0.26681684358852115 0.3646869511567345 0.32255864180917815
0 0.5302063607003764 0.39022536390409696 0.4829689348888454 0.36786426934670274 0.49430422251183287 0.3261117289385458 0.5415416483233639 0.34847282349593994
0 0.6614720180195289 0.4502673051488681 0.6779948207830203 0.40299533633735235 0.7049404046474359 0.41941734974778544 0.6884177474657126 0.4666893185593012
0 0.747776092911449 0.27584358275406 0.7090673566077818 0.2594141201710138 0.7219866466579085 0.2063398226039616 0.7606953829615757 0.22276928518700786
0 0.2279690200541797 0.048983650507889394 0.2279690200541797 0.0 0.27787939991777544 0.0 0.27787939991777544 0.048983650507889394
1 0.6411458187751565 0.2143593615434301 0.6882307476846675 0.23315619521253692 0.6757423796679338 0.28770204078494094 0.6286573779675387 0.26890520711583416
1 0.3823523160312314 0.16718530129259965 0.43449573823932247 0.18951626274529404 0.42725559296036447 0.2189942367433563 0.3751121707522734 0.19666328730545646
1 0.6753771150119261 0.13836430827463705 0.71020471417058 0.10770500363327387 0.7334232591914505 0.15369398462490771 0.6985955144510286 0.18435327725147638
1 0.8802514983275567 0.3793840783787525 0.9004005973511107 0.35121270127183807 0.9227153707560003 0.37904172882320375 0.9025662717324463 0.40721305787094
1 0.9546309705994708 0.378243201548659 0.9571338123555829 0.28901045191006397 0.9976400467492174 0.2909914992925689 0.9951372049931052 0.3802242249015748
1 0.9353721768783542 0.3673729843980684 0.9690286435040251 0.38959420271745815 0.9578098212954681 0.4192224217212106 0.9241533546697973 0.3970012034018209
1 0.8209818121785555 0.4395849993848425 0.839893102219365 0.4528764859897884 0.8343530608275567 0.4666208822896161 0.8154416979958632 0.4533294437438484
1 0.8369139169182319 0.4831566037155512 0.8195524903799568 0.5262872650867372 0.8096936930484123 0.5193676084984006 0.8270551923775715 0.4762369471272146
1 0.6920861896476223 0.9694726178026575 0.7746019357716533 0.9744254044660433 0.7737111209330277 1.0003040223609745 0.6911953748089967 0.9953512356975885
1 0.26686870504435 0.2708940641147884 0.2973246656860279 0.25222220833845965 0.3092773655872652 0.28621679591381644 0.2788214413410294 0.3048886516901452
1 0.43728912480899673 0.3605679489496186 0.45459180910386854 0.37078936719518946 0.4478023485833147 0.39082932359590306 0.4304996278930009 0.3806079053503322
1 0.5541760712488819 0.32922106164646897 0.5717727215288648 0.3139724851593258 0.5811628183582104 0.33286678284172 0.5635662044736695 0.34811528724009594
1 0.2565706875186345 0.40497210645300197 0.27653902857944807 0.4152618648499016 0.26418435921893635 0.4570666215551181 0.24421601815812277 0.4467768150990404
1 0.22289868003922556 0.2551377904696727 0.24207514727051654 0.21584525521345965 0.2708498750617267 0.2403318630428765 0.2516734260281567 0.2796243982990896
1 0.2160102785095688 0.975191467765748 0.2831680761893448 0.9782195804625984 0.28264896799996275 0.9982944758858268 0.2154910975293027 0.9952663631889764
1 0.14953863499913816 0.427140411617249 0.13580688039817196 0.48607105645607773 0.10555962941869783 0.4737816517747293 0.11929139311852452 0.4148510069359006
1 0.8207953947245826 0.2647304024283342 0.8525663590815071 0.28300007497231794 0.8406291636385659 0.3191959651436393 0.8088581992816414 0.30092624454047734
0 0.7661848346889908 0.26385120782326527 0.8358373397435898 0.30551743394746556 0.8259761403128727 0.3342613400436762 0.7563234896765056 0.29259513794906494
1 0.8267493250829234 0.3625239815298967 0.8045397345054413 0.3527482400728962 0.810512226539207 0.3290885865218996 0.832721817116689 0.3388643279789001
0 0.6939708184257602 0.37454783522237944 0.67359919766976 0.45270352100762795 0.6364467304664206 0.4358181690606545 0.6568183512224209 0.3576624592458169