0 0.14897479102725075 1.02500637222386 0.300079345703125 0.9674721004078223 0.2844373672727555 0.895810493133353 0.13333282470703126 0.9533447649493907
0 0.29493136935763886 0.9618224457874738 0.3484310089595734 0.944811743010515 0.3388774084666419 0.89239873026402 0.28537776886470734 0.9094094330409788
0 0.10305568150111608 0.8054097493489584 -0.01407269069126674 0.8386625213942938 0.0023412250337146575 0.9395158875663325 0.11946959722609747 0.9062631155209971
0 0.10186910477895585 0.7740435650263693 0.004659438511681935 0.759370431960004 -0.0010193784085531083 0.8249983877505896 0.09619028606112041 0.839671520816955
0 0.04255471305241661 0.7888157362708006 0.0943700699579148 0.769447182709316 0.08592248341393849 0.7300251254995413 0.03410712348090278 0.7493936150828747
0 0.46551450699094743 0.8700983779235456 0.4511081271701389 0.7765475419082482 0.3969875759548611 0.7910858730100235 0.4113939557756696 0.884636709025321
0 0.39460328117249505 0.9432792103765396 0.37839696974981396 0.8697010096264085 0.333816891624814 0.8868295601578878 0.350023203047495 0.9604077609080188
0 0.34043462844122024 0.5418390877841653 0.3225738767593626 0.4691041510559978 0.24643649146670388 0.5017178133598663 0.2642972431485615 0.5744527180989584
0 0.2253720238095238 0.8067862392721437 0.26657867431640625 0.7979265448932128 0.26068330795045885 0.7500961591612618 0.2194766574435764 0.7589557895620413
0 0.26737380254836307 0.8502359770129062 0.2247829376705109 0.8554686860218488 0.22810453384641616 0.9026291565325275 0.27069539872426834 0.8973963835454337
0 0.22601427350725448 0.8572220712337854 0.26282312302362354 0.8547074100006551 0.26159178718688 0.8232657954377948 0.2247829376705109 0.8257803926927738
0 0.0759100838313027 0.6505736025124476 0.12552283150809151 0.6290436110906381 0.11276209997752357 0.5777493202961216 0.0631493401905847 0.5992793756960823
0 0.12961038256448412 0.6220008322277909 0.08393929496644036 0.6452673186296187 0.09380613054547991 0.6790530286744956 0.13947721208844865 0.6557866702289701
0 0.024218285272991847 0.6921327219069379 0.07535094003828745 0.6705219260801559 0.059778152950226315 0.6062474920564728 0.008645497428046333 0.6278582878832547
0 0.038603267972431486 0.6235913930449096 0.07204581366644966 0.6065436469184028 0.06283723740350633 0.5750322321925773 0.029394691709488156 0.5920801062753865
0 0.02892004951598152 0.7718372784820493 0.02710785638718378 0.7112029453493515 -8.309226897027758e-05 0.7126205732237618 0.0017290995234534854 0.7732549063564597
0 0.024060119144500246 0.7063644057299856 0.022860260615273128 0.6358442326511727 0.0005292391493206932 0.6365070462976612 0.0017290995234534854 0.7070271553983228
0 0.08139317830403646 0.7253087201708268 0.06753339010571677 0.6679518597680818 0.022358709668356274 0.6869937408895113 0.03621849483913846 0.7443506652704075
0 0.02896839626251705 0.6298601002563221 0.02839202880859375 0.5286152837661328 0.0 0.5288972354784951 0.0005763665078178285 0.6301419879905332
0 0.005763664699736095 0.5387934078960299 0.02583615439278739 0.5899214834537146 0.05625336662171379 0.5690907092464295 0.036180874658009364 0.5179626016996691
0 -0.014278704022604321 0.44411953140354754 0.0019815420347546776 0.49976142547415486 0.05634326026553199 0.4720497051374967 0.040083019317142546 0.4164078750450406
0 0.034128479730515256 0.4739884670425511 0.04883401658799913 0.5915451209750066 0.09210328601655506 0.5821032893982573 0.0773977552141462 0.4645466354658019
0 0.057046236310686387 0.4756203897344241 0.09827640472896515 0.5781238483932784 0.13736924670991443 0.5506943036925118 0.09613908434671069 0.44819090901180886
0 0.13960337563166542 0.5542182842390593 0.1780972435360863 0.531180999563925 0.16183629111638145 0.4837840338173153 0.12334242321196057 0.5068213184924496
0 0.11997258019825768 0.5017427328497609 0.15206189836774553 0.48196443121888105 0.12121365259564112 0.3946580546956892 0.08912433442615328 0.4144364203047203
0 0.09710370623876179 0.44406393439015 0.08432622031560019 0.40336320985038326 0.04553295317150298 0.424607570816136 0.05831043909466456 0.4653082953559028
0 -0.02394071760631743 0.21596854987634304 0.001152733015635657 0.297480681157462 0.04340028005933005 0.2747933249803459 0.018306830572703527 0.19328117770468914
0 0.08126767476399739 0.2571350353568855 0.04956908755832248 0.2792994661151238 0.07850583999875992 0.3514895649076258 0.11020442417689733 0.32932513414938747
0 0.08882565574040488 0.2486197353658936 0.12513673570421008 0.3513869439530922 0.16195897904653397 0.3286914625507731 0.12564790513780383 0.2259242699581122
0 0.0452147226484995 0.16874646840605345 0.07459332905118428 0.25176450141570855 0.1128985329279824 0.22811832068101415 0.08351993258037264 0.14510028767135907
0 0.08301135471888951 0.24392207563548218 0.05178710695296999 0.15497395577420728 0.01700556316072979 0.17627245825041765 0.04822980789911179 0.26522051413354136
0 0.15661816067165799 0.2811289213488437 0.23803851415240576 0.2303243992963427 0.21440834166511658 0.16426391921453257 0.1329879881843688 0.21506844126703353
0 0.20682634626116073 0.17172049276483883 0.17717935471307664 0.09696743723231542 0.0902136726984902 0.15713241865050118 0.11986063397119916 0.2318854341966801
0 0.20931590246775794 0.3047330844327339 0.2648505074637277 0.2680592566916028 0.24789259168836805 0.22326481017426625 0.19235798669239831 0.25993865390993515
0 0.19353994944738964 0.4387105625880339 0.2885518634130084 0.38960669175633844 0.27040877569289434 0.3283691726140756 0.17539687383742558 0.3774730434457711
0 0.34076046413845484 0.3661064611790815 0.3164939759269593 0.3085619848479265 0.2766515822637649 0.3378704718823703 0.3009180704752604 0.3954149162244497
0 0.41851612878224204 0.20012864726644392 0.36253240676153276 0.21394931945161 0.37135792081318203 0.2763108547378636 0.42734166705419147 0.2624901345690841
0 0.5181578621031746 0.23999552856701226 0.49234406001984127 0.1361645392651828 0.44111211867559524 0.1583828236321983 0.4669259207589286 0.2622138129340278
0 0.4185414632161458 0.10043262185790504 0.2905865381634425 0.1564061546725547 0.30249486045231894 0.2038925458800118 0.43044980972532243 0.14791900506809322
0 0.5529400537884425 0.8486175217218619 0.5738608708457341 0.9514670062115107 0.6168405199807788 0.9362165982868187 0.5959197029234871 0.8333670498190187
0 0.2217219519236731 0.7534460551583791 0.20642852783203125 0.696522006948539 0.15473868960425968 0.7207466941209709 0.1700321015857515 0.777670742330811
0 0.1172070094517299 0.5855334779751376 0.13548272753518725 0.6488950077592702 0.18608816237676712 0.6234332390551297 0.16781244429330977 0.5600715813146947
0 0.18586229596819195 0.6274585523945231 0.1225510733468192 0.6574350033166274 0.13900445605081224 0.7180528300863142 0.20231569078233508 0.6880763151860587
0 0.6091825939360119 0.47311011100465145 0.5965133424789186 0.39781198561566433 0.5496079702225942 0.4115787722029776 0.5622771732390873 0.48687689759196473
0 0.6359952411954365 0.606285239165684 0.6733437674386161 0.5871020303082416 0.6514987037295387 0.512911270749394 0.6141501774863591 0.5320944796068363
0 0.7714142814515129 0.3700271382521783 0.7920068650018601 0.47031893620201126 0.8489910791790675 0.44990888231705317 0.8283985925099207 0.34961705237814467
0 0.7763545929439484 0.802280322060895 0.7556549072265625 0.726121242691136 0.6907807849702381 0.7568791867302149 0.7114804222470238 0.8330382660999738
0 0.4166651165674603 0.5665422675494628 0.4581635005890377 0.5487292787563876 0.4284449017237103 0.427957018966195 0.38694651770213295 0.44577000775927017
0 0.07574534340510293 0.07790583484577683 0.07159550379193018 -0.004307994302713646 0.002048982703496539 0.0018155461087416803 0.00619882137056381 0.08402937563210414
0 0.13667681255037822 0.1199587376112708 0.22199043395027282 0.09088048395120872 0.20667046440972223 0.012473983084880581 0.12135684300982763 0.041552185762353415
0 0.07861409868512835 0.07399347493233671 0.11812390524243552 0.14248329338537571 0.14775624350895958 0.11266458859233736 0.10824644300672744 0.044174770139298346
0 0.11222989521329366 0.00141631944624383 0.03857025873093378 0.04663384235629996 0.057034344143337676 0.09910186031829386 0.13069398668077256 0.05388428630069117
0 0.04810050782703218 0.10651244957242122 0.08337413848392547 0.16954307636125032 0.11201971144903274 0.14157899420716227 0.07674607776460193 0.07854837541560207
0 0.045025401645236544 0.0654843608288395 -0.004772662738012889 0.09014850992326716 0.005161361845712813 0.1251362334757231 0.05495942736428881 0.100472080382661
0 0.02318588135734437 0.1802204220050036 0.07213315812368241 0.14574184457710954 0.057113314431811134 0.10854647494462051 0.008166040693010603 0.14302510835339688
0 0.11756715320405506 0.36969378009532233 0.15802809700133308 0.4710907686181538 0.20227870638408357 0.44028906352365044 0.16181776258680555 0.3388920750008189
0 0.24108668736049108 0.4059932876682881 0.16661878313337053 0.4516066705155922 0.19213330707852802 0.5242688960749148 0.2666011991954985 0.47865551322761074
0 0.3297148931594122 0.5518936381150091 0.2778419373527406 0.5724471310149699 0.2873503912062872 0.6143082272831499 0.3392233712332589 0.5937547983613404
0 0.2188780527266245 0.008666653303230333 0.22577122279575892 0.06025723391358957 0.28217352004278273 0.04711134728645629 0.2752803499736483 -0.004479231324585728
0 0.38902147081163196 0.05114384217332244 0.36537039620535716 -0.009378237294450996 0.3288487752278646 0.015517868585806473 0.3524998256138393 0.07603995205221437
0 0.27182215130518356 0.801236518523978 0.2805481199234251 0.9064009884368449 0.33238128177703374 0.8988985905357377 0.32365533737909224 0.7937341206228709
0 0.2558141314794147 0.6849180977299528 0.20705353267609128 0.6986203623517754 0.21576567150297618 0.752701413456499 0.2645262703062996 0.7389991488346763
0 0.20417415073939732 0.7074924045138888 0.2456725347609747 0.6896794157208137 0.2385897681826637 0.6608960293623887 0.19709139627123637 0.6787090181554638
0 0.22718336317274307 0.6246041671784919 0.18917195153614833 0.6440378504979035 0.19812884860568578 0.6745983579623624 0.23614027235243057 0.6551646746429507
0 0.21161583794487848 0.5649799850751769 0.2027846926734561 0.5316550456752817 0.16410526093982514 0.5495351475489715 0.1729363819909474 0.5828600869488666
0 0.17465333484468007 0.5803685858064728 0.18710284762912327 0.6310670480788129 0.22302788628472223 0.6156785113256682 0.21057836139012898 0.5649799850751769
0 0.11955358111669147 0.8920279128996331 0.16514977349175347 0.8668189858490566 0.15139114137679813 0.8234085946712854 0.10579494900173611 0.8486175217218619
0 0.44564945281498014 0.7356798343938352 0.4306705050998264 0.6749159455049463 0.37196752154637897 0.7001589729101153 0.38694651770213295 0.7609228617990041
0 0.38902147081163196 0.7746251264208268 0.3711771889338418 0.7039213360480543 0.34441068134610614 0.7157052158059813 0.36225493900359623 0.7864091341350563
0 0.3190550304594494 0.7964646441381682 0.3615908910357763 0.7731707750876244 0.34441068134610614 0.7184456559347157 0.3018748207697793 0.7417395889634106
0 0.2964507330031622 0.670661782318691 0.3161624968998016 0.7282114728691693 0.34856053912450397 0.7088541154841457 0.3288487752278646 0.6513044249336675
0 0.37859366280691964 0.6958789625507731 0.3682190425812252 0.6506614445140527 0.3392233712332589 0.6622662494267557 0.34959799145895337 0.7074838954197785
0 0.29429713657924106 0.6767708640428459 0.367154051765563 0.6497073383451258 0.355020020500062 0.5927255818428984 0.28216308109343996 0.6197891715187697
0 0.18297209966750372 0.11003851740615173 0.23301561143663194 0.23796467011329764 0.2751463390531994 0.20921508021324686 0.22510279095362104 0.08128892750610095
0 0.15458223857576886 0.785962182770735 0.09957018655443949 0.8033999397069903 0.10473080589657738 0.831799585114485 0.1597428458077567 0.8143618281782298
0 0.09443722073993986 0.7708708245299397 0.13276890345982142 0.7664037420564728 0.1306396484375 0.7345320663612094 0.09230797177269345 0.7389991488346763
0 0.13899366590711806 0.7266671042772209 0.1378917996845548 0.701927329009434 0.09021158975268168 0.7056317279423807 0.09131344992016989 0.7303714392320165
0 0.17115490625775048 0.7718846223139413 0.15167091006324404 0.7157386763790619 0.12412835984002976 0.7324114465613535 0.14361236814468625 0.7885574564743841
0 0.15167535448831226 0.7731057732859997 0.16487815493629093 0.9256852827731918 0.23334549192398313 0.9153506360963706 0.22014266725570436 0.7627710626310272
0 0.1014293973408048 0.9569806432823965 0.11405881851438492 1.0088751131133713 0.14282506306966145 0.9966630275894262 0.1301956540062314 0.9447685577584513
0 -0.001276107250698029 0.9424941984612487 0.01007431877983941 0.9918767581195951 0.03332685137551928 0.9825537339696344 0.02197642553420294 0.9331712382894392
0 0.5060386536613343 0.7947237346657168 0.4923707992311508 0.7351523985152975 0.4492865668402778 0.7523958538063418 0.4629544212704613 0.8119673179130634
0 0.5195885067894346 0.8548439393753275 0.507374015687004 0.7903146163972419 0.4630720350477431 0.8049425808888562 0.4752864292689732 0.8694719038669418
0 0.513054693312872 0.8083126300036032 0.5925076923673115 0.7836214141525812 0.5861593095083085 0.7479867355378669 0.5067063588944692 0.7726780153670401
0 0.48107764834449407 0.732004289607082 0.4693390376984127 0.6772849284877817 0.43593309190538193 0.6897858113862684 0.44767170255146327 0.7445052364837199
0 0.43683592781187996 0.7353324330327896 0.3883306836325025 0.7582805641542191 0.3965404692150298 0.7885509307029612 0.44504573761470734 0.7656027995815317
0 0.41191677517361114 0.5713584787940579 0.39805029006231396 0.5232839524371069 0.34002235049293156 0.5524804457178656 0.3538887629433284 0.6005550360529678
0 0.35380946568080357 0.594548127436288 0.36460997566344244 0.6295619620717047 0.39854346381293404 0.611302917608425 0.387742929609995 0.5762890189948572
0 0.43457496279761904 0.6919968962919287 0.4719645666697669 0.6814149100825472 0.46130467974950395 0.6157120998550512 0.42391502743675596 0.6262940220862815
0 0.45729859367249504 0.6192394072654612 0.44726359049479164 0.5652046123640593 0.4165706089564732 0.5751478407118056 0.4266056121341766 0.6291826356132075
0 0.44902794247581845 0.4898012429163391 0.45988599989149304 0.5650906672767623 0.5180260552300348 0.5504643022389282 0.5071680462549604 0.4751748458894294
0 0.4940744066995288 0.6215140224752687 0.5352914477151538 0.6050800187532757 0.5238871740916419 0.5551865295794025 0.48267018151661706 0.5716205333013954
0 0.5134643070281498 0.7790504951397078 0.5827542743985615 0.7159366887570427 0.5534003848121279 0.6597211985718029 0.4841104174417163 0.7228350049544681
0 0.510712396530878 0.861742895354265 0.530748058500744 0.9609762707596305 0.5721381777808779 0.9463987210511662 0.5521025158110119 0.8471652816676494
0 0.5842051188151042 0.8440913874148323 0.5748089018322172 0.7903146163972419 0.5232181125217014 0.806038974466064 0.5326142810639881 0.8598158094618056
0 0.40929100399925594 0.8769386659378275 0.40268419053819443 0.7761051329926625 0.32602020748077876 0.7848675166036098 0.33262699672154017 0.8857010495487749
0 0.6545621357266865 0.5205815473192643 0.6273930140904018 0.3872987759188286 0.5892964680989583 0.40084547766599515 0.616465589735243 0.5341281850882796
0 0.678062996031746 0.33714812656618515 0.6230442592075893 0.355670856979658 0.63738035171751 0.42995243352414175 0.6923990401010665 0.4114296711215933
0 0.7039349268353174 0.46093494087395176 0.6958830818297371 0.41440846185264346 0.6439578101748512 0.43008394061394456 0.6520097036210317 0.47661041963525286
0 0.6646615649026538 0.5291374094581204 0.7194446382068452 0.5138315644654088 0.7108187720889136 0.4599752046277188 0.656035650344122 0.47528108160950605
0 0.3007687523251488 0.9966824129692413 0.3938413831922743 1.004365229256748 0.39598495241195436 0.9590676745528695 0.3029122973245288 0.9513847303090606
0 0.3920728168790303 1.0084510659271817 0.4336062476748512 0.9993085881199227 0.42744252038380454 0.9504635089098532 0.38590906536768355 0.9596061786515657
0 0.5575976174975198 1.004125183233425 0.6183778308686756 0.9993085881199227 0.6157951718284971 0.9424576029587591 0.5550149584573413 0.9472740701159591
0 0.45749380929129463 0.41973563460184093 0.47796848842075895 0.4963546209115402 0.50824953109499 0.4822391534001572 0.4877748035249256 0.40562016709045795
0 0.47504994225880454 0.48766062994423154 0.45670834495907736 0.4166013769633615 0.4284449017237103 0.4293272390305621 0.4467864990234375 0.5003864600223565
0 0.5052169557601687 0.32518974640084514 0.48523351275731647 0.2506678359313581 0.4589805481925843 0.2629481221644883 0.47896394275483634 0.33747003263397535
0 0.5223565964471726 0.24590320707117236 0.5535637265159971 0.33583116831269655 0.5892511276971726 0.31422792190775684 0.5580440460689484 0.22429996066623265
0 0.9366114056299604 0.7249506344585299 0.7973300025576637 0.7694236387496725 0.8101157052176339 0.839273256825701 0.9493970114087301 0.7948002525345584
0 0.8083228217230902 0.6098453673676625 0.8572701590401786 0.589782394952994 0.8465051075768849 0.5439687924814924 0.7975577702597966 0.5640318288743121
0 0.8427756657676091 0.5407605441111438 0.8517284574962798 0.5910143582326062 0.8948663620721726 0.5776086323416209 0.8859135703435019 0.5273548502092341
0 0.7425453307136657 0.8658099864263954 0.7902685256231399 0.8534778778907888 0.7832561190166171 0.8061403798357246 0.7355329241071429 0.8184724883713312
0 0.6256086077008929 0.9032144926379062 0.677774919782366 0.8770804415208988 0.6622939336867559 0.8231757142008975 0.6101276216052828 0.8493097653179049
0 0.6083321223183283 0.8257950436893999 0.6622335766989087 0.8050311266501244 0.654924810500372 0.7719351010752424 0.6010234045603918 0.7926990181145178
0 0.8799898662264385 0.9067371296432784 0.9643749418712798 0.8998785438777516 0.9620498899429564 0.8499803842988404 0.8776649111793154 0.8568389060862159
0 0.8802118210565476 0.8216887979887316 0.8863095238095238 0.8667895558995021 0.9582674541170635 0.8498183916199882 0.9521696544828869 0.804717697687369
0 0.8652129642547123 0.9880180438859407 0.9531903948102679 0.9690471145341981 0.946156722780258 0.9121472500655137 0.8581792922247024 0.9311182433954075
0 0.7438326396639385 0.977419167444641 0.7923857673766121 0.9642648756878931 0.7852328345889137 0.9182096917174397 0.7366797068762401 0.931363791539734
0 0.7500574505518354 0.6362319402474778 0.7359098888578869 0.5381330893974384 0.6773194328187004 0.5528728876973598 0.691467042953249 0.6509717385473991
0 0.9328153095548115 0.4884479450729658 0.9214031885540674 0.44871130729371395 0.8807773166232639 0.46906390879888954 0.8921893407428075 0.5088005465781413
0 0.9084832085503473 0.5067035986942315 0.9634686182415675 0.47929900547243515 0.9378375341021825 0.3895906012513103 0.8828522212921627 0.4169951944731067
0 0.7285598512679812 0.2614240026573965 0.7116113087487599 0.17828033255331172 0.670685298859127 0.19283313871179736 0.6876338413783483 0.27597676083226874
0 0.8935746450272818 0.22676985318805687 0.9233131045386904 0.21420116944383025 0.9031241280691964 0.1308736981086011 0.8733856685577877 0.14344243783371002
0 0.9527770027281746 0.1966622150669058 0.9321316189236111 0.11485951901481836 0.9038088843936012 0.12732860477215588 0.9244542681981647 0.2091313008242433
0 0.8971377418154762 0.409754691133959 0.9579686724950397 0.3881239341240009 0.9457581535218254 0.32822320646210035 0.8849272228422619 0.3498538994939072
0 0.886525375124008 0.5200956012717832 0.8966195242745536 0.6000874837239584 0.9390152219742064 0.5907551187639216 0.9289210728236608 0.5107633002898978
0 0.9837574792286706 0.566148098159886 0.9725940522693453 0.48997052910442873 0.9352714417472718 0.4995113668701684 0.9464349655877976 0.5756890318928525
0 0.6224498446025546 0.17446453166457843 0.613810318235367 0.08603202771840605 0.5612397209046379 0.09499120012519245 0.5698792472718254 0.1834236480904825
0 0.5564368353949652 0.18721238622125588 0.5423187740265377 0.12618741049456647 0.5041794549851191 0.14157899420716227 0.5182975647941468 0.202604025914734
0 0.5272708468967013 0.05569211292066914 0.5045573401072668 -0.02030521768693904 0.46284266880580355 0.0014428476367606556 0.4855561755952381 0.07744006590773224
0 0.8568516322544643 0.11198051020784199 0.7957056439112103 0.13061716971407397 0.8020353286985367 0.16684361423836314 0.8631813654823909 0.14820689075397994
0 0.8836784241691468 0.04856746201745119 0.7861544654482887 0.08961539598380995 0.7981038895864335 0.1391391234327912 0.8956279451884921 0.09809123745004586
0 0.6484849717881944 0.314439113784886 0.6837585933624752 0.3034772892917977 0.6639482286241319 0.19227752045765362 0.6286746070498512 0.20323934495074195
0 0.5752149309430804 0.3126965088914275 0.625745355515253 0.29601196672931407 0.6107326447017609 0.21669980415008352 0.5602022685701885 0.2333843783012726
0 0.7698939247736856 0.377746422085872 0.7522571382068453 0.32019676352446935 0.7095965188647073 0.3430027351939203 0.7272333054315476 0.4005524257443986
0 0.8825331914992559 0.3436352231967374 0.9393938337053571 0.3286153605399142 0.9277024042038691 0.2514081751025698 0.8708416651165675 0.266428037759393
0 1.0182858421688987 0.277524520266231 0.9961727081783234 0.2070863511827257 0.9416609506758432 0.23693860451880241 0.9637740846664187 0.3073767576077699
0 0.9899795774429564 0.46687838316463576 0.9730141291542659 0.3742617881023159 0.944733634827629 0.3832984140584054 0.9616991799975199 0.4759150411098008
0 0.8798140268477183 0.8167794985341326 0.8176490420386905 0.838969936410836 0.8264981708829365 0.8822138564391706 0.8886631556919643 0.860023354584316
0 0.4982390388609871 0.40761564562655594 0.5144883897569444 0.4977535991548742 0.5593397836836558 0.4836493917981034 0.5430904327876984 0.39351143826978513
0 0.573062279110863 0.554760371114223 0.5605294848245288 0.4910958088169058 0.5151419987754217 0.5066816861774437 0.5276748415023561 0.5703462804638365
0 0.44437972780257934 0.02677231914592239 0.39306425064329115 0.06125432140422317 0.4316153874472966 0.16133180054478674 0.4829308403862847 0.12684974430492088
0 0.4493195064484127 -0.02779952235191873 0.37897183857266864 0.005059479667455645 0.39141443646143353 0.051527087293580895 0.46176210433717757 0.01866808477437721
0 0.6460789271763393 0.21098332435080092 0.7133109440879216 0.17726292000376703 0.6998968215215774 0.13060890853529955 0.6326648530505953 0.16432932087960234
0 0.8932643345424107 0.40424210970256813 0.8769973997085814 0.33441702724752687 0.8372040279327877 0.3505885286151238 0.853470962766617 0.4204136110701651
0 0.7950597853887649 0.359031981142312 0.7806354341052827 0.304260093960872 0.7506672692677331 0.3180272004389413 0.7650916689918155 0.3727991515985325
0 0.6308370438833085 0.9225357023674987 0.6440029083736359 0.9757890681300773 0.6803976391989087 0.9600931163603904 0.6672317262679811 0.9068397505978119
0 0.7063965812562004 0.9032203786278171 0.6918967595176091 0.8546071562377162 0.6608654203869048 0.8707526824759237 0.6753651936848958 0.9193659048660247
0 0.7030149429563493 0.9074471591653563 0.7710240924169147 0.8981148581834709 0.7679060194227431 0.8584766827789243 0.6998968215215774 0.8678089837608097
0 0.8290382021949405 0.9594162275206368 0.8808918302021329 0.9519449869791666 0.8768705822172619 0.9032606848630765 0.8250170510912699 0.9107319254045466
0 0.7339995369078621 0.018070005021005305 0.6651518322172619 0.04213993304430564 0.6819516136532738 0.12596267924118842 0.7507992699032738 0.10189275521652254
0 0.5804640028211806 0.5684220096100301 0.594420660109747 0.6175775747878997 0.6341314406622024 0.5979094755224712 0.6201747349330358 0.5487539103446016
0 0.5547986711774554 0.4958777597615304 0.5781893291170634 0.5719228300658412 0.6222983224051339 0.5482559044156184 0.5989076160249256 0.47221083411130765
0 0.5280062720889137 0.5652639840883779 0.5418182373046875 0.6146252390223729 0.5837138826884921 0.5941757745962722 0.5699019174727182 0.5448145196622772
0 0.9419957721044147 0.7386101616753472 0.9549953884548611 0.8126520760654153 0.9956354050409226 0.8002055106173022 0.9826357886904762 0.726163596227234
0 0.9979589068700396 0.9009696272684093 0.9468873039124504 0.9118049029784132 0.9522466750372024 0.9558704944026795 1.003318374875992 0.9450350267582219
0 0.9648394872271825 0.905720004995414 0.995713394407242 0.9003547332571737 0.9866982111855159 0.8098631404980674 0.9558244008866568 0.8152284762144588
0 0.8664806547619047 0.6538863272037146 0.8404816158234127 0.6656901041666666 0.8542657761346726 0.7186520494505044 0.8802649119543651 0.7068483364657037
0 0.9684418209015377 0.7403313658772275 0.9607893686445933 0.6955714835560797 0.9062019469246032 0.7118512999336675 0.9138543991815476 0.7566111822548153
0 0.9705636160714286 0.71126602780644 1.0131908598400297 0.6983240155553918 0.9993849012586805 0.6190012805866745 0.9567576574900793 0.6319432928377228
0 0.9550119551401289 0.6295871054851284 0.8932379828559027 0.6474694465941103 0.902201431516617 0.7014828727930097 0.9639754038008432 0.683600595662179
0 0.8720459953187004 0.7453608802779416 0.908637443421379 0.7343771112789897 0.9009835379464286 0.6898983489542387 0.8643922836061508 0.7008821179531906
0 0.8336476159474207 0.6065166481385941 0.7734091622488839 0.6245303363920008 0.7814022972470238 0.6711571011653237 0.8416407993861608 0.6531434129119169
0 0.4977630615234375 0.9710097083005765 0.4953256274026538 0.937744460515756 0.4715932210286458 0.94077785659886 0.47403065514942955 0.9740431043836806
0 0.45388532366071427 0.8777708937287081 0.47148238893539185 0.9585624390928 0.522867451016865 0.9390390584053984 0.5052703857421875 0.8582475130413063
0 0.45031278095548116 0.8678502496683372 0.4098456488715278 0.878539719171744 0.42003275553385416 0.9458130650550315 0.4604999360584077 0.9351236595297759
0 0.4651945083860367 0.9336376390117269 0.4242457314143105 0.9497474654415619 0.43231438530815974 0.9855234078141378 0.4732631138392857 0.9694135174061518
0 0.48167821490575397 0.9778597209938418 0.43617999364459326 0.9800058680760285 0.4366570851159474 0.9976506583095847 0.48215530637710813 0.9955045112273978
0 0.5635539221385168 0.943679201777876 0.498643808516245 0.9399518986667977 0.4968211340525794 0.9953203181300773 0.561731199234251 0.9990477491974581
0 0.665894039093502 0.5636740630527712 0.7285829089936756 0.5421685112847222 0.7223050072079613 0.5102460689264773 0.6596161373077877 0.5317516846726775
0 0.42831667945498514 0.3527563323014937 0.45133381192646327 0.41210873521848795 0.47881275964161707 0.3935196914512906 0.4557955787295387 0.3341672885342964
0 0.4226042247953869 0.2747592246257534 0.4448577396453373 0.3531363625196541 0.47648746551029264 0.337470704404563 0.4542339506603423 0.25909355051612454
0 0.38640238444010416 0.3692263237335397 0.3973631601484995 0.42391523125286623 0.43712085542224705 0.410015498067348 0.42616005549355157 0.35532662253709707
0 0.3652532668340774 0.3856580242420892 0.4204305497426835 0.36578285969028435 0.41054871574280755 0.3179275544684388 0.35537143283420136 0.33780275100931934
0 0.3005354381742932 0.2700332545634336 0.27610681927393355 0.28818187273773255 0.2906403314499628 0.3223067309621495 0.3150689503503224 0.30415804880969927
0 0.258763921828497 0.2882939624586445 0.24207959856305802 0.29773790531438354 0.25627579461960565 0.34148725273724123 0.27296009366474455 0.3320433098815022
0 0.30146656339130706 0.4612145893728708 0.27118854825458827 0.3862336356684847 0.23919781881665428 0.40876798809699294 0.2694758581736731 0.48374894180137906
0 0.8484945630270337 0.7157807100244038 0.8475514245411706 0.655984682606951 0.8204768105158731 0.6567296441995872 0.8214200458829365 0.7165256716170401
0 0.789947509765625 0.7077999474867335 0.8258617582775297 0.6867181230141182 0.8157673184833829 0.6567207512365697 0.7798530699714782 0.6778025117310338
0 0.852416507781498 0.7109477365041929 0.840952652219742 0.6503835874033674 0.7806579105437748 0.6702922445173284 0.7921218629867312 0.7308563936181538
0 0.8757820250496032 0.5196120224158969 0.8577530149429563 0.44420743738330387 0.7853631882440476 0.47439978257665094 0.803392343672495 0.549804367609244
0 0.7474816216362847 0.48543428624950863 0.7642272464812748 0.5644232472033871 0.8038477821955605 0.5497711629487684 0.7871021089099702 0.47078217000581435
0 0.7926969982328869 0.4662549160811386 0.7707806784009177 0.3794166037121659 0.7390188550192213 0.3933998283850072 0.7609351748511904 0.48023814075397997
0 0.818897453187004 0.3539545151172694 0.8108845544239831 0.31162247567806606 0.7826412624782986 0.32094812293222613 0.7906541128007193 0.3632801303823539
0 0.7790849958147321 0.32837944110734407 0.8282367040240576 0.31339847716645375 0.8210878402467758 0.27248368173275356 0.7719361804780506 0.28746458169549266
0 0.824785408141121 0.2879392675883615 0.7528546045696924 0.3154401159386465 0.7664105612134177 0.37729044980223075 0.838341316344246 0.34978960145194576
0 0.8247328016493055 0.28484893095068464 0.8385848756820437 0.34705258415430096 0.8639589339967758 0.3371958542669844 0.8501068599640377 0.27499223305244364
0 0.8189292302207342 0.26701666873955876 0.8099166627914186 0.21345196929867663 0.7682181222098214 0.22569055777175873 0.7772305927579365 0.27925525721264083
0 0.8080046638609871 0.20538371663923283 0.7942480178106399 0.15087602723319576 0.7523709251767113 0.16931241913161688 0.7661276196676587 0.22382017251580516
0 0.7877103290860615 0.11974792160577993 0.7225515698629712 0.14645577676641117 0.7302531408885169 0.1792320875251818 0.7954119485522073 0.15252418438093718
0 0.7611374627976191 0.21206357943936713 0.7491340758308532 0.1645029415874361 0.7123146662636409 0.18071276586760515 0.7243180047898066 0.22827341971407397
0 0.8076999240451389 0.2022246354780857 0.8439287458147321 0.19215106764179607 0.8377611917162698 0.15345864925744399 0.8015324183872767 0.1635322170937336
0 0.8726851205977183 0.24633304428004618 0.864515128968254 0.1923802533739518 0.8129015725756449 0.20601402938490893 0.8210714673239087 0.25996686827461674
0 0.9993849012586805 0.4577937735951422 0.9993849012586805 0.31885245461134043 0.9784800695994543 0.31885245461134043 0.9784800695994543 0.4577937735951422
0 0.9993849012586805 0.5762501202789243 0.9993849012586805 0.48540389662768607 0.9784800695994543 0.48540389662768607 0.9784800695994543 0.5762501202789243
0 0.986535160125248 0.5858838863092898 0.9472497364831349 0.601449770497576 0.9538756355406746 0.6306206085397013 0.9931610591827877 0.6150546603732638
0 0.9463447691902281 0.5982765821540881 0.9711140950520833 0.5917337285647603 0.9682093060205853 0.5725505197073179 0.9434398832775298 0.5790933732966457
0 0.9956121535528274 0.5721820055563744 0.9737414163256448 0.5769963614345847 0.9765481615823413 0.599238493657462 0.9984189956907242 0.5944242017574031
0 0.9058185880146329 0.6249211149395637 0.9425145709325397 0.6165648646324685 0.938983154296875 0.5895132388708726 0.9022872682601687 0.5978694891779678
0 0.9005293588789682 0.6907633335585365 0.8813765268477183 0.5927406167084316 0.8373641725570437 0.607741701777876 0.8565170045882936 0.7057644826061321
0 0.8627346462673611 0.7060788712411556 0.7923165941995288 0.7383205965629913 0.8037696475074405 0.7819554870733425 0.8741878448970735 0.7497137617515068
0 0.7717917790488591 0.8887484568469929 0.7985098218160962 0.8683900333300576 0.7858573792472718 0.8394246931096043 0.7591393364800347 0.8597830526483884
0 0.6799933055090526 0.9642815100072065 0.7186570909288195 0.9481556890395703 0.708760966951885 0.9067662397020768 0.6700971330915179 0.9228921886260154
0 0.7038925413101439 0.9442086849572524 0.7147404746403769 0.990772815120545 0.7453996446397569 0.9783132621077372 0.7345517113095238 0.9317492599007469
0 0.11051570347377232 0.9970220089958399 0.09387297857375372 0.9295091289144392 0.07370978461371527 0.9381795119439531 0.09035252162388392 1.0056925199816562
0 0.17741878448970735 0.9290772124156512 0.15907491048177083 0.8696090730231263 0.11745489211309523 0.8920041770055359 0.13579876612103176 0.9514722524199096
0 0.21221519349113344 0.5714649384376638 0.25874524797712056 0.5500893902728643 0.24590873112754216 0.501346964006404 0.19937866453140501 0.5227225441602791
0 0.2245027330186632 0.6072276373329403 0.273942638578869 0.5827408956531709 0.2617489527142237 0.5397944740279416 0.21230899871341766 0.5642812796858622
0 0.2476255386594742 0.5758201231246725 0.263019283234127 0.6266485890002621 0.28592388819134423 0.6145480173938679 0.2705301436166915 0.5637196154964295
0 0.3253695533389137 0.5162129911986537 0.21438126336960567 0.5688344127727005 0.2445348830450149 0.6797770694116876 0.355523197234623 0.6271556158485653
0 0.30678008548797125 0.7216498097033871 0.2905115763346354 0.6610964089319641 0.24449007548983134 0.6826645953100432 0.26075858464316715 0.7432180600596174
0 0.25417860727461555 0.7461288740050118 0.265222652374752 0.7971815833005765 0.3052127898685516 0.7820909288194444 0.2941687447684152 0.7310382835020309
0 0.37426358177548363 0.6840186928803066 0.40420466831752233 0.670837082452994 0.39166177416604664 0.6211388545965998 0.36172071184430804 0.6343204650239125
0 0.3933040073939732 0.6260740652024371 0.40171353779141866 0.6705017729625262 0.42932216099330356 0.6613857181317151 0.42091263059585815 0.616958010371626
0 0.39427284361824155 0.586247666077044 0.40391928052145337 0.6260618453755569 0.4192609030102927 0.6195778516853381 0.40961453876798115 0.579763608408674
0 0.36469276064918155 0.47414412588443394 0.37881699819413445 0.5363261544729429 0.39496423630487354 0.5299282113960954 0.38084004720052084 0.4677461508185109
0 0.38066338433159724 0.528653990547612 0.3623943510509673 0.4518801771119955 0.3203802926199777 0.46931991737093814 0.33864935012090774 0.546093698817479
0 0.5962434798952133 0.7913857386047235 0.6780049157521081 0.7731984776270965 0.6706343877883184 0.7153988884180097 0.5888729519314236 0.7335861493956368
0 0.7500077989366319 0.6449935561206106 0.6347011990017362 0.6853060612388627 0.6498961433531746 0.7611213860021947 0.7652026948474703 0.7208089448620938
0 0.682474384610615 0.7494029558929507 0.6510307190910218 0.7570531433233425 0.6587263319227431 0.8122292444640985 0.6901699974423363 0.8045791210118579
0 0.6574174669053819 0.8052702769793304 0.6630300854879713 0.864573864566955 0.705773441375248 0.8575172024452962 0.7001608227926587 0.7982136788358228
0 0.5822653149801588 0.5812562186762972 0.5435483902219742 0.601710417485587 0.556105211046007 0.6431716503087329 0.5948221358041915 0.6227174514994431
0 0.541636972578745 0.6800998391845191 0.5307799324156746 0.6370814421391837 0.5129771399119544 0.6449191495307587 0.5238341316344246 0.6879375465760941
0 0.48913966587611607 0.7018550336985718 0.524115474640377 0.6888628625769785 0.5190953814794147 0.6652884493333988 0.48411957271515377 0.6782806844331434
0 0.4885074191623264 0.5960782289005175 0.47842499263702876 0.552497399927935 0.4464388892764137 0.5654058236496003 0.4565212673611111 0.6089867166003341
0 0.5040955558655754 0.6422629686271619 0.4964397127666171 0.6018170050854953 0.47073514423673113 0.6103043466244104 0.47839093889508927 0.6507503741442282
0 0.5671638609871031 0.6804419303590147 0.5581331283327133 0.6398890593266837 0.5333798363095238 0.6495045915839557 0.5424104720827133 0.6900575265944379
0 0.5547192770337301 0.6405550079025812 0.5470317537822421 0.6202482147536688 0.5278802296471974 0.6328954156839622 0.5355678013392857 0.6532022728110259
0 0.6389398968408978 0.6339413944780202 0.6741206577845982 0.6187897048406381 0.6657942514570933 0.585065285864616 0.6306134905133929 0.6002169755019982
0 0.5978620741102431 0.6491806062262513 0.6280781094990079 0.6411990119726153 0.622838871062748 0.6066007154292781 0.5926228841145833 0.614582309682914
0 0.559620351640005 0.6364850378136465 0.5709015376984127 0.7191107727946475 0.6054414779420882 0.7108844621126507 0.5941602434430804 0.6282587271316497
0 0.6166531032986111 0.6109806596608032 0.6281188480437748 0.6499208974138496 0.6446177649119543 0.6414466074177804 0.6331520686073909 0.602506369664734
0 0.416137210906498 0.09575453144449358 0.28873448447575645 0.15694280340486602 0.3107271224733383 0.23682171643655006 0.43812982468377976 0.1756334444761776
0 0.2923976353236607 0.08924307513286983 0.27621326749286956 0.04649185084696836 0.24627218095083087 0.06626433446472296 0.262456548781622 0.10901549877110767
0 0.2662620423332093 0.08414527205301281 0.2777279566204737 0.12092276839090343 0.2979763697064112 0.10991088099449685 0.2865104311988467 0.07313337665933733
0 0.32220383901444694 0.09939644771551936 0.314920891655816 0.08015844157156954 0.2925324939546131 0.09494320051725055 0.29981546553354416 0.11418125464481378
0 0.5614627898685516 0.09102437081326978 0.5873577783978174 0.07392389869290078 0.5601141066778274 0.0019593851121466614 0.5342191181485615 0.01905991696211777
0 0.6185718354724702 0.0006832080567157993 0.5875332786923363 0.016056041797501985 0.6004475427052332 0.06154025975513258 0.6314860510447668 0.04616731767634426
0 0.6123880537729415 0.0921560083545229 0.6062792581225198 0.0598831216744157 0.5789879692925347 0.06889431231676657 0.5850967165023562 0.10116730696000394
0 0.6182912190755209 0.13559113508500392 0.6714348687065972 0.11453422210501425 0.6553432888454861 0.04369085139948367 0.6021996392144098 0.06474777237674226
0 0.6802830287388393 0.1446414683599892 0.6709096272786458 0.10750138384741058 0.6474422394283235 0.11783289559482278 0.6568157377697172 0.1549729801074014
0 0.6233680361793155 0.1676202130267705 0.6543206108940972 0.15399329867253014 0.6462958926246279 0.1221971012011514 0.615343269469246 0.13582403154992959
0 0.6549773685515873 0.027188832904807676 0.6678375728546627 0.09088319502536606 0.6939860510447668 0.08167370010471944 0.6811258467416915 0.017979331986209383
0 0.7867931547619048 0.08038773126822098 0.8461456783234127 0.06430766667459996 0.84036623031374 0.027095984612870765 0.7810137551928323 0.04317594324267885
0 0.9657187810019842 0.09628563806945672 0.9431783040364583 -0.0015316733024405233 0.8776497977120535 0.024808693731855798 0.9001902746775794 0.12262605871044614
0 0.9993849012586805 0.18347375897741416 0.9993849012586805 0.11578441116045106 0.9784800695994543 0.11578441116045106 0.9784800695994543 0.18347375897741416
0 0.8107528444320437 0.6268920258655988 0.7990010095021082 0.5596329471100301 0.7611276293557788 0.5711763969757272 0.7728794642857143 0.6384354117531447
0 0.6542769659133184 0.31612810498763433 0.6437254406156994 0.26038397383140066 0.6242089649987599 0.2668280771443429 0.6347605387369791 0.32257220830057654
0 0.46926952543712797 0.39024177087427936 0.5164988684275794 0.3678797755851186 0.5051655118427579 0.32612545885130045 0.45793621729290673 0.34848748612953684
0 0.3380263797820561 0.45028625744193856 0.3215064639136905 0.4030122896910214 0.29456542484344 0.41943500126932654 0.31108531649150545 0.4667089370311681
0 0.25173712836371526 0.2758552023449784 0.2904393029591394 0.2594250533065956 0.27752220517113096 0.20634850715941103 0.23882003057570683 0.22277867219233163
0 0.7714550199962797 0.04898571518232238 0.7714550199962797 0.0 0.7215532090928819 0.0 0.7215532090928819 0.04898571518232238
1 0.358349124968998 0.2143683763420057 0.3112722972082713 0.2331660048766706 0.32375856429811506 0.28771416046334514 0.37083539205884175 0.26891651593414245
1 0.6170982239738343 0.16719234314604625 0.5649637373666915 0.18952423671506485 0.5722026522197421 0.2190034654405382 0.6243371388268849 0.1966715558769818
1 0.3241237337627108 0.13837012204983948 0.28930203876798116 0.1077095367623575 0.2660876077318948 0.153700454679925 0.30090927850632443 0.18436103996740696
1 0.11928445725213914 0.37940003337100364 0.0991388411748977 0.35122747841121266 0.0768279302687872 0.3790576862839033 0.09697354029095362 0.4072302092546187
1 0.04491782112727089 0.37825911100055687 0.04241542210654607 0.2890226096227234 0.0019160806186615475 0.2910037570529514 0.004418480207049658 0.38024022644170924
1 0.06417329576280383 0.3673884553729363 0.030522628057570684 0.389610594423562 0.04173950921921503 0.4192400598426035 0.07539017692444816 0.39701792079197784
1 0.17854396275111606 0.4396035056444084 0.15963590107266865 0.45289557434977723 0.16517505948505704 0.4666405123984539 0.18408312116350448 0.45334850767123624
1 0.16261463468036955 0.4831769451405267 0.17997312999906995 0.5263093832403859 0.18983021085224455 0.5193894744169287 0.1724717276436942 0.47625700432799395
1 0.30741753956628226 0.9695134512783347 0.22491588289775546 0.9744663838320559 0.22580653599330358 1.0003461217980214 0.30830821688213045 0.9953931892443003
1 0.732562013656374 0.2709054686988175 0.7021112835596478 0.25223282148253245 0.690160648406498 0.2862288437049594 0.720611330062624 0.3049015069157822
1 0.5621708461216518 0.3605830994292125 0.544871109250992 0.3708049846145342 0.551659429640997 0.39084578859981 0.5689591665116568 0.38062393540356393
1 0.4453039260137649 0.3292349249561878 0.4277103484623016 0.313985700627293 0.41832183353484625 0.33288078388078157 0.43591541108630955 0.34812994423152516
1 0.7428582569909474 0.4049891505851186 0.722893318297371 0.41527933244685206 0.735245865110367 0.4570858873411295 0.7552108038039435 0.4467956095121692
1 0.7765244741288443 0.25514852975649405 0.757351297045511 0.2158543328819035 0.7285815042162699 0.24034197025578977 0.7477546812996032 0.2796361831249181
1 0.7834117102244543 0.975232522192741 0.7162654331752232 0.9782608000237487 0.716784425765749 0.9983365040905071 0.7839307996961805 0.9953082262594994
1 0.8498719230530754 0.42715837970469733 0.8636013454861111 0.4860915018077666 0.8938433934771826 0.47380158686288 0.8801139710441468 0.41486846475981065
1 0.17873045906187995 0.2647415417045417 0.14696490575396826 0.28301199027327373 0.15889999147445436 0.3192093887169156 0.19066553267221603 0.3009389241536458
0 0.2333316379123264 0.2638623219616008 0.16369097270662822 0.3055302841858294 0.17355056036086308 0.3342754116098336 0.2431912376767113 0.2926074333910672
1 0.17277747260199652 0.3625392314023192 0.19498329768105158 0.3527630819964459 0.18901178269159227 0.32910242620504127 0.16680596972268724 0.33887860759999017
0 0.3055332244388641 0.37456360503062763 0.32590131002759176 0.4527225774289177 0.3630473787822421 0.43583650409050706 0.34267929319351437 0.357677531692217