0 0.14896595003792987 1.0248022308757234 0.30006158665395316 0.9672793951399711 0.2844205356013992 0.8956320568162845 0.13332489898537592 0.953154892552037
0 0.294913890630268 0.9616308985070681 0.3484103613742203 0.9446235582006901 0.33885730992919755 0.8922209905283003 0.2853608803417903 0.9092282764845837
0 0.10304956828430546 0.8052493169280109 -0.014071834304408294 0.8384954872029441 0.0023410665932653407 0.9393287719835263 0.11946255149506911 0.906082601708593
0 0.10186310740475388 0.7738894210367041 0.004659167834415037 0.7592191891487645 -0.001019282993720499 0.8248340474211098 0.09618457426352832 0.8395042793090495
0 0.04255216345140762 0.7886586244469335 0.09436446721700101 0.7692939574869212 0.08591741560603507 0.7298797036745882 0.034105111840441675 0.7492443706346004
0 0.46548694448541805 0.8699250599155443 0.4510814129140678 0.7763928950947517 0.3969640545320929 0.7909283387480521 0.4113695861034432 0.8844605035688446
0 0.39457989703620194 0.9430913203333704 0.37837454859501435 0.8695278150740204 0.33379711272020396 0.8866529320354241 0.3500024611613916 0.9602164916448687
0 0.3404144678096553 0.5417311439955754 0.3225547908852411 0.46901071740385686 0.24642184997682062 0.5016178936164292 0.26428156805777986 0.5743383202081478
0 0.22535867105845414 0.8066255700237923 0.2665628753476905 0.797767645953918 0.2606678587797117 0.7499467369072796 0.2194636544904754 0.7588046066270592
0 0.2673579374841959 0.8500666223459762 0.2247696385862694 0.8552983081032948 0.22809105408167565 0.902449406583927 0.27067935297960216 0.8972176664765138
0 0.22600087778679198 0.857051316054931 0.2628075875547876 0.8545371893783392 0.261576266041175 0.8231018555557101 0.2247696385862694 0.8256159278822073
0 0.07590559215378456 0.6504440511430042 0.12551536225661666 0.628918315721004 0.11275543398095078 0.5776342729957424 0.06314558156502866 0.5991600084177426
0 0.12960270105466115 0.6218769348633683 0.0839343286412677 0.6451387753575801 0.09380054023727243 0.6789177939600958 0.1394689949637559 0.655656062166073
0 0.02421684033631153 0.691994861524655 0.07534643933327714 0.6703883618620603 0.05977461358943021 0.6061267665954753 0.0086450145924646 0.6277332662580699
0 0.03860097050425657 0.6234672186317342 0.07204156876896493 0.6064228115608303 0.06283353264076197 0.5749176922167186 0.029392934376053607 0.5919621536377171
0 0.028918317098996966 0.7716835680967553 0.02710627673529164 0.7110613095155276 -8.305390783041133e-05 0.7124786512828362 0.0017289864558749158 0.7731009098640639
0 0.02405871689038267 0.7062237162942453 0.02285892129024781 0.6357176212572351 0.0005291908557400539 0.6363802576107525 0.0017289864558749158 0.7068863526477627
0 0.081388384766942 0.7251642894659951 0.06752941211332603 0.6678188524390584 0.022357387632754553 0.6868569296805432 0.036216360286370534 0.7442024210575746
0 0.02896671719592886 0.629734654142086 0.028390360939607215 0.5285099943301982 0.0 0.5287919082709539 0.0005763562563216453 0.6300165137327471
0 0.005763315623946393 0.5386860712447128 0.025834621807569118 0.5898039657307436 0.05625004938785401 0.5689773355757458 0.03617874320423129 0.517859441089715
0 -0.014277863968728929 0.44403108781931766 0.001981440702966959 0.49966188806141476 0.056339935282156105 0.471955677280443 0.040080630610460216 0.41632493138844057
0 0.03412643093075691 0.473894073404803 0.048831088271240726 0.591427294356634 0.09209781165711396 0.5819873351235529 0.07739315431663014 0.46445411417172194
0 0.05704288907092886 0.47552566324507456 0.09827055259082097 0.5780086907975289 0.13736112135451786 0.5505846113576914 0.09613337552153574 0.4481016381553317
0 0.1395950986176669 0.5541079105910508 0.17808667502528658 0.5310752100957258 0.16182671184887054 0.4836876887035285 0.12333513544125084 0.5067203891988535
0 0.11996548447509271 0.5016427859597618 0.1520528555398685 0.48186842798655943 0.1212064366202377 0.3945794585339214 0.0891190655554619 0.41435387085721836
0 0.09709792031039279 0.4439754876725289 0.08432120016436277 0.4032828652848119 0.045530251048339514 0.42452299095962265 0.05830697119436952 0.46521561334733974
0 -0.023939280596763316 0.21592553428317007 0.0011526301995532704 0.29742143585123554 0.043397683512095414 0.2747385869149321 0.018305772715778827 0.19324268534686664
0 0.08126285730466117 0.25708382828152826 0.049566144165121374 0.27924382930765806 0.07850117082139245 0.35141955925116874 0.11019788396093223 0.32925955822503894
0 0.08882043366486851 0.24857021206102514 0.12512931386442178 0.35131694627254006 0.16194935835300067 0.32862599917213936 0.1256404781534474 0.22587926496062444
0 0.04521202864232131 0.1687128571453417 0.07458891196582097 0.25171436503436667 0.1128918267711143 0.2280728891292854 0.08351502576070466 0.14507138124026045
0 0.08300641317746965 0.24387349428497884 0.05178407037571645 0.15494309762494435 0.017004567388739043 0.17623735599398932 0.048226910190492245 0.2651676983039292
0 0.1566088850724882 0.281072927391752 0.23802443315913688 0.23027852466885573 0.21439563753792987 0.16423120269367764 0.13298008945128117 0.21502560541657392
0 0.20681410806852663 0.1716862964715049 0.17716888407156103 0.09694812261729185 0.09020831467569959 0.15710112248163402 0.11985353867266521 0.23183924198575245
0 0.20930350285000843 0.30467239067369767 0.2648347943358058 0.2680058602446015 0.24787788622618848 0.22322034963198464 0.1923465947403911 0.2598868800610808
0 0.19352844608690156 0.4386231990552649 0.2885347907798803 0.38952908469223063 0.27039273880015174 0.328303757461181 0.17538647642026298 0.37739787182421525
0 0.34074030417650036 0.36603353879118433 0.316475228369437 0.3085005395877393 0.2766351989211059 0.33780317569776824 0.30090027472816927 0.39533617490121326
0 0.4184913558085384 0.2000887863145592 0.3625109229470457 0.2139067000187834 0.3713359151108395 0.2762558241561387 0.42731634797233226 0.2624378561018199
0 0.5181271533104349 0.2399477326010129 0.4923148795068063 0.13613742138802315 0.4410859697667313 0.15835128335791407 0.4668982435703599 0.2621615945709038
0 0.41851666708371965 0.10041261504828028 0.2905693234259103 0.15637500521760908 0.3024768996544167 0.20385193251544412 0.43042428446877107 0.14788954234611532
0 0.5529073148021325 0.8484485113291685 0.5738268573784137 0.951277531583927 0.6168039621570507 0.9360301560412957 0.5958844195807695 0.8332010814364426
0 0.22170882633386715 0.7532960071376892 0.20641628890445887 0.6963833055640584 0.1547295126011463 0.7206031208259127 0.17002205003055462 0.7775158767496383
0 0.1172000939027731 0.5854168260936109 0.13547466995743426 0.6487657745714603 0.18607713592591033 0.6233090598564114 0.16780247755815914 0.5599600026783726
0 0.18585126880689481 0.6273335756622885 0.12254377739379636 0.6573040657349176 0.1389961885746797 0.7179098018873832 0.20230367998777815 0.6879392574646594
0 0.6091464988621038 0.47301588457605187 0.5964780204294504 0.39773274232315786 0.5495754043877487 0.41149679508362086 0.562243882820402 0.4867799373365149
0 0.635957559700038 0.6061644855611364 0.6733038729296612 0.5869850980736587 0.6514601189786329 0.5128091215981189 0.6141138057490096 0.5319885090855966
0 0.7713685604823416 0.3699534306649321 0.791959920768712 0.4702252789681656 0.8489408280828556 0.4498192641953751 0.8283494677964852 0.3495474158921416
0 0.7763085805799056 0.8021205450314448 0.7556101309634188 0.7259766059800757 0.6907398432231963 0.7567284330128562 0.7114382928396831 0.8328723720642253
0 0.41664042250979855 0.5664294574903996 0.45813634439006656 0.5486200184877282 0.4284195080047834 0.42787177203918075 0.38692358612451533 0.44568121104185215
0 0.07574088366065408 0.0778903162914626 0.07159123385346426 -0.004307136297862868 0.002048855123693527 0.0018151844598731078 0.006198422617793325 0.08401263704919858
0 0.1366687036412677 0.11993484293257457 0.22197733163351316 0.09086237947323018 0.20665820707602833 0.01247149881038513 0.1213496613968729 0.04154390791963491
0 0.07860941253476905 0.07397873998219057 0.1181168970994184 0.14245491333551313 0.1477474693663604 0.1126421472374499 0.10824006711480108 0.04416597388412734
0 0.11222327985396999 0.001416037365037845 0.038567962955158464 0.04662455476402493 0.057030953672875924 0.09908212473216273 0.13068627057168747 0.05387355298308103
0 0.048097678639160486 0.10649123832994768 0.08336916696518881 0.1695093034317954 0.11201305222205833 0.1415507995116318 0.07674156389603001 0.07853273440978406
0 0.04502270853527478 0.06547131967247329 -0.004772348333192853 0.09013055544927093 0.005161030744268375 0.12511130899376668 0.054956169925826026 0.10045207321696906
0 0.023184469561277815 0.18018453161523262 0.0721289029574764 0.14571282105687888 0.057109891926205324 0.10852485582006902 0.008165540843096763 0.14299662072851738
0 0.1175602136716116 0.3696201558847674 0.1580187436783547 0.470996941611476 0.20226672141035906 0.4402013627525323 0.161808191403616 0.3388245770258237
0 0.24107240456949594 0.40591243156236084 0.1666089377528658 0.45151672635031725 0.19212188000463587 0.5241644868655387 0.266585429134356 0.4785601920775824
0 0.32969536913140596 0.5517837374951302 0.27782544620279837 0.5723331278175089 0.28733334891794504 0.6141859073248275 0.3392032718465526 0.5936365170024488
0 0.21886507369984828 0.00866492688390472 0.22575780723196223 0.060245231974899824 0.28215676099966286 0.047101965995102406 0.2752640274675489 -0.004478339095892698
0 0.3889984110281102 0.051133656013468386 0.3653487490385831 -0.009376369622384239 0.32882927079821306 0.015514778008125556 0.35247893278774023 0.07602480364397818
0 0.27180605455579904 0.8010769145146928 0.2805314890372134 0.9062204335485308 0.33236157243025116 0.8987195769910397 0.32363613794883683 0.7935760579572017
0 0.25579895719192514 0.6847816800179486 0.20704129219698247 0.6984812192161064 0.21575289807927342 0.7525515195416852 0.2645106453873061 0.7388519803435274
0 0.20416206262116487 0.7073514807574577 0.24565798450143292 0.6895420417547863 0.23857560160991234 0.6607644275587155 0.19707976204273434 0.678573866561387
0 0.22716988829125928 0.6244797608943677 0.18916074890424814 0.6439095936178205 0.19811707160316924 0.6744640211069679 0.2361262933032704 0.6550341883835151
0 0.21160324827208363 0.5648674901213268 0.20277269997471342 0.531549142920748 0.1640955075490981 0.549425704290266 0.17292613815955832 0.5827439971407502
0 0.17464302459120026 0.5802530236044635 0.18709172707349966 0.6309413892927704 0.22301464119394807 0.6155558558096338 0.2105659387116487 0.5648674901213268
0 0.11954651084688975 0.8918502685329475 0.1651399783483648 0.866646336107942 0.15138216848238367 0.8232445789041629 0.10578870098090863 0.8484485113291685
0 0.4456230672886463 0.7355333092163847 0.4306449658631153 0.674781534359695 0.3719454846989843 0.7000195442940227 0.38692358612451533 0.7607713191507124
0 0.3889984110281102 0.7744708583488702 0.3711551967217001 0.7037811143421638 0.34439027237072234 0.7155626930515361 0.3622334866771325 0.7862524914083371
0 0.3190361532261463 0.7963060088595002 0.3615694669799393 0.7730167759176035 0.34439027237072234 0.7183025900211487 0.30185691746038434 0.74159187731314
0 0.29643314333277143 0.6705282046554987 0.3161437535559255 0.7280664214680265 0.3485398810213672 0.7087129506275045 0.32882927079821306 0.6511747338149766
0 0.37857123572361767 0.6957403439447908 0.36819723467527815 0.6505318265458037 0.3392032718465526 0.6621343760435218 0.3495772728948921 0.7073430021426982
0 0.2942796682716622 0.6766360682880677 0.3671323090731414 0.6495779280352572 0.3549989891952546 0.5926075610112422 0.2821463895503203 0.6196657556141474
0 0.18296125621628456 0.11001660286690228 0.23300185303228255 0.2379172674163791 0.27513002175699597 0.20917340462906278 0.22508942494099798 0.08127274007958593
0 0.1545731177301079 0.7858056249304319 0.09956426742666892 0.8032399395800868 0.10472463966621713 0.831633896458287 0.15973340765656607 0.8141996361587266
0 0.09443163469845751 0.7707172777646372 0.13276105431873736 0.7662511130899377 0.13063194393227412 0.7343857613187333 0.09230252431199427 0.7388519803435274
0 0.13898540555988706 0.7265223896301759 0.1378836448499663 0.7017875528717721 0.09020625684844909 0.7054911857190561 0.09130801755836986 0.7302259681273653
0 0.17114480057843054 0.7717309070291629 0.15166195067536245 0.7155961183597228 0.12412097851167397 0.732265564127894 0.1436038284147421 0.7884004071474288
0 0.15166639558222353 0.7729517732044467 0.16486834515129806 0.9255009122119879 0.2333316815839936 0.9151683070249889 0.22012964970182905 0.762619113667353
0 0.10142339087786581 0.956790044280109 0.11405202977494942 1.008674166399989 0.1428165860217886 0.9964645263454475 0.130187947124705 0.9445804042255677
0 -0.0012760175214935941 0.9423065049671638 0.010073722895945719 0.9916792179151825 0.03332486606013992 0.9823580679889248 0.021975125642700606 0.9329853550409061
0 0.5060086909452967 0.7945654470795303 0.4923416312610629 0.7350059502483582 0.44925994770155514 0.7522460176598675 0.46292700738578896 0.8118055688411342
0 0.5195577136584415 0.8546736624659116 0.5073439738916049 0.7901572196056879 0.4630445916348828 0.8047822865650045 0.47525829024517446 0.8692987294252282
0 0.5130243179208108 0.8081516663304208 0.5924725831559761 0.7834653098564114 0.586124597653616 0.7478377358359305 0.5066763324184508 0.7725240923099399
0 0.48104913959773266 0.7318584819192453 0.46931125180430294 0.6771500027827249 0.4359072828646536 0.6896484592400378 0.4476451706580833 0.7443569383765584
0 0.4368100516794504 0.7351859577617152 0.3883076807332055 0.7581295241018755 0.396516970983648 0.7883938851360752 0.44501938308643796 0.765450318795915
0 0.41189235653816164 0.5712447128227961 0.39802671652425403 0.5231797175012523 0.34000220269828896 0.5523703924163791 0.35386780155565156 0.6004354420880176
0 0.3537884928934171 0.5944297022832258 0.36458838186952125 0.6294365982232302 0.3985198542465652 0.6111811623441674 0.38771996527046104 0.5761742664041629
0 0.4345491991924098 0.6918590406382179 0.47193662781049817 0.6812791968708259 0.4612773295921485 0.6155894441681045 0.4238899009740602 0.6261692879354964
0 0.45727152190976905 0.6191160587572351 0.447237103514308 0.5650920103621716 0.4165459270824553 0.5750332948679597 0.4265803454779164 0.6290573432630232
0 0.4490013611292566 0.4897037006762021 0.45985874579873987 0.5649781469139582 0.5179953700533125 0.5503546561073853 0.5071379853838293 0.47508020986962934
0 0.4940451418155765 0.621390229766112 0.5352597175541555 0.6049594896134796 0.5238561443758429 0.5550759401261965 0.482641568637264 0.571506680278829
0 0.5134338667002065 0.7788953365010017 0.5827197578414742 0.7157941157543967 0.5533676096015256 0.6595898133139471 0.48408175961680294 0.7226910340605521
0 0.5106821401008302 0.861571287323297 0.5307166111766689 0.9607848849343277 0.5721042913435603 0.9462102548628116 0.5520698202677217 0.8469965485515917
0 0.5841704848965358 0.8439232681016251 0.5747748572361767 0.7901572196056879 0.5231871035801584 0.8058784192731523 0.5325827312405176 0.8596445764692787
0 0.4092667335926964 0.876763986670748 0.4026603261442178 0.7759505396746995 0.32600091071202797 0.7847111770752171 0.3326072770039616 0.8855246240712655
0 0.6545233594671906 0.5204778655978685 0.6273558417929239 0.3872216514254508 0.5892615495142869 0.40076564065282727 0.6164290671885536 0.5340218004751502
0 0.6780228000674309 0.33708097164055545 0.6230073235602452 0.3556000054784895 0.6373426009092633 0.4298668009621271 0.6923580362599039 0.4113477127740984
0 0.7038932280691588 0.46084314823575245 0.6958418554819201 0.4143259349085875 0.6439196637411497 0.4299982738409951 0.6519710774849334 0.47651548716816006
0 0.6646221878555926 0.5290320269889526 0.7194020019860502 0.5137292143498163 0.7107766602221005 0.4598835973153662 0.6559968049350978 0.47518640995450245
0 0.30075095878287256 0.9964838749791296 0.3938180482315197 1.0041651738507347 0.3959614810956465 0.9588766531124777 0.30289439164699933 0.9511952455406835
0 0.3920495926489801 1.0082502356620102 0.4335805799055968 0.9991095280498664 0.42741718150760705 0.9502742288373776 0.3858861942509904 0.9594150451497105
0 0.557564589435477 1.0039251638329252 0.6183412002697235 0.9991095280498664 0.6157587093834289 0.9422698730033949 0.5549820985491823 0.9470854000862645
0 0.457466686246207 0.4196520267802482 0.4779401741876686 0.49625576763204027 0.508219414760515 0.48214311336473176 0.48774592681905343 0.40553937251293964
0 0.47502180473754635 0.48756350265054543 0.456681295897779 0.4165184177252616 0.4284195080047834 0.42924172052398707 0.44676001684455074 0.500286805449271
0 0.5051870005241698 0.32512498347757124 0.48520475710394895 0.25061790622565117 0.45895334296506235 0.2628957556489314 0.4789355863852832 0.3374028329008515
0 0.5223256559365518 0.24585422913304208 0.5535309187721258 0.3357642862484695 0.5892162361582308 0.31416534124902606 0.5580109733226568 0.22425528413359863
0 0.936555868857468 0.724806231042687 0.7972827790479602 0.7692703695458593 0.8100677305029923 0.8391061105159172 0.94934073799941 0.7946419720127449
0 0.8082749514023516 0.6097239276074132 0.8572193847985502 0.5896649381887245 0.8464549727642448 0.5438604720023097 0.7975105393680462 0.5639194614209985
0 0.8427257782208782 0.5406528381184605 0.8516779852652984 0.5908966200328362 0.8948133369594993 0.5774936149508849 0.8858611299150793 0.5272498330365093
0 0.7425013598122472 0.8656375440018366 0.7902217152467549 0.8533078989383904 0.7832097100472016 0.8059798365496995 0.7354893546126938 0.8183094816131455
0 0.6255715409405554 0.9030345940526213 0.67773478656545 0.8769057860675924 0.6622546987604307 0.8230117430988424 0.610091453135536 0.849140605433966
0 0.6082960811725598 0.825630548057658 0.6621943221089008 0.8048707685190338 0.6548860309418197 0.7717813439169635 0.6009877900054788 0.7925411234555877
0 0.8799377153310435 0.9065565345336153 0.9643177693547708 0.8996993461466217 0.9619929184402394 0.8498110682011075 0.8776129467296021 0.8566682565881011
0 0.880159631421738 0.8215251593109973 0.8862570558780766 0.8666169327067564 0.9582107142668999 0.8496491592692564 0.9521132898105613 0.804557440223592
0 0.8651616925415121 0.9878212307991986 0.9531338898137222 0.9688541347812778 0.9461006478369437 0.911965564649655 0.8581284505647336 0.9309327693677649
0 0.7437885719139835 0.9772244841523821 0.7923388079220752 0.9640728482580142 0.7851862942778574 0.9180267959010463 0.7366360582697656 0.9311783230952249
0 0.7500130054682232 0.6361052461320125 0.7358662662518964 0.5380259349955476 0.6772793070818232 0.5527627457493878 0.6914260874546949 0.6508420568858526
0 0.9327600007111851 0.48835065507082037 0.9213486077893206 0.44862193161105857 0.880725122350177 0.4689704983338435 0.8921365152720415 0.5086992217936053
0 0.9084294036844656 0.5066026668939225 0.963411502233648 0.47920353414751227 0.9377820046464093 0.38951299706422526 0.8827999060972269 0.4169121298106356
0 0.7285166950701703 0.26137194204627673 0.7115691706528152 0.17824483108860195 0.6706455716874579 0.19279473186706925 0.6875930961048129 0.2759217884746494
0 0.8935216799509019 0.22672468068232413 0.92325843610397 0.21415850400712377 0.9030705745848786 0.13084763537956368 0.8733339007449006 0.14341386640485865
0 0.9527205957887306 0.1966230438313947 0.932076390498567 0.11483664100762467 0.903755337180757 0.12730324830949466 0.9243995424709204 0.2090896511332647
0 0.8970846020524275 0.4096730776588936 0.9579119177501264 0.38804663151157615 0.9457020878550657 0.32815782745714606 0.8848747721573669 0.34978421925436887
0 0.8864728808001096 0.519992030102126 0.8965664411507501 0.5999679769242542 0.9389595757122388 0.590637478781723 0.9288660153615981 0.5106615863096895
0 0.9836992095309339 0.5660353649543634 0.9725364021409305 0.4898729468708259 0.9352160586912087 0.4994118776261966 0.946378866081212 0.5755743500598286
0 0.6224129818937543 0.17442978054736197 0.6137739761568611 0.08601489453472841 0.5612064909468771 0.09497227927774377 0.5698454966837703 0.18338711094028273
0 0.5564038513965568 0.1871750951344056 0.5422866214230023 0.12616227677329142 0.5041496086506448 0.1415507995116318 0.5182668386241993 0.2025636722228406
0 0.5272396239411244 0.055681019729519145 0.5045274668903826 -0.020301173440282726 0.46281526736608647 0.0014425602112088157 0.4855274244168282 0.07742464468082146
0 0.8568009050488874 0.11195820564684439 0.795658494842591 0.1305911572830866 0.8019877952735165 0.1668103864335207 0.8631302054798129 0.14817738044718387
0 0.8836260825817599 0.048557787629396706 0.7861078716337239 0.08959754407140472 0.7980566044072404 0.13911140421513246 0.8955748976683665 0.09807170212321906
0 0.6484465544399022 0.3143764913665962 0.6837180839224756 0.303416849138051 0.6639089037740222 0.1922392195500334 0.628637374291449 0.20319886177857857
0 0.5751808665527014 0.3126342447336932 0.625708262983079 0.2959530049949911 0.6106964543471848 0.21665665175589938 0.5601690990733521 0.23333789149460152
0 0.7698483200227579 0.3776711984500223 0.7522125758597438 0.32013298163749443 0.7095544754614801 0.34293442248024264 0.7271902196244943 0.4004726392927705
0 0.8824808605603085 0.34356678583106076 0.9393381336132417 0.3285499090396817 0.9276474523769387 0.25135810016418075 0.8707900970109154 0.2663749769555599
0 1.018225517453009 0.2774692443684606 0.9961136697677849 0.20704510927412623 0.9416051184254889 0.23689140938056544 0.9637169661107131 0.30731554447489984
0 0.989920926753203 0.46678540713003674 0.9729564458393037 0.3741872486851625 0.944677701449764 0.38322208231300087 0.9616421823636632 0.4758202407578751
0 0.8797618945707603 0.8166168022665294 0.8176006129361936 0.8388028369879786 0.8264491878002782 0.882038119851959 0.8886105517479349 0.8598520851305098
0 0.49820952566587995 0.40753445578598063 0.5144579238531481 0.4976544673168967 0.5593066636726652 0.483553063519173 0.543058265485397 0.3934330519882569
0 0.5730283380921275 0.554649889734528 0.5604962524496375 0.49099799382930764 0.5151114897879088 0.5065807638057936 0.5276435754303986 0.5702327140611086
0 0.44435338787508427 0.026766986795970615 0.39304097150518374 0.06124212141028495 0.4315898378234575 0.16129966729046083 0.482902213036813 0.12682447832605187
0 0.4492928729375632 -0.027793986183771147 0.3789493820591706 0.0050584720057880676 0.3913912525549983 0.05151682418048753 0.46173474343339094 0.018664365990928317
0 0.646040666288246 0.21094130450662288 0.7132686890224629 0.1772276147178317 0.6998553594382164 0.1305828960687055 0.6326273778605445 0.16429658585749665
0 0.8932114419146157 0.40416159761450915 0.8769454698826281 0.33435042288721617 0.8371544167228591 0.3505187064329642 0.8534203887548466 0.4203298811602571
0 0.7950126663382923 0.35896047182838936 0.7805891905133177 0.30419949050047307 0.7506227808390931 0.3179638693615038 0.7650463389771578 0.3727249050395147
0 0.6307996568531903 0.9223519764303205 0.6439647713144808 0.9755947422153273 0.6803573227700396 0.9599019132972507 0.6671922083087491 0.906659147512244
0 0.7063547187131237 0.9030404638628395 0.6918557617846005 0.8544369678038736 0.6608262785527647 0.8705792720043967 0.6753251943247429 0.9191828224134573
0 0.7029732969750927 0.9072664011193511 0.7709783964356457 0.8979359573269146 0.7678605412118594 0.8583057162385909 0.6998553594382164 0.8676361600310274
0 0.8289891228190324 0.959225145919134 0.8808396198583951 0.9517553776157613 0.8768186254109069 0.9030807916330421 0.8249681283715442 0.9105505055863201
0 0.733956026371797 0.01806640625 0.665112444619753 0.04213154114258682 0.6819111881268964 0.12593759348216274 0.7507548110354855 0.10187245858957591
0 0.5804296018943864 0.5683088294120102 0.5943854570549562 0.6174545763649265 0.6340938678723449 0.597790386033504 0.6201380127117752 0.5486446390805877
0 0.5547658209051542 0.49577900860209817 0.5781550854344024 0.57180892115497 0.622261443495027 0.5481466835137466 0.5988721378092338 0.4721167709608749
0 0.5279749679308201 0.5651514150155833 0.5417861166791343 0.6145028227265138 0.58367928153184 0.5940574041351291 0.5698681327835258 0.5447059964241986
0 0.9419399680756911 0.7384630510664792 0.9549387689385958 0.8124902169829697 0.9955764122292229 0.8000461106202693 0.9825776113663183 0.7260189447037789
0 0.9978997815081339 0.9007901525454975 0.9468311765108732 0.9116233221038791 0.9521902525497303 0.9556801066479297 1.0032589398600809 0.9448468283893589
0 0.9647823444348449 0.9055396442634127 0.995654362725472 0.9001753986253339 0.9866397623588166 0.8097018397289626 0.9557677440681894 0.815066139717136
0 0.8664293141278236 0.6537560915586041 0.8404317947151045 0.66555750805251 0.854215203952082 0.7185089029802983 0.880212723364801 0.7067075408364871
0 0.9683844475672202 0.7401838837621049 0.9607324580927596 0.6954329398096616 0.906148261020735 0.7117095430939726 0.9138002504951955 0.7564604870464159
0 0.9705061497755816 0.7111243556252783 1.013130831059297 0.6981849568503729 0.9993256911665542 0.6188780053428317 0.9567010098828388 0.6318174041177371
0 0.9549553961827798 0.6294617079669412 0.8931851017258091 0.6473404976903384 0.9021480094719319 0.701343186498219 0.9639183039289025 0.6834644511249165
0 0.8719943375179113 0.7452124088657613 0.9085835761020735 0.7342308635490873 0.9009301873050826 0.689760963935886 0.8643410310340105 0.7007425092525601
0 0.8335982442947151 0.6063958539139025 0.7733633359058918 0.6244059534658838 0.781356019259946 0.671023442717609 0.8415909276487694 0.6530133431656278
0 0.497733591379383 0.9708162818969835 0.49529630078388404 0.9375577198004786 0.4715652723048719 0.9405904550798642 0.47400256290037085 0.9738491258765584
0 0.45385845078862525 0.8775960866192676 0.47145447888570463 0.9583715233331478 0.5228364498166723 0.9388520129535841 0.5052404628761379 0.8580765762397039
0 0.4502861038382923 0.8676774117528384 0.4098213591932527 0.8783647600073742 0.42000785102252614 0.945624686943455 0.46047263682411077 0.9349373930390138
0 0.46516695234796446 0.9334516788526825 0.4242205938132165 0.9495583293911398 0.4322887582708193 0.9853271049574243 0.47323507564902223 0.9692204544189671
0 0.4816496547459752 0.9776649373191229 0.43615413982162426 0.9798106790544301 0.4366312264913815 0.99745195886437 0.4821267414157325 0.9953062171290628
0 0.5635205176900708 0.9434912283295303 0.49861425912950946 0.9397646597423197 0.4967916826902815 0.9951220790085151 0.5616979412508429 0.998848756295915
0 0.6658545794393754 0.5635617834483526 0.7285397427353759 0.542060505568928 0.7222622172380732 0.5101444451594501 0.6595770539420727 0.5316457773889692
0 0.4282913053670769 0.35268607950592723 0.4513070742503582 0.41202665415599954 0.47878437723891604 0.39344131320263803 0.4557685671990897 0.33410073855256567
0 0.42257918848512305 0.27470450940561 0.44483137998883177 0.3530660410173642 0.4764592382285696 0.33740348510198687 0.4542070467248609 0.2590419534902326
0 0.3863794965994816 0.3691527994211932 0.3973396080053102 0.42383078815463604 0.43709493728401044 0.40993384941284505 0.4261348258781819 0.3552558606794023
0 0.3652316175114843 0.38558120251975736 0.4204056290300489 0.36570999267795523 0.4105243952951155 0.3178642456380788 0.3553503837765509 0.3377354554798809
0 0.30051768348575525 0.2699794752302705 0.276090450891352 0.2881244717170804 0.2906231561867835 0.3222425262097896 0.3150503064680968 0.3040974753728851
0 0.25874856445971006 0.28823654161217166 0.24206526506131995 0.29767862049894256 0.2562605690007586 0.34141925054263134 0.2729439507122387 0.33197717165586044
0 0.30144872684697405 0.4611227251224399 0.27117249070191335 0.38615671567161064 0.23918364840589176 0.40868656909157947 0.2694598845509525 0.48365257854240873
0 0.8484443155238537 0.7156381309828584 0.8475011721384019 0.6558540052106523 0.8204282322045684 0.6565988732573186 0.8213713755900203 0.7163829446794301
0 0.789900694195676 0.7076589935927761 0.8258128253013317 0.6865813747008571 0.8157190180114211 0.6565899598418021 0.7798068869057654 0.6776675243836264
0 0.8523660403847775 0.7108061358213212 0.8409027902162003 0.6502540432122385 0.7806116619868931 0.670158732712322 0.7920749121554703 0.7307108253214047
0 0.8757301171084795 0.519508531660452 0.8577021510715189 0.4441189719223063 0.7853166782124494 0.4743052862206423 0.8033447265625 0.5496948459587878
0 0.7474373465684002 0.48533759452568453 0.7641819692188554 0.5643108364523041 0.803800164889582 0.5496616380509796 0.7870554599260368 0.47068839612436
0 0.7926500337154416 0.4661620658949243 0.7707349966284558 0.37934105075690117 0.7389750670357805 0.3933214712440171 0.7608901041227664 0.48014248638204027
0 0.8188488909463503 0.3538840099412845 0.8108365347637811 0.3115603955643366 0.7825949135778405 0.32088420864523043 0.7906072697604096 0.3632077686720837
0 0.7790388234627866 0.32831402962906275 0.8281876402615054 0.3133360675054263 0.8210391599586986 0.27242941444512464 0.7718904254730697 0.2874073222186665
0 0.8247365816493173 0.28788190724482415 0.7528100042671105 0.3153772940087934 0.7663651593054619 0.3772153098564114 0.8382916543745785 0.3497199230924421
0 0.8246839835847943 0.2847922130662845 0.8385352188079485 0.34698345017879006 0.863907734928144 0.33712869102362536 0.8500564997049899 0.2749374539111198
0 0.8188806637990981 0.2669634797800256 0.8098686974513233 0.2134094510031723 0.768172590136126 0.22564561390388468 0.7771845564839008 0.279199642680738
0 0.8079568113094234 0.20534280996076357 0.7942009769576028 0.15084597009266473 0.7523263325501517 0.16927869598035397 0.7660822492150624 0.22377559019854742
0 0.7876636713481963 0.11972407326566674 0.7225087449426838 0.14642660084942677 0.7302098753318864 0.17919639254508013 0.7953648017373989 0.15249381061122552
0 0.761092347384946 0.21202134958676536 0.7490896995374663 0.16447018005968944 0.7122724536939481 0.18067678042213936 0.7242751015414278 0.22822794994921528
0 0.8076520882501685 0.20218436291253897 0.8438787376727916 0.19211280122996438 0.837711594029206 0.15342808873761687 0.8014849446065829 0.16349965042019146
0 0.8726334163488284 0.24628397533114427 0.8644639244774106 0.1923419412288513 0.8128533700954569 0.2059729993077972 0.8210228619668746 0.2599150877601848
0 0.9993256911665542 0.4577025823686554 0.9993256911665542 0.3187889581478183 0.978422117329737 0.3187889581478183 0.978422117329737 0.4577025823686554
0 0.9993256911665542 0.5761353517364203 0.9993256911665542 0.4853072128227961 0.978422117329737 0.4853072128227961 0.978422117329737 0.5761353517364203
0 0.9864767001274866 0.585767166803484 0.9471936010462323 0.6013299902952471 0.9538191462881406 0.6304950119657168 0.9931022453693948 0.6149321884739537
0 0.94628873324764 0.5981574122224232 0.9710565774085469 0.5916158891849399 0.968151913087913 0.5724365016974622 0.9433839866139161 0.5789780247349454
0 0.9955531999378372 0.572068062406083 0.9736837643027225 0.576881415485168 0.9764903114200523 0.5991191371465939 0.998359829368257 0.5943057840675089
0 0.9057649289605108 0.6247966219459595 0.9424587051689987 0.6164420341022929 0.9389275559202208 0.5893957965202026 0.902233779711733 0.5977503843638691
0 0.900475983674351 0.6906257282912678 0.8813242793324343 0.5926225616373553 0.8373145979960385 0.607620687646093 0.8564663023379552 0.7056239086501002
0 0.8626835746533631 0.7059382152472451 0.7922696649264582 0.7381735281124777 0.8037220497671528 0.781799751207007 0.8741360418071477 0.7495644383417742
0 0.7717460483131743 0.8885714360251559 0.7984624902541302 0.8682170538422473 0.7858108036918409 0.8392574755294134 0.7590943617508851 0.8596118033622273
0 0.6799530008718603 0.9640894793869658 0.7186145126538267 0.9479668499206924 0.7087189975977748 0.9065856661843277 0.6700574446592633 0.9227084043507903
0 0.7038508368277984 0.9440205982510574 0.7146981381437543 0.9905754761937889 0.7453554838956086 0.9781184345085708 0.7345081825796528 0.9315636652660285
0 0.11050919206738874 0.9968234543702693 0.09386737846636885 0.9293240065672307 0.07370544557063385 0.937992629257569 0.09034717685856372 1.005492185760797
0 0.17740825053733986 0.9288921407154386 0.15906551924414195 0.8694358547139359 0.11744793861682401 0.8918265175416017 0.13579075222311193 0.9512827491930098
0 0.21220265219361092 0.5713511303080476 0.2587299617013655 0.549979803504842 0.24589414075670094 0.5012471172709817 0.19936683124894639 0.5226184440741874
0 0.22448944482784053 0.6071066988013413 0.27392643975472014 0.5826248073832647 0.2617334017300236 0.5396869825870992 0.21229640680314396 0.5641688740051759
0 0.24761086256216286 0.5757054424880342 0.2630036573352158 0.6265237592525601 0.2859069453809845 0.6144256455921638 0.27051406829484154 0.563607328827638
0 0.3253503080485081 0.5161101832946071 0.2143685565313132 0.5687211292297417 0.24452041759735335 0.6796416828702415 0.3555021279580032 0.6270307369351068
0 0.3067619544946898 0.7215060932978072 0.29049433620090187 0.6609647620074577 0.24447563927638233 0.682528651195876 0.26074317525708024 0.7430700368363201
0 0.2541635607194032 0.7459802670024488 0.26520693181578725 0.7970228322573464 0.30519471326070463 0.7819351916427816 0.29415134216432065 0.7308926807379786
0 0.3742414025623736 0.6838824577025824 0.40418073122998144 0.6707034837106245 0.3916385622339641 0.6210151597631901 0.3616992747229012 0.634194133755148
0 0.39328070837986767 0.6259493874526937 0.40168973134324426 0.670368197976959 0.42929671860512897 0.6612540132109862 0.4208876956417524 0.6168351483366262
0 0.39424949229286077 0.5861308776366317 0.40389535174688135 0.6259371586814059 0.41923608349049646 0.6194544424462934 0.4095902651930209 0.5796481070514248
0 0.3646711476815366 0.47404967772567896 0.37879455113684257 0.5362193378506234 0.39494083993594065 0.5298226578152827 0.3808174776371797 0.46765299769033836
0 0.3806408337459963 0.5285486915975623 0.36237288389508177 0.4517901616763135 0.320361311662382 0.46922643292937444 0.33862930266984154 0.5459849628506234
0 0.5962081569638191 0.7912281338699354 0.6779647281824216 0.773044494465856 0.6705946610412803 0.7152563759182992 0.5888380486661329 0.7334400696724733
0 0.749963370674941 0.6448650682811109 0.6346635979249199 0.685169576643199 0.649857647742119 0.7609698056962377 0.765157379335595 0.7206653516842442
0 0.6824339585616149 0.7492537188508738 0.6509921279053228 0.7569023533156166 0.658687290595499 0.8120674819470726 0.6901291212517912 0.8044188474823297
0 0.6573785124641773 0.8051099089353295 0.6629908247244817 0.8644016772004397 0.7057316086216706 0.857346382718583 0.7001193375179113 0.7980546688035675
0 0.582230818086754 0.5811404519492988 0.5435161732051795 0.6015905446488201 0.5560722531134104 0.6430435792102627 0.5947868979949849 0.6225934321606467
0 0.5416048632549099 0.6799643593819568 0.5307484663425067 0.6369545750605242 0.5129467378334668 0.6447907173516808 0.5238030935893249 0.6878005560232079
0 0.48911067785158885 0.7017152672459372 0.524084439731014 0.6887256489836098 0.5190646170926754 0.6651559152034172 0.4840908963697952 0.6781455878158392
0 0.48847847216368845 0.5959594943962878 0.47839664142837574 0.5523873496458983 0.44641244982194034 0.5652932144124276 0.45649423940070805 0.6088654135129118
0 0.5040656904553692 0.6421350630287177 0.4964102849876728 0.6016971251843555 0.47070724065450104 0.6101828054562277 0.4783626049656524 0.6506207433005899
0 0.567130234783273 0.6803063845273541 0.5581000772426037 0.6397615943969835 0.5333482429777057 0.6493752565324465 0.5423783593618299 0.6899201010129118
0 0.5546864299298297 0.640427437406083 0.5469993339224756 0.6201246878130565 0.5278489465899991 0.6327693460248776 0.5355360837538984 0.6530721499679987
0 0.6389020223996965 0.633815150545414 0.674080702716727 0.6186664747745992 0.6657548159742709 0.5849487630788067 0.6305761356572404 0.6000974388496215
0 0.5978266380963418 0.6490513299685552 0.6280408924846174 0.641071322976959 0.6228019935571898 0.6064798791601737 0.5925877803254593 0.6144598861517698
0 0.5595871866834542 0.6363583001725289 0.5708677017921865 0.7189675634287345 0.6054056158599544 0.7107428723111922 0.5941250595946772 0.6281336090549866
0 0.6166165764076197 0.6108589749833037 0.6280816374641773 0.6497914695569902 0.6445795677838418 0.641318833307825 0.6331145478838293 0.6023863387341385
0 0.41611254866349884 0.09573546330629452 0.2887173612135452 0.1569115493516251 0.3107087025349798 0.23677455667714825 0.4381038488283884 0.1755984706318177
0 0.2923802937194454 0.08922530027340271 0.27619688171674817 0.046482592316896706 0.24625755304914027 0.06625113482997551 0.2624409650518375 0.10899378843638691
0 0.2662462992034727 0.08412851145091273 0.27771152488621037 0.12089868751043521 0.29795873414320634 0.10988898884475178 0.28649350846046867 0.07311881278522929
0 0.32218475238905514 0.09937664789486865 0.31490222521915034 0.08014247551202137 0.2925152048739885 0.0949242881442008 0.29979769088734826 0.1141585148771427
0 0.5614295182642869 0.09100624417366986 0.5873229939312204 0.07390917186108638 0.5600809005973955 0.0019589948102181655 0.534187466087007 0.01905612147289626
0 0.6185351710663562 0.0006830719890917186 0.5874984854391436 0.01605284394479074 0.6004119687842423 0.061528002907947466 0.6314486544114548 0.04615812225205922
0 0.6123517705874916 0.09213765009322128 0.6062433161770904 0.0598711946237756 0.5789536458772336 0.06888059240733527 0.5850620591310899 0.10114715657697017
0 0.6182546068990222 0.13556413659004898 0.671395073528637 0.1145114100414626 0.6553044695349376 0.04368214934188557 0.6021639617487778 0.06473487589047194
0 0.6802427429487314 0.14461266644172974 0.670869874857763 0.10747997525114092 0.647403894528616 0.1178094281326525 0.6567768037761295 0.1549421193232413
0 0.6233311020998399 0.16758683188515694 0.6542818528610713 0.15396262191813223 0.6462576024369943 0.12217276242834484 0.6153068105192178 0.13579697239536956
0 0.6549385466932527 0.027183417220892698 0.667797991494753 0.09086509697796082 0.6939449503224039 0.08165743004925423 0.6810855055209035 0.017975750292186107
0 0.7867465388991909 0.0803717242110975 0.8460955115001264 0.06429485752448798 0.8403164740759862 0.0270905872592943 0.7809675014750506 0.043167345245714604
0 0.965661612862441 0.09626646373066006 0.9431223956138317 -0.001531368265805877 0.8775978011210385 0.024803752678372662 0.9001369360565576 0.12260163902493322
0 0.9993256911665542 0.1834372217275156 0.9993256911665542 0.1157613535173642 0.978422117329737 0.1157613535173642 0.978422117329737 0.1834372217275156
0 0.8107048338197488 0.6267671933263301 0.7989536524622809 0.5595215061150378 0.7610825521272336 0.5710626400058437 0.7728336511716116 0.6383082728670414
0 0.6542382269233605 0.31606514880621106 0.6436872938880226 0.2603321160361476 0.6241719714709415 0.26677493930181434 0.6347229456628245 0.32250797207187776
0 0.46924173839978084 0.39016405684759015 0.5164682564507123 0.3678064932275434 0.5051355959994521 0.3260605116561387 0.45790907794852076 0.34841807527618546
0 0.33800635720456845 0.4501965625521761 0.32148743704694877 0.4029320354240873 0.2945480089451281 0.41935147075704027 0.3110668879462028 0.46661599788512914
0 0.2517222367824933 0.2758002616630955 0.29042206530786413 0.25937338036718055 0.2775057421611598 0.2063074154399488 0.23880591363578893 0.22273429673586376
0 0.7714093054619016 0.048975957257346395 0.7714093054619016 0.0 0.7215104517869184 0.0 0.7215104517869184 0.048975957257346395
1 0.35832789518185265 0.21432568489815226 0.31125386213018374 0.23311956716454252 0.32373935856372216 0.28765684350303317 0.3708134327719361 0.26886296123664294
1 0.6170616432853591 0.16715904229046083 0.5649302528263023 0.18948649595809217 0.5721687424930462 0.21895984571529942 0.624300132952103 0.19663239204766808
1 0.3241044994310519 0.13834256777674198 0.28928490996923467 0.10768808176341273 0.2660717954526298 0.15366983795845393 0.30089146722753707 0.18432432397178317
1 0.11927742935561363 0.3793244739780443 0.09913294683496292 0.3511575374450412 0.07682338310751012 0.37898217708217385 0.0969677833150708 0.40714911361517697
1 0.044915125326618344 0.37818377419231414 0.04241288970309339 0.2889650502803595 0.0019160017964008765 0.29094578512842273 0.004418237419925826 0.38016450904037735
1 0.06416947409179029 0.36731527707243433 0.03052078833551079 0.3895329978990427 0.04173701692093729 0.41915657131775935 0.0753857026772168 0.3969388504911509
1 0.17853338816482636 0.43951595370937224 0.1596264829526298 0.45280536709358304 0.165165248467001 0.4665475711160118 0.1840722359922876 0.4532582120818956
1 0.1626049821150118 0.48308070684689447 0.17996242572066756 0.526204572016919 0.1898189243720499 0.5192860223731077 0.17246148076639414 0.47616215720308325
1 0.3073993047507165 0.9693203498928651 0.22490257422665205 0.9742722957132124 0.22579320186067095 1.0001468539556433 0.30828993238473534 0.9951949081352961
1 0.7325185928807738 0.2708515224983304 0.7020696638728506 0.25218259109945457 0.6901197375595288 0.2861718358679319 0.7205686254109069 0.30484076726680764
1 0.5621375343080959 0.3605112974280666 0.5448388210921696 0.37073112616874443 0.5516267289041428 0.39076794074883126 0.5689254421200691 0.38054811200815336
1 0.4452775580932864 0.32916933706798196 0.42768498714598785 0.3139231572274321 0.4182970557595457 0.33281448921346285 0.4358895855502992 0.3480606147039181
1 0.742814231867414 0.4049084766146761 0.7228505088924477 0.41519662342428204 0.7352023288677934 0.4569948354366095 0.7551660518427596 0.44670663427690893
1 0.7764784747977074 0.2550977127740984 0.7573064391225557 0.21581134473438893 0.7285383434128456 0.2402941057539793 0.7477103790879973 0.2795804737936888
1 0.7833652817873399 0.975038305946683 0.716222988136379 0.978065932317175 0.7167419721689565 0.9981376396580031 0.7838843481330074 0.9951100132875111
1 0.8498215781460722 0.4270733147992264 0.8635501668650961 0.4859946871695514 0.8937904321898179 0.47370721777952474 0.880061843470794 0.4147858454091997
1 0.17871982731372218 0.2646888196202972 0.14695619363199594 0.282955614669134 0.15889060392784896 0.31914582086904497 0.19065423760957517 0.30087897147011355
0 0.23331777067178017 0.2638097611900323 0.16368130808011633 0.3054694348111921 0.17354027612419926 0.3342088408907502 0.24317682102895313 0.2925491672695904
1 0.17276727389581928 0.362467031232608 0.19497172380731626 0.3526928189176592 0.1890005676310688 0.329036885887411 0.1667961177195718 0.3388110982023598
0 0.3055150758070634 0.3744890004104519 0.32588200945349377 0.4526324250925256 0.36302587363821226 0.4357497095530944 0.3426589811483269 0.3576062848710207