0 0.14903983978781324 -0.025708447299292937 0.3002103564278323 0.03184965297497568 0.28456155781529685 0.10354093607247956 0.1333910411752778 0.04598283579821094
0 0.295060132739083 0.03750161545966158 0.34858313949694214 0.05451937075014467 0.33902534721574806 0.10695411916602024 0.2855023586664678 0.08993636086947153
0 0.10310067880125205 0.1939791295357442 -0.014078835598893268 0.1607125525027396 0.0023422473085808583 0.05981743514209023 0.11952175786785409 0.09308401217509481
0 0.10191357960848933 0.22535827011457102 0.004661472714317158 0.24003748972647015 -0.001019823522727074 0.17438239540238376 0.09623228450948128 0.15970317579048462
0 0.042573291532748636 0.21057999462852148 0.09441127185320797 0.2299565164191785 0.08595999669914883 0.2693949429607467 0.034122016378689494 0.25001842117008966
0 0.46571776178400953 0.12926370727442868 0.4513050889627461 0.22285323146762953 0.39716089653798103 0.20830890003201338 0.4115735693592445 0.11471937583881255
0 0.39477557271078834 0.05605257243223318 0.3785621806943616 0.12966118129432624 0.33396263395687276 0.11252554915287628 0.3501760259732995 0.0389169372847176
0 0.34058327322074505 0.45765891650044327 0.3227147213883502 0.5304239812660066 0.24654408457171093 0.49779677034081954 0.2644126364041058 0.42503175367230595
0 0.22547042227588007 0.19260200278039424 0.2666950635523102 0.20146535117387585 0.26079712278234074 0.24931565112631748 0.21957248150591066 0.24045227868431096
0 0.2674905417358107 0.14913434208237908 0.22488108341335397 0.14389943512900782 0.22820411263331594 0.09671942768743227 0.2708135709557727 0.101954346665066
0 0.22611294839717894 0.14214535976978057 0.26293786897864146 0.14466099179194986 0.2617060039948165 0.17611565676329172 0.22488108341335397 0.17360002474112243
0 0.07594322532344262 0.3488793339289672 0.12557763074633616 0.3704182990805383 0.1128113229974642 0.4217337870616627 0.06317690847028126 0.4001947978615667
0 0.12966696800650732 0.37746393971785114 0.08397594442800008 0.35418790151417207 0.0938470881423404 0.3203881085623522 0.13953811172084762 0.3436641467660313
0 0.024228858492539435 0.3073030416189544 0.07538383957309769 0.3289227857657358 0.059804247216563806 0.39322380384560923 0.008649271826186442 0.3716040596988278
0 0.03862012257723933 0.37587269692086533 0.07207726635625653 0.39292757411562995 0.06286466776044386 0.42445199183350574 0.029407526257499022 0.4073971146387411
0 0.028932676110461106 0.22756544373183854 0.027119693437453386 0.2882248898769947 -8.312854604675548e-05 0.2868066762168169 0.0017298543936881928 0.2261472541201857
0 0.024070623666403685 0.293065497215758 0.022870241315381908 0.363614803040657 0.000529470193357627 0.3629517611600547 0.0017298543936881928 0.29240245533515563
0 0.08142870991781959 0.27411326355028565 0.0675628771360848 0.3314938857106358 0.022368472060610968 0.31244408717955824 0.03623430939449046 0.255063465019208
0 0.028981042647987676 0.3696014668830649 0.028404424753849147 0.47088820244779356 0.0 0.47060611325046786 0.0005766181430839411 0.3693194017342642
0 0.005766181217457628 0.46070586460795904 0.025847434997558594 0.40955662407961485 0.05627792831821487 0.4303960176412283 0.036196669985969196 0.4815452581695725
0 -0.014284937364673842 0.5554189118369534 0.0019824072398547626 0.49975398359005613 0.05636786504121839 0.5274771712162628 0.04010052100570788 0.5831420513661101
0 0.03414338186987829 0.5255376095843184 0.04885533772106671 0.4079322905123375 0.09214350261096453 0.4173780701308855 0.07743154448370376 0.5349833411058166
0 0.057071144085795326 0.5239050033244681 0.09831931539822307 0.42135911104339047 0.13742922143321618 0.4488000170840721 0.09618105467293314 0.5513458612680999
0 0.13966433358932168 0.44527455142767436 0.17817500439919265 0.4683214071888544 0.16190695022910762 0.5157379799700798 0.12339627031494724 0.49269117230594955
0 0.12002496104820816 0.4977718560690012 0.1521282878866628 0.5175583571125147 0.12126656762170905 0.6049008681325109 0.08916324988754382 0.5851143189919474
0 0.09714610024682092 0.555474560123621 0.08436304060542213 0.5961921277057476 0.04555283412159485 0.57493895522434 0.05833589831513835 0.5342213876422134
0 -0.02395116856103865 0.7836643757079885 0.0011532362861678821 0.7021184730379482 0.04341923024034159 0.7248152303733254 0.018314823614953527 0.8063611330433659
0 0.08130315266247297 0.7424808439069888 0.04959072759441658 0.7203072381827472 0.07854011007595744 0.6480872572830477 0.11025253514401384 0.6702608149102394
0 0.08886443800459613 0.7509996971809741 0.12519137216354043 0.6481898963874113 0.16202969425902447 0.6708947821242119 0.12570276010008016 0.773704534820725
0 0.04523446167283525 0.8309059714218873 0.07462589382271778 0.7478535729566834 0.11294782360868977 0.7715095778541174 0.08355640056309666 0.8545620244163712
0 0.08304759824475126 0.7556992599210747 0.051809716053964984 0.8446842370961387 0.017012987614816014 0.8233768592395587 0.048250867529529944 0.7343920263556442
0 0.15668655067753393 0.7184770011450946 0.23814244600355197 0.7693025966250493 0.21450195676671577 0.8353904441550926 0.1330460523364083 0.7845648486751379
0 0.20691664520482175 0.8279307841127365 0.17725670935145996 0.9027147706424843 0.09025306064359898 0.8425248719464145 0.11991296918409251 0.7677408854166666
0 0.2094072874519876 0.6948630811662726 0.26496614078348746 0.7315520879506501 0.24800082550413 0.7763650712298069 0.19244197217263015 0.7396760644454294
0 0.19362445549065857 0.5608301185265219 0.2886778437721416 0.6099543289653516 0.27052684046488107 0.6712172247463554 0.17547345218339797 0.6220930143075256
0 0.340909243199023 0.6334643112194641 0.3166321456290088 0.6910325840197744 0.2767723830047826 0.6617119971742021 0.30104946236621793 0.604143676276842
0 0.418698877594067 0.7995108145254629 0.3626906729541132 0.7856844518013691 0.37152004924765064 0.7232970950921 0.4275282538876044 0.7371235059132437
0 0.5183840731163298 0.7596274421758028 0.49255899142536175 0.8635014382941785 0.44130468254726657 0.8412739638741135 0.46712976423823466 0.7373999677557378
0 0.4187241875186456 0.8992481276780437 0.29071341721709987 0.8432514259813337 0.3026269261763033 0.7957453926874015 0.43063773289500673 0.8517420943841115
0 0.5531815048618363 0.15075340902269874 0.5741113922191975 0.04786131718292116 0.6171098586198538 0.06311809518752462 0.5961798984281772 0.16601020205763026
0 0.2218187464165517 0.24596427274182428 0.20651866029725724 0.3029119012109683 0.15480624178428923 0.2786772166583555 0.17010634611216252 0.22172956414068656
0 0.11725817659874235 0.41394648991578015 0.13554188402854173 0.3505586183756895 0.18616940810173963 0.3760310083604216 0.16788570067194025 0.4394188799005122
0 0.18594345784699434 0.3720039626197424 0.12260457951584408 0.34201509131513497 0.13906514388564664 0.28137221460364953 0.20240401311250747 0.3113611099567819
0 0.6094485626584875 0.526416342684939 0.5967737894354117 0.6017456535657998 0.5498479146661508 0.5879731595375296 0.5625226878892265 0.5126438486566687
0 0.6362729311558398 0.39318607171000786 0.6736377360997166 0.4123772274705723 0.6517831442748732 0.48659867090536346 0.6144183393309964 0.46740751514479906
0 0.7717510942627536 0.6295419968048168 0.7923526445265886 0.529208665010589 0.8493618111621793 0.5496271612890317 0.8287602608983443 0.6499605411803093
0 0.7766935580670122 0.19710982663129803 0.7559847956910054 0.2733004234079492 0.6910823557997091 0.24252973455815358 0.7117910453414007 0.16633914980576486
0 0.4168470287095391 0.43294544986517436 0.45836353529609186 0.4507658397052305 0.42863194868502014 0.57158812995592 0.3871154420984673 0.5537677882129137
0 0.07577841492427562 0.9217842889639972 0.0716267633551914 1.0040321680764874 0.0020498774216681503 0.9979060468380615 0.0062015278527161955 0.9156581677255713
0 0.13673648515578385 0.8797139918550532 0.22208735937150395 0.9088042419289303 0.20676070693569137 0.9872432194703015 0.12140982361568187 0.9581529693964244
0 0.0786484147028593 0.925698234491972 0.11817547927892863 0.8571800430333925 0.14782075722632942 0.8870110838689421 0.10829370175454953 0.9555292753275216
0 0.1122788950480823 0.9983054447399528 0.038587096767380015 0.9530692074221828 0.05705924477952761 0.9005794540176812 0.1307510430602299 0.9458157875295509
0 0.048121509233351824 0.8931657747549744 0.08341054074235064 0.8301090995000985 0.11206861327542325 0.8580847485409279 0.07677958631856914 0.9211414237958038
0 0.04504506058795355 0.9342108351494779 -0.00477474686069534 0.9095364714157309 0.005163615529463228 0.8745343243634259 0.054983421271057854 0.899208688097173
0 0.02319600417107557 0.8194273218947006 0.07216464932607865 0.8539201211891746 0.057138247250941604 0.8911308847702423 0.008169606079065146 0.8566379892816687
0 0.1176184879567003 0.629875501748424 0.15809709644545233 0.5284365149724193 0.20236701328031773 0.5592509961860963 0.1618884138958551 0.6606899348650512
0 0.24119194595227664 0.5935609304970696 0.16669152744630072 0.5479286620708974 0.19221718726693018 0.47523636814174547 0.2667176057729061 0.5208686365679176
0 0.3298588572936866 0.4476001880787037 0.27796324226907443 0.42703821830058114 0.2874758590661825 0.3851597322264086 0.3393714922993735 0.4057217020045311
0 0.21897361955665462 0.9910521210414204 0.22586979103543595 0.9394401387965425 0.2822967201542456 0.9525915075231481 0.27540054867546426 1.0042033935739263
0 0.38919129291980537 0.9485573193705674 0.36552990023446824 1.0091044829528664 0.32899234744415645 0.9841980990506797 0.3526537037123359 0.9236509354683806
0 0.27194084586277784 0.19815406168042626 0.28067062123009584 0.09294608186040929 0.3325264140927991 0.10045152428208419 0.32379663872548103 0.20565952213849487
0 0.25592581810416354 0.31452065325797873 0.20714394289440072 0.300812681422072 0.21585987974180526 0.2467092238983082 0.2646417731601469 0.26041717168569
0 0.20426330930577827 0.2919369961353058 0.24577979768375224 0.30975736192683706 0.238693947439262 0.33855263279403075 0.1971774408527092 0.3207322670024995
0 0.22728255824997204 0.3748595325659353 0.18925454223924149 0.3554178152242169 0.19821534805479937 0.32484466095812403 0.2362433640655299 0.3442863782998424
0 0.2117082145162869 0.43450841159685283 0.20287322998046875 0.4678471702774084 0.16417690450081107 0.44995963695577224 0.17301188903662926 0.4166208782752167
0 0.17472957711231168 0.41911345978624903 0.18718453637170906 0.3683939663982467 0.22312526657359413 0.3837889422573754 0.21067030731419675 0.43450841159685283
0 0.11960578135488141 0.10732507968719218 0.16522187663148866 0.13254445514122834 0.15145723802662123 0.17597279650099734 0.10584114275001398 0.15075340902269874
0 0.4458440448333085 0.2637379122494336 0.43085853012194214 0.32452693184686515 0.372129927387101 0.2992734315359658 0.3871154420984673 0.2384844359870592
0 0.38919129291980537 0.2247764641511525 0.37133923805983365 0.2955095969005492 0.3445610465184032 0.28372072140187893 0.36241310137837485 0.21298758865248227
0 0.31919434759099047 0.20292789828974586 0.3617487795882123 0.22623144800593478 0.3445610465184032 0.28097914146381253 0.3020066145211814 0.25767561579614856
0 0.2965801666915274 0.32878284739921937 0.3163005309912925 0.2712093560690012 0.34871271174392154 0.29057471934409473 0.32899234744415645 0.34814821067431295
0 0.37875897901439437 0.30355522330113527 0.36837983415917736 0.3487915327644799 0.3393714922993735 0.33718181877647263 0.34975063715459054 0.29194550931312796
0 0.2944256183924709 0.3226712274213209 0.36731437737731204 0.34974599467007733 0.35517500920625744 0.4067513155505073 0.28228628663857397 0.3796765483017509
0 0.18305199015396592 0.8896382409254334 0.23311735166854677 0.7616591577552453 0.275266478909513 0.7904206644934496 0.22520108097777447 0.9183997957606875
0 0.1546497208406362 0.21343469882781718 0.09961366312031529 0.19598971848604338 0.10477653266706444 0.16757834624642928 0.15981259949167476 0.18502333861246553
0 0.09447845240481428 0.2285323146762953 0.13282686656869966 0.2330012520624015 0.1306966904524118 0.2648861090717962 0.09234827628852645 0.26041717168569
0 0.13905434619839835 0.27275435355256356 0.13795200794010573 0.2975043258486628 0.09025097576132253 0.29379844815830625 0.09135331401961516 0.269048475862207
0 0.17122963334040311 0.2275180681377438 0.15173712209187146 0.2836873180007634 0.12418256227042623 0.2670076218432944 0.1436750735189579 0.21083837198027483
0 0.15174157408939626 0.2262964752173217 0.16495015000955587 0.0736537780040263 0.2334473639513257 0.08399275591093504 0.2202387880311661 0.23663544109996798
0 0.10147368765673945 0.042345418246173785 0.11410862050932745 -0.009570551632519686 0.1428874250243558 0.0026465886403858616 0.1302524921717678 0.054562555888771916
0 -0.0012766644892089408 0.05683790106205982 0.010078716960897878 0.0074349171162778884 0.033341400947661845 0.016761728682040792 0.02198601907079146 0.06616471262782272
0 0.506259599562761 0.20466951651306392 0.492585758036247 0.26426556093472964 0.4494827379759285 0.24701492874710648 0.46315657950244254 0.18741886027691587
0 0.5198153402469607 0.1445244442674473 0.5075955629917773 0.20908049695411002 0.4632742069217072 0.19444646452053782 0.47549394775973297 0.1298904118338751
0 0.5132787153658264 0.19107501764199789 0.5927663725714126 0.2157765201361185 0.5864152566914342 0.2514259091881526 0.506927599485848 0.22672441871829443
0 0.48128769904161695 0.2674150038554595 0.46954396687145733 0.32215697376440605 0.43612343144018495 0.3096508510099611 0.44786716361034457 0.25490888110101456
0 0.4370266497846435 0.26408546153159473 0.3885002409359151 0.24112782579787234 0.3967135845903565 0.21084488913052846 0.4452400662734002 0.23380252486425088
0 0.41209659257765885 0.4281272317031127 0.398224095456071 0.4762217324018666 0.3401708124930079 0.44701316358537724 0.3540432731974381 0.39891861478957347
0 0.3539639202108816 0.40492805258508174 0.3647691822279609 0.3698996926406127 0.39871747510814437 0.3881663028605817 0.38791221309106505 0.42319468685357564
0 0.4347646708704691 0.3074389398332841 0.47217066361966736 0.3180252688432698 0.4615060810826559 0.3837553224195356 0.42410008833345764 0.37316899340954984
0 0.4574982636299224 0.3802265380666987 0.4474588908557391 0.434283750277039 0.41675248976823537 0.42433636652568457 0.4267918625424187 0.37027915431534425
0 0.44922399407070407 0.509718297502955 0.4600867951968974 0.4343976440910658 0.518252243005575 0.4490301133705181 0.5073894782965394 0.5243507186853575
0 0.4942901174322233 0.3779509704445553 0.5355251558071673 0.39439176855545705 0.5241159152301798 0.4443059249408983 0.48288091327239335 0.42786515087852145
0 0.5136884812238962 0.22034929905283443 0.5830087229289417 0.28348918220393765 0.5536419998205363 0.3397279563525044 0.4843217945326484 0.2765880732014012
0 0.5109353805214237 0.13762260178490077 0.5309797846901104 0.038348105500494056 0.5723879866497613 0.05293177130468442 0.5523435824810747 0.15220626458302552
0 0.5844601651649202 0.1552814336345363 0.5750598770906362 0.20908049695411002 0.5234465314551014 0.19334959927461953 0.5328468195293854 0.13955052393078335
0 0.40946967732650286 0.12242060331400216 0.4028599996270883 0.22329584456880416 0.32616255220763724 0.2145298446042036 0.33277222990705174 0.11365457930087668
0 0.654847939429818 0.47892521947645783 0.6276669012902745 0.612263179745986 0.5895537601734971 0.5987108740118942 0.616734761895883 0.46537300993646574
0 0.6783590020883055 0.6624346072510343 0.623316289132421 0.6439042087612047 0.6376586768393869 0.5695918619022113 0.6927013897952715 0.5881223084890909
0 0.7042422783972255 0.5385965357811269 0.6961868759555863 0.5851422633779059 0.6442389658925641 0.5694603164708925 0.6522943683342035 0.5229145888741135
0 0.6649517341559144 0.4703658203894553 0.7197587552673776 0.4856780452743302 0.7111291270836441 0.5395566971871306 0.6563221059721808 0.5242444723022557
0 0.30090007918546763 0.0026273176931226414 0.394013325183659 -0.005058750005290676 0.39615782234719943 0.04025756138530277 0.30304455814042924 0.047943632277660804
0 0.39224399757840467 -0.009146363459016696 0.4337955738877909 0.0 0.42762912941434217 0.04886521383755972 0.386077553104956 0.039718847372477405
0 0.5578410801853371 -0.004818535677742263 0.6186478280224493 0.0 0.616064030685971 0.056874557026170953 0.5552573192660165 0.05205602022115408
0 0.45769353242933325 0.579812917867169 0.4781771639366423 0.5031621886389381 0.5084714320508279 0.5172835305697153 0.4879878005435188 0.5939342117008963
0 0.47525734548637005 0.5118597705501379 0.456907759418351 0.5829484607404944 0.42863194868502014 0.5702173640354118 0.4469815711701969 0.49912867384505516
0 0.5054375186455847 0.6743979307494828 0.48544537309815033 0.7489507147606383 0.45918091839992914 0.736665333416445 0.47917306394736353 0.6621125494052896
0 0.5225846830017526 0.7537173247882191 0.5538054036069884 0.663752129737367 0.5895084208122017 0.6853642985987982 0.5582876637898083 0.7753294936496503
0 0.9370203131992094 0.2744715384745617 0.7976781439951894 0.22998015611917602 0.8104694521227999 0.16010158770285413 0.9498114756581891 0.20459297005823976
0 0.8086757614390663 0.3896244611206536 0.8576444566676611 0.4096957688448089 0.8468747377964648 0.45552831338652483 0.7979060425678699 0.43545698161384455
0 0.8431436543248434 0.4587378776195577 0.8521003085844272 0.4084632819425975 0.8952570439523045 0.42187451902950157 0.8863003896927207 0.47214911470646176
0 0.7428695205287887 0.1335538679262707 0.7906135795793556 0.14589103776888174 0.783598105492057 0.19324812652371454 0.7358540464414901 0.1809109566811035
0 0.625881732221435 0.0961338461056011 0.6780708695368437 0.1222787170169671 0.6625830893869332 0.1762057786104339 0.6103939884886821 0.1500609076990679
0 0.6085977121867542 0.17358540323797034 0.6625227097395212 0.19435792987604045 0.6552107999888126 0.22746761433245913 0.6012858024360457 0.2066950997186515
0 0.8803740799569287 0.09260975722725509 0.9647959706891408 0.09947118015154034 0.9624699339946301 0.14939005004786618 0.8780481160967333 0.14252863313571218
0 0.8805960789500671 0.1776932640466472 0.8866965355338231 0.13257386648720695 0.9586858999757607 0.14955201686321046 0.9525854433920048 0.19467140239838826
0 0.8655906804706146 0.011295229924579979 0.9536065076586739 0.03027398159787634 0.9465697659512977 0.08719737817209663 0.8585540115975537 0.06821862499576746
0 0.7441573768925268 0.021898484587011796 0.7927317471379027 0.03505813201832151 0.7855756299876939 0.08113247245385762 0.7370013325766334 0.0679728250225479
0 0.7503849293565409 0.36322697247925284 0.7362311825262903 0.4613664294904945 0.677615145225798 0.4466205954645636 0.691768964890364 0.34848111440479707
0 0.933222513494742 0.5110721813589687 0.9218055160631713 0.5508252588006058 0.8811618559115827 0.530464190399675 0.8925789261774687 0.4907111129580378
0 0.9088799014580847 0.4928089619810136 0.9638892562975463 0.520224905652827 0.9382470615723821 0.6099704414770488 0.8832376338986053 0.5825544978052354
0 0.7288779757187873 0.7381901060905487 0.7119220014403714 0.8213682302440406 0.6709781182409755 0.8068093494508471 0.6879340925193914 0.7236313214914549
0 0.8939647446953312 0.7728586039080969 0.9237162514916468 0.7854324713572449 0.9035184218377088 0.8687944224352344 0.8737669878757085 0.8562205068890366
0 0.9531930272505221 0.8029787080131994 0.9325385992737545 0.8848152611554374 0.9042035014077416 0.872341002696513 0.9248579293845093 0.790504449554275
0 0.8975294745907294 0.5897980097055999 0.9583869151113141 0.611437690079541 0.9461710709091588 0.6713632473896769 0.8853135575542587 0.6497235670157359
0 0.8869124892787887 0.4794113844562648 0.8970110399341811 0.3993864066963406 0.9394251566229117 0.40872257313829785 0.9293266059675194 0.488747550898222
0 0.9841870146321227 0.4333397494797823 0.9730186735531027 0.50954894779046 0.9356797976254848 0.5000041363462865 0.9468481387045048 0.4237949861326586
0 0.6227215969477178 0.8251855968959318 0.6140783487470167 0.9136547332114362 0.5614847988957152 0.9046918479733057 0.570128083513574 0.8162227116578015
0 0.556679773444492 0.8124324717420213 0.5425555245119518 0.8734827304656718 0.5043995932349157 0.8580847485409279 0.518523842167456 0.7970344417202275
0 0.5275010721211217 0.9440071460672774 0.5047776397486575 1.0200359804410462 0.46304477882840467 0.9982788951684397 0.4857681747837112 0.9222502531828703
0 0.8572258050231205 0.8876955048881994 0.7960530647514543 0.8690510682931935 0.8023854986295496 0.8328096526546493 0.8635582389012157 0.8514540892496553
0 0.8840642305433324 0.9511347440775216 0.786497712419824 0.9100698676984831 0.7984523727671913 0.8605255776263298 0.8960189637250149 0.9015904540053684
0 0.6487680949573016 0.6851530082588406 0.6840571219141557 0.696119376108156 0.6642381035342706 0.8073652551529256 0.6289490765774165 0.7963988392065603
0 0.5754660740672546 0.6868963339274281 0.6260185150656324 0.7035878379106334 0.6109992780662664 0.7829328195798857 0.5604468734850463 0.7662413155966804
0 0.770230095255631 0.6218194863850719 0.7525856181943615 0.679393001763815 0.7099063117634994 0.6565775890064766 0.7275507888247688 0.5990040736277334
0 0.8829184739288112 0.65594482421875 0.9398039678969645 0.6709709197541125 0.9281074323631414 0.7482100682901153 0.8712219383949881 0.7331839727547528
0 1.0187304367029013 0.7220829331658787 0.9966075960946823 0.7925502575693213 0.9420720284764693 0.7626856449929816 0.9641948690846882 0.692218320589539
0 0.990411799392154 0.5326506341884604 0.9734389275525805 0.6253056086546985 0.9451461464237768 0.6162651909722222 0.9621190182633502 0.5236102646030338
0 0.8801981850853968 0.1826046461942536 0.8180060557363141 0.16040500794178486 0.8268589939308622 0.11714322666562008 0.8890511961142601 0.1393428649180888
0 0.4984565680237545 0.5919379436471878 0.5147130415377014 0.5017626606826241 0.5595840053512828 0.5158726998066884 0.5433275682544936 0.6060479827712519
0 0.5733125090314551 0.4447322090936515 0.5607741908981578 0.5084231882418488 0.5153669116036135 0.4928308461386919 0.5279052297369108 0.4291398669904945
0 0.4445737415395659 0.9729389644589737 0.39323585528462485 0.938442702176911 0.4318038467006638 0.8383237870308806 0.4831416601212895 0.8728200493129432
0 0.4495156590864596 1.0275333485704787 0.37913728044823986 0.9946607464969957 0.39158532044768046 0.9481738896892238 0.4619636990859002 0.9810464917627069
0 0.646360993669824 0.7886516550002463 0.713622391366162 0.8223860600128053 0.7002023774285874 0.8690593409857663 0.6329410525665647 0.8353250321673069
0 0.8936543976776924 0.5953128655375788 0.8773802982594346 0.6651668563614312 0.8375695713380071 0.648988644094144 0.8538435979219496 0.5791346532702916
0 0.79540687870581 0.640541695909673 0.7809762886429743 0.6953362599426222 0.7509949895817796 0.6815634292350029 0.7654257253132458 0.626768817105004
0 0.6311124742457861 0.0768046878847764 0.6442841231680713 0.023529258649869638 0.6806947257467557 0.0392316362818364 0.6675230768244704 0.09250706401371035
0 0.7067049522673031 0.09612797826552034 0.6921988330194659 0.14476131021365865 0.6611539344514469 0.12860908237754876 0.6756600536992841 0.07997575042941046
0 0.7033218711543482 0.09189947201944507 0.7713607023325626 0.10123564447353355 0.7682412814411173 0.14089015903578112 0.7002023774285874 0.1315539925938239
0 0.8294001831928699 0.03990885476787979 0.8812764242896032 0.047383142325519295 0.8772534208821227 0.0960876488892275 0.8253771797853893 0.08861336133158798
0 0.7343200100919227 0.9816448190627463 0.6654422732696897 0.9575649348650512 0.6822493013732474 0.8737075360766351 0.7511271110297957 0.8977874202743302
0 0.5807174282028453 0.43106490331338654 0.5946802034582899 0.381889036643026 0.6344082998489707 0.40156532329682576 0.6204455245935262 0.45074116591866137
0 0.5550409285151588 0.5036392632763249 0.5784417928545458 0.4275627166291125 0.6225700287375074 0.4512394994520784 0.5991690915638052 0.5273159980022409
0 0.5282367715403118 0.4342243023234338 0.5420547885940297 0.3848425802797478 0.5839687156222032 0.4053005642361111 0.570150734985643 0.4546822381827472
0 0.9424070663270062 0.26080634896448973 0.955412288838753 0.18673375387469834 0.9960700788475164 0.19918549089003398 0.9830648563357697 0.27325809800408785
0 0.9983945860214052 0.09837968975094193 0.9473006583056757 0.08753984720336817 0.9526624292633129 0.04345611139392176 1.0037564298133577 0.05429595394149552
0 0.9652607264552879 0.09362725031667098 0.9961480843992393 0.09899482696990125 0.987129011131414 0.18952385171179326 0.9562416531874627 0.1841562810706942
0 0.8668589444035277 0.34556525480662675 0.8408485722143496 0.33375661142047136 0.8546388029767676 0.280772708925889 0.8806491751659457 0.29258137636056936
0 0.968864641212336 0.25908445053160706 0.961208880658935 0.3038628279834023 0.9065975653527745 0.28757627711134504 0.9142533987404907 0.24279787561102492
0 0.9709873973327491 0.2881618105961264 1.0136331999785575 0.3011091516373005 0.9998212645901701 0.38046473870604314 0.9571753891100463 0.3675174217133939
0 0.9554289678969645 0.3698745138350202 0.8936280316555415 0.35198479209761624 0.9025953925594794 0.2979489590259308 0.9643962559665871 0.3158386807633348
0 0.8724267636392452 0.25405287385644454 0.9090340917036471 0.26504114991196315 0.9013769472982548 0.309538279864805 0.8647696192338529 0.29855000380928637
0 0.834011615033935 0.39295455656059153 0.773746827337224 0.3749334336830181 0.7817434524863888 0.32828730349469315 0.8420082401830996 0.34630845042079145
0 0.4979804136872576 0.02831058787773499 0.495541920809871 0.06158957695566453 0.4717990993599903 0.058554917644383496 0.4742376286545346 0.02527593157251958
0 0.45408349958979716 0.12158797123565554 0.47168824553205174 0.04076302530635897 0.5230957249752946 0.06029450376734572 0.5054910154501976 0.14111943767237983
0 0.4505093740677208 0.13151271330079664 0.4100245655578759 0.12081883928736332 0.4202161256339499 0.053517659505208336 0.46070097056095244 0.06421152750651042
0 0.4653976185509584 0.06569816523222025 0.4244309382108629 0.04958157430397797 0.43250312896218673 0.013790868604342895 0.47346973646796686 0.02990746103561798
0 0.48188850930880817 0.021457769816273117 0.43637041260348297 0.019310738553767883 0.4368477322890252 0.0016585820485889864 0.4823658289943504 0.0038056136868524215
0 0.5637999468600835 0.0556523749168883 0.49886152681701224 0.05938132115477553 0.497038046898307 0.003989935484901951 0.5619764669413783 0.0002609859826153334
0 0.6661847462802059 0.43581487176172184 0.7289009913624329 0.45732935551492315 0.7226203426825403 0.48926497896042653 0.6599040976003132 0.46775049520722517
0 0.4285036874557167 0.6468199481167504 0.4515308753402819 0.5874429857571168 0.4790217870744145 0.6060397100786791 0.4559945627726917 0.6654166724383126
0 0.4227887429030243 0.7248493311816637 0.4450519716540498 0.6464397409377463 0.4766954954598001 0.6621119241436416 0.4544322667087746 0.7405215143875591
0 0.3865710784256601 0.6303431493640416 0.3975366487707898 0.5756316008391203 0.4373116868777036 0.5895370832102049 0.4263461529497315 0.6442485836380762
0 0.36541274623825326 0.6139046358630073 0.42061409233293556 0.6337880524619534 0.41072796295821523 0.6816631344193262 0.3555265804463753 0.6617797178203803
0 0.3006666634134006 0.7295772711811712 0.2762273638231373 0.7114211639332151 0.29076722356755297 0.6772821665373818 0.3152065231578162 0.6954383699794375
0 0.258876900684293 0.7113090016129827 0.24218527855338232 0.7018611538212913 0.2563876787062761 0.6580937042116085 0.2730792826286079 0.6675415520032998
0 0.30159819609794525 0.5383168033392435 0.27130695060784604 0.6133287698852443 0.23930225964093266 0.5907851054595153 0.26959350513103186 0.5157731389135146
0 0.8488650082972852 0.2836453052277261 0.8479214397421315 0.3434660350177305 0.8208350862125223 0.34272074718189766 0.821778654767676 0.2828999933433683
0 0.790292380248732 0.29162931930746405 0.8262223491805265 0.3127198275663047 0.816123507187873 0.3427296691846434 0.7801936110903938 0.3216391609258028
0 0.8527887385329654 0.28848023711460796 0.8413198102345615 0.3490694615669942 0.7809987216120973 0.3291525934698828 0.7924676499105012 0.26856336901749656
0 0.8761644021992467 0.4798951926806294 0.8581274938469571 0.5553309904298415 0.7857060762464574 0.5251261393229166 0.8037430574330624 0.4496903415737047
0 0.747807978445704 0.5140870487342396 0.7645608906529684 0.4350653754340278 0.804198781744108 0.4497235766351458 0.787445723868213 0.5287452499353575
0 0.7930431138359562 0.5332743567308166 0.7711172172164007 0.6201486429705969 0.7393414991283189 0.6061596160239362 0.7612673957478744 0.5192853778812057
0 0.8192549457413485 0.6456212734405782 0.8112385824927282 0.6879708701179571 0.7829830196990603 0.6786413410688781 0.7909993101133651 0.6362917924885491
0 0.7794251362293034 0.6712069319776891 0.8285983502153565 0.6861941169997291 0.8214463117868064 0.727125860744804 0.7722731706350686 0.7121387238198138
0 0.8251455666626268 0.7116638616467199 0.7531832965859935 0.6841516276811219 0.7667451917698389 0.622275686902827 0.8387073161778416 0.649787920868425
0 0.8250929074526402 0.7147554438164894 0.8389510197969496 0.6525260859159525 0.8643361093889842 0.6623868949775906 0.8504779970446749 0.7246162528781275
0 0.8192867015028341 0.7325951205735323 0.8102703231046763 0.7861820157819888 0.7685535221509546 0.7739383345800088 0.7775699733834278 0.7203514393715524
0 0.8083574754810561 0.7942536145894897 0.7945947760898344 0.8487838372365051 0.7526993853949134 0.8303398691452423 0.7664621576204504 0.7758095022070775
0 0.7880542545728296 0.8799248493215622 0.722867032508577 0.8532059761931147 0.7305719562248285 0.8204160048512609 0.7957591782890812 0.8471349741738081
0 0.7614697294758727 0.7875709623873375 0.7494611717351581 0.8351513056232762 0.7126256537608144 0.8189347119102147 0.7246342843358443 0.7713544167713259
0 0.8080525910370674 0.7974139755405338 0.8442972042111053 0.807491750394011 0.8381269723532593 0.8462001599130713 0.8018823591792213 0.8361223850595941
0 0.8730661032592482 0.7532873371626281 0.8648925635581369 0.8072624236603625 0.8132564571990603 0.7936230141690062 0.8214299969001715 0.739647831477172
0 0.9998212645901701 0.5417390046296297 0.9998212645901701 0.6807378433744582 0.978907327947867 0.6807378433744582 0.978907327947867 0.5417390046296297
0 0.9998212645901701 0.42323359736689814 0.9998212645901701 0.51411744606974 0.978907327947867 0.51411744606974 0.978907327947867 0.42323359736689814
0 0.9869658622650657 0.4135959105194789 0.9476633003617243 0.3980235286920065 0.954292097068914 0.368840643700133 0.9935947318065707 0.3844130014790805
0 0.9467579698221211 0.4011980542242292 0.9715380975909904 0.40774360578580576 0.9686320084091588 0.42693476154637017 0.943851807805974 0.42038918593626873
0 0.9960468447009249 0.4273033773363623 0.9741666151970838 0.42248708305629434 0.9769745237218451 0.40023570440245765 0.9988548988943168 0.40505204677957546
0 0.9062140926825403 0.3745424768133742 0.9429260836580773 0.38290217694943113 0.93939318235848 0.40996506422687645 0.902681191382943 0.4016053159937697
0 0.9009225340048851 0.3086730139381403 0.8817612823267825 0.40673630927095644 0.8377298068317423 0.3917289475365076 0.8568909856755296 0.2936656522036914
0 0.8631113275423254 0.293351145594772 0.7926625545383353 0.2610960134471656 0.8041206305237545 0.21744305886463258 0.87456947636206 0.24969819101223897
0 0.772128740187761 0.11060591172382905 0.798858424075179 0.130972751770741 0.7862004755789455 0.15995011806863796 0.7594707916915274 0.13958329004598846
0 0.6802902039593899 0.03504147841481358 0.7189708336440931 0.05117407063032531 0.7090704651607249 0.09258059839078815 0.6703896898073911 0.07644801218740765
0 0.7041998888257011 0.05512271817976138 0.7150525659820629 0.008539325332340995 0.7457250626957787 0.02100394709641958 0.7348723855394168 0.06758733919232356
0 0.11056395646780373 0.0022874549207394287 0.09391396825239595 0.06982837313268014 0.07374196746753338 0.061154346751640686 0.09039196478723058 -0.006386574278486536
0 0.17749624320601506 0.07026044696780807 0.15914436285706296 0.12975321499919967 0.11750617744245506 0.1073488155812894 0.1358580577914072 0.04785605957416027
0 0.21230784122585397 0.42802079293181144 0.25885821868240977 0.44940522226223895 0.24601609041127498 0.49816779098330377 0.1994657129547192 0.47678336165287627
0 0.2246007441336329 0.3922432733389972 0.2740622545483573 0.4167401589588258 0.2618632350730441 0.4597043397390908 0.21240170644974082 0.4352074541192622
0 0.2477336510269056 0.42366377738068856 0.2631341210413093 0.3728142776669622 0.2860487252829467 0.3849198241417947 0.270648255268543 0.4357693238555211
0 0.3255116319314961 0.483295606007437 0.21447486240141148 0.4306523749168883 0.24464165225518347 0.31966379104025067 0.3556784035766893 0.37230702213079936
0 0.3069140450197643 0.2777736895285412 0.2906383978723057 0.3383522123873375 0.2445968227340953 0.3167750581781915 0.26087243346439626 0.2561965353193952
0 0.25428957700160354 0.2532845234852123 0.26533843338631785 0.20221067508249607 0.30534604967067236 0.21730756947522656 0.294297193285958 0.26838139382941784
0 0.37442697602410874 0.31542042881790533 0.4043811443028416 0.328607485555494 0.3918327750340282 0.3783262957730004 0.361878643172453 0.36513921498688684
0 0.3934757351021778 0.3733890374125788 0.40188893611789606 0.3289429384296198 0.4295096021847964 0.33806276434138594 0.42109640116907815 0.38250886332434497
0 0.39444497775348675 0.41323196014332153 0.4040956337867318 0.37340125406323876 0.4194439726399351 0.3798879829328581 0.40979338944100535 0.4197186649644159
0 0.3648519948444958 0.5253819194339785 0.37898239827668184 0.4631741090117711 0.3951366852462149 0.46957472011364754 0.3810063182311866 0.531782530535855
0 0.38082958576502834 0.47084948432267043 0.3625525790922397 0.5476550860513938 0.32052018705017526 0.530208121706314 0.3387971937229639 0.4534024718805408
0 0.5965037926284681 0.2080089187321464 0.6783009531389842 0.22620369600817572 0.670927207054557 0.28402724390052453 0.5891300465440409 0.2658324425759703
0 0.750335256353483 0.35446171801892484 0.6349783012007757 0.3141325100657506 0.6501799153257384 0.23828577112268517 0.7655367976441304 0.2786149550273345
0 0.6827723974259771 0.2500090662938953 0.6513149652959054 0.2423557434803487 0.6590139165982996 0.1871567674280622 0.6904713487283711 0.19481011429013373
0 0.6577045012772226 0.1941185869317622 0.6633195899835919 0.13479047915050607 0.7060815633623583 0.14185007995653565 0.7004665474903043 0.20117819976205428
0 0.58251953125 0.4182254920520587 0.5437856960979452 0.3977627945848109 0.5563480131381452 0.35628435572270245 0.5950818482901998 0.3767470291414253
0 0.5418734311488477 0.31934089149613376 0.531011649703069 0.3623770976085377 0.5132011104028379 0.35453612415503105 0.5240628190143012 0.311499942091152
0 0.4893532254530877 0.2975766638116258 0.5243443236430676 0.31057426626988527 0.5193219970120451 0.3341584141748547 0.4843309352392228 0.32116083576512017
0 0.48872069584156846 0.40339731587679767 0.47863387151094494 0.4469961853267829 0.44663382373163407 0.43408241602639874 0.4567206116450999 0.3904834984793637
0 0.5043156516864932 0.35719343806177356 0.49665643150311384 0.3976561634253103 0.4709406377023046 0.38916527858580824 0.47859982146852625 0.34870255322227145
0 0.567411472803084 0.31899868098650513 0.5583768129917773 0.35956837418889137 0.5336127087722815 0.3499487958807378 0.5426472957492728 0.30937910267835156
0 0.554961502694287 0.35890208575742466 0.5472705631665796 0.37921731766985567 0.5281106953404684 0.3665648596412653 0.5358016348681757 0.34624965177735917
0 0.6392188607081593 0.36551841212784425 0.6744149510786471 0.3806763897738746 0.6660849632681981 0.41441476279304573 0.630888800063395 0.3992568091955403
0 0.5981230815441341 0.3502729459481506 0.628352345031884 0.35825784982331066 0.6231108235288634 0.39287045886894206 0.5928816328754288 0.3848855790423069
0 0.5598646723854229 0.3629736934147828 0.5711507865523382 0.2803137909248178 0.6057058256964126 0.2885435328322006 0.5944196751123396 0.3712034353221656
0 0.6169223102578685 0.38848869738567526 0.6283930594141557 0.3495323235261525 0.644899208961068 0.3580101259680974 0.633428532639096 0.39696649982762017
0 0.41631890708905134 0.9039281630159082 0.28886054865215727 0.8427145667109929 0.3108627938427618 0.7628025689211485 0.4383210976539193 0.8240161652260638
0 0.29252529827108814 0.9104423312524625 0.27633386580073466 0.9532112861074172 0.24637971573058062 0.9334306048069346 0.26257114820093413 0.8906617461460796
0 0.26637828890634324 0.9155422538354512 0.27784922014841884 0.8787495498116135 0.29810646439509064 0.8897659866898148 0.286635533153015 0.9265586907136525
0 0.3223445045635069 0.9002847152962471 0.3150583781604266 0.9195307497906816 0.29266022384024465 0.9047398488290485 0.2999463684519037 0.8854938143346138
0 0.5617079268207413 0.9086603355558018 0.587614218773307 0.9257678790201438 0.560358634712019 0.9977621404649331 0.5344523427594533 0.9806545008064913
0 0.6188418586384994 0.9990388285559496 0.5877898223075776 0.9836597006747438 0.6007096830017526 0.9381566209244484 0.6317617921669899 0.9535359411938534
0 0.6126554575626492 0.9075282271966115 0.6065439301629624 0.939814430038416 0.5792407488766035 0.9307995037923562 0.5853521670248173 0.8985131085623522
0 0.6185611551872017 0.8640750437105988 0.6717280203516557 0.885140685794671 0.6556294516333532 0.9560134202312353 0.6024625500517415 0.9349477781471631
0 0.6805800845344198 0.8550209664659673 0.67120252076652 0.8921764184397163 0.6477249618930863 0.8818406510108846 0.6571024528266707 0.8446851990371356
0 0.6236401833327118 0.8320326929114953 0.6546062751715394 0.8456653207188238 0.6465780399295197 0.8774746894084909 0.6156119480906921 0.8638420616011623
0 0.6552633135301685 0.9725222516191391 0.6681291311623657 0.9088015484941391 0.6942890322009249 0.918014826973749 0.6814232145687277 0.981735530098749
0 0.7871366878682503 0.9193013268629334 0.8465150819473448 0.9353880585414204 0.8407332026588604 0.9726151751194346 0.7813547357454504 0.9565285396350472
0 0.9661404921502088 0.9033968830033491 0.9435900412766632 1.0012546596421887 0.8780329665591438 0.9749033441686368 0.9005832717640587 0.8770454713356974
0 0.9998212645901701 0.8161725945318656 0.9998212645901701 0.8838899701105694 0.978907327947867 0.8838899701105694 0.978907327947867 0.8161725945318656
0 0.8111068252162887 0.3725707142065603 0.7993498372007384 0.43985762118917454 0.7614599696776179 0.42830942332791566 0.7732168848588529 0.36102254039382636
0 0.6545626474166543 0.6834633588978772 0.6440064787580176 0.7392305414727394 0.6244814925091363 0.7327837572030141 0.6350376611677729 0.6770165746281521
0 0.46947441010031327 0.6093189669369337 0.5167243611556533 0.6316902515360274 0.5053860976189588 0.6734618659654502 0.45813614656361873 0.6510905813663563
0 0.3381739504866498 0.5492496475448188 0.32164682465692124 0.5965431880725472 0.294694031053056 0.5801136687198335 0.3112211386742057 0.532820128192105
0 0.25184704181971584 0.7237529108334565 0.29056609160575775 0.7401898852288958 0.27764337216470575 0.7932884029932525 0.23892430417008503 0.7768514285978132
0 0.7717918086450254 0.9507163959379925 0.7717918086450254 0.9997223838283097 0.7218682555424001 0.9997223838283097 0.7218682555424001 0.9507163959379925
1 0.3585055767778565 0.7852651898178931 0.3114082136131414 0.7664598204941144 0.32389991778462485 0.7118890520340819 0.3709973173664976 0.7306944694549103
1 0.6173676192618213 0.8324607566550926 0.565210383376529 0.8101196770032998 0.5724524814359897 0.7806282013396375 0.6246096809041244 0.8029693290884801
1 0.32426525471034084 0.8612949380356087 0.28942836497450214 0.8919682544079984 0.26620377788680266 0.8459582317523641 0.3010406494140625 0.8152850115740741
1 0.11933653109966998 0.6201651883557427 0.09918212890625 0.6483494343017385 0.07686147029758353 0.6205077355447203 0.09701588159529292 0.5923234895987244
1 0.044937434230613256 0.6213066275426025 0.042433941278935614 0.7105800427255713 0.001916917098734999 0.7085981075927157 0.004420409339140025 0.619324644312697
1 0.06420131401116637 0.6321817552883668 0.030535952857115387 0.6099504331043144 0.041757729286794734 0.5803087022569444 0.07542309726906278 0.6025400244409969
1 0.17862191575808287 0.5599368120197991 0.15970560588244892 0.5466392282616725 0.16524716834748843 0.5328886183910806 0.1841634964317012 0.5461861059551074
1 0.16268564010292363 0.5163453495154896 0.1800517079938283 0.4731950331523345 0.18991309190991384 0.48011783392434987 0.17254702401900918 0.523268150287505
1 0.3075517458676723 0.029807479293258103 0.22501407887315408 0.024852500176035203 0.22590513388695183 -0.001038011741788487 0.3084428372986277 0.00391696887846722
1 0.732881823701335 0.7287046945029304 0.7024177787981056 0.7473850595941687 0.690461953101693 0.7133750103889628 0.720925925170607 0.6946945972006747
1 0.5624162769545235 0.6389899407906078 0.5451089863560934 0.6287638346354166 0.5519002764207935 0.6087147236997635 0.5692075670192236 0.6189408298549547
1 0.4454983731727327 0.6703510930727935 0.4278970504432988 0.6856066596329541 0.4185044828064402 0.6667037013950453 0.4361057327015588 0.6514482310289844
1 0.7431825624160948 0.5945655335771277 0.7232089896190707 0.5842710815141106 0.735566933570443 0.5424472336885588 0.7555405063674672 0.5527417338486259
1 0.7768634805246868 0.7444681659094267 0.7576819809069213 0.7837786542984141 0.7288996075104416 0.7592808548346385 0.7480811799625223 0.7199704145427009
1 0.783753752423926 0.024085944425975177 0.7165781535510516 0.021056466068781858 0.7170973893850686 0.0009725141750723476 0.7842730610922584 0.004001992438326115
1 0.8502429607090916 0.5723870700508521 0.8639783472320629 0.513429562062894 0.8942336489875448 0.5257245628170557 0.8804982624645734 0.5846820708050138
1 0.17880849906539006 0.7348711691661741 0.1470290755315157 0.7165931839939175 0.1589693784144727 0.6803807708764283 0.19074877463547882 0.6986588522427847
0 0.23343350722283338 0.7357507680136919 0.16376244082940222 0.694065535885786 0.1736263375293668 0.6653085021732171 0.24329740392279794 0.7069937343011229
1 0.17285290993483368 0.6370330161236702 0.19506843220931533 0.6468132145297725 0.18909430674550642 0.6704836485421591 0.1668788026796036 0.6607034501360569
0 0.3056666117010367 0.6250036553757881 0.32604361377069657 0.5468122814470056 0.36320590290078686 0.5637053601661003 0.34282890083112694 0.6418967340948828