0 0.14902653700935722 -0.025695696906864362 0.30018355259685053 0.0318338564304119 0.28453615278132777 0.10348958476608348 0.13337913719383446 0.04596003142880722
0 0.2950337872566234 0.03748301474701071 0.3485520038631868 0.054492334356890035 0.3389950965241043 0.10690107748542034 0.2854768799175409 0.08989175429366564
0 0.10309147190403294 0.19388293055861208 -0.014077578635507423 0.16063285433630428 0.002342038100338932 0.05978776815351746 0.11951109016602951 0.09303784437582527
0 0.10190447702855508 0.2252464903352406 0.004661056768165035 0.2399184249376467 -0.001019732456966959 0.17429590359540054 0.09622369280580437 0.15962396899299441
0 0.04256949282302965 0.2104755526976966 0.09440283958467617 0.22984245192836708 0.08595231925779862 0.26926131987235913 0.034118969782996146 0.24989440631418722
0 0.4656761896559388 0.12919959126503813 0.45126481687022135 0.22274271647135416 0.397125461193101 0.20820558933025235 0.41153683397881846 0.11466247845143779
0 0.3947403149448791 0.05602477167693662 0.37852840504978663 0.12959687855322036 0.333932825036951 0.11246974748065214 0.35014475663729105 0.03889763344061766
0 0.34055286043907806 0.4574319329060299 0.3226859037092705 0.5301608806484742 0.24652208135613 0.497549882629108 0.2643890380859375 0.42482096354166665
0 0.22545030140775027 0.19250648749266433 0.2666712580500422 0.20136542521731954 0.26077383375100016 0.24919198622725938 0.21955287710870822 0.2403330341751027
0 0.2674666468483286 0.1490603737987823 0.22486100393542185 0.14382805622799297 0.22818375176420252 0.09667146351415787 0.2707893946771093 0.10190378108494719
0 0.22609275503145004 0.14207485718346538 0.26291440526927007 0.14458924772593898 0.26168263246799434 0.1760283134352993 0.22486100393542185 0.17351392289282572
0 0.07593644903191123 0.34870631258252643 0.12556642014135846 0.3702345870470217 0.11280126015458304 0.4215246066241197 0.0631712673398882 0.39999633215962443
0 0.12965539576827548 0.3772767259481367 0.08396844877457381 0.35401221620085094 0.09383870934693946 0.3202291999064701 0.13952566176695302 0.34349370965375586
0 0.024226697376408583 0.30715062674222415 0.07537711022758213 0.3287596510049883 0.0597989121677187 0.3930287822311473 0.008648499994834151 0.3714197579683832
0 0.038616674214304765 0.3756862586652729 0.07207083125541763 0.39273269008582745 0.06285905905841595 0.4242414734173269 0.029404899304147126 0.4071950419967723
0 0.028930091586594563 0.22745258170114438 0.027117272020234152 0.2880819544545921 -8.312113063772916e-05 0.28666444876943953 0.0017296999989668302 0.22603509034349326
0 0.024068474260875543 0.2929201224600205 0.022868198487022692 0.36343446830068954 0.0005294229533221271 0.3627717353928257 0.0017296999989668302 0.2922574182071596
0 0.0814214464950019 0.27397733160027876 0.06755684517525337 0.33132946032313676 0.022366474905868683 0.3122891278334067 0.03623107486903922 0.25493697045554575
0 0.02897845630455831 0.36941814870341844 0.028401888959947046 0.4706546407350352 0.0 0.4703727041611649 0.0005765666663222767 0.36913624078455104
0 0.0057656666632227675 0.4604773579628815 0.025845127458423163 0.4093534800927964 0.05627290554779183 0.4301825724856954 0.03619344068285751 0.4813064503557805
0 -0.014283661821997522 0.5551434584066901 0.001982230210880806 0.4995061023694249 0.05636283038859686 0.5272156048268779 0.04009694225588021 0.5828528462441315
0 0.03414033317294602 0.5252769792583627 0.04885097519941045 0.4077299735915493 0.09213528151532495 0.4171710520283157 0.07742463677570458 0.5347180003851233
0 0.057066047852951635 0.5236451914612676 0.09831053298364154 0.4211501143907717 0.13741695355215927 0.4485774223793281 0.09617246842146937 0.5510723848298122
0 0.13965186692912074 0.4450537166685006 0.17815910328502846 0.46808912966732685 0.16189249616598506 0.5154821834653756 0.12338525981007735 0.4924467704665493
0 0.12001425036325902 0.497525010086561 0.1521147053747055 0.5173016615316901 0.12125574711545942 0.6046008472711267 0.08915528667770103 0.5848241385159918
0 0.0971374294666274 0.5551990491123826 0.0843555076023932 0.5958964316497946 0.04554876596117088 0.574653847564554 0.05833069325171697 0.5339564077171362
0 -0.023949030283335095 0.7832756794674296 0.0011531333326445534 0.7017702487712735 0.04341535446145287 0.7244557841842723 0.018313188132317273 0.8059612148804284
0 0.08129589791657406 0.7421125958223298 0.049586300151276894 0.7199500142128814 0.07853310206536718 0.6477658267312206 0.11024269983066434 0.669928408340669
0 0.08885650309186911 0.7506272007042254 0.12518019696557164 0.6478684116417254 0.16201522848853686 0.6705620277655516 0.12569154004114622 0.7733208168280516
0 0.04523042594725173 0.8304939090925763 0.07461923352345973 0.7474826579922241 0.11293774275148916 0.7711269324933979 0.08354894060159306 0.8541381262837441
0 0.08304018045048286 0.755324443405223 0.05180509195558377 0.8442652742627641 0.01701146881407389 0.8229685322219777 0.04824656002212893 0.7340277586744425
0 0.1566725577602685 0.7181206788255575 0.23812119550420074 0.7689210130575117 0.2144828134376667 0.8349760673415493 0.13303417569373444 0.7841757331095951
0 0.206898175126967 0.8275201501980634 0.1772408953431999 0.9022670692121478 0.09024499863343761 0.8421069794417547 0.11990226213826903 0.7673601177376761
0 0.20938859182604685 0.6945184698686914 0.2649424784892314 0.7311892513937793 0.24797867711204213 0.775980058410358 0.19242479044885757 0.7393092195752641
0 0.19360716210659673 0.5605519755905223 0.28865207547313965 0.6096518073283451 0.2705026900615665 0.6708843392385564 0.17545778754764735 0.6217844501907277
0 0.34087880814228083 0.6331501132445716 0.3166038979846417 0.6906898749266432 0.27674768049042053 0.6613837730156984 0.30102259064805964 0.6038440686436326
0 0.418661494682388 0.7991143311693075 0.36265830939389226 0.7852947682841843 0.37148687544452347 0.722938329848885 0.4274900607330192 0.7367579500440141
0 0.5183378086659851 0.7592506945972711 0.49251503218627757 0.8630731573686913 0.44126529612208837 0.8408567043537265 0.46708807260179586 0.7370342415823063
0 0.41868680300108907 0.8988021635673415 0.29068746336154205 0.8428332118361209 0.30259991099112066 0.7953507257739143 0.43059929404116287 0.8513196775051349
0 0.5531321019570146 0.15067865076199383 0.5740601714610375 0.047837578858568076 0.617054750705681 0.0630867899863373 0.5961266812016581 0.16592785472601232
0 0.22179893613031207 0.24584227369424883 0.20650023111747645 0.30276168321779634 0.15479242750794586 0.2785389788273914 0.17009115422602908 0.22161958363134537
0 0.11724771035684121 0.41374116279709505 0.1355297799469906 0.35038475072439845 0.1861527986919897 0.3758444915914759 0.16787071824921654 0.43920093231917545
0 0.18592684706447812 0.37181946660431336 0.12259362601962571 0.34184547388497655 0.13905272612700592 0.28123266372322475 0.20238595802448214 0.31120668509756455
0 0.6093941440283829 0.5261552550982981 0.5967205367759824 0.6014471922681925 0.5497988270831481 0.5876815580985916 0.5624724777460437 0.5123895636186914
0 0.6362160998760891 0.3929910435922829 0.6735776030322057 0.41217270255648475 0.6517249768014314 0.48635735310299294 0.6143634736453147 0.467175722793794
0 0.7716821532161273 0.6292297649831279 0.7922819091449591 0.5289461950740904 0.8492859668107664 0.5493545747139085 0.8286862108819346 0.6496382019329519
0 0.776624177631579 0.1970120568790346 0.7559173714215861 0.27316487630208336 0.6910206779816411 0.24240946165272886 0.7117275276021293 0.16625665655718164
0 0.4168098200096684 0.4327307472766285 0.45832262541118424 0.45054226727552815 0.4285936857524671 0.5713046508215962 0.3870808803509513 0.5534931021676937
0 0.07577165193951146 0.9213270590338909 0.07162037139935988 1.0035341934419013 0.0020496943597264512 0.9974110777948944 0.006200974221589046 0.9152040580068955
0 0.1367242739855141 0.8792776188380281 0.22206753856935676 0.908353506455399 0.20674224462821167 0.986753594483568 0.1213989908969928 0.9576777641762031
0 0.07864140039826524 0.9252390973444836 0.11816493070990398 0.8567549011517018 0.1478075594515414 0.8865711767348885 0.10828402913990265 0.9550553729276702
0 0.1122688738414607 0.9978102992957747 0.038583655106393916 0.9525964871258803 0.05705415337726707 0.9001327872835975 0.13073937753864576 0.9453466567634976
0 0.048117213025371176 0.8927228327648181 0.08340309219034772 0.8296973573210094 0.11205861510796364 0.8576591384242958 0.07677273594298709 0.9206846138681044
0 0.04504103952247761 0.9337475127457453 -0.004774320515596002 0.9090854125403462 0.005163154425695644 0.8741005767678991 0.054978513107191276 0.8987626769732981
0 0.023193934564061387 0.8190209043977406 0.0721582057296297 0.8534966553880575 0.05713314962590572 0.8906889579665493 0.00816887710375942 0.8562131496662265
0 0.11760798490912273 0.6295630799772594 0.15808297560191256 0.5281744012250587 0.20234895057732485 0.5589736007188967 0.16187397073715884 0.6603622794710974
0 0.2411704138027316 0.5932665327904929 0.16667664746302122 0.5476569377200704 0.192200032609964 0.4750006590650675 0.2666937880970506 0.5206102827904929
0 0.3298294045677565 0.44737818185152584 0.2779384303737331 0.42682641257702464 0.2874501907978085 0.38496870300579517 0.33934118669707947 0.40552047228029636
0 0.2189540727379312 0.9905605835534037 0.2258496345530872 0.9389742425909624 0.28227151406777873 0.9521190374669894 0.2753759522526227 1.0037054357394366
0 0.38915655317889847 0.9480868773840962 0.36549726895892604 1.0086039511810445 0.32896297449407674 0.9837099746919014 0.3526222370088016 0.9231928435849471
0 0.2719165698902027 0.19805578670591256 0.2806455739700947 0.09289998515670848 0.33249671903477285 0.10040170732238483 0.3237677366601285 0.2055575088715889
0 0.2559029808424275 0.3143646670059419 0.20712545077458214 0.3006634779379401 0.2158406069065056 0.24658684529049296 0.264618136974351 0.26028803435849474
0 0.20424507759712837 0.29179220423452173 0.2457578612933966 0.30960372423342136 0.2386726390247155 0.33838472321559565 0.1971598553284473 0.320573203216696
0 0.22726227718261025 0.3746736195165786 0.18923765700707904 0.35524151582673125 0.19819767003717328 0.3246835628025968 0.2362222685074569 0.3441156378374413
0 0.211689326366354 0.4342929034165933 0.20285511695134692 0.46761514726379105 0.16416225731796763 0.44973648859301646 0.17299644502772715 0.4164142734008216
0 0.17471399212290517 0.41890556801093015 0.18716784459598373 0.3682112572898327 0.22310535327808276 0.3835985926954959 0.21065151165762802 0.4342929034165933
0 0.11959510032686367 0.10727184456838688 0.1652071262321635 0.13247871219832014 0.1514437202030361 0.17588551122817636 0.10583169429773627 0.15067865076199383
0 0.44580425408961594 0.26360711469336856 0.43082003640925054 0.3243659794050763 0.3720967060810811 0.299125019485402 0.3870808803509513 0.23836614044619278
0 0.38915655317889847 0.22466498003319396 0.37130611414251424 0.2953630187701731 0.3445302819459571 0.28358002425359446 0.3623807643928365 0.21288195686161238
0 0.3191658334745621 0.20282726019201144 0.3617164752900516 0.22611923575960974 0.3445302819459571 0.2808398036329959 0.30197966183571523 0.25754781373789615
0 0.29655367551453593 0.3286197859356661 0.31627228521181544 0.2710748376980634 0.34868158419135625 0.2904306044600939 0.32896297449407674 0.34797552404269366
0 0.3787251414140292 0.3034046728286385 0.368346950916274 0.3486185423085387 0.33934118669707947 0.3370145842502934 0.34971939890008225 0.2918007147703932
0 0.29439934286928787 0.3225111983751467 0.36728157054309657 0.3495725246662265 0.3551433232227396 0.4065495594006749 0.2822610738436833 0.37948823310959506
0 0.18303564296847216 0.8891970638937794 0.23309653921113754 0.7612814173452171 0.2752419006434477 0.7900286320789319 0.22518098269553477 0.9179442786274942
0 0.15463592182012914 0.2133288602873753 0.09960476263488509 0.1958925059143926 0.10476717128183899 0.16749522607651116 0.15979833046708303 0.18493156612199238
0 0.09447001732599684 0.2284189716751027 0.13281500695609774 0.23288568487749414 0.13068502759865644 0.26475474756088613 0.09234002711593173 0.26028803435849474
0 0.13904193861894892 0.27261908446119426 0.1379396918827236 0.2973567765643339 0.09024292035597996 0.29365271626503814 0.09134515623958148 0.2689150528169014
0 0.171214346526188 0.227405214981294 0.1517235768129612 0.2835466125201731 0.12417147814125289 0.2668751891230194 0.14366224785447967 0.21073380591164173
0 0.1517280263887191 0.22618423963376613 0.16493541994271205 0.07361724566965595 0.23342652409039386 0.08395109937784258 0.2202191196837771 0.2365180790144513
0 0.10146463103857352 0.04232441718589532 0.11409843086687634 -0.009565804709850903 0.14287467294532916 0.0026452760741184577 0.13024086226440257 0.054535495955059785
0 -0.0012765504727153317 0.056809711008564405 0.010077817002536562 0.007431229515254777 0.03333842466091194 0.016753414315237126 0.021984056931301676 0.0661318926744058
0 0.5062144294402339 0.2045680086377641 0.49254181646181544 0.2641345100223738 0.449442617923742 0.24689242224178404 0.4631152309021604 0.18732590652967282
0 0.5197689658717105 0.14445276394696302 0.507550257198502 0.20897681007922536 0.4632328299336549 0.1943500214339422 0.47545149519636826 0.12982598962918135
0 0.5132329080725462 0.19098025039887764 0.5927134441956348 0.21566950121955691 0.5863628794424565 0.2513012236832453 0.5068823433193679 0.226611972862566
0 0.4812447126016847 0.2672823767147154 0.46950204341883 0.32199721358751465 0.43608451398304143 0.30949727089752055 0.44782718316589615 0.2547824340247212
0 0.4369876259251645 0.2639544706389378 0.38846554491631846 0.24100823200924296 0.3966782028610642 0.2107403105973078 0.44520032728040543 0.2336865635545041
0 0.4120598002144826 0.42791490151848594 0.3981885408100329 0.47598553151591844 0.3401404390294386 0.44679144201144366 0.35401167672864065 0.39872078335900824
0 0.3539323223434166 0.4047272444890698 0.3647366302620466 0.36971624669894365 0.3986819010879712 0.3879737818185153 0.38787759316934123 0.42298477960864145
0 0.43472585230429855 0.3072864801111356 0.472128508609864 0.31786754052963617 0.4614648506956792 0.383564980377054 0.424062237800609 0.3729839199585534
0 0.45745745424186524 0.38003797934088906 0.4474189508690434 0.4340683341585974 0.4167152719511246 0.42412587913549005 0.4267537753239465 0.3700955243177817
0 0.4491838913723551 0.5094654924992664 0.4600457181971239 0.43418220914025824 0.5182059709920652 0.4488074074328785 0.5073441875777916 0.5240906621368838
0 0.49424602568234355 0.3777635171379842 0.5354773574329881 0.3941961583956866 0.5240691227051476 0.4440855787393633 0.482837790954503 0.4276529374816608
0 0.5136426163262358 0.2202400028425763 0.5829566749366554 0.28334857779489436 0.5535926004900871 0.3395594637158891 0.4842785852901627 0.276450888763571
0 0.5108897831836771 0.13755434421306484 0.5309323654066278 0.0383290859455234 0.572336905033117 0.05290551700502494 0.552294279399671 0.15213077169069103
0 0.5844079746121533 0.1552044219254328 0.5750085605496533 0.20897681007922536 0.5233998196901671 0.19325370967667987 0.5327992771631623 0.13948130719538585
0 0.4094331179709726 0.12235988563215229 0.40282404371888336 0.22318510673415493 0.32613343500650116 0.2144234384169601 0.332742530963838 0.11359821015120672
0 0.6547894538890248 0.4786876982926203 0.6276109242337526 0.6119595093346537 0.5895011109613931 0.598413945587588 0.6166796840271603 0.46514219185556044
0 0.6782984509746177 0.6621060510196596 0.6232606282783606 0.6435848898730927 0.6376017194723507 0.5693094029672828 0.6926395421686078 0.5878306214238557
0 0.704179397517892 0.5383293904049296 0.6961247537756712 0.5848520484888498 0.6441814482296853 0.5691778765038146 0.6522361353824013 0.5226552184198944
0 0.6648924218472173 0.4701325465815728 0.7196944821440479 0.48543712633876174 0.7110656477818279 0.5392890464531983 0.656263500664007 0.5239844666960094
0 0.3008732151340794 0.0026260147632007867 0.3939781568806677 -0.0050562410847122125 0.3961224617015247 0.04023759510595474 0.3030174982496888 0.047919850953867735
0 0.39220900555932164 -0.009141827077373092 0.4337568432304632 0.0 0.427590946723862 0.04884097676881602 0.3860430656422253 0.03969914969144293
0 0.5577912635857486 -0.004816145740204574 0.618592610908606 0.0 0.616009078697324 0.05684635001169124 0.5552077313744666 0.052030203376017825
0 0.4576526712387758 0.5795253699933979 0.4781344808521515 0.502912666428257 0.5084260205286495 0.5170269746735622 0.48794421091527385 0.593639678238703
0 0.4752149514080281 0.5116059065984448 0.45686698468616643 0.5826593103543134 0.4285936857524671 0.569934540511297 0.44694165247432877 0.4988811367554284
0 0.5053924083031428 0.6740634398840962 0.4854020054954214 0.7485792849545188 0.45913995821479375 0.7362999857871185 0.4791303176120199 0.6617841980267019
0 0.5225380345394737 0.7533435230523767 0.5537559541835215 0.663422920334507 0.5894557904044052 0.6850243796764964 0.5582378273498622 0.7749449823943662
0 0.9369366185933055 0.27433540451694544 0.7976069009490576 0.22986610663328932 0.8103971087915629 0.160022187568772 0.9497267396148205 0.2044914997799296
0 0.808603560771915 0.3894312325777582 0.8575679079058499 0.4094925714770393 0.8467991531827881 0.4553023790529636 0.7978348060488532 0.43524104015368253
0 0.843068368404383 0.4585103639414613 0.8520242140269382 0.40826069290089495 0.8951771113475729 0.42166527403352405 0.8862212657250178 0.4719149450740904
0 0.7428032344639047 0.13348762619663293 0.7905429715282717 0.14581867629933246 0.7835280959670609 0.19315228529379402 0.7357883589026938 0.18082123519109447
0 0.6258258846711637 0.09608616358797314 0.678010335517981 0.12221807202263058 0.6625239452291518 0.17611839043702318 0.6103394943823346 0.14998648916611648
0 0.60854338514347 0.17349930884132922 0.6624635612303298 0.19426153478488117 0.6551522788078992 0.22735481083113263 0.6012321461315345 0.2065925848875807
0 0.8802954726673631 0.0925638261535358 0.9647098720328058 0.09942184233329665 0.962384024521026 0.1493159620974545 0.877969798797564 0.14245793159019218
0 0.8805174739398115 0.17760514093676644 0.8866173430832148 0.1325081122313307 0.958600278938478 0.14947784853653168 0.9525004097950747 0.19457486291446596
0 0.8655134176631402 0.011289627899026647 0.9535214246421586 0.03025896672351819 0.9464852779383002 0.08715413411458334 0.858477357780272 0.06818478723087221
0 0.7440909633934921 0.02188762431973023 0.7926609695890381 0.035040745265047316 0.7855055308443724 0.08109223271759464 0.7369355246488265 0.06793911356321523
0 0.7503179384668386 0.3630468234209947 0.7361654224639936 0.46113759788549 0.6775546555498755 0.4463990690562647 0.6917072149632156 0.34830826593676645
0 0.9331392421152649 0.5108186963578345 0.9217232369087838 0.5505520672865317 0.8810831995132468 0.5302011122725939 0.892499204719728 0.4904677413438967
0 0.9087987169941323 0.49256454252860915 0.9638032004300765 0.5199668633546068 0.938163312366643 0.6096679114399941 0.8831588289306987 0.5822655906139965
0 0.7288129000711238 0.7378239734631749 0.7118584536556499 0.8209608480963908 0.6709182326858109 0.8064092071963028 0.6878726356907895 0.7232724471830986
0 0.8938849545474751 0.7724752650014671 0.9236338196234887 0.7850429481183979 0.9034376944790184 0.8683635586304284 0.8736890030449858 0.8557958755134977
0 0.953107983085882 0.8025804403242371 0.9324553531738976 0.8843764327501468 0.9041227989142514 0.8719083544234155 0.9247753420052454 0.7901123619975059
0 0.8974493034872866 0.589505449035358 0.9583013542685366 0.6111344744901702 0.9460865959503911 0.6710302505134976 0.8852345451691411 0.6494013396786972
0 0.8868332668863353 0.4791736011773768 0.8969309821746089 0.3991883183868838 0.939341299564367 0.40851987740243545 0.929243671097084 0.4885051601929284
0 0.9840991697135046 0.43312483953198355 0.9729318198235242 0.5092961987419308 0.9355962761435366 0.4997561459250293 0.946763626033517 0.42358478671508215
0 0.6226660347256179 0.824776319047095 0.6140235260574102 0.9132015317818368 0.5614346630373177 0.9042431182144953 0.5700771717055254 0.8158179627897594
0 0.5566300762496666 0.8120294848518192 0.542507079383557 0.8730494539502641 0.5043545935944168 0.8576591384242958 0.5184775470500311 0.796639112015845
0 0.5274539692473106 0.943538984558392 0.5047326121866109 1.0195301037998827 0.4630034488770226 0.9977838220730634 0.48572480593772227 0.9217928174515845
0 0.8571492570901493 0.8872552289649355 0.7959819592927632 0.868620078216696 0.8023139009435011 0.832396601287412 0.8634811119198968 0.8510318093456573
0 0.8839853647592906 0.9506630767678991 0.7864274829414118 0.9096185102149354 0.7983810837204391 0.8600988253741197 0.8959390523593084 0.9011433346170775
0 0.6487102047308411 0.6848131923048709 0.6839960784695057 0.6957741320972711 0.6641788401271337 0.8069647703931925 0.628892966388469 0.7960038879107981
0 0.5754147091427365 0.6865556457232981 0.6259626711415363 0.7032388749816608 0.6109447235064012 0.7825445184125587 0.5603968483285917 0.765861289154196
0 0.7701613099273205 0.6215110814627347 0.7525184164684833 0.6790560583553403 0.7098429477740488 0.6562519485401995 0.727485884643381 0.5987069716475939
0 0.8828396749699947 0.6556195326254401 0.9397200127244844 0.670638135453345 0.9280246175709015 0.7478390116087148 0.871144106174431 0.732820351470804
0 1.0186395116076192 0.7217247904746186 0.9965186519270093 0.7921571830068955 0.9419879506356685 0.7623073810702758 0.9641088103162785 0.6918749885379988
0 0.9903233665151583 0.5323864574163732 0.9733520334170519 0.6249954725095364 0.9450617609797297 0.6159595758142605 0.9620331808988265 0.5233505607210974
0 0.8801195733408161 0.18251408679944248 0.817932997116154 0.1603254434648254 0.8267851784761735 0.11708513000201731 0.8889718415218261 0.13927374468163145
0 0.49841208749611043 0.5916443730743838 0.5146671040129356 0.5015137864950118 0.5595340647365087 0.5156168619791667 0.5432790482196835 0.6057473912485328
0 0.5732613315283829 0.444511649977993 0.5607241200518981 0.5081710313967136 0.51532090948113 0.4925864349508509 0.5278580775471194 0.42892702487712736
0 0.4445340630000889 0.9724563526995306 0.39320076173264135 0.9379772204188673 0.43176529994221197 0.8379079899317782 0.4830985577991643 0.8723871795224472
0 0.44947552307910293 1.02702373092723 0.37910346387968974 0.9941674460827464 0.39155038152616023 0.9477036453748533 0.4619224841360686 0.9805599875293427
0 0.6463033098245243 0.7882605037778756 0.7135586691106197 0.8219781580105634 0.7001398772976307 0.8686283308575411 0.6328846048325257 0.8349106766248533
0 0.8935745695068013 0.5950175827098004 0.8773019717394204 0.6648369301093017 0.8374948081047742 0.6486667973334801 0.8537673190511647 0.5788474499339789
0 0.7953359243032094 0.6402240018889378 0.7809065361619844 0.6949913920371186 0.750927942745377 0.6812254140074824 0.7653574177075925 0.6264579665492958
0 0.6310561113642426 0.07676659525839935 0.6442265951446924 0.023517588942263606 0.6806339356163318 0.039212179407827175 0.667463451835882 0.09246118393302523
0 0.7066419012685589 0.09608030363987309 0.6921370656866777 0.144689511581206 0.6610949585481863 0.12854529725553843 0.6755997507195723 0.0799360821504548
0 0.7032590950196702 0.0918538984558392 0.771291892864287 0.10118542881638791 0.7681727619632379 0.14082028384499706 0.7001398772976307 0.13148875348444836
0 0.8293261684021603 0.03988906430526518 0.8811977163995821 0.047359642064627346 0.8771751262724484 0.0960399932144953 0.8253034914540363 0.08856941187325777
0 0.7342544056443367 0.9811579601305751 0.6653828736219772 0.9570900500660211 0.682188422038918 0.8732741664832746 0.7510600842927632 0.8973421338578345
0 0.58066559923153 0.4308511223591549 0.5946271090554988 0.3816996543060446 0.634351662517781 0.4013661559198944 0.6203901526938123 0.4505176239730047
0 0.554991373466394 0.5033894856770833 0.5783901513046764 0.42735065585570714 0.6225144452763824 0.45101567657900526 0.5991156240276049 0.5270544490903756
0 0.5281896469094506 0.4340089323375147 0.5420063827319301 0.38465172136333625 0.5839165678064989 0.4050995302871919 0.5700998319840194 0.4544567412613703
0 0.9423229060166252 0.2606769973683245 0.955327040779472 0.18664113792455253 0.9959811431754534 0.19908669341897742 0.9829770952335971 0.2731225528627494
0 0.9983055147303965 0.09833089622533378 0.947216137035473 0.08749643245213469 0.9525774200135579 0.043434558563948795 1.0036667977084814 0.054269022337147886
0 0.9651746247944079 0.09358081369892532 0.9960591952458214 0.09894572513204225 0.9870409253311699 0.18942985713761737 0.9561563548797564 0.1840649385407497
0 0.866781611869888 0.34539388020833334 0.8407735159861753 0.3335910850847271 0.8545625125022226 0.2806334589568662 0.8805706083859353 0.2924362540804724
0 0.9687781300008891 0.2589559778920921 0.9611230364564811 0.3037121123551203 0.9065167140825036 0.28743363501320424 0.9141718076269114 0.24267744324017018
0 0.9709007295741465 0.2880188847931338 1.0135427721872778 0.30095979932328343 0.9997319836026405 0.380276045105267 0.9570899409895093 0.36733513057511735
0 0.955343623588638 0.3696910876063674 0.8935482627467105 0.3518102225003668 0.9025147873510846 0.29780118700484154 0.9643102350140025 0.31568205211084216
0 0.8723488342371978 0.2539268816021127 0.90895299789407 0.2649097138167547 0.9012965152138158 0.30938477135600057 0.8646924383779339 0.29840193914135854
0 0.8339371443812233 0.3927596544435886 0.773677733680432 0.3747474921141432 0.7816736864331437 0.32812448420994716 0.8419330971339349 0.34613667519439556
0 0.4979359611847662 0.028296544966003704 0.49549768049042053 0.061559027013644366 0.47175700159194967 0.05852587704367481 0.4741952822862953 0.02526339499603415
0 0.4540429583314812 0.12152767270943368 0.47164617459770625 0.040742807880813525 0.5230490194784628 0.06026460172984522 0.5054458900332282 0.1410494522309639
0 0.4504691893142114 0.131447490280223 0.4099879909206081 0.12075891629071303 0.42017860466860774 0.053491114226865095 0.46065984647270625 0.0641796846344997
0 0.4653560806643403 0.06566557548415493 0.4243930691845217 0.04955698290901005 0.4324645127883846 0.013784028890547058 0.473427480857708 0.029892628629442673
0 0.48184547044474574 0.02144712707806081 0.4363314762902294 0.019301161072063894 0.4368087312744488 0.0016577593037779901 0.48232276883946035 0.0038037259813765404
0 0.5637496145148027 0.055624776490977114 0.49881697718483287 0.05935187183075667 0.4969936495654783 0.003987956606726131 0.5619263303059433 0.0002608565377517485
0 0.666125279910873 0.4355987119003081 0.7288359076335793 0.45710254364730046 0.7225558849350996 0.48902232568588616 0.6598452138018981 0.4675184939388938
0 0.42846545114964885 0.646499160981514 0.45149055144525696 0.5871516124743251 0.47897903203625086 0.6057391386076878 0.4559538883301476 0.6650866871148767
0 0.4227509803826236 0.7244898263277583 0.4450122296047075 0.6461191383325998 0.47665296747199504 0.6617835103066314 0.4543917182499111 0.7401542556117958
0 0.38653659956214437 0.6300305003851232 0.39750113561855444 0.5753460951254401 0.43727265923664205 0.5892446885086561 0.42630807976973684 0.6439290364583333
0 0.3653801040323835 0.6136001801826585 0.42057654867809835 0.6334736855377054 0.41069128435332947 0.6813250761076878 0.3554948614128623 0.661451513442635
0 0.3006398186066412 0.7292154374816608 0.27620270513369044 0.7110683387433979 0.2907412706703414 0.6769462477992958 0.31517838414329213 0.6950934611575704
0 0.25885378754834193 0.7109562403719191 0.24216366763813568 0.7015130414649354 0.25636480339560364 0.6577672824053697 0.27305490160056234 0.6672104813123533
0 0.30157125589688166 0.5380497748862969 0.27128273324979996 0.6130246157937207 0.23928088517819834 0.5904920980963908 0.26956942953052765 0.515517314498973
0 0.8487892639246978 0.2835046042858715 0.8478457802220395 0.34329570358348005 0.8207617986253112 0.34255075947219776 0.8217052823279695 0.2827596888295921
0 0.7902218206847884 0.2914846787430311 0.8261486069745733 0.3125647316516285 0.8160506312233285 0.3425596711781103 0.7801239317545341 0.32147964692451586
0 0.8527126176598062 0.2883371559107248 0.8412446935010669 0.34889632390698355 0.7809290227984975 0.3289893495085094 0.7923969469572368 0.26843015285724764
0 0.8760861305898826 0.4796571543518926 0.8580508930754356 0.5550555448576878 0.7856359359719506 0.52486572265625 0.8036713471283784 0.4494673034954519
0 0.747741265113798 0.5138321137764085 0.7644926806432255 0.43484961281360035 0.8041269836859887 0.4495005146438527 0.7873754813355708 0.5284830156066608
0 0.7929723096606063 0.5330098756602113 0.7710483599862198 0.6198410678917253 0.7392755239820412 0.6058589738299589 0.7611994736564278 0.5190278389084507
0 0.819181830242043 0.6453010953088322 0.811166169124511 0.6876296352332747 0.7829130560710793 0.6783047241784037 0.7909287171886114 0.6359762415639671
0 0.7793555659895093 0.6708740234375 0.8285243765558321 0.685853770081426 0.8213729315767248 0.7267652054907571 0.7722042946523826 0.7117855734668427
0 0.8250718530516536 0.7113109319982395 0.7531160921663851 0.6838122730523768 0.7666767494776849 0.6219670398694249 0.8386325103629534 0.6494656415052817
0 0.8250192395314723 0.7144009728946596 0.838876130062011 0.6522024235255282 0.8642589411728752 0.662058369094777 0.8504021374633268 0.7242568611539025
0 0.8192136067245288 0.732231777710534 0.8101979414395892 0.7857921045151115 0.7684848834237198 0.7735544697219777 0.7775005487086594 0.7199942002274061
0 0.8082852750211149 0.7938596913512324 0.7945238875800142 0.8483628823723591 0.7526322387868954 0.8299280300946302 0.7663937130489865 0.7754247244534918
0 0.787983922836282 0.8794884050396127 0.7228024999583259 0.8527828019549589 0.7305067775937945 0.8200091581389378 0.7956881570612553 0.8467148758436033
0 0.7614017665640558 0.7871803247872653 0.7493942499499912 0.8347370846170775 0.7125620509618377 0.8185286114473298 0.7245695675759024 0.7709718516175176
0 0.8079804465238265 0.7970185042546948 0.8442218720828147 0.8070912535761444 0.8380521988631312 0.8457804935079225 0.801810773304143 0.835707744186473
0 0.8729881840104907 0.7529136980083627 0.8648153769003378 0.806862070862676 0.8131838889413674 0.7932293959066902 0.8213566960515203 0.7392810230523768
0 0.9997319836026405 0.541470322586561 0.9997319836026405 0.6804002072329812 0.978819932571346 0.6804002072329812 0.978819932571346 0.541470322586561
0 0.9997319836026405 0.42302369310262616 0.9997319836026405 0.5138624880795187 0.978819932571346 0.5138624880795187 0.978819932571346 0.42302369310262616
0 0.9868777886902116 0.4133907694212148 0.9475787014913762 0.3978261168573944 0.9542069631823435 0.3686577022355487 0.9935060503811789 0.3842223547993691
0 0.9466735058454836 0.4009990566773034 0.9714513482952525 0.40754139501723885 0.968545536567612 0.4267230253264378 0.9437675204758623 0.42018068698650235
0 0.995957961971017 0.42709147135416664 0.9740795933165897 0.42227754548122065 0.9768872973250801 0.4000371941938087 0.9987657528004978 0.40485114872175765
0 0.9061332257679143 0.37435672383912855 0.9428419218972262 0.3827122647997359 0.93930926261891 0.4097617279196009 0.9026005664895982 0.4014061296489877
0 0.9008420941500711 0.3085199347124413 0.8816826116309566 0.40653457283414024 0.837654992832059 0.3915346530681485 0.8568144753511735 0.2935200149464495
0 0.8630343311033073 0.2932056409092576 0.7925917732596907 0.2609665275179724 0.8040488447946301 0.21733521654012616 0.8744914026382468 0.24957432993141138
0 0.7720598245243598 0.11055105146667767 0.798787145492532 0.13090778762745744 0.7861302946912785 0.15987078886076878 0.7594029737231063 0.13951405986373974
0 0.6802294366220661 0.03502410029021787 0.7189066684771738 0.05114868593887544 0.7090071220994844 0.09253468401555165 0.6703298902443767 0.07641009836689407
0 0.7041369854640825 0.0550953788936418 0.71498869764347 0.00853509052258702 0.7456585163751334 0.020993529127237384 0.7348068476062412 0.067553818393761
0 0.11055409416535161 0.002286320449041089 0.09390558321479374 0.0697937441543794 0.0737353849885813 0.061124015414099175 0.09038390136545107 -0.006383406500301451
0 0.1774804018978374 0.07022560370360181 0.15913015612497777 0.1296888611126394 0.11749569281066634 0.10729557091081646 0.13584592773090215 0.047832324247405
0 0.21228889042079704 0.42780847683758805 0.2588351210354063 0.4491823294912705 0.24599414461876556 0.49792073567708334 0.1994479140041563 0.4765468830234008
0 0.22458070236792096 0.3920487238207893 0.2740377803276138 0.41653347821302816 0.26183986528160563 0.4594763527453785 0.2123827439114176 0.43499159835313966
0 0.2477115289245866 0.423453632766652 0.26311062070757024 0.37262937160724763 0.28602317929437454 0.3847289179412412 0.2706240875113909 0.4355532077556485
0 0.32548255974673274 0.48305589559492373 0.21445570358341484 0.4304387768669308 0.24461981175125577 0.31950525991233863 0.3556466679145737 0.3721223499853286
0 0.30688663227629354 0.27763591640991786 0.2906124717310855 0.33818439609008216 0.24457499041496267 0.3166179531616784 0.2608491509601707 0.2560694734815141
0 0.25426688268886694 0.25315889886847126 0.2653147668960593 0.2021103836561033 0.30531879712643356 0.21719977866875734 0.2942709129192412 0.26824827955362385
0 0.3743935553820679 0.3152639756180311 0.4043450606496711 0.3284445032827171 0.3917977779383001 0.37813866843639965 0.3618463377864398 0.3649581121167107
0 0.39344060471861664 0.37320384710607396 0.4018530377622688 0.32877979547205105 0.42947127232341303 0.33789509518045774 0.42105879586926565 0.38231914681448065
0 0.3944097874344328 0.41302702281396714 0.4040595498227463 0.37321605413732395 0.41940654901149094 0.3796995637562353 0.40975678662317744 0.4195105037778756
0 0.36481941407639135 0.5251213252824237 0.37894857523281916 0.4629443817855047 0.39510140344394556 0.4693418117756015 0.380972285698013 0.5315187839275235
0 0.38079560498255244 0.47061592782607103 0.3625202206086638 0.5473834543720657 0.3204915682926965 0.529945165786385 0.3387669526665852 0.4531776105853873
0 0.5964505669063389 0.20790575770704958 0.6782403677320412 0.22609151204427083 0.6708673121749422 0.28388637488996477 0.5890774679387447 0.2657005918977406
0 0.7502682768603307 0.3542859001338762 0.6349216423197457 0.31397670692121477 0.6501218706242221 0.23816757560335974 0.7654684617543118 0.2784767688160211
0 0.6827114316850773 0.24988506478323064 0.6512567946107086 0.24223552578491783 0.6589550815978397 0.18706394249284772 0.6904097186722084 0.19471349581866196
0 0.6576457776521382 0.19402230849288438 0.6632603608697102 0.13472363109319982 0.7060185265574991 0.14177972498074384 0.7004039867504223 0.20107841670792986
0 0.5824675254767514 0.41801803660504694 0.5437371591755201 0.39756549960570714 0.5562983332453547 0.35610764194542255 0.5950286995465861 0.37656017894476235
0 0.5418250570934833 0.3191825186142899 0.5309642721205993 0.36219737451401113 0.5131552901071301 0.3543602598664906 0.5240160750800142 0.31134546127677526
0 0.4893095143997822 0.2974290731367371 0.5242975053203903 0.3104202198870305 0.5192756490042674 0.33399268495085094 0.4842877014941545 0.3210015382005575
0 0.48867706689522583 0.4031972392623973 0.4785911592616465 0.44677447824970656 0.4465939344077836 0.43386711872799294 0.4566798420413629 0.39028985108568076
0 0.5042706376967017 0.3570162920884683 0.496612114723173 0.3974589316497946 0.47089860245988174 0.38897226539575996 0.4785570820229152 0.3485296258344337
0 0.567360803378934 0.3188404638442635 0.5583269925070012 0.3593900438765405 0.5335650817089704 0.3497752301569836 0.5425988925809033 0.3092256501247066
0 0.5549119322601795 0.358724101608348 0.5472217196251555 0.3790292372725939 0.528063539420897 0.36638303944762324 0.5357537954664162 0.3460779324383803
0 0.6391617624383223 0.3653371318405223 0.674354781127756 0.3804875763369278 0.6660254791824102 0.4142092422700264 0.6308325039034717 0.3990587977736209
0 0.5980696915562767 0.35009920362015845 0.6282962457214616 0.358080166382409 0.6230552098150782 0.3926756093199824 0.5928286990603885 0.38469467521273476
0 0.5598147135879712 0.3627936851250734 0.5710997927409317 0.2801747783248973 0.6056517686477596 0.2884004261572036 0.5943666026738087 0.3710193329573797
0 0.6168672607769159 0.38829600732651115 0.6283370081764535 0.3493589589293574 0.6448416350406739 0.357832558502054 0.6333719310516314 0.39676960689920776
0 0.4162817313355708 0.903479863556338 0.28883476854218526 0.8422966182511737 0.31083505557237956 0.7624242361722418 0.4382819532500222 0.8236074814774061
0 0.29249917867343084 0.9099907960130575 0.27630919107841395 0.9527385013204225 0.2463577075160584 0.9329676381858861 0.2625477168163229 0.890219990188527
0 0.26635451337182164 0.9150881771750293 0.27782441270809255 0.8783136645393192 0.2980798582942523 0.8893246932768486 0.2866099372527338 0.9260991486025528
0 0.3223157424167074 0.8998382138534331 0.31503024582842504 0.9190746611832453 0.29263409849250976 0.9042911439994131 0.29991959508079213 0.885054639359595
0 0.5616577929826414 0.9082096010306632 0.5875617904988665 0.925308671691608 0.5603085947918519 0.997267344300176 0.5344046406861219 0.9801682163292254
0 0.6187866558221462 0.998543408890845 0.5877373425414518 0.9831718337367957 0.6006560888602418 0.9376913007995892 0.6317054021409362 0.9530629905736502
0 0.6126007470772582 0.9070780722747946 0.6064898082575791 0.9393483049992665 0.5791890346478262 0.9303378539465963 0.5852999300570101 0.8980675066021127
0 0.6185059635601885 0.8636464866674002 0.6716680621693857 0.8847017243434566 0.6555708862131046 0.9555392413072183 0.6024087876039074 0.9344840609411679
0 0.6805192884985108 0.8545969501907277 0.6711426215354952 0.8917339486135564 0.6476670939417007 0.8814033042656984 0.6570438477257068 0.8442662485328638
0 0.6235845139830414 0.8316200507078932 0.6545478744832415 0.8452458484631749 0.6465203623005201 0.877039433868838 0.6155569583898248 0.8634136361135564
0 0.6552048055070901 0.9720399381968897 0.6680695057593572 0.9083508128851232 0.6942271073885358 0.9175595565580986 0.6813624071362687 0.9812486245598592
0 0.7870663986097528 0.9188453638497652 0.8464395406405584 0.9349241444762324 0.840658130889936 0.9721327804063967 0.7812849888591306 0.9560541143999414
0 0.966054208248133 0.9029487717319542 0.9435058420108019 1.000758096757629 0.8779546051242443 0.9744199081205986 0.900502884540585 0.8766105257849178
0 0.9997319836026405 0.8157678165346244 0.9997319836026405 0.883451621185446 0.978819932571346 0.883451621185446 0.978819932571346 0.8157678165346244
0 0.8110344616820768 0.372385947357321 0.7992784654771959 0.4396394684840816 0.7613919557921408 0.42809697540713026 0.7731478651760313 0.36084348293537266
0 0.6545042035250711 0.6831243810519366 0.6439489850278939 0.7388639208296655 0.6244257225590105 0.7324203276298415 0.6349809844666829 0.6766807878521127
0 0.469432499805521 0.6090167551533158 0.5166782254345217 0.6313769416629988 0.5053409668663318 0.6731278540382922 0.4580952412373311 0.6507676675286092
0 0.3381437733027538 0.54897724563527 0.3216181140536095 0.5962472835057219 0.2946677282558566 0.5798259609741784 0.31119336579975326 0.5325558657937206
0 0.2518245648184677 0.72339394439554 0.2905401715513313 0.7398227745378522 0.2776185818451058 0.7928949347124413 0.23890297511224218 0.776466161880135
0 0.7717229590816145 0.9502448283450704 0.7717229590816145 0.9992265441607981 0.7218037981057743 0.9992265441607981 0.7218037981057743 0.9502448283450704
1 0.35847358106718974 0.7848757175212735 0.31138039991831884 0.7660796402765552 0.32387101022820725 0.7115359883912852 0.37096421308232574 0.7303320656360035
1 0.6173125222261735 0.8320479272117077 0.5651599346828325 0.8097178284551056 0.5724013696184878 0.7802410573466843 0.6245539571618288 0.8025710987932805
1 0.3242362878400605 0.860867753722858 0.2894025344088949 0.8915258559822477 0.26618000318112106 0.8455387025931631 0.30101377831753423 0.8148806003337735
1 0.11932587928826235 0.6198576304834214 0.09917327316522938 0.6480278480780517 0.07685461356324458 0.6201999431484742 0.09700721968627755 0.5920297255538439
1 0.04493342219172297 0.6209984434602406 0.042430153272908236 0.7102276582673122 0.001916745987589634 0.70824668060446 0.004420014906404368 0.6190175231073943
1 0.06419558138460726 0.6318682603433099 0.030533227608519294 0.609647910247946 0.04175400496546608 0.5800208723041373 0.07541636416786596 0.6022411650894953
1 0.17860597092260846 0.5596590856990904 0.15969134530166473 0.5463681503080986 0.1652324236982408 0.5326242939407277 0.18414706017180832 0.5459152293317194
1 0.16267111766050077 0.5160892683575411 0.18003563046624957 0.4729603368911385 0.18989612910350728 0.47987968910468015 0.17253162715038228 0.5230085919160798
1 0.30752431074552145 0.029792697888584765 0.22499399198746445 0.024840174930196413 0.22588497069617933 -0.001037496916005309 0.3084152894542363 0.003915026042383042
1 0.7328163895803699 0.7283432938123533 0.7023551148676431 0.7470143779342723 0.6904002985947502 0.7130211771933685 0.7208615733074769 0.6943500357614436
1 0.5623660786223106 0.6386730212001174 0.5450603544796853 0.6284520108934859 0.5518510148331925 0.608412822311473 0.569156738975818 0.6186338326181045
1 0.4454585763163451 0.6700186142899061 0.4278588763002312 0.6852666290713029 0.4184671024848862 0.6663730675066021 0.43606680250100016 0.6511251673452171
1 0.7431162241342906 0.5942706040933099 0.7231444010185144 0.5839812802596831 0.7355012418874467 0.5421781584690434 0.755473108413718 0.5524675969226819
1 0.7767941731307788 0.7440989606257336 0.7576143744999111 0.7833898983091255 0.728834518497733 0.7589042556117958 0.7480144039495911 0.7196133179284038
1 0.783683766002845 0.024073999252677523 0.7165141858552632 0.021046023301675286 0.717033375377845 0.0009720317634618338 0.7842030423464171 0.004000007826397677
1 0.8501671130423186 0.5721032084433686 0.8639012386924342 0.5131749399391139 0.8941538391547387 0.5254638098774941 0.8804196266836326 0.5843920783817488
1 0.1787925275257268 0.7345066983934859 0.14701594736633736 0.7162377585827465 0.1589551792714538 0.6800433378264378 0.19073175943084325 0.6983123349471831
0 0.2334126761424253 0.7353858911935153 0.16374782817292519 0.6937213449970657 0.17361083376628067 0.6649785431338028 0.24327569258840462 0.7066430893302523
1 0.1728374757943079 0.636717030699824 0.19505101688216794 0.6464923984008216 0.18907742886929899 0.6701511150234741 0.16686389863406273 0.6603757473224765
0 0.3056393402229841 0.6246936780186326 0.3260145119549031 0.5465411119058099 0.36317346174042053 0.5634257858348005 0.34279829000850154 0.6415783519476232