0 0.8590276196398543 0.5770931502344808 0.6537119775609586 0.7044002874110772 0.6418928890484865 0.6608900364821519 0.8472084763873319 0.5335828993055556
0 0.6855902291199552 0.7697908561727219 0.6713948202774663 0.7108116253281673 0.7008623747547645 0.6946222568915142 0.7150577835972534 0.7536014877360687
0 0.9142637791654988 0.5952733978023373 0.9791681264013453 0.6451949452966209 0.9530744201933856 0.7226339200647866 0.8881700182174888 0.6727123725705031
0 0.9015919501471412 0.9172702365451388 0.8974375634984585 0.8493349649072662 0.9360540963074552 0.843944518546748 0.9402084282160874 0.9118797901846206
0 0.9275902991872197 0.7523534097645664 0.9424593390905269 0.8197475526391006 0.904578731519759 0.8388246779196308 0.8897096916164517 0.7714306177485603
0 0.903516610320908 0.8479175929454607 0.8619777799187219 0.865033488286543 0.8552513225196189 0.8277706156578167 0.896790152921805 0.8106547203167345
0 0.8949657765204596 0.8145928938537432 0.8579454635825392 0.8239148147707063 0.8528772465316704 0.7779708903656419 0.8898975047295403 0.7686488867452151
0 0.8584471561448991 0.7285920430005082 0.6878146458099775 0.827495874751228 0.6735087715456839 0.7711577790216378 0.844141227140555 0.6722539886226498
0 0.6654989884038677 0.7378583044863651 0.68611693788537 0.8172917559864076 0.6648865567194506 0.829870539305979 0.6442686072379484 0.7504370878059367
0 0.9337173530339126 0.8199149444497374 0.9316636158211884 0.7547561107935298 0.9597696757637332 0.7527340111047595 0.9618234129764573 0.8178928447609671
0 0.9629343075602579 0.9986449864498645 0.9629343075602579 0.9421039364202236 0.9991031390134529 0.9421039364202236 0.9991031390134529 0.9986449864498645
0 0.9377686641676009 0.9723552093919376 0.9685979321398542 0.9759055863874069 0.9674366767096413 0.9989230354950034 0.936607299257287 0.9953725757960704
0 0.9247190740610987 1.0132546360253643 0.8832310971657792 0.9748368095253218 0.8931784043932175 0.9503161422605437 0.9346664360285875 0.9887339687605861
0 0.9643951005465247 0.8651411681963499 0.966557989419843 0.9092551130589431 0.9515083073500561 0.9109394518017446 0.9493455279568386 0.8668254242356876
0 0.9838679976527467 0.9022221759082826 0.9675892919702915 0.9052964290629234 0.9647740111757287 0.8712684197154471 0.9810527168581838 0.8681941665608063
0 0.874216560397982 0.9698035594247544 0.9028450593820068 0.971057261231792 0.9023365790533913 0.9975633905508977 0.8737080253293161 0.9963096060403963
0 0.8814079250455438 0.8783424604875931 0.8932087303811659 0.9252924725292174 0.8677208870515695 0.9399158508797002 0.8559200817159474 0.8929658388380759
0 0.8310241972919002 0.8564192609089177 0.8472016886210763 0.9392489301479929 0.8208576561624159 0.9509937317390752 0.8046801648332399 0.8681639797965363
0 0.8212603239735146 0.8744412553988821 0.8045465991101457 0.7797471953601371 0.8480528964055494 0.7622189405487805 0.8647665665288677 0.8569130005875254
0 0.8469757764328756 0.9473279007082063 0.834309202459361 0.8714169551363482 0.8540543765765135 0.863896315659934 0.8667210052900785 0.939807261231792
0 0.8980688257602298 0.8830477086509146 0.8804754830262052 0.8842559235528878 0.8796295850266256 0.8561385653529386 0.8972228730205998 0.8549303504509654
0 0.7763893024803812 0.992205612058562 0.6951913055283072 1.0421449407975525 0.649346677497898 0.871996541010332 0.7305446197099216 0.8220572122713414
0 0.9570063980170964 0.8010958539761179 0.9542600896860987 0.7443897278328252 0.9878516500840807 0.7406762596068344 0.9905979584150785 0.797382385750127
0 0.9968661321118274 0.87728914917323 0.9637658089265695 0.8810873057461044 0.9617339677340246 0.8406670629816649 0.9948341814391816 0.8368689064087906
0 0.9310773498808856 0.8121368490906589 0.9865638356572309 0.8043021018589093 0.9884823649453476 0.8353182991668784 0.9329959886491032 0.8431529636951643
0 0.6433755780549327 0.8314486040978574 0.6314552751891817 0.779992411130166 0.646120244184417 0.7722376381478658 0.6580405470501681 0.823693913819021
0 0.8852976435503083 0.5590711557445164 0.9563455761280829 0.5406037203987762 0.9634011307104821 0.6025641216495172 0.8923531981327074 0.6210315569952575
0 0.8702847467944227 0.6084378870522104 0.8631568806053812 0.5559386379996613 0.890673828125 0.5474107116864626 0.8978016943140414 0.5999099607390117
0 0.8390513330297085 0.48560877027227306 0.9054214545964125 0.45337770043349845 0.9217515064461883 0.5301356948811188 0.8553814396195347 0.5623667647198933
0 0.9796487440442825 0.4919998458407436 0.9465466691774103 0.5093117483909214 0.9326275881095852 0.4485598928560086 0.9657296629764573 0.43124803165756265
0 0.6050978861582119 0.5146183334391937 0.6625349241521861 0.4845797324245215 0.6793411049607623 0.5579330320280742 0.6219041217068386 0.5879716330427465
0 0.601436159963565 0.5319617460090617 0.5785430497652747 0.38712515482088417 0.6385401704386211 0.3654783502180725 0.6614333353769619 0.51031494140625
0 0.678639775434417 0.5543289804846291 0.6608406101107063 0.46780809025131265 0.7006025784753364 0.4491364187018335 0.7184017437990471 0.5356573089351498
0 0.7522517867152466 0.40778274329374153 0.7774564597638733 0.49894433163691987 0.7284050500980942 0.5299011478579141 0.703200431789518 0.43873955951473576
0 0.6385597673766816 0.36081842355288785 0.690449831838565 0.3456446950028582 0.7040553618974216 0.4518492577198721 0.6521652974355381 0.4670230276216336
0 0.7350465509389014 0.32218052313579776 0.7554103423661715 0.41557853719406335 0.7058924927305213 0.4402230115440803 0.6855287013032512 0.3468249974858147
0 0.8074853734585202 0.38055035350768546 0.8252842650819787 0.470828544802782 0.7757502671314462 0.49312068453326136 0.7579513207679373 0.4028424932381648
0 0.7550534919772982 0.4076506245103955 0.7320242432735427 0.29565892826897017 0.7798896002662556 0.2731915398987974 0.8029188489700112 0.3851832361402227
0 0.8360143002907792 0.456555043455708 0.8189757479680493 0.37797240383902864 0.8742431093224495 0.3506188948303057 0.8912817163852298 0.4292015344469851
0 0.9603418187710202 0.3913781804444021 0.8946802524173206 0.430147620720592 0.8737455770039237 0.34921487947789637 0.9394072528377242 0.3104453978499746
0 0.9375030654428251 0.3063968978923188 0.8736086721377523 0.3456649987032097 0.8558792456383127 0.2798152603108062 0.9197736389433856 0.24054715949991531
0 0.8769592011455998 0.34814176068396424 0.8173819913992433 0.37814558489212824 0.8001921923171245 0.30023226440760503 0.8597693473234305 0.27022844019944103
0 0.8316402965596973 0.18650317515138043 0.8862309066704036 0.15167931037220528 0.9101644062675168 0.2373209800823594 0.855573850896861 0.27214484486153456
0 0.7991189588880325 0.29490458997607555 0.7827618654533351 0.21370475789718835 0.8310259489735146 0.19151194502667682 0.8473830424082118 0.27271177710556405
0 0.9713040612738228 0.25542832454691733 0.9738586699481502 0.20381102523183434 0.9992019995445628 0.20667405374004913 0.9966475003503363 0.2582913530551321
0 0.9087341034893498 0.1311599193872798 0.9637222358464126 0.11558280469279303 0.9749027816704036 0.2056735899390244 0.9199146493133408 0.22125070463351118
0 1.0016619079316142 0.19883847947366193 0.9674957959641256 0.20206474159468157 0.9635490383267937 0.106658935546875 0.9977151502942825 0.10343267342585535
0 0.9784966849425448 0.30023226440760503 0.9501713363579036 0.315117481924331 0.9412841796875 0.276514399665481 0.9696095282721413 0.2616291821487551
0 0.3930806386631166 0.5337715045546452 0.41791236774803814 0.6865188888094935 0.34408730819086325 0.7139140803639482 0.3192555243658913 0.5611666961090997
0 0.2807519750210202 0.33271785415608063 0.34560191064672086 0.3306331892969809 0.3486262984339966 0.545388694701156 0.283776362808296 0.5474733595602558
0 0.46282378739840246 0.8882478543413364 0.460666263050028 0.9632210253376948 0.4232748673101177 0.9607648978711467 0.42543239165849217 0.8857917268747882
0 0.2014229128713565 0.10145548171790311 0.24802656644128362 0.09589665110518293 0.2519307363193666 0.1706104640392107 0.205327028009389 0.1761692946519309
0 0.2129618418056334 0.08730169363461213 0.2036400491346693 0.01688308509061653 0.2812529559627242 -0.006569136125931572 0.2905747486336883 0.06384947241806402
0 0.33170620358043723 0.6685540424129828 0.31569085228068944 0.7137211331830116 0.2791586563726177 0.684152784063241 0.29517400767236546 0.6389856932932122
0 0.21297273507567266 0.40736380889809876 0.20870197107973654 0.46220956197599083 0.1595772097463565 0.45347785432810384 0.1638479737422926 0.3986321012502117
0 0.07708712864349776 0.24051159701050134 0.12361852534683296 0.2662316299066311 0.10706540779147983 0.33459005381679796 0.06053395634809417 0.3088699795689363
0 0.1478325677024944 0.3341076445127244 0.14630088635089686 0.23691515418572154 0.18047307446398542 0.23568593260395496 0.18200481055563342 0.33287838157922595
0 0.29303865304442267 0.930958817644817 0.2821461493658913 0.9786835957348832 0.25246636771300446 0.9632210253376948 0.26335887139153585 0.9154962472476287
0 0.2823617156845572 0.7164150331078506 0.3195425264503924 0.7304585774739584 0.3111894137121637 0.7809394484936061 0.27400860294632845 0.7668959041274983
0 0.18306638435397982 0.6357594725239245 0.19182878844941142 0.5865873424664423 0.22150331505745516 0.5986578716495172 0.21274091096202355 0.6478300017069994
0 0.5289984869850056 0.8180410493680133 0.4905616110215807 0.8180410493680133 0.4905616110215807 0.7664214343559451 0.5289984869850056 0.7664214343559451
0 0.4994275832924608 0.9042518016122544 0.49590007970151345 0.8438508155223153 0.5254709833940583 0.8399087549225102 0.5289984869850056 0.9003097410124492
0 0.38272475169913117 0.819654180428523 0.41366694839545964 0.8412305216802168 0.40301086699481503 0.8761130232151931 0.37206867029848656 0.8545366819634993
0 0.44556222411014573 0.7203374929867463 0.4422712522771861 0.7916053006965617 0.4050583638417881 0.7876827581142022 0.40834933567474774 0.7164150331078506
0 0.03786095589265695 0.7258358673674628 0.05868242888172646 0.6115942647463584 0.1000435183401065 0.628801630118352 0.07922210009108745 0.7430432327394563
0 0.11486247109725337 0.8572006432344597 0.09959673004834642 0.9206268393250339 0.06880068928671525 0.9037075301172933 0.0840664303356222 0.840281416730183
0 0.6440921253153027 0.19009176114710366 0.6687356581067825 0.2969059310954438 0.6169272658001682 0.3241900518980776 0.5922837330086883 0.21737588194973748
0 0.5642304424747758 0.35264206966410483 0.5399909459956558 0.25193153939596036 0.5906678067194506 0.22408991454416496 0.6149072484585202 0.3248004034605776
0 0.5691387638382848 0.11092461480034722 0.6202404073535595 0.08166082118584858 0.6449291006866592 0.18007107866488822 0.593827511911435 0.20933487227938685
0 0.5095279984410034 0.1439363639852219 0.5668322918126402 0.10934100887639736 0.5945305931193946 0.21406832232384823 0.5372262450077074 0.24866359472920901
0 0.7290429906460202 0.01574119836657351 0.752188342996777 0.09733536056063685 0.715685542495796 0.12097101805978998 0.6925401901450392 0.039376855865726625
0 0.6668103410524103 0.1497314783938855 0.6441274873878924 0.06331082475863821 0.6825074336988509 0.04031636721396511 0.7051903421034192 0.1267370208492124
0 0.7576662345852018 0.1267370208492124 0.8087489927830718 0.09516431193364668 0.831637450077074 0.17969510871866531 0.780554691879204 0.21126781763423103
0 0.8546891422015135 0.06867927199779811 0.8767981011771301 0.15218702693618733 0.8332052598619675 0.17853171909404641 0.8110962461463005 0.09502396415565718
0 0.9521860986547085 0.03836051299966125 0.9655436562850336 0.1003451877170139 0.9265432315022422 0.11952949668656843 0.9131857833520179 0.05754482196921579
0 0.9304083169843049 -0.0218433080326897 0.9435266605941705 0.02660471184789973 0.8983591122477579 0.05452151414824695 0.8852407686378924 0.006073494267657521
0 0.7856502242152467 0.0 0.8328482452529429 -0.026088559530614838 0.8492605713985426 0.0416882522707063 0.8020625503608464 0.06777681180132114
0 0.7503191892341649 0.09868069780551321 0.7313117467769058 0.006832546657986111 0.7820993466227578 -0.01715848762491531 0.8011068438200672 0.07468966352261179
0 0.13272590124019057 0.8676699920075372 0.14917243991732063 0.8267436040449272 0.16707375017516815 0.8431643767731622 0.15062721149803812 0.8840907647357723
0 0.20428395634809418 0.968575247581089 0.17158110066914237 0.9446194449737466 0.18424767464265696 0.9051490514905149 0.21695053032160874 0.9291048540978574
0 0.13838514661575113 0.8145515421218665 0.15276212820557736 0.7667646537305217 0.16713910979540358 0.7766380413437923 0.15276212820557736 0.8244248470316734
0 0.1977083625280269 0.8684349990472561 0.1662228160909473 0.8482539479325457 0.18424767464265696 0.7840627448022527 0.21573322107973655 0.804243795916963
0 0.10410265730100897 0.5390070886792853 0.10922709238368834 0.48326313463329945 0.14131286347393499 0.4899959822657309 0.1361884283912556 0.5457399363117166
0 0.5340885453160034 0.9773103874227219 0.4968783938831278 0.9787519087959434 0.49624083651555495 0.9411866723037348 0.5334509879484305 0.9397451509305133
0 0.5296345663712164 0.9411866723037348 0.5749124706593329 0.9366261552019817 0.5763858538572029 0.9700166862508469 0.5311079495690864 0.9745772033525999
0 0.4438604654218049 0.8779921286151338 0.438040284297926 0.8287493284478743 0.46561383302970855 0.8213102345867209 0.47143401415358743 0.8705529520505166
0 0.38404885877942824 0.8112261185478066 0.3563797339195628 0.802577073011941 0.3626657528727579 0.7566741695248984 0.3903348777326233 0.7653232150607638
0 0.3951704495690863 0.702094432138169 0.3922431158912556 0.7581156908981199 0.3664171980100897 0.7550352349836975 0.3693445316879204 0.6990139762237466
0 0.278391967226037 0.8541885830845614 0.2947068013417881 0.7753110642678692 0.3220329797855942 0.788212721909934 0.30571814566984307 0.867090240726626
0 0.09004491968539798 0.020116790523373982 0.09195304836392937 0.1613842310298103 0.04685616942264574 0.16277464166243225 0.04494804074411435 0.021507201155995935
0 0.0 0.42005420054200543 0.051999435082679374 0.43127747409065886 0.04685616942264574 0.4856714594977981 -0.005143265660033632 0.4744481859491447
0 0.060196429197029146 0.2952297799955539 0.060307879939742154 0.38892726329607047 0.00010499141676008968 0.38909068534044716 -6.459325952914798e-06 0.2953932847433943
0 0.5019983402816705 0.6751049010734248 0.5029524593609865 0.7342066157477981 0.4800209763873318 0.7350515970369664 0.4790668573080157 0.6759499650660569
0 0.28218627382287 0.430325350464198 0.25008112475476457 0.425128306153667 0.25611982816003365 0.3399759514868098 0.288224977228139 0.34517303714907266
0 0.36171168853349217 0.2478233275374746 0.3626902764153587 0.326180600215426 0.33022614209641254 0.3271060519748264 0.329247554214546 0.248748779296875
0 0.32272894478699554 0.17165136983401083 0.2633813148122197 0.18266283981199186 0.25829831794772984 0.12012917950224423 0.3176459479225056 0.10911770952426321
0 0.17514451373318385 0.17005304269351287 0.17228221123528586 0.12248341630144817 0.19378875595571748 0.11952949668656843 0.19665105845361547 0.16709912307863314
0 0.16239977096762892 0.07395318917788787 0.1652620734655269 0.13305490385226118 0.14417516597183297 0.1353860663850779 0.14131286347393499 0.0762843517107046
0 0.037910002977858744 0.054814532520325206 0.013103125875840806 0.05769749256330454 0.010600082329035875 0.00853367420392954 0.03540695943105381 0.005650714160950203
0 0.7147069546139294 0.056557673425855354 0.6160618256025785 0.05234848063812669 0.6170403587443947 0.0 0.715685542495796 0.004209192787728659
0 0.5675731983954596 0.057700387184535906 0.5561025850441423 0.01039822379424966 0.5954467226036996 -0.011379913909002372 0.6069172812149664 0.03592224948128388
0 0.5470006284157791 0.01751659362296748 0.5677122381235986 0.08680596907287433 0.513312506568806 0.12392377982617717 0.4926008421209361 0.054634404376270325
0 0.2908728629484305 0.49944398461318595 0.28896462478979823 0.5527796551464049 0.26153038948640694 0.550539135609862 0.2634386276450392 0.497203465076643
0 0.2584803286154709 0.9704337598185552 0.22986266816143497 1.0309042995215107 0.2 0.9986449864498645 0.22861766045403586 0.9381744467469089
0 0.3823091652361267 0.8786932058773713 0.4281063336427971 0.8959912969491023 0.4189581216718049 0.9512771565093581 0.37316095326513454 0.9339791481410907
0 0.15283279761070628 0.6394186045742294 0.16689376488929372 0.5568710368500169 0.1924737904638453 0.566817038104463 0.17841282318525784 0.6493646058286755
0 0.2335589353279148 0.5287905643949018 0.22236256962934417 0.5969995431460662 0.18972731791269618 0.584771463864541 0.2009236836112668 0.5165624851133765
0 0.15884451417110426 0.593252331906864 0.15134091227578475 0.638599426765752 0.12553015738859305 0.6288504665136984 0.13303375928391256 0.5835033716548103
0 0.16507666891465808 0.5573620886660526 0.17150835114209642 0.5066165665623942 0.19842244648612667 0.5144030976747755 0.19199076425868833 0.5651486197784341
0 0.23589639022211323 0.42391698987180304 0.2317474228384249 0.5195100365615473 0.20199560327914798 0.5165624851133765 0.2061445706628363 0.4209693970719004
0 0.07960418564321749 0.515223598738673 0.1288559438936379 0.5308891647876439 0.11731192413466929 0.6137347544434917 0.06806016588424887 0.5980691883945206
0 0.04493129028867713 0.5515921161103701 0.06672746461603139 0.558070278426173 0.06264265257146862 0.5894416871109629 0.04084647824411435 0.5829635247951601
0 0.21635703869464687 0.3509925904312754 0.21457048766816145 0.4028178062542344 0.19877978953545403 0.40157526941480354 0.20056634056193945 0.3497500535918445
0 0.2181966328300168 0.34612404427877286 0.2553574087373879 0.35476155268144477 0.24844658684837445 0.4226292555894309 0.21128581094100338 0.41399174718675896
0 0.0697889661575112 0.34111250383744074 0.1161519277256166 0.3382180066612678 0.11717567614910314 0.3756488500248772 0.07081271458099776 0.378543388552782
0 0.26559724679442265 0.7223705922361958 0.24413838065793161 0.8128791126778455 0.21584625928391254 0.7975674761020071 0.23730512542040358 0.7070589556603574
0 0.20896850038536996 0.675970062007749 0.23494769040779148 0.6963221438855014 0.21630591148752804 0.7506397939955962 0.1903267214651065 0.7302877948213076
0 0.20497576110566143 0.6733796241160653 0.19130930537065582 0.746937490737212 0.1672645739910314 0.7367402363598832 0.180931029726037 0.6631823697387365
0 0.17736553654007847 0.6602817111545138 0.1619908080507287 0.7235157043953252 0.1416399900154148 0.7122208923505251 0.15701471850476456 0.6489869818131775
0 0.11769045158352018 0.6981732128112297 0.131390134529148 0.6373725622327024 0.1561938367082399 0.6501297782753218 0.1424941537626121 0.710930470205581
0 0.15696452187850338 0.9390434120405657 0.14158973864910315 0.9777580612720189 0.10918215080227017 0.9483804676913956 0.12455693403167041 0.9096657357564787
0 0.16322514144829037 0.7305125001323255 0.14086196967839126 0.8246340040915058 0.10491138680633408 0.8051361662908622 0.12727455857623318 0.7110145796282181
0 0.08099507558506167 0.7315782996697154 0.1136667841753083 0.7470918981040396 0.10223974390414799 0.8020239522463584 0.06956803531390135 0.7865103538120343
0 0.2481878306299047 0.673596059080708 0.25865900014013454 0.5960769033044334 0.2900198487422926 0.6057465509347476 0.2795486792320628 0.6832656653592903
0 0.1151612422926009 0.18957287961551492 0.1151612422926009 0.11988644483612805 0.15188979076163117 0.11988644483612805 0.15188979076163117 0.18957287961551492
0 0.32332916944016254 0.5939815283467776 0.32442878757357063 0.6438250037712779 0.2911537341472814 0.6455007000021172 0.2900541160138733 0.5956572245776168
0 0.1478168573080157 0.3459468521076812 0.1945605359269899 0.34306434693375254 0.19592005981992713 0.39338857759305135 0.14917638120095292 0.39627108276698003
0 0.05537043686939462 0.46315651663596713 0.08381550194436659 0.472860817017594 0.07928680283071748 0.5031617120675601 0.05084168301569507 0.49345741168593327
0 0.25333032992923205 0.5768853577818005 0.23539311019829035 0.6672195806735899 0.21509714169352578 0.6580203916968369 0.23303436142446748 0.5676861688050474
0 0.10832798705507286 0.4153009016662432 0.1068780873388453 0.47444682134199273 0.08768595195137331 0.473372916865155 0.0891358516676009 0.4142269971894055
0 -0.011791225826793723 0.9831671986153455 0.013594363088565022 0.900980879620808 0.03335059469590807 0.9149101278000085 0.007965005780549327 0.9970963640910823
0 0.09916866285383968 0.965346090838838 0.07510707153867713 1.0178560913416752 0.05423162485986547 0.996020970951897 0.07829316143497758 0.94351097044906
0 -0.01678745971132287 0.6719730449562796 0.0 0.5785907859078591 0.032022710552130046 0.5917313738567073 0.015235360320908073 0.6851136329051278
0 0.03471449779288117 0.5788553129366742 -0.008510216683015695 0.5691811993193174 0.0 0.4823848238482385 0.043224823955997756 0.49205893746559537
0 0.11599701338284753 0.44190044454765837 0.1595772097463565 0.45616637852779895 0.15475537766255607 0.48978963712366613 0.11117518129904709 0.4755237031435256
0 0.1327426516956278 0.5853570870913787 0.1370134156915639 0.5380391273395155 0.16242434925028026 0.5432743806503006 0.15815358525434417 0.5905923404021638
0 0.15901054074411436 0.4467321049553269 0.11661913405619395 0.44327009661087824 0.11900492441493835 0.3765862110830581 0.16139633110285875 0.3800482194275068
0 0.14961205726247198 0.37013376954448257 0.12191074525294282 0.37126490481823765 0.1200824823080157 0.26905959214621444 0.14778373957749438 0.26792845687245936
0 0.3624385816633969 0.9970963640910823 0.36719861223024103 0.9510701497395834 0.4003333669072309 0.9588922433413787 0.39557333634038677 1.0049185403963414
0 0.4919851807735426 0.8895556442136687 0.4919851807735426 0.9400997833830878 0.4635134025539518 0.9400997833830878 0.4635134025539518 0.8895556442136687
0 0.5378500078825673 0.9371232030191395 0.4944944099460482 0.940453836911416 0.4934726321643778 0.9100928164433012 0.5368282301008969 0.9067621825510247
0 0.5680343285804372 0.8976998678067836 0.5706385317404709 0.9331096039231876 0.5400139915568947 0.9382506993404895 0.5374097883968609 0.9028409632240854
0 0.3696376099180213 0.9250824057312839 0.3173548950742713 0.9003977374978828 0.330856200077074 0.8351232016958842 0.38313891492082397 0.8598077872258215
0 0.3508232903587444 0.8411072935192243 0.3574560327914798 0.8067492973513719 0.376807735426009 0.81527676879552 0.37017499299327355 0.8496347649633723
0 0.33256764775434416 0.8292355421112805 0.3403973908702354 0.798048727557588 0.3574560327914798 0.8078246904905573 0.34962628967558856 0.8390115050442497
0 0.3417965465596973 0.7927689384315718 0.3327106835061659 0.8476780010109671 0.31864232632076794 0.8423642207613482 0.3277281893742993 0.7874551581819529
0 0.3367716288887332 0.7527203650332401 0.34107780969730944 0.6915651233538702 0.36662526494184416 0.6956712676257621 0.3623190841332679 0.7568265920085959
0 0.16883052261420964 0.9465522249216632 0.1408878069822029 0.9163972187817582 0.15565273130955717 0.8851668195026677 0.1835954469415639 0.9153218256425728
0 0.19943765546174327 0.978814432614541 0.18351005246286434 1.019538279794419 0.1595772097463565 0.9981718399337314 0.17550481274523544 0.9574479927538533
0 0.1126148446258408 0.8594567110221883 0.08768595195137331 0.840086898183435 0.09977036548836883 0.8045859401465109 0.12469925816283632 0.8239557529852642
0 0.07219074061098654 0.934888224614668 0.05653125437920404 0.9703766944285653 0.035013159508127806 0.9487030939034976 0.050672645739910316 0.9132146240896003
0 0.09610759923276345 0.8014927478986704 0.08806759958309977 0.8423509882071477 0.06417044737948431 0.831617071053523 0.07221044702914799 0.7907588307450457
0 0.06601299747757848 0.8136095496697154 0.05462432998178251 0.8641537715425982 0.035013159508127806 0.8540671743997713 0.046401827003923764 0.8035230352303523
0 0.04872981186939462 0.7897669681042514 0.03408750525504484 0.8631192339145071 0.0019517017586883408 0.8484765856569698 0.016594008373038118 0.775124319846714
0 0.18415286487528026 0.8294484208269817 0.2348646497512612 0.8636817828749577 0.2166171634143778 0.9253837771532012 0.1659054332784473 0.891150497808689
0 0.09765685214055493 0.7360185659351711 0.10904300159403027 0.6915784386115346 0.13747870612037555 0.7082087819169207 0.12609261140695066 0.752648991944021
0 0.1236886473514574 0.634960805174458 0.11585890423556615 0.6908819927432672 0.09480391019128363 0.684152784063241 0.10263365330717489 0.6282315964944317
0 0.02006551289237668 0.6883468834688347 0.02006551289237668 0.764808385998899 0.0 0.764808385998899 0.0 0.6883468834688347
0 0.14869740575952914 0.07106931939680725 0.14260089686098654 0.0 0.1805288545753924 -0.007426688341590447 0.186625363473935 0.06364263105521681
0 0.14462950839055494 0.056114796377455964 0.11702431990961323 0.05724196188495088 0.11604288554512332 0.0023781381002286584 0.14364807402606503 0.0012509725927337398
0 0.11686951504694507 0.056114796377455964 0.1424941537626121 0.056114796377455964 0.1424941537626121 0.11311137708545055 0.11686951504694507 0.11311137708545055
0 0.31170938945137333 0.06619304047044376 0.356165043441704 0.053520306016048444 0.3617267967874159 0.09805562502646512 0.3172711427970852 0.11072835948086043
0 0.31688374746006165 0.1077343286860603 0.3434906416409753 0.10199164827341632 0.3505089729890695 0.17621627021934283 0.3239020788081558 0.18195895063198678
0 0.3728189921699832 0.1066820098132622 0.37906417504554374 0.17980642758087736 0.351600708555213 0.18516040171388043 0.34535552567965244 0.11203598394626524
0 0.09330770039237668 0.09068534044715447 0.11323795062009528 0.08960986460450542 0.11473416041900224 0.1529014194560891 0.09480391019128363 0.15397689529873815
0 0.1183104373948991 0.08486309930237974 0.09259580603629484 0.08615807013783028 0.09186666856432175 0.053108111952701556 0.11758129992292601 0.051813141117251015
0 0.3311763198920964 0.9687964793466294 0.3062635207924608 0.9558915962694783 0.31546017770809975 0.9153654103679709 0.34037297680773543 0.9282702934451219
0 0.3520018436448991 1.0161235364795054 0.3192168231502242 0.9931691901147527 0.3377147452179092 0.9328615762353912 0.3704997657125841 0.9558159226001439
0 0.06558854312640135 0.3086327860348916 0.02288090316704036 0.301104868653667 0.027183471132286995 0.24538646997798103 0.06989111109164799 0.25291438735920563
0 0.032877750140134526 0.7787886622152355 0.045475515870235426 0.720569310795647 0.07843263908352018 0.7368477508627626 0.06583487335341928 0.795067102282351
0 0.03885076548486547 0.7236285946233486 0.01322618150924888 0.7085729252678269 0.025048061764293722 0.662644631817412 0.050672645739910316 0.6777003425246655
0 0.049425667390695066 0.5152936485724721 0.07860923048626682 0.5249723108803354 0.07345009021160313 0.5604809189876567 0.04426652711603139 0.5508022566797933
0 0.28841196924047086 0.21419965542428862 0.286847662818806 0.27682908634506265 0.2634991701408352 0.27549789139248815 0.2650634765625 0.2128684604717141
0 0.28474548066143496 0.26665201161288954 0.2875926749054092 0.21610787244347052 0.3062068648402466 0.21850131068449358 0.30335967059627245 0.2690454498539126
0 0.3855906123003083 0.26338175124915314 0.3863268659788397 0.31566415181974083 0.36457399103139015 0.31636340960577575 0.36383773735285874 0.264081009035188
0 0.3304460328790639 0.2509854117706216 0.32684889994394617 0.3314191203130293 0.3026142205892657 0.32894517025004233 0.3062114082644339 0.2485114203559028
0 0.26207560038887334 0.2701208429930979 0.2878738198045123 0.27377493013211385 0.28382010010860426 0.3391030991303565 0.2580218806929652 0.33544901199134064
0 0.30407145547225334 0.2658192704363567 0.30193330910173766 0.3261186966728066 0.2877001843644899 0.3249666787744538 0.2898383307350056 0.26466729388973576
0 0.26145917268077357 0.27375747970126185 0.25659606659893497 0.353354311893949 0.2349883075252242 0.35034084578516683 0.23985141360706277 0.2707440135924797
0 0.22007974530549326 0.2980814781292344 0.21782494788747198 0.33782537196709855 0.20157306482973655 0.3357207342215024 0.20382786224775784 0.2959768403836382
0 0.23468351492432735 0.2769538031684028 0.24180147316423767 0.21565556720020326 0.26065203063691145 0.22065209696286417 0.2535340723970011 0.2819503329310637
0 0.21225000218960202 0.20989808286754744 0.21225000218960202 0.29162903659065886 0.18235459947799887 0.29162903659065886 0.18235459947799887 0.20989808286754744
0 0.2025445912450953 0.4925516019991743 0.15523665218609867 0.49131927903751693 0.1556886955227018 0.45170783479685384 0.20299663458169842 0.45294015775851115
0 0.1648402466367713 0.5450982401364541 0.13893517464265695 0.5400481598810128 0.1430267197134249 0.4921402763221968 0.16893179170753925 0.49719035657763805
0 0.0777867064882287 0.36828923419239074 0.08199161820347534 0.4153009016662432 0.05692100353839686 0.42041950174140413 0.05271609182315022 0.3734078756192835
0 -0.0031433926569506727 0.18623041912792174 0.0 0.12330623306233063 0.018938086813340808 0.12546570320439532 0.015794694156390135 0.18838988926998645
0 0.009998598654708521 0.015999894801194105 0.010848383197869954 0.09050835503472222 0.000849784543161435 0.09076862283515413 0.0 0.016260162601626018
0 0.08981999281810538 0.04743481974614668 0.08988403867713005 -7.666611089939024e-05 0.1147982062780269 0.0 0.11473416041900224 0.04751148585704607
0 0.18153360820137332 0.12931066993775406 0.1786532962268778 0.06729903389121782 0.20299663458169842 0.0647180241944021 0.20587694655619396 0.12672966024093835
0 0.2623012936168722 0.08315725765900236 0.2962417123563621 0.07869830041073848 0.29815137375630607 0.11187859925474254 0.26421095501681613 0.11633755650300644
0 0.2534528929021861 0.8119241357818852 0.26295965220361545 0.7688347214282689 0.2930941594555774 0.7840108070270155 0.28358745489419845 0.8271003040840955
0 0.2577702406810538 0.8929072020822747 0.2516467996776906 0.9160358873486196 0.22706047023892936 0.9011774657541497 0.23318385650224216 0.8780487804878049
0 0.23686408483394059 0.8594056829850525 0.24781198544352578 0.8180543646256775 0.26930572099215244 0.8310438533462483 0.25835782038256727 0.8723950890021596
0 0.2428699442089406 0.9355013880949357 0.26313903534893496 0.8742547590881182 0.2789237668161435 0.8861788617886179 0.2586547304161996 0.9474254907954353
0 0.4188340807174888 0.9986449864498645 0.4188340807174888 0.9728997289972899 0.442152466367713 0.9728997289972899 0.442152466367713 0.9986449864498645
0 0.2254708739139574 0.8520325037845105 0.20475335228068947 0.8415988829077744 0.21372196214616032 0.8009484764037094 0.23443948377942825 0.8113820972804454
0 0.15336322869955157 0.7669376693766937 0.16556051622057175 0.7300812842723153 0.18744394618834082 0.7466124661246613 0.17524665866732062 0.7834688512290396
0 0.04558532441143498 0.8969255152756606 0.06605843171945067 0.8195962880038956 0.09018089397071188 0.8341743448562415 0.06970773192264575 0.9115035721280065
0 0.10614101255955717 0.6230482396071519 0.07852766781109866 0.7660856582931064 0.010544247477578475 0.7361278999142531 0.03815753748598655 0.5930905225800305
0 0.036876839265695065 0.5860832235031335 -0.01102606940162556 0.567989814572218 5.276940863228699e-05 0.5010361916973662 0.04795567807595291 0.5191296006282817
0 0.3063333143567825 0.799235274152058 0.31624794177410315 0.7592902454903455 0.33364454876681615 0.7691465134866192 0.32372997608954596 0.8090916248517954
0 0.34716796875 0.759161972418064 0.3444084133267937 0.7925161966463414 0.33005863754204035 0.7898061695460704 0.3328181929652466 0.756451945317793
0 0.3421869525994955 0.7985198891905911 0.34760260475056054 0.7576088840722391 0.3670920880920684 0.7634980323191903 0.36167643594100335 0.8044089547340786
0 0.39730941704035877 0.7154471544715447 0.39730941704035877 0.6734417344173442 0.4484304932735426 0.6734417344173442 0.4484304932735426 0.7154471544715447
0 0.452914798206278 0.8306233062330624 0.452914798206278 0.7737127371273713 0.47533632286995514 0.7737127371273713 0.47533632286995514 0.8306233062330624
0 0.4929716512226738 0.7891142723683097 0.4722816638347814 0.7859883295488228 0.4740309916269619 0.7595588663406165 0.49472097901485423 0.7626848091601033
0 0.47931160007357065 0.6945726348132621 0.48411104347673767 0.7380795362519055 0.45967760299887894 0.7442320123274475 0.4548782143357623 0.7007251108888042
0 0.4701932761701233 0.8915749319846714 0.4675860075672646 0.8324879385268462 0.4828842642061379 0.8309470902936569 0.4854914780689462 0.8900340837514821
0 0.48251121076233183 0.8766937669376694 0.48251121076233183 0.8319783197831978 0.5004484304932736 0.8319783197831978 0.5004484304932736 0.8766937669376694
0 0.4304932735426009 0.8333333333333334 0.4304932735426009 0.7777777777777778 0.45201793721973094 0.7777777777777778 0.45201793721973094 0.8333333333333334
0 0.2492745848514574 0.694085759522146 0.2538116591928251 0.6666666666666666 0.27786865234375 0.6757532135257877 0.2733315780023823 0.7031723063812669
0 0.0 0.9986449864498645 0.0 0.9065040650406504 0.10134529147982063 0.9065040650406504 0.10134529147982063 0.9986449864498645
0 0.0 0.8360433604336044 0.0 0.7737127371273713 0.016143497757847534 0.7737127371273713 0.016143497757847534 0.8360433604336044
0 0.1221524773157231 0.9018969858888042 0.1323766597183296 0.8710026934864076 0.15461885597673766 0.8878048945894732 0.14439461883408072 0.9186991869918699
0 0.14859038896090246 0.9113029335249407 0.1101143191213565 0.888696355225271 0.1279553605836603 0.8193835746951219 0.16643143042320627 0.8419901529947916
0 0.22989173512822308 0.5786403666343792 0.23244010343679933 0.5439883596528836 0.26305369561028585 0.5491275115387872 0.26050532730170967 0.5837794771685509
0 0.47427365427059975 0.4901723060504531 0.47570351912836323 0.5398604230182927 0.44869280759529145 0.5416347017779259 0.4472628879974776 0.4919466261618183
0 0.44721197975056054 0.5619194630361831 0.4087644842173487 0.5667600967696689 0.4056533334501121 0.5103541841998009 0.444100828983324 0.5055135091145834
0 0.3704154660348935 0.4983751663993691 0.40976228585692265 0.5023383163824314 0.40769475415148543 0.5491941705305725 0.3683479343294563 0.5452310618992421
0 0.30535724451723656 0.02969459595719004 0.3408997403132007 0.012913649644308942 0.3494374912415919 0.054190865700160906 0.31389494070557733 0.07097181201304201
0 0.18565022421524663 0.06639566395663957 0.18565022421524663 0.0 0.20986547085201793 0.0 0.20986547085201793 0.06639566395663957
0 0.1446855074621637 0.10968282229209012 0.15370256227228138 0.1074122813982046 0.15510845098794843 0.12015671975567412 0.1460913961778307 0.12242734335302337
0 0.2358744394618834 0.12330623306233063 0.21076233183856502 0.12330623306233063 0.21076233183856502 0.1016260162601626 0.2358744394618834 0.1016260162601626
0 0.16233183856502242 0.13821138211382114 0.1654708520179372 0.12398373983739837 0.17273540411294844 0.12764229296345697 0.16959639066003362 0.14186993523987973
0 0.15874439461883408 0.15176151761517614 0.15067264573991032 0.15176151761517614 0.15067264573991032 0.13414634146341464 0.15874439461883408 0.13414634146341464
0 0.2645739910313901 0.18157181571815717 0.2645739910313901 0.06368563685636856 0.3721973094170404 0.06368563685636856 0.3721973094170404 0.18157181571815717
0 0.3775784753363229 0.2140921409214092 0.2968609865470852 0.2140921409214092 0.2968609865470852 0.2018970189701897 0.3775784753363229 0.2018970189701897
0 0.3040358744394619 0.23983739837398374 0.28699551569506726 0.23983739837398374 0.28699551569506726 0.23170731707317074 0.3040358744394619 0.23170731707317074
0 0.1178296007917601 0.2380216438272781 0.15461885597673766 0.2300812842723154 0.1559641474565583 0.24430892654873815 0.11917489227158072 0.2522492861037009
0 0.22242152466367712 0.3116531165311653 0.22242152466367712 0.2940379403794038 0.23228699551569507 0.2940379403794038 0.23228699551569507 0.3116531165311653
0 0.06367713004484304 0.3902439024390244 0.06367713004484304 0.3794037940379404 0.07623318385650224 0.3794037940379404 0.07623318385650224 0.3902439024390244
0 0.22062780269058296 0.43766937669376693 0.20717488789237667 0.43766937669376693 0.20717488789237667 0.42276422764227645 0.22062780269058296 0.42276422764227645
0 0.20807174887892377 0.46476964769647694 0.20807174887892377 0.4349593495934959 0.23228699551569507 0.4349593495934959 0.23228699551569507 0.46476964769647694
0 0.21191669002242153 0.5015294351551914 0.2142787231992713 0.46584293189733655 0.2279536636420964 0.4679089884770918 0.22559163046524663 0.5035954917349467
0 0.0010761893918161435 0.8449864167831131 0.03228699551569507 0.8685636856368564 0.023677151940863228 0.8945799623401507 -0.007533654183015695 0.8710026934864076
0 0.20145154191774103 0.3123032071079988 0.21090750245235426 0.21944173177083334 0.22910391632216928 0.22367118690718157 0.2196480105276065 0.3165327449478108
0 0.22082316993063342 0.33628485454776424 0.20324115838705156 0.33894120710005926 0.20214000753223094 0.3223054053660654 0.21972207381586323 0.3196490528137703
0 0.20896860986547086 0.17750677506775067 0.20896860986547086 0.07046070460704607 0.27533632286995513 0.07046070460704607 0.27533632286995513 0.17750677506775067
0 0.04125560538116592 0.21002710027100271 0.015246636771300448 0.21002710027100271 0.015246636771300448 0.18834688346883469 0.04125560538116592 0.18834688346883469
0 0.032878954421244395 0.08994580607427168 0.010026954000840808 0.08501353690294715 0.01302243904147982 0.053333313484502036 0.03587443946188341 0.058265582655826556
0 0.06726457399103139 0.014905149051490514 0.03139013452914798 0.014905149051490514 0.03139013452914798 0.0 0.06726457399103139 0.0
0 0.8496504300378364 0.5775708867928523 0.8722189864770179 0.6516957683614922 0.8342205235776345 0.6781041421864414 0.8116520218785034 0.6039792606178015
1 0.6368029949376401 0.9270482670647019 0.6784753363228699 0.9270482670647019 0.6784753363228699 0.9954833157340363 0.6368029949376401 0.9954833157340363
1 0.5390049682069787 0.8898707444105691 0.5276066664623038 0.8003214187415312 0.5633239472393498 0.7899439535166836 0.5747222489840247 0.8794932791857215
1 0.6581506840316704 0.8987666597857384 0.6368601982903588 0.9275472997649898 0.6195640392902186 0.8983413158716548 0.6408545797715807 0.8695607585958672
1 0.6144937968574832 0.8927401410854929 0.5686404104190023 0.790018965558308 0.5991379536855381 0.7589438833841463 0.6449912853839687 0.8616650589113313
1 0.6089939545088284 0.7780929606781419 0.6309387480731502 0.7041316665608063 0.6572884187570067 0.7219775853764397 0.6353436799327354 0.7959389621972391
1 0.5976628188060538 0.7460319705125762 0.5918634389013453 0.6496508011649941 0.6247810397982063 0.6451296095602558 0.6305804197029148 0.7415108202595698
1 0.6704638562394899 0.6045537188770326 0.6654830590491873 0.663250269282478 0.6345399865120516 0.6572566665608063 0.6395207837023542 0.5985601161553608
1 0.7384791900224216 0.60548417419599 0.6761306010019619 0.6264171652031462 0.6686487856467208 0.5755498208973789 0.7309974294072309 0.5546168298902228
1 0.8240302252662556 0.5274512231511476 0.7895266956278026 0.5896054813209265 0.7635532533106782 0.5566931416994834 0.7980567829491312 0.49453888352970443
1 0.7984933348514573 0.501424939328739 0.8270133937955437 0.427557637697959 0.8641889495165359 0.46032135919503725 0.8356689453125 0.5341886608258173
1 0.5764686755535314 0.6023924706104972 0.5434932144233464 0.5027510893700246 0.5822666322169282 0.4734608719988567 0.6152420933471132 0.5731022945910611
1 0.5477216096202354 0.7313965174563855 0.5372174865996356 0.6316419978774983 0.5773792215526906 0.6219886841812754 0.5878832898332399 0.7217432037601627
1 0.534545296296945 0.6986565318534045 0.5486418993483745 0.7373793687277693 0.5262807529603419 0.7559606867430979 0.512184204648963 0.7172377671652693
1 0.5054780558085762 0.641227990954226 0.5336905304091928 0.6689339821254657 0.5170288633338005 0.707661698504192 0.48881638873318384 0.6799556659812204
1 0.5257266194296525 0.6176350497941014 0.5031292149838845 0.6570286531112381 0.4776415906144899 0.6236553243828337 0.5002389403202074 0.584261721065697
1 0.4601485863929372 0.6628890205528032 0.474643313831278 0.6820508341802168 0.4619604273227298 0.7039500497544038 0.447465699884389 0.6847882361269901
1 0.42802794589055493 0.6435266510257877 0.4655408098024103 0.6416983669043234 0.4659542066633969 0.6610607777830708 0.4284413427515415 0.6628890619045351
1 0.47917288878573433 0.4918014815829311 0.4275354496566704 0.4918014815829311 0.4275354496566704 0.40557336161130164 0.47917288878573433 0.40557336161130164
1 0.4032119272001121 0.4187606356654387 0.4340647333940583 0.4268673532377414 0.42854606046804933 0.4748095173822832 0.39769330901415356 0.46670275845824866
1 0.5422938051779709 0.6288778413602008 0.4918634389013453 0.45298721602938685 0.525834347848935 0.43075445738588247 0.5762647141255606 0.6066450827166963
1 0.5118586108288957 0.39137979316194527 0.5162044781740471 0.4360278783451897 0.4911114748283352 0.44160308424373307 0.48676560748318387 0.3969549577087568
1 0.4722035497827915 0.330690833611217 0.5388712382637332 0.2885697527629573 0.5576907581278027 0.35656213114255164 0.49102301490681055 0.3986832119908113
1 0.49910319375350337 0.37010081221417684 0.4725059338214686 0.37763538722423357 0.4624977556579316 0.2969921081046748 0.4890950155899664 0.28945749174288615
1 0.5228720900189182 0.2335104179899221 0.5283197650994955 0.29729736658938855 0.4860524541059417 0.3055371953866023 0.4806048337654148 0.24175024678713583
1 0.5124148792215527 0.1566868396955454 0.5004043647526626 0.24590361473683095 0.4522582460411996 0.2311087094025237 0.46426870577003926 0.14189193436123815
1 0.4637678343084361 0.19978253951240685 0.4950739428601457 0.27073020211403287 0.4645505622897982 0.3014743050262534 0.43324445373808856 0.23052664242462736
1 0.4134047982938621 0.13389971973450204 0.4077517932840527 0.05276332121231368 0.4690621825077074 0.04301258283578929 0.4747151875175168 0.12414898135797764
1 0.4593927357763453 0.1876775643366785 0.42022261683716366 0.1876775643366785 0.42022261683716366 0.131762827638042 0.4593927357763453 0.131762827638042
1 0.42971131192194506 0.015904372300558942 0.41203460009108744 0.08534178695058435 0.364329467226037 0.0576207437489414 0.3820062337969451 -0.01181667090108401
1 0.7694918371636771 0.2689673777841294 0.7358130211252802 0.21808407170985772 0.7600022114980381 0.1815380727049458 0.793681027536435 0.23242137877921748
1 0.720570435117713 0.27901551781631095 0.7562744140625 0.2661718353023374 0.7614093592348655 0.2987555113588245 0.7257053802900785 0.31159923522453
1 0.7059604251331278 0.30972372742526255 0.694143909403027 0.2611243602060044 0.7116628056684418 0.2514013274898374 0.7234793213985427 0.3000006947090955
1 0.6995292355661435 0.29258169778963417 0.6786893151800729 0.29258169778963417 0.6786893151800729 0.26278264735772355 0.6995292355661435 0.26278264735772355
1 0.6807046796174328 0.21594411958523882 0.6903030190232623 0.2528573219692158 0.675807142043862 0.26146121141387196 0.6662088026380325 0.224548009029895
1 0.7641684767376682 0.1436045576886433 0.7583022592313621 0.17779028254149729 0.7311809180563341 0.16716685721544716 0.7370470808225897 0.13298113236259315
1 0.669385750945908 0.3718584675775957 0.6414751677235145 0.3718584675775957 0.6414751677235145 0.34374615428893546 0.669385750945908 0.34374615428893546
1 0.8188929810117713 0.35796738704691733 0.8326621838214686 0.40069807512650324 0.8137766474565583 0.4145891556571816 0.800007444646861 0.3718584675775957
1 0.8954936348269339 0.4161590741578802 0.8966843951443386 0.444942608758363 0.8759269132742433 0.4469026808493183 0.874736207696889 0.41811914624883556
1 0.9596568017797085 0.4059913035653794 0.9850189619534754 0.41405828212334855 0.9808248887682175 0.4441563882801914 0.9554627285944507 0.4360894097222222
1 0.9765689593259529 0.3450960402243183 0.9602243466227578 0.348800162958905 0.9574894242222534 0.32125325190019477 0.9738340369254485 0.31754912916560807
1 0.9789444585552131 0.5100396215754149 0.9808945181123879 0.5468660680259146 0.9346532984164798 0.5524551267546367 0.9327033483394058 0.515628680304137
1 1.004846684066704 0.5544640765926703 0.9953662547295403 0.5726939875905107 0.9858857159122758 0.5614397829464135 0.9953662547295403 0.543209871948573
1 0.9747012288046525 0.7128151994410569 0.9736248204526345 0.629065909036776 0.9981655514293722 0.6283459340330708 0.9992419597813902 0.7120952657890837
1 1.009379160243834 0.9000456688526847 0.9787836322869955 0.9508026040343411 0.9594913773472533 0.9242576040872713 0.9900870147841928 0.8735007516090786
1 0.9396207390344731 0.981347060785061 0.8976290989349776 0.9571784621654811 0.9096003647876962 0.9097008020251101 0.9515920596272421 0.93386940064469
1 0.7724461029463284 0.9646330215743564 0.8013944480451233 0.9662528516154302 0.8005839121181334 0.9993161250582232 0.7716355670193386 0.9976962950171494
1 0.8714370248563621 0.7621866034944529 0.8479700199691704 0.7420954510448424 0.8606090596973094 0.7083973458142785 0.8840761193245515 0.7284885809673527
1 0.8098477350756726 0.05796644422743055 0.836476798977018 0.06264456565464092 0.8342236985005606 0.09191993775406504 0.8075946893392657 0.08724181632685467
1 0.8866671848724775 0.05202965878535738 0.9113596005290079 0.04255514997776931 0.9152049795929091 0.06543134156927506 0.8905125639363789 0.07490593308032689
1 0.35786932017236545 0.03000489935319275 0.33577705691213566 0.05114415279894986 0.31883276695627805 0.010723000296409215 0.34092503021650783 -0.010416335852811653
1 0.26405948929722534 0.1510327346925813 0.30190424213494954 0.1576618308297341 0.2993707631200953 0.19067606111852134 0.2615260102823711 0.18404696498136858
1 0.42288736249299325 0.3572830985878218 0.4105056557420123 0.3295247147722942 0.4244389144829036 0.31533821746908874 0.43682062123388454 0.34309664263634826
1 0.39766128608464124 0.24098565326473578 0.43198663685888455 0.2849350182344597 0.41150110355941705 0.32145628890370936 0.3771757527851738 0.27750692393398546
1 0.35306024252031953 0.2372408404259824 0.3392643813060538 0.25474932910950204 0.32711061212514014 0.2328893976805979 0.3409064733394058 0.21538090899707826
1 0.3912019601317265 0.1864452000232893 0.3751773577634529 0.1864452000232893 0.3751773577634529 0.14388136618182587 0.3912019601317265 0.14388136618182587
1 0.3303470081278027 0.6015620037792174 0.2853018037941424 0.5946073868087314 0.2883494013628083 0.5495497540729802 0.3333946056964686 0.5565043710434663
1 0.2605954841647982 0.5916062848677803 0.2648965194086323 0.5490077982750042 0.29108394058295967 0.5550432075976033 0.28678290533912554 0.5976416941903794
1 0.24432958765414797 0.5404694099736408 0.24927266894969172 0.4913043097105776 0.2635543481116872 0.4945819306825881 0.2586112668161435 0.5437470309456512
1 0.23059618483744396 0.5589377137057503 0.23241820741661995 0.4978245680894309 0.245303467891676 0.49870147291560807 0.24348139057244955 0.5598146598836594
1 0.2707044935012612 0.3975278032504446 0.3029544300028027 0.44784967686102645 0.27429500289027464 0.4897749986105818 0.2420450663887332 0.439453125
1 0.22409646072729822 0.4386032228547383 0.2580601987282791 0.43183659085736364 0.263279169878083 0.4916323116478235 0.22931548661715245 0.4983989022934663
1 0.08687656556544282 0.2431674533420139 0.046893721097253364 0.23209279791772527 0.0536167846132287 0.17668776266620087 0.09359962908141817 0.1877624180904895
1 0.09443835613438901 0.1603723541507876 0.11490374509529148 0.1736237647410654 0.1073749627767657 0.20016496032880252 0.08690957381586323 0.18691354973852473
1 0.23136446144548767 0.16945501394711213 0.2574077520669843 0.1775399391567158 0.2542502912170684 0.20075612468771173 0.22820700059557175 0.1926711167746443
1 0.19562167180493273 0.7890032843199526 0.2048989608148823 0.7483103682355183 0.21538928934276905 0.7537694584709519 0.20611194559276905 0.7944625399623136
1 0.2192580424082119 0.8632769494198849 0.22419417171734865 0.822259256833291 0.24332133066493833 0.8275134078855437 0.2383851466157511 0.8685311004721376
1 0.29062620428110986 0.8788557181836467 0.2768262375630605 0.886963883066565 0.27211716998318386 0.8686692152566057 0.2859171367012332 0.8605609676702236
1 0.30538335552130047 0.8904528113884654 0.3101052870130325 0.8535932008490007 0.3274085622197309 0.8586530814648967 0.3226865759879484 0.8955126093008977
1 0.1977023411224776 0.4959631612307334 0.19471523130955717 0.5241690534886306 0.16845391106712443 0.5178206529074568 0.17144102088004484 0.4896148020012915
1 0.1318420683856502 0.37891009571106454 0.1318420683856502 0.43353081266408366 0.11133244946398542 0.43353081266408366 0.11133244946398542 0.37891009571106454
1 0.03764954981782511 0.4303673638237847 0.008352236897421525 0.42068473174966126 0.013754094555773543 0.3833755038295012 0.04305140747617713 0.39305813590362465
1 0.049796914412836325 0.4385359022352431 0.03931112930913677 0.41180192487349676 0.05250829859164798 0.3999863291174416 0.06299408369534754 0.42672030647918785
1 0.04402030636911435 0.37923193624026086 0.058750525504484306 0.38712887647675304 0.05438237895880045 0.4057272727573467 0.03965226930353139 0.3978303325208545
1 0.5667847227088004 0.4084923803644775 0.5743596508898543 0.3880127697456174 0.5842532033877522 0.3963658609364414 0.5766782752066985 0.4168454715553015
1 0.564342276397842 0.3458206466219936 0.5771783803075953 0.3652139472444529 0.5705102758022702 0.37528838697810807 0.5576741718925168 0.3558950863556487
1 0.6106117966998318 0.5667849078087949 0.6034844231712444 0.5447995979288406 0.6097704421244394 0.5401479002582995 0.6168978156530269 0.5621332101382537
1 0.41336100625350336 0.8167138241816988 0.41907028403517377 0.7956284106908452 0.4293811746776906 0.8020012914972899 0.4236718968960202 0.8230867049881436
1 0.46026436159963563 0.01016185729484248 0.46796059373248317 -0.005664773749788279 0.47882649374649666 0.006396451293614498 0.4711302616136491 0.022223082338245256
1 0.44507952634529147 -0.0026603223185552166 0.45548358455367155 0.035149799129827235 0.43301744674887893 0.04926091222582148 0.4226133885404989 0.011450790777439025
1 0.39744719774733744 0.20923959788914295 0.4053334325952915 0.22554392414041327 0.3984481743098374 0.2331459438251609 0.39056188472183295 0.2168416175738906
1 0.2861747433786435 0.32765280457370005 0.3009461817720011 0.31637151454522355 0.30634792995025223 0.33251647122184114 0.29157654629694507 0.3437977198985857