0 0.8590276196398543 0.4215518362153836 0.6537119775609586 0.29424467836292134 0.6418928890484865 0.33775494996771255 0.8472084763873319 0.46506208714430897
0 0.6855902291199552 0.22885415095300857 0.6713948202774663 0.28783340247342903 0.7008623747547645 0.3040227502342162 0.7150577835972534 0.24504349871379574
0 0.9142637791654988 0.4033715886475271 0.9791681264013453 0.3534500411532436 0.9530744201933856 0.27601108706094385 0.8881700182174888 0.32593263455522736
0 0.9015919501471412 0.08137474990472561 0.8974375634984585 0.1493100318805312 0.9360540963074552 0.15470045756518355 0.9402084282160874 0.08676517558937796
0 0.9275902991872197 0.24629153533356624 0.9424593390905269 0.17889745448662983 0.904578731519759 0.1598202878543678 0.8897096916164517 0.2272143687013042
0 0.903516610320908 0.15072743485613568 0.8619777799187219 0.13361146714952257 0.8552513225196189 0.17087433977824887 0.896790152921805 0.18799030748486195
0 0.8949657765204596 0.18405213394785316 0.8579454635825392 0.1747301716791582 0.8528772465316704 0.2206741167600885 0.8898975047295403 0.22999607902878344
0 0.8584471561448991 0.2700529227734904 0.6878146458099775 0.17114914271243542 0.6735087715456839 0.22748720742822662 0.844141227140555 0.3263909978272146
0 0.6654989884038677 0.26078664061176743 0.68611693788537 0.18135320978759104 0.6648865567194506 0.16877446781975144 0.6442686072379484 0.24820789864392784
0 0.9337173530339126 0.17873006267599298 0.9316636158211884 0.24388887565633469 0.9597696757637332 0.245910975345105 0.9618234129764573 0.18075214168889736
0 0.9629343075602579 0.0 0.9629343075602579 0.05654101901584201 0.9991031390134529 0.05654101901584201 0.9991031390134529 0.0
0 0.9377686641676009 0.026289813240692222 0.9685979321398542 0.022739389724524686 0.9674366767096413 -0.00027803327575285584 0.936607299257287 0.0032723899779280997
0 0.9247190740610987 -0.01460966895912398 0.8832310971657792 0.023808166586609714 0.8931784043932175 0.04832881834448838 0.9346664360285875 0.009910982798754684
0 0.9643951005465247 0.13350381825351457 0.966557989419843 0.08938983203918953 0.9515083073500561 0.08770556566191882 0.9493455279568386 0.13181955187624386
0 0.9838679976527467 0.09642285189331386 0.9675892919702915 0.09334853671107513 0.9647740111757287 0.12737653572061844 0.9810527168581838 0.13045085090285718
0 0.874216560397982 0.028841439947526307 0.9028450593820068 0.027587725218072495 0.9023365790533913 0.0010816336162691193 0.8737080253293161 0.00233534697271621
0 0.8814079250455438 0.1203025052864054 0.8932087303811659 0.07335247256891514 0.8677208870515695 0.05872914073913078 0.8559200817159474 0.10567916828765456
0 0.8310241972919002 0.1422257255409468 0.8472016886210763 0.05939603562600567 0.8208576561624159 0.04765128055562172 0.8046801648332399 0.13048097563952935
0 0.8212603239735146 0.12420371037511645 0.8045465991101457 0.21889781176559325 0.8480528964055494 0.2364260872528159 0.8647665665288677 0.1417319755244061
0 0.8469757764328756 0.0513170857416582 0.834309202459361 0.12722806232731518 0.8540543765765135 0.13474870180372947 0.8667210052900785 0.05883772521807249
0 0.8980688257602298 0.11559730881274877 0.8804754830262052 0.11438909391077554 0.8796295850266256 0.14250643143485878 0.8972228730205998 0.14371463599889905
0 0.7763893024803812 0.006439381498631423 0.6951913055283072 -0.04349997502355395 0.649346677497898 0.1266484144257336 0.7305446197099216 0.17658777417852303
0 0.9570063980170964 0.19754911179788068 0.9542600896860987 0.2542552172653074 0.9878516500840807 0.2579687475188961 0.9905979584150785 0.2012626213756034
0 0.9968661321118274 0.12135584761456746 0.9637658089265695 0.11755769104169313 0.9617339677340246 0.15797794414406546 0.9948341814391816 0.16177611105487275
0 0.9310773498808856 0.18650815803507156 0.9865638356572309 0.1943428432392234 0.9884823649453476 0.16332667694505315 0.9329959886491032 0.1554919917409013
0 0.6433755780549327 0.16719640302787306 0.6314552751891817 0.21865261667143038 0.646120244184417 0.2264073276261327 0.6580405470501681 0.17495111398257537
0 0.8852976435503083 0.43957383070534806 0.9563455761280829 0.45804126605108825 0.9634011307104821 0.3960808648003472 0.8923531981327074 0.377613429454607
0 0.8702847467944227 0.39020709939765413 0.8631568806053812 0.44270634845020324 0.890673828125 0.45123427476340194 0.8978016943140414 0.3987350257108528
0 0.8390513330297085 0.5130362161775914 0.9054214545964125 0.545267286016366 0.9217515064461883 0.46850929156874577 0.8553814396195347 0.4362782217299712
0 0.9796487440442825 0.5066451406091209 0.9465466691774103 0.4893332380589431 0.9326275881095852 0.5500850935938558 0.9657296629764573 0.5673969547923018
0 0.6050978861582119 0.4840266530106707 0.6625349241521861 0.514065254025343 0.6793411049607623 0.4407119544217903 0.6219041217068386 0.4106733534071181
0 0.601436159963565 0.46668324044080284 0.5785430497652747 0.6115198316289804 0.6385401704386211 0.633166636231792 0.6614333353769619 0.4883300450436145
0 0.678639775434417 0.44431600596523546 0.6608406101107063 0.5308368961985518 0.7006025784753364 0.549508567748031 0.7184017437990471 0.4629876775147146
0 0.7522517867152466 0.590862243156123 0.7774564597638733 0.4997006548129446 0.7284050500980942 0.46874383859195035 0.703200431789518 0.5599054269351287
0 0.6385597673766816 0.6378265628969766 0.690449831838565 0.6530002914470062 0.7040553618974216 0.5467957287299924 0.6521652974355381 0.5316219588282308
0 0.7350465509389014 0.6764644633140667 0.7554103423661715 0.5830664492558012 0.7058924927305213 0.5584219749057843 0.6855287013032512 0.6518199889640498
0 0.8074853734585202 0.618094632942179 0.8252842650819787 0.5278164416470825 0.7757502671314462 0.5055243019166031 0.7579513207679373 0.5958024932116996
0 0.7550534919772982 0.590994361939469 0.7320242432735427 0.7029860581808943 0.7798896002662556 0.725453446551067 0.8029188489700112 0.6134617503096418
0 0.8360143002907792 0.5420899429941565 0.8189757479680493 0.6206725826108359 0.8742431093224495 0.6480260916195588 0.8912817163852298 0.5694434520028794
0 0.9603418187710202 0.6072668060054623 0.8946802524173206 0.5684973657292726 0.8737455770039237 0.6494301069719681 0.9394072528377242 0.6881995885998899
0 0.9375030654428251 0.6922480885575457 0.8736086721377523 0.6529799877466548 0.8558792456383127 0.7188297261390583 0.9197736389433856 0.7580978269499492
0 0.8769592011455998 0.6505032257659003 0.8173819913992433 0.6204994015577363 0.8001921923171245 0.6984127220422595 0.8597693473234305 0.7284165462504234
0 0.8316402965596973 0.8121418112984841 0.8862309066704036 0.8469656760776593 0.9101644062675168 0.7613240063675051 0.855573850896861 0.72650014158833
0 0.7991189588880325 0.7037403964737889 0.7827618654533351 0.7849402285526762 0.8310259489735146 0.8071330414231876 0.8473830424082118 0.7259332093443005
0 0.9713040612738228 0.7432166619029471 0.9738586699481502 0.7948339612180302 0.9992019995445628 0.7919709327098153 0.9966475003503363 0.7403536333947324
0 0.9087341034893498 0.8674850670625847 0.9637222358464126 0.8830621817570715 0.9749027816704036 0.7929713965108401 0.9199146493133408 0.7773942818163533
0 1.0016619079316142 0.7998065069762026 0.9674957959641256 0.796580244855183 0.9635490383267937 0.8919860509029895 0.9977151502942825 0.8952123130240092
0 0.9784966849425448 0.6984127220422595 0.9501713363579036 0.6835275045255336 0.9412841796875 0.7221305867843835 0.9696095282721413 0.7370158043011095
0 0.3930806386631166 0.4648734818952193 0.41791236774803814 0.3121260976403709 0.34408730819086325 0.28473088541005037 0.3192555243658913 0.43747829034076474
0 0.2807519750210202 0.6659271322937839 0.34560191064672086 0.6680117971528836 0.3486262984339966 0.4532562917487085 0.283776362808296 0.4511716268896087
0 0.46282378739840246 0.11039711143266218 0.460666263050028 0.03542392492940433 0.4232748673101177 0.03788008340975133 0.42543239165849217 0.11285326991300919
0 0.2014229128713565 0.8971895047319614 0.24802656644128362 0.9027483353446816 0.2519307363193666 0.8280345224106538 0.205327028009389 0.8224756917979336
0 0.2129618418056334 0.9113432928152524 0.2036400491346693 0.981761901359248 0.2812529559627242 1.005214122575796 0.2905747486336883 0.9347955140318005
0 0.33170620358043723 0.3300909440368818 0.31569085228068944 0.284923853266853 0.2791586563726177 0.31449220238662345 0.29517400767236546 0.3596592931566523
0 0.21297273507567266 0.5912811775517658 0.20870197107973654 0.5364354244738736 0.1595772097463565 0.5451671321217607 0.1638479737422926 0.6000128851996528
0 0.07708712864349776 0.7581333894393631 0.12361852534683296 0.7324133565432334 0.10706540779147983 0.6640549326330666 0.06053395634809417 0.6897750068809282
0 0.1478325677024944 0.6645373419371401 0.14630088635089686 0.7617298322641429 0.18047307446398542 0.7629590538459096 0.18200481055563342 0.6657666048706385
0 0.29303865304442267 0.06768615329814798 0.2821461493658913 0.019961351947732735 0.25246636771300446 0.03542392492940433 0.26335887139153585 0.0831487288643028
0 0.2823617156845572 0.2822299740178798 0.3195425264503924 0.2681864089759062 0.3111894137121637 0.21770551728039253 0.27400860294632845 0.23174908232236618
0 0.18306638435397982 0.36288551392594004 0.19182878844941142 0.41205764398342226 0.22150331505745516 0.3999871148003472 0.21274091096202355 0.350814984742865
0 0.5289984869850056 0.18060395775771723 0.4905616110215807 0.18060395775771723 0.4905616110215807 0.2322235107421875 0.5289984869850056 0.2322235107421875
0 0.4994275832924608 0.09439320551347603 0.49590007970151345 0.15479417092754913 0.5254709833940583 0.15873623152735433 0.5289984869850056 0.09833526611328125
0 0.38272475169913117 0.17899084737307333 0.41366694839545964 0.15741447510758066 0.40301086699481503 0.12253194255880547 0.37206867029848656 0.14410831482429814
0 0.44556222411014573 0.27830747278725226 0.4422712522771861 0.20703970642916877 0.4050583638417881 0.2109622076597963 0.40834933567474774 0.2822299740178798
0 0.03786095589265695 0.2728091604341336 0.05868242888172646 0.3870507217035061 0.1000435183401065 0.36984335633151255 0.07922210009108745 0.2556017743862741
0 0.11486247109725337 0.1414443432154048 0.09959673004834642 0.07801817296966304 0.06880068928671525 0.0949374356567052 0.0840664303356222 0.1583636007334805
0 0.6440921253153027 0.8085532253027609 0.6687356581067825 0.7017390553544207 0.6169272658001682 0.674454934551787 0.5922837330086883 0.781269104500127
0 0.5642304424747758 0.6460029167857596 0.5399909459956558 0.7467134470539041 0.5906678067194506 0.7745550719056995 0.6149072484585202 0.673844582989287
0 0.5691387638382848 0.8877203716495172 0.6202404073535595 0.9169841652640159 0.6449291006866592 0.8185739077849763 0.593827511911435 0.7893101141704777
0 0.5095279984410034 0.8547086224646426 0.5668322918126402 0.8893039775734671 0.5945305931193946 0.7845766641260162 0.5372262450077074 0.7499813917206555
0 0.7290429906460202 0.982903788083291 0.752188342996777 0.9013096258892277 0.715685542495796 0.8776739683900745 0.6925401901450392 0.9592681305841378
0 0.6668103410524103 0.848913508055979 0.6441274873878924 0.9353341616912263 0.6825074336988509 0.9583286192358994 0.7051903421034192 0.8719079656006521
0 0.7576662345852018 0.8719079656006521 0.8087489927830718 0.9034806745162178 0.831637450077074 0.8189498777311992 0.780554691879204 0.7873771688156335
0 0.8546891422015135 0.9299657144520664 0.8767981011771301 0.8464579595136772 0.8332052598619675 0.8201132673558181 0.8110962461463005 0.9036210222942073
0 0.9521860986547085 0.9602844734502033 0.9655436562850336 0.8982997987328506 0.9265432315022422 0.8791154897632961 0.9131857833520179 0.9411001644806487
0 0.9304083169843049 1.0204882944825542 0.9435266605941705 0.9720402746019647 0.8983591122477579 0.9441234723016175 0.8852407686378924 0.992571492182207
0 0.7856502242152467 0.9986449864498645 0.8328482452529429 1.0247335459804794 0.8492605713985426 0.9569567341791582 0.8020625503608464 0.9308681746485433
0 0.7503191892341649 0.8999642886443513 0.7313117467769058 0.9918124397918784 0.7820993466227578 1.0158034740747799 0.8011068438200672 0.9239553229272527
0 0.13272590124019057 0.1309750357940591 0.14917243991732063 0.17190137206700437 0.16707375017516815 0.15548059933876926 0.15062721149803812 0.11455426306582402
0 0.20428395634809418 0.030069769882574315 0.17158110066914237 0.054025541476117885 0.18424767464265696 0.09349593495934959 0.21695053032160874 0.06954016336580603
0 0.13838514661575113 0.1840934650038639 0.15276212820557736 0.23188029136761093 0.16713910979540358 0.2220069657819381 0.15276212820557736 0.17422013941819106
0 0.1977083625280269 0.1302099563888095 0.1662228160909473 0.1503910281793858 0.18424767464265696 0.21458226232347774 0.21573322107973655 0.19440119053290142
0 0.10410265730100897 0.4596378977705793 0.10922709238368834 0.515381851816565 0.14131286347393499 0.5086490041841336 0.1361884283912556 0.45290505013814786
0 0.5340885453160034 0.021334561552135603 0.4968783938831278 0.01989305568581351 0.49624083651555495 0.057458339990962164 0.5334509879484305 0.05889984585728426
0 0.5296345663712164 0.057458339990962164 0.5749124706593329 0.062018846754782246 0.5763858538572029 0.028628264016252222 0.5311079495690864 0.024067757252432143
0 0.4438604654218049 0.12065286817266366 0.438040284297926 0.16989563732612423 0.46561383302970855 0.1773347932148755 0.47143401415358743 0.12809202406141493
0 0.38404885877942824 0.18741886790205792 0.3563797339195628 0.1960678927620575 0.3626657528727579 0.24197081692496614 0.3903348777326233 0.23332179206496656
0 0.3951704495690863 0.29655055431169547 0.3922431158912556 0.2405293162276105 0.3664171980100897 0.24360973079030107 0.3693445316879204 0.299630968874386
0 0.278391967226037 0.14445638268943725 0.2947068013417881 0.2233339015061293 0.3220329797855942 0.21043224386406462 0.30571814566984307 0.13155471470943958
0 0.09004491968539798 0.9785281959264905 0.09195304836392937 0.8372607554200542 0.04685616942264574 0.8358703447874323 0.04494804074411435 0.9771377852938685
0 0.0 0.5785907859078591 0.051999435082679374 0.5673675123592056 0.04685616942264574 0.5129735269520664 -0.005143265660033632 0.5241968005007198
0 0.060196429197029146 0.7034152064543107 0.060307879939742154 0.609717723153794 0.00010499141676008968 0.6095543011094173 -6.459325952914798e-06 0.7032517017064702
0 0.5019983402816705 0.3235400647005738 0.5029524593609865 0.26443841205379826 0.4800209763873318 0.26359338941289806 0.4790668573080157 0.32269504205967353
0 0.28218627382287 0.5683196359856665 0.25008112475476457 0.5735166802961975 0.25611982816003365 0.6586690349630547 0.288224977228139 0.6534719493007919
0 0.36171168853349217 0.7508216589123899 0.3626902764153587 0.6724643862344385 0.33022614209641254 0.6715389344750381 0.329247554214546 0.7498962071529895
0 0.32272894478699554 0.8269936166158537 0.2633813148122197 0.8159821466378726 0.25829831794772984 0.8785158069476202 0.3176459479225056 0.8895272769256013
0 0.17514451373318385 0.8285919437563516 0.17228221123528586 0.8761615701484163 0.19378875595571748 0.8791154897632961 0.19665105845361547 0.8315458633712314
0 0.16239977096762892 0.9246917972719766 0.1652620734655269 0.8655900825976033 0.14417516597183297 0.8632589200647866 0.14131286347393499 0.9223606347391599
0 0.037910002977858744 0.9438304539295393 0.013103125875840806 0.94094749388656 0.010600082329035875 0.990111312245935 0.03540695943105381 0.9929942722889143
0 0.7147069546139294 0.9420873130240092 0.6160618256025785 0.9462965058117379 0.6170403587443947 0.9986449864498645 0.715685542495796 0.9944357936621359
0 0.5675731983954596 0.9409445992653286 0.5561025850441423 0.9882467626556148 0.5954467226036996 1.0100249003588668 0.6069172812149664 0.9627227369685806
0 0.5470006284157791 0.981128392826897 0.5677122381235986 0.9118390173769901 0.513312506568806 0.8747212066236874 0.4926008421209361 0.9440105820735942
0 0.2908728629484305 0.49920100183667854 0.28896462478979823 0.4458653313034595 0.26153038948640694 0.44810585084000254 0.2634386276450392 0.5014415213732215
0 0.2584803286154709 0.02821122404682604 0.22986266816143497 -0.032259341500962005 0.2 7.702360279242278e-17 0.22861766045403586 0.06047056554778805
0 0.3823091652361267 0.11995177023456026 0.4281063336427971 0.10265373085249407 0.4189581216718049 0.047367814433606985 0.37316095326513454 0.06466585898463965
0 0.15283279761070628 0.35922638187563516 0.16689376488929372 0.44177394959984756 0.1924737904638453 0.43182794834540145 0.17841282318525784 0.34928038062118905
0 0.2335589353279148 0.46985442205496275 0.22236256962934417 0.40164544330379826 0.18972731791269618 0.4138735225853235 0.2009236836112668 0.482082501336488
0 0.15884451417110426 0.4053926545430005 0.15134091227578475 0.36004555968411245 0.12553015738859305 0.36979451993616613 0.13303375928391256 0.4151416147950542
0 0.16507666891465808 0.4412828977838118 0.17150835114209642 0.49202841988747037 0.19842244648612667 0.48424188877508895 0.19199076425868833 0.4334963666714304
0 0.23589639022211323 0.5747279965780615 0.2317474228384249 0.47913494988831723 0.20199560327914798 0.482082501336488 0.2061445706628363 0.577675589377964
0 0.07960418564321749 0.4834213877111916 0.1288559438936379 0.4677558216622205 0.11731192413466929 0.3849102320063728 0.06806016588424887 0.4005757980553438
0 0.04493129028867713 0.4470528703394944 0.06672746461603139 0.4405747080236916 0.06264265257146862 0.4092032993389016 0.04084647824411435 0.41568146165470443
0 0.21635703869464687 0.647652396018589 0.21457048766816145 0.5958271801956301 0.19877978953545403 0.597069717035061 0.20056634056193945 0.64889493285802
0 0.2181966328300168 0.6525209421710916 0.2553574087373879 0.6438834337684197 0.24844658684837445 0.5760157308604336 0.21128581094100338 0.5846532392631055
0 0.0697889661575112 0.6575324826124238 0.1161519277256166 0.6604269797885968 0.11717567614910314 0.6229961364249873 0.07081271458099776 0.6201015978970825
0 0.26559724679442265 0.2762744355654006 0.24413838065793161 0.18576591512375085 0.21584625928391254 0.20107748967199143 0.23730512542040358 0.29158601011364116
0 0.20896850038536996 0.32267494511798145 0.23494769040779148 0.302322883916095 0.21630591148752804 0.2480051511025364 0.1903267214651065 0.26835721230442283
0 0.20497576110566143 0.32526538300966507 0.19130930537065582 0.2517075163885184 0.1672645739910314 0.2619047707658473 0.180931029726037 0.335462637386994
0 0.17736553654007847 0.3383632752953506 0.1619908080507287 0.27512932340627116 0.1416399900154148 0.28642405274760757 0.15701471850476456 0.349658004636687
0 0.11769045158352018 0.30047173228690294 0.131390134529148 0.3612724242171621 0.1561938367082399 0.3485152081745427 0.1424941537626121 0.2877145369201495
0 0.15696452187850338 0.05960156407136581 0.14158973864910315 0.020886895456288242 0.10918215080227017 0.05026454977226774 0.12455693403167041 0.08897921967958693
0 0.16322514144829037 0.26813248631753894 0.14086196967839126 0.1740109616824928 0.10491138680633408 0.1935088408348683 0.12727455857623318 0.28763036546991444
0 0.08099507558506167 0.2670667281318809 0.1136667841753083 0.25155306766995894 0.10223974390414799 0.19662099285177423 0.06956803531390135 0.21213465331369621
0 0.2481878306299047 0.3250489273691565 0.25865900014013454 0.4025680831454311 0.2900198487422926 0.3928984355151169 0.2795486792320628 0.31537930041470824
0 0.1151612422926009 0.8090721068343496 0.1151612422926009 0.8787585416137365 0.15188979076163117 0.8787585416137365 0.15188979076163117 0.8090721068343496
0 0.32332916944016254 0.4046634581030869 0.32442878757357063 0.35481998267858655 0.2911537341472814 0.3531442864477473 0.2900541160138733 0.4029877618722476
0 0.1478168573080157 0.6526981343421833 0.1945605359269899 0.655580639516112 0.19592005981992713 0.6052564088568132 0.14917638120095292 0.6023739036828845
0 0.05537043686939462 0.5354884698138973 0.08381550194436659 0.5257841694322705 0.07928680283071748 0.4954832743823044 0.05084168301569507 0.5051875747639313
0 0.25333032992923205 0.42175962866806405 0.23539311019829035 0.33142540577627455 0.21509714169352578 0.3406245947530276 0.23303436142446748 0.4309588176448171
0 0.10832798705507286 0.5833440847836213 0.1068780873388453 0.5241981651078718 0.08768595195137331 0.5252720695847095 0.0891358516676009 0.584417989260459
0 -0.011791225826793723 0.015477825309525984 0.013594363088565022 0.0976640964911236 0.03335059469590807 0.08373486381882252 0.007965005780549327 0.0015485869836678026
0 0.09916866285383968 0.03329890336447615 0.07510707153867713 -0.019211098430602532 0.05423162485986547 0.002623994499041136 0.07829316143497758 0.0551339953249386
0 -0.01678745971132287 0.32667194149358486 0.0 0.42005420054200543 0.032022710552130046 0.40691361259315717 0.015235360320908073 0.3135313535447366
0 0.03471449779288117 0.4197896735131902 -0.008510216683015695 0.4294637871305471 0.0 0.516260162601626 0.043224823955997756 0.5065860489842692
0 0.11599701338284753 0.5567445419022061 0.1595772097463565 0.5424786079220656 0.15475537766255607 0.5088553493261984 0.11117518129904709 0.5231212833063389
0 0.1327426516956278 0.41328789935848576 0.1370134156915639 0.4606058591103489 0.16242434925028026 0.45537060579956384 0.15815358525434417 0.4080526460477007
0 0.15901054074411436 0.5519128814945377 0.11661913405619395 0.5553748898389863 0.11900492441493835 0.6220587753668064 0.16139633110285875 0.6185967670223578
0 0.14961205726247198 0.6285112169053819 0.12191074525294282 0.6273800816316268 0.1200824823080157 0.7295853943036501 0.14778373957749438 0.7307165295774052
0 0.3624385816633969 0.0015485869836678026 0.36719861223024103 0.04757481603441523 0.4003333669072309 0.039752712094686865 0.39557333634038677 -0.006273513240865899
0 0.4919851807735426 0.1090893422361958 0.4919851807735426 0.05854518755987731 0.4635134025539518 0.05854518755987731 0.4635134025539518 0.1090893422361958
0 0.5378500078825673 0.06152181444452384 0.4944944099460482 0.058191134031549054 0.4934726321643778 0.08855214933069741 0.5368282301008969 0.0918828245747057
0 0.5680343285804372 0.100945108305148 0.5706385317404709 0.06553534634391144 0.5400139915568947 0.060394307785240936 0.5374097883968609 0.095804064577511
0 0.3696376099180213 0.07356260656341304 0.3173548950742713 0.0982472179381828 0.330856200077074 0.1635218054298463 0.38313891492082397 0.13883718888611005
0 0.3508232903587444 0.1575377342823721 0.3574560327914798 0.19189573045022443 0.376807735426009 0.1833681969784786 0.37017499299327355 0.14901020081062627
0 0.33256764775434416 0.16940942366271808 0.3403973908702354 0.20059623821641048 0.3574560327914798 0.19082031663517318 0.34962628967558856 0.15963350208148078
0 0.3417965465596973 0.20587602734242674 0.3327106835061659 0.15096698543889736 0.31864232632076794 0.15628076568851626 0.3277281893742993 0.21118980759204564
0 0.3367716288887332 0.2459246007407584 0.34107780969730944 0.3070798630959942 0.36662526494184416 0.3029736774723704 0.3623190841332679 0.24181841511713456
0 0.16883052261420964 0.052092740852335284 0.1408878069822029 0.08224774182327395 0.15565273130955717 0.11347815660926384 0.1835954469415639 0.0833231504693587
0 0.19943765546174327 0.019830516360316495 0.18351005246286434 -0.02089330368248751 0.1595772097463565 0.0004731793471468173 0.17550481274523544 0.041196998864977664
0 0.1126148446258408 0.13918827542767614 0.08768595195137331 0.1585580986043625 0.09977036548836883 0.19405904630335366 0.12469925816283632 0.17468921278873434
0 0.07219074061098654 0.06375675666622999 0.05653125437920404 0.028268310112681817 0.035013159508127806 0.049941928729132265 0.050672645739910316 0.08543037786716368
0 0.09610759923276345 0.19715221787532816 0.08806759958309977 0.15629395689098494 0.06417044737948431 0.1670278740446096 0.07221044702914799 0.20788613502895284
0 0.06601299747757848 0.18503539542841718 0.05462432998178251 0.1344912355831322 0.035013159508127806 0.14457779137422722 0.046401827003923764 0.1951219512195122
0 0.04872981186939462 0.20887797699388128 0.03408750525504484 0.1355257525353574 0.0019517017586883408 0.15016842146876058 0.016594008373038118 0.22352064592728446
0 0.18415286487528026 0.16919653460908388 0.2348646497512612 0.13496322425077278 0.2166171634143778 0.07326120929666328 0.1659054332784473 0.10749450931704141
0 0.09765685214055493 0.26262639983882746 0.10904300159403027 0.30706654783832993 0.13747870612037555 0.2904361838570778 0.12609261140695066 0.24599603585757537
0 0.1236886473514574 0.3636841812754065 0.11585890423556615 0.3077629937065972 0.09480391019128363 0.31449220238662345 0.10263365330717489 0.37041338995543277
0 0.02006551289237668 0.31029810298102983 0.02006551289237668 0.23383662112683137 0.0 0.23383662112683137 0.0 0.31029810298102983
0 0.14869740575952914 0.9275756670530573 0.14260089686098654 0.9986449864498645 0.1805288545753924 1.0060716747914549 0.186625363473935 0.9350023553946477
0 0.14462950839055494 0.9425301900724086 0.11702431990961323 0.9414030245649136 0.11604288554512332 0.9962668483496359 0.14364807402606503 0.9973940138571308
0 0.11686951504694507 0.9425301900724086 0.1424941537626121 0.9425301900724086 0.1424941537626121 0.8855336093644139 0.11686951504694507 0.8855336093644139
0 0.31170938945137333 0.9324519459794207 0.356165043441704 0.945124680433816 0.3617267967874159 0.9005893614233994 0.3172711427970852 0.8879166269690041
0 0.31688374746006165 0.8909106577638042 0.3434906416409753 0.8966533381764482 0.3505089729890695 0.8224287162305217 0.3239020788081558 0.8166860358178777
0 0.3728189921699832 0.8919629766366023 0.37906417504554374 0.8188385588689872 0.351600708555213 0.8134845847359841 0.34535552567965244 0.8866090025035993
0 0.09330770039237668 0.9079596460027101 0.11323795062009528 0.9090351218453591 0.11473416041900224 0.8457435669937754 0.09480391019128363 0.8446680911511264
0 0.1183104373948991 0.9137818871474848 0.09259580603629484 0.9124869163120343 0.09186666856432175 0.945536874497163 0.11758129992292601 0.9468318453326134
0 0.3311763198920964 0.029848543286000485 0.3062635207924608 0.04275343153211805 0.31546017770809975 0.08327956057499418 0.34037297680773543 0.0703746723288766
0 0.3520018436448991 -0.017478529353774985 0.3192168231502242 0.005475774367004229 0.3377147452179092 0.06578337920067433 0.3704997657125841 0.0428290741876535
0 0.06558854312640135 0.6900122004149729 0.02288090316704036 0.6975401177961975 0.027183471132286995 0.7532585164718835 0.06989111109164799 0.7457305990906589
0 0.032877750140134526 0.21985632423462906 0.045475515870235426 0.2780756756542175 0.07843263908352018 0.26179721491123603 0.06583487335341928 0.2035778634916476
0 0.03885076548486547 0.27501637115065 0.01322618150924888 0.2900720611820376 0.025048061764293722 0.3360003339565866 0.050672645739910316 0.320944643925199
0 0.049425667390695066 0.48335133787739243 0.07860923048626682 0.47367267556952913 0.07345009021160313 0.4381640674622078 0.04426652711603139 0.4478427297700711
0 0.28841196924047086 0.7844453310255759 0.286847662818806 0.7218159001048018 0.2634991701408352 0.7231470950573764 0.2650634765625 0.7857765259781504
0 0.28474548066143496 0.7319929748369749 0.2875926749054092 0.7825371140063939 0.3062068648402466 0.7801436757653709 0.30335967059627245 0.7295995365959519
0 0.3855906123003083 0.7352632352007114 0.3863268659788397 0.6829808346301236 0.36457399103139015 0.6822815768440887 0.36383773735285874 0.7345639774146765
0 0.3304460328790639 0.7476595746792429 0.32684889994394617 0.6672258661368352 0.3026142205892657 0.6696998161998221 0.3062114082644339 0.7501335660939618
0 0.26207560038887334 0.7285241434567666 0.2878738198045123 0.7248700563177507 0.28382010010860426 0.6595418873195079 0.2580218806929652 0.6631959744585239
0 0.30407145547225334 0.7328257160135078 0.30193330910173766 0.672526289777058 0.2877001843644899 0.6736783076754107 0.2898383307350056 0.7339776925601287
0 0.26145917268077357 0.7248875067486027 0.25659606659893497 0.6452906745559155 0.2349883075252242 0.6483041406646977 0.23985141360706277 0.7279009728573849
0 0.22007974530549326 0.7005635083206301 0.21782494788747198 0.6608196144827659 0.20157306482973655 0.6629242522283622 0.20382786224775784 0.7026681460662263
0 0.23468351492432735 0.7216911832814618 0.24180147316423767 0.7829894192496613 0.26065203063691145 0.7779928894870003 0.2535340723970011 0.7166946535188008
0 0.21225000218960202 0.788746903582317 0.21225000218960202 0.7070159498592056 0.18235459947799887 0.7070159498592056 0.18235459947799887 0.788746903582317
0 0.2025445912450953 0.5060933844506902 0.15523665218609867 0.5073257074123476 0.1556886955227018 0.5469371516530107 0.20299663458169842 0.5457048286913533
0 0.1648402466367713 0.4535467463134104 0.13893517464265695 0.45859682656885165 0.1430267197134249 0.5065047101276677 0.16893179170753925 0.5014546298722264
0 0.0777867064882287 0.6303557522574738 0.08199161820347534 0.5833440847836213 0.05692100353839686 0.5782254847084604 0.05271609182315022 0.625237110830581
0 -0.0031433926569506727 0.8124145673219427 0.0 0.8753387533875339 0.018938086813340808 0.8731792832454692 0.015794694156390135 0.8102550971798781
0 0.009998598654708521 0.9826450916486704 0.010848383197869954 0.9081366314151422 0.000849784543161435 0.9078763636147104 0.0 0.9823848238482384
0 0.08981999281810538 0.9512101667037178 0.08988403867713005 0.9987216525607638 0.1147982062780269 0.9986449864498645 0.11473416041900224 0.9511335005928184
0 0.18153360820137332 0.8693343165121105 0.1786532962268778 0.9313459525586467 0.20299663458169842 0.9339269622554623 0.20587694655619396 0.8719153262089262
0 0.2623012936168722 0.9154877287908622 0.2962417123563621 0.919946686039126 0.29815137375630607 0.8867663871951219 0.26421095501681613 0.8823074299468581
0 0.2534528929021861 0.18672087134384527 0.26295965220361545 0.22981030637332742 0.2930941594555774 0.21463413807111703 0.28358745489419845 0.17154471337956786
0 0.2577702406810538 0.10573778436758977 0.2516467996776906 0.0826091042702114 0.22706047023892936 0.09746753103364773 0.23318385650224216 0.12059620596205962
0 0.23686408483394059 0.13923932414067794 0.24781198544352578 0.18059060114832107 0.26930572099215244 0.16760115377948212 0.25835782038256727 0.12624988710977197
0 0.2428699442089406 0.06314362936872776 0.26313903534893496 0.12439024803761221 0.2789237668161435 0.11246612466124661 0.2586547304161996 0.051219511161328654
0 0.4188340807174888 0.0 0.4188340807174888 0.025745257452574527 0.442152466367713 0.025745257452574527 0.442152466367713 0.0
0 0.2254708739139574 0.14661246198948805 0.20475335228068947 0.1570460725282912 0.21372196214616032 0.19769646869442328 0.23443948377942825 0.1872628684935531
0 0.15336322869955157 0.23170731707317074 0.16556051622057175 0.2685636815016832 0.18744394618834082 0.25203252032520324 0.17524665866732062 0.2151761558966908
0 0.04558532441143498 0.10171946083627097 0.06605843171945067 0.1790486777701029 0.09018089397071188 0.16447061057982407 0.06970773192264575 0.08714139364599212
0 0.10614101255955717 0.37559674684271255 0.07852766781109866 0.23255934883262408 0.010544247477578475 0.2625170658597455 0.03815753748598655 0.405554463869834
0 0.036876839265695065 0.412561762946731 -0.01102606940162556 0.4306551718776465 5.276940863228699e-05 0.4976087947524983 0.04795567807595291 0.4795153858215828
0 0.3063333143567825 0.1994097329736725 0.31624794177410315 0.23935478231125085 0.33364454876681615 0.2294984522873793 0.32372997608954596 0.18955340294980097
0 0.34716796875 0.23948301403180047 0.3444084133267937 0.2061288311552549 0.33005863754204035 0.20883885825552592 0.3328181929652466 0.2421930411320715
0 0.3421869525994955 0.20012507658340745 0.34760260475056054 0.24103606102589345 0.3670920880920684 0.23514697480654007 0.36167643594100335 0.19423599036405403
0 0.39730941704035877 0.28319783197831977 0.39730941704035877 0.3252032520325203 0.4484304932735426 0.3252032520325203 0.4484304932735426 0.28319783197831977
0 0.452914798206278 0.16802168021680217 0.452914798206278 0.22493224932249323 0.47533632286995514 0.22493224932249323 0.47533632286995514 0.16802168021680217
0 0.4929716512226738 0.20953071408155488 0.4722816638347814 0.21265663622517572 0.4740309916269619 0.23908609943338202 0.49472097901485423 0.23596017728976118
0 0.47931160007357065 0.30407237231246825 0.48411104347673767 0.260565450197959 0.45967760299887894 0.25441295344655107 0.4548782143357623 0.2979198755610603
0 0.4701932761701233 0.10707005446519309 0.4675860075672646 0.16615703758508532 0.4828842642061379 0.1676979168320736 0.4854914780689462 0.10861093371218136
0 0.48251121076233183 0.12195121951219512 0.48251121076233183 0.16666666666666666 0.5004484304932736 0.16666666666666666 0.5004484304932736 0.12195121951219512
0 0.4304932735426009 0.16531165311653118 0.4304932735426009 0.22086720867208673 0.45201793721973094 0.22086720867208673 0.45201793721973094 0.16531165311653118
0 0.2492745848514574 0.3045592269277185 0.2538116591928251 0.3319783197831978 0.27786865234375 0.322891752248211 0.2733315780023823 0.2954726593927316
0 0.0 0.0 0.0 0.0921409214092141 0.10134529147982063 0.0921409214092141 0.10134529147982063 0.0
0 0.0 0.16260162601626016 0.0 0.22493224932249323 0.016143497757847534 0.22493224932249323 0.016143497757847534 0.16260162601626016
0 0.1221524773157231 0.09674796954726139 0.1323766597183296 0.12764227228759104 0.15461885597673766 0.1108401125362572 0.14439461883408072 0.07994579945799458
0 0.14859038896090246 0.08734206326285675 0.1101143191213565 0.1099486312245935 0.1279553605836603 0.17926139107887662 0.16643143042320627 0.15665482311713985
0 0.22989173512822308 0.42000461981548526 0.23244010343679933 0.4546566267969809 0.26305369561028585 0.44951747491107724 0.26050532730170967 0.4148655092813135
0 0.47427365427059975 0.5084726803994114 0.47570351912836323 0.4587845634315718 0.44869280759529145 0.4570102846719385 0.4472628879974776 0.5066983602880463
0 0.44721197975056054 0.4367255234136814 0.4087644842173487 0.4318848896801956 0.4056533334501121 0.4882908022500635 0.444100828983324 0.4931314773352812
0 0.3704154660348935 0.5002698200504955 0.40976228585692265 0.4963066700674331 0.40769475415148543 0.449450815919292 0.3683479343294563 0.45341392455062246
0 0.30535724451723656 0.9689503904926745 0.3408997403132007 0.9857313368055556 0.3494374912415919 0.9444541207497036 0.31389494070557733 0.9276731744368225
0 0.18565022421524663 0.9322493224932249 0.18565022421524663 0.9986449864498645 0.20986547085201793 0.9986449864498645 0.20986547085201793 0.9322493224932249
0 0.1446855074621637 0.8889621641577744 0.15370256227228138 0.8912327050516599 0.15510845098794843 0.8784882666941903 0.1460913961778307 0.8762176430968411
0 0.2358744394618834 0.8753387533875339 0.21076233183856502 0.8753387533875339 0.21076233183856502 0.8970189701897019 0.2358744394618834 0.8970189701897019
0 0.16233183856502242 0.8604336043360433 0.1654708520179372 0.8746612466124661 0.17273540411294844 0.8710026934864076 0.16959639066003362 0.8567750512099848
0 0.15874439461883408 0.8468834688346883 0.15067264573991032 0.8468834688346883 0.15067264573991032 0.8644986449864499 0.15874439461883408 0.8644986449864499
0 0.2645739910313901 0.8170731707317073 0.2645739910313901 0.9349593495934959 0.3721973094170404 0.9349593495934959 0.3721973094170404 0.8170731707317073
0 0.3775784753363229 0.7845528455284553 0.2968609865470852 0.7845528455284553 0.2968609865470852 0.7967479674796748 0.3775784753363229 0.7967479674796748
0 0.3040358744394619 0.7588075880758808 0.28699551569506726 0.7588075880758808 0.28699551569506726 0.7669376693766937 0.3040358744394619 0.7669376693766937
0 0.1178296007917601 0.7606233426225864 0.15461885597673766 0.7685637021775491 0.1559641474565583 0.7543360599011264 0.11917489227158072 0.7463957003461636
0 0.22242152466367712 0.6869918699186992 0.22242152466367712 0.7046070460704607 0.23228699551569507 0.7046070460704607 0.23228699551569507 0.6869918699186992
0 0.06367713004484304 0.6084010840108401 0.06367713004484304 0.6192411924119241 0.07623318385650224 0.6192411924119241 0.07623318385650224 0.6084010840108401
0 0.22062780269058296 0.5609756097560976 0.20717488789237667 0.5609756097560976 0.20717488789237667 0.575880758807588 0.22062780269058296 0.575880758807588
0 0.20807174887892377 0.5338753387533876 0.20807174887892377 0.5636856368563685 0.23228699551569507 0.5636856368563685 0.23228699551569507 0.5338753387533876
0 0.21191669002242153 0.4971155512946731 0.2142787231992713 0.5328020545525279 0.2279536636420964 0.5307359979727727 0.22559163046524663 0.4950494947149178
0 0.0010761893918161435 0.15365853865295245 0.03228699551569507 0.13008130081300814 0.023677151940863228 0.1040650447855797 -0.007533654183015695 0.12764227228759104
0 0.20145154191774103 0.6863417793418657 0.21090750245235426 0.7792032546790312 0.22910391632216928 0.774973799542683 0.2196480105276065 0.6821122415020537
0 0.22082316993063342 0.6623601319021003 0.20324115838705156 0.6597037793498052 0.20214000753223094 0.6763395810837991 0.21972207381586323 0.6789959336360942
0 0.20896860986547086 0.8211382113821138 0.20896860986547086 0.9281842818428184 0.27533632286995513 0.9281842818428184 0.27533632286995513 0.8211382113821138
0 0.04125560538116592 0.7886178861788617 0.015246636771300448 0.7886178861788617 0.015246636771300448 0.8102981029810298 0.04125560538116592 0.8102981029810298
0 0.032878954421244395 0.9086991803755928 0.010026954000840808 0.9136314495469173 0.01302243904147982 0.9453116729653624 0.03587443946188341 0.940379403794038
0 0.06726457399103139 0.983739837398374 0.03139013452914798 0.983739837398374 0.03139013452914798 0.9986449864498645 0.06726457399103139 0.9986449864498645
0 0.8496504300378364 0.4210740996570122 0.8722189864770179 0.3469492180883723 0.8342205235776345 0.3205408442634231 0.8116520218785034 0.394665725832063
1 0.6368029949376401 0.07159672455412909 0.6784753363228699 0.07159672455412909 0.6784753363228699 0.0031616981759627016 0.6368029949376401 0.0031616981759627016
1 0.5390049682069787 0.10877423170136243 0.5276066664623038 0.1983235470324674 0.5633239472393498 0.20870107428491277 0.5747222489840247 0.11915174861587483
1 0.6581506840316704 0.09987830598826007 0.6368601982903588 0.07109768668487466 0.6195640392902186 0.10030363956441078 0.6408545797715807 0.1290842588677962
1 0.6144937968574832 0.10590482468850568 0.5686404104190023 0.2086260415674225 0.5991379536855381 0.23970114441745002 0.6449912853839687 0.13697993787646617
1 0.6089939545088284 0.22055200509585662 0.6309387480731502 0.29451331988905827 0.6572884187570067 0.27666735972169293 0.6353436799327354 0.20270604492849129
1 0.5976628188060538 0.25261299526142234 0.5918634389013453 0.3489941852848704 0.6247810397982063 0.3535153768896087 0.6305804197029148 0.25713418686616063
1 0.6704638562394899 0.39409126757283197 0.6654830590491873 0.3353947171673865 0.6345399865120516 0.34138831988905827 0.6395207837023542 0.40008487029450374
1 0.7384791900224216 0.3931608122538745 0.6761306010019619 0.3722278212467183 0.6686487856467208 0.4230951655524856 0.7309974294072309 0.4440281565596418
1 0.8240302252662556 0.471193763298717 0.7895266956278026 0.409039505128938 0.7635532533106782 0.4419518447503811 0.7980567829491312 0.5041061029201601
1 0.7984933348514573 0.4972200471211255 0.8270133937955437 0.5710873487519055 0.8641889495165359 0.5383236272548272 0.8356689453125 0.46445632562404726
1 0.5764686755535314 0.3962525158393674 0.5434932144233464 0.49589389707983994 0.5822666322169282 0.5251841144510078 0.6152420933471132 0.42554269185880333
1 0.5477216096202354 0.26724848966934495 0.5372174865996356 0.3670029885723662 0.5773792215526906 0.3766563022685891 0.5878832898332399 0.27690180336556786
1 0.534545296296945 0.2999884959481919 0.5486418993483745 0.26126559704622926 0.5262807529603419 0.2426842997067666 0.512184204648963 0.28140719860872926
1 0.5054780558085762 0.35741699549563855 0.5336905304091928 0.3297109836485328 0.5170288633338005 0.2909832879456724 0.48881638873318384 0.3186893204686441
1 0.5257266194296525 0.38100993665576305 0.5031292149838845 0.3416163540144923 0.4776415906144899 0.3749896620670308 0.5002389403202074 0.41438326538416753
1 0.4601485863929372 0.3357559452211954 0.474643313831278 0.31659413159378175 0.4619604273227298 0.29469491601959474 0.447465699884389 0.3138567296470084
1 0.42802794589055493 0.3551183354240769 0.4655408098024103 0.35694661954554113 0.4659542066633969 0.33758418799092776 0.4284413427515415 0.33575592454532943
1 0.47917288878573433 0.5068435048669334 0.4275354496566704 0.5068435048669334 0.4275354496566704 0.5930716248385628 0.47917288878573433 0.5930716248385628
1 0.4032119272001121 0.5798843507844258 0.4340647333940583 0.5717776332121232 0.42854606046804933 0.5238354690675813 0.39769330901415356 0.5319422279916158
1 0.5422938051779709 0.3697671450896638 0.4918634389013453 0.5456577704204777 0.525834347848935 0.5678905290639821 0.5762647141255606 0.3919999037331682
1 0.5118586108288957 0.6072651932879192 0.5162044781740471 0.5626171081046748 0.4911114748283352 0.5570419022061315 0.48676560748318387 0.6016900287411078
1 0.4722035497827915 0.6679541528386476 0.5388712382637332 0.7100752336869072 0.5576907581278027 0.6420828553073128 0.49102301490681055 0.5999617744590532
1 0.49910319375350337 0.6285441742356876 0.4725059338214686 0.6210095992256309 0.4624977556579316 0.7016528783451897 0.4890950155899664 0.7091874947069783
1 0.5228720900189182 0.7651345684599424 0.5283197650994955 0.701347619860476 0.4860524541059417 0.6931077910632621 0.4806048337654148 0.7568947396627287
1 0.5124148792215527 0.8419581467543191 0.5004043647526626 0.7527413717130336 0.4522582460411996 0.7675362770473407 0.46426870577003926 0.8567530520886264
1 0.4637678343084361 0.7988624469374577 0.4950739428601457 0.7279147843358317 0.4645505622897982 0.6971706814236112 0.43324445373808856 0.7681183440252372
1 0.4134047982938621 0.8647452667153624 0.4077517932840527 0.9458816652375508 0.4690621825077074 0.9556324036140752 0.4747151875175168 0.8744960050918869
1 0.4593927357763453 0.810967422113186 0.42022261683716366 0.810967422113186 0.42022261683716366 0.8668821588118225 0.4593927357763453 0.8668821588118225
1 0.42971131192194506 0.9827406141493056 0.41203460009108744 0.9133031994992802 0.364329467226037 0.9410242427009231 0.3820062337969451 1.0104616573509486
1 0.7694918371636771 0.7296776086657351 0.7358130211252802 0.7805609147400068 0.7600022114980381 0.8171069137449187 0.793681027536435 0.766223607670647
1 0.720570435117713 0.7196294686335535 0.7562744140625 0.7324731511475271 0.7614093592348655 0.6998894750910399 0.7257053802900785 0.6870457512253345
1 0.7059604251331278 0.688921259024602 0.694143909403027 0.7375206262438601 0.7116628056684418 0.7472436589600271 0.7234793213985427 0.6986442917407689
1 0.6995292355661435 0.7060632886602304 0.6786893151800729 0.7060632886602304 0.6786893151800729 0.7358623390921409 0.6995292355661435 0.7358623390921409
1 0.6807046796174328 0.7827008668646257 0.6903030190232623 0.7457876644806487 0.675807142043862 0.7371837750359925 0.6662088026380325 0.7740969774199695
1 0.7641684767376682 0.8550404287612212 0.7583022592313621 0.8208547039083672 0.7311809180563341 0.8314781292344173 0.7370470808225897 0.8656638540872713
1 0.669385750945908 0.6267865188722688 0.6414751677235145 0.6267865188722688 0.6414751677235145 0.654898832160929 0.669385750945908 0.654898832160929
1 0.8188929810117713 0.6406775994029471 0.8326621838214686 0.5979469113233613 0.8137766474565583 0.584055830792683 0.800007444646861 0.6267865188722688
1 0.8954936348269339 0.5824859122919842 0.8966843951443386 0.5537023776915015 0.8759269132742433 0.5517423056005463 0.874736207696889 0.5805258402010289
1 0.9596568017797085 0.5926536828844851 0.9850189619534754 0.5845867043265159 0.9808248887682175 0.5544885981696731 0.9554627285944507 0.5625555767276422
1 0.9765689593259529 0.6535489462255463 0.9602243466227578 0.6498448234909595 0.9574894242222534 0.6773917345496697 0.9738340369254485 0.6810958572842565
1 0.9789444585552131 0.4886053648744495 0.9808945181123879 0.45177891842394985 0.9346532984164798 0.4461898596952278 0.9327033483394058 0.4830163061457275
1 1.004846684066704 0.4441809098571943 0.9953662547295403 0.42595099885935384 0.9858857159122758 0.43720520350345105 0.9953662547295403 0.4554351145012915
1 0.9747012288046525 0.28582978700880757 0.9736248204526345 0.3695790774130886 0.9981655514293722 0.3702990524167937 0.9992419597813902 0.2865497413366468
1 1.009379160243834 0.09859930725924691 0.9787836322869955 0.04784238758448986 0.9594913773472533 0.07438735651776074 0.9900870147841928 0.12514427619251778
1 0.9396207390344731 0.01729792049583704 0.8976290989349776 0.04146653720679968 0.9096003647876962 0.08894418442475441 0.9515920596272421 0.064775570298275
1 0.7724461029463284 0.0340119752134411 0.8013944480451233 0.0323921115740851 0.8005839121181334 -0.0006711482194057971 0.7716355670193386 0.0009487152584199983
1 0.8714370248563621 0.23645836227954564 0.8479700199691704 0.256549535405022 0.8606090596973094 0.2902475992838542 0.8840761193245515 0.2701564261583778
1 0.8098477350756726 0.940678542222434 0.836476798977018 0.9360004207952236 0.8342236985005606 0.9067250486957995 0.8075946893392657 0.9114031701230099
1 0.8866671848724775 0.9466153276645071 0.9113596005290079 0.9560898364720952 0.9152049795929091 0.9332136448805894 0.8905125639363789 0.9237390533695377
1 0.35786932017236545 0.9686400870966717 0.33577705691213566 0.9475008336509146 0.31883276695627805 0.9879219861534553 0.34092503021650783 1.009061322302676
1 0.26405948929722534 0.8476122517572832 0.30190424213494954 0.8409831556201304 0.2993707631200953 0.8079689253313431 0.2615260102823711 0.8145980214684959
1 0.42288736249299325 0.6413618878620427 0.4105056557420123 0.6691202716775703 0.4244389144829036 0.6833067689807757 0.43682062123388454 0.6555483438135162
1 0.39766128608464124 0.7576593331851287 0.43198663685888455 0.7137099682154048 0.41150110355941705 0.6771886975461552 0.3771757527851738 0.7211380625158791
1 0.35306024252031953 0.7614041460238821 0.3392643813060538 0.7438956573403624 0.32711061212514014 0.7657555887692666 0.3409064733394058 0.7832640774527863
1 0.3912019601317265 0.8121997864265752 0.3751773577634529 0.8121997864265752 0.3751773577634529 0.8547636202680386 0.3912019601317265 0.8547636202680386
1 0.3303470081278027 0.397082982670647 0.2853018037941424 0.4040375996411331 0.2883494013628083 0.4490952323768843 0.3333946056964686 0.4421406154063982
1 0.2605954841647982 0.40703870158208416 0.2648965194086323 0.44963718817486026 0.29108394058295967 0.44360177885226115 0.28678290533912554 0.4010032922594851
1 0.24432958765414797 0.45817557647622376 0.24927266894969172 0.507340676739287 0.2635543481116872 0.5040630557672764 0.2586112668161435 0.45489795550421325
1 0.23059618483744396 0.43970727274411414 0.23241820741661995 0.5008204183604336 0.245303467891676 0.4999435135342564 0.24348139057244955 0.43883032656620513
1 0.2707044935012612 0.6011171831994199 0.3029544300028027 0.550795309588838 0.27429500289027464 0.5088699878392827 0.2420450663887332 0.5591918614498645
1 0.22409646072729822 0.5600417635951261 0.2580601987282791 0.5668083955925008 0.263279169878083 0.507012674802041 0.22931548661715245 0.5002460841563982
1 0.08687656556544282 0.7554775331078506 0.046893721097253364 0.7665521885321392 0.0536167846132287 0.8219572237836636 0.09359962908141817 0.810882568359375
1 0.09443835613438901 0.8382726322990769 0.11490374509529148 0.8250212217087991 0.1073749627767657 0.798480026121062 0.08690957381586323 0.8117314367113397
1 0.23136446144548767 0.8291899725027524 0.2574077520669843 0.8211050472931487 0.2542502912170684 0.7978888617621528 0.22820700059557175 0.8059738696752202
1 0.19562167180493273 0.209641681454046 0.2048989608148823 0.2503346595660781 0.21538928934276905 0.24487548662718073 0.20611194559276905 0.2041824878392827
1 0.2192580424082119 0.13536807838171155 0.22419417171734865 0.1763857296165735 0.24332133066493833 0.1711315475505219 0.2383851466157511 0.13011389631565992
1 0.29062620428110986 0.11978923725241891 0.2768262375630605 0.11168108270743352 0.27211716998318386 0.1299758125449907 0.2859171367012332 0.13808397742790904
1 0.30538335552130047 0.10819216472346609 0.3101052870130325 0.1450517545870649 0.3274085622197309 0.13999192566083377 0.3226865759879484 0.10313233579723492
1 0.1977023411224776 0.5026818252191311 0.19471523130955717 0.4744759329612339 0.16845391106712443 0.48082433354240767 0.17144102088004484 0.509030184448573
1 0.1318420683856502 0.6197348907388 0.1318420683856502 0.5651141737857808 0.11133244946398542 0.5651141737857808 0.11133244946398542 0.6197348907388
1 0.03764954981782511 0.5682776226260797 0.008352236897421525 0.5779602547002033 0.013754094555773543 0.6152694826203633 0.04305140747617713 0.6055868505462398
1 0.049796914412836325 0.5601090842146215 0.03931112930913677 0.5868430615763677 0.05250829859164798 0.598658657332423 0.06299408369534754 0.5719246799706766
1 0.04402030636911435 0.6194130502096037 0.058750525504484306 0.6115161099731115 0.05438237895880045 0.5929177136925178 0.03965226930353139 0.60081465392901
1 0.5667847227088004 0.590152606085387 0.5743596508898543 0.6106322167042472 0.5842532033877522 0.6022791255134231 0.5766782752066985 0.581799514894563
1 0.564342276397842 0.6528243398278709 0.5771783803075953 0.6334310392054116 0.5705102758022702 0.6233565994717565 0.5576741718925168 0.6427499000942157
1 0.6106117966998318 0.4318600786410696 0.6034844231712444 0.4538453885210239 0.6097704421244394 0.45849708619156504 0.6168978156530269 0.43651177631161076
1 0.41336100625350336 0.1819311829440316 0.41907028403517377 0.2030165757590193 0.4293811746776906 0.19664371562844046 0.4236718968960202 0.17555832281345274
1 0.46026436159963563 0.988483129155022 0.46796059373248317 1.0043097601996527 0.47882649374649666 0.99224853515625 0.4711302616136491 0.9764219041116192
1 0.44507952634529147 1.0013053087684196 0.45548358455367155 0.9634951873200372 0.43301744674887893 0.949384074224043 0.4226133885404989 0.9871941956724255
1 0.39744719774733744 0.7894053885607215 0.4053334325952915 0.7731010623094512 0.3984481743098374 0.7654990426247036 0.39056188472183295 0.7818033688759739
1 0.2861747433786435 0.6709921818761645 0.3009461817720011 0.6822734719046409 0.30634792995025223 0.6661285152280234 0.29157654629694507 0.6548472665512788