0 0.14020111672477617 0.4218075311795683 0.3457008550974948 0.2944231602090738 0.35753057810885847 0.3379598292166912 0.15203083973613982 0.46534417902381675
0 0.3137939845453828 0.22899296478821732 0.3280021450298439 0.28800799281190403 0.29850815281723486 0.304207155013382 0.28430002035626145 0.2451921269896953
0 0.08491544837356162 0.4036162610523578 0.019952833597762964 0.35366442464757064 0.04606997277125839 0.27617849490182905 0.11103258229265309 0.32613033130661623
0 0.09759862670337968 0.08142410997874859 0.10175675181098986 0.1494006025973041 0.06310561559307565 0.1547942882437316 0.05894749048546545 0.0868178062068606
0 0.07157698982455951 0.24644093506875217 0.05669464027257662 0.17900597602749002 0.09460917911582085 0.15991723091030252 0.10949152866780375 0.22735218995156467
0 0.09567220808717501 0.15081886577209389 0.13724828182392104 0.13369251521053657 0.1439807706190097 0.17097799060414137 0.10240469688226368 0.18810434116569869
0 0.10423073536546215 0.18416376418115032 0.1412842385368242 0.17483615742973085 0.146357036271809 0.22080796833011876 0.10930354010631887 0.23013559624490726
0 0.14078211368389146 0.27021673152251646 0.311567574493156 0.17125295567611715 0.3258863436836404 0.2276251974119062 0.155100868862632 0.32658898383999
0 0.3339032470030561 0.2609448267583543 0.31326683471791783 0.18146321247751604 0.33451628882037704 0.16887683841953993 0.3551527011055154 0.24835844211869365
0 0.06544444186628358 0.17883846796170683 0.0674999716962774 0.24403681867496316 0.039368705644423636 0.24606014256999825 0.03731316880855788 0.18086177069337292
0 0.03620129489811108 0.0 0.03620129489811108 0.05657531484320822 0.0 0.05657531484320822 0.0 0.0
0 0.061389520258067175 0.026305760821423153 0.030532553176249356 0.022753182462779558 0.031694869364588714 -0.0002782019307312456 0.06255183644640654 0.0032743749605303168
0 0.07445072843133035 -0.014618531014155415 0.11597592552612417 0.023822607180612593 0.10601969877440957 0.04835813419167443 0.06449450167961576 0.009916994674195859
0 0.03473914140293202 0.13358479366223128 0.03257436550900518 0.08944404803102787 0.04763750508906537 0.08775876662932884 0.049802280982992206 0.13189951226053226
0 0.015248798689128502 0.09648133382387201 0.03154208530954969 0.0934051534835244 0.03435993457300276 0.12745379740256046 0.018066644449645605 0.13052997774290806
0 0.12499855679038252 0.02885893346863216 0.09634437245770919 0.027604458897520532 0.096853349053389 0.0010822897314529314 0.12550753338606233 0.002336763475870458
0 0.11780073798173496 0.12037547583718902 0.10598934233133896 0.07339696579931844 0.13150007599969868 0.05876476589419805 0.14331145763835085 0.10574327064122638
0 0.16822964867065543 0.14231199563458954 0.15203766345539915 0.05943206279188518 0.17840532735469036 0.04768018153768637 0.19459729855820276 0.13056012496207525
0 0.1780022935543288 0.12427904867100815 0.19473099861810578 0.21903058394645025 0.15118570739353765 0.23656949322365856 0.13445701634150453 0.14181794736653194
0 0.15226378497779644 0.05134821136516936 0.1649417229154112 0.127305230552049 0.14517878873070192 0.13483043781761983 0.13250083678134325 0.05887341333989793
0 0.10112492725102588 0.11566743043854565 0.11873403221669823 0.11445847298335103 0.11958070585112489 0.14259287586820604 0.10197160789132446 0.14380181216003163
0 0.2229135616642275 0.0064432875623980776 0.30418431025453396 -0.04352635980148421 0.3500700811380854 0.12672523784240639 0.26879933254777894 0.17669488322222282
0 0.042134490770632464 0.19766893532338983 0.04488325863392447 0.2544094302617892 0.011261583578706992 0.25812523110398966 0.008512816591148971 0.2013846938388523
0 0.0022390269707713902 0.12142945394105951 0.03536898330113995 0.11762899962278411 0.03740271786356104 0.15807376390687305 0.0042727582491900095 0.16187423938851747
0 0.06808678352909421 0.1866212969183426 0.012550571185936065 0.19446071672373438 0.010630245051108116 0.16342574713464914 0.0661664530155963 0.1555863061658883
0 0.35604651024628386 0.1672978182936839 0.36797748211877296 0.21878523700941618 0.35329942379225493 0.2265446592799172 0.34136842389627814 0.17505722998250042
0 0.11390756093875545 0.4398404569797807 0.04279587660720307 0.4583190833315274 0.03573397871986018 0.3963211207713896 0.10684566305141256 0.37784249441964285
0 0.12893388115889004 0.3904437992344617 0.13606815670913683 0.4429748789116678 0.10852653986823133 0.45150799162675537 0.10139227132385646 0.3989768696228112
0 0.16019530073013516 0.5133473982262049 0.09376569315312214 0.5455980446401483 0.07742095190631457 0.4687934695599645 0.1438505594833276 0.43654286547275917
0 0.019471813934017913 0.5069524630098171 0.05260359989162757 0.4896300338343013 0.06653518606699094 0.5504187638154473 0.03340340186084926 0.567741108337487
0 0.39435854124519343 0.48432022920097956 0.33687003760079487 0.5143770807824419 0.3200487149101096 0.44097925786667824 0.37753724657799587 0.41092244861195387
0 0.3980235370394284 0.4669663089323639 0.4209371939835141 0.6118907743287318 0.36088625064566116 0.6335506783113731 0.3379725937015754 0.48862625524174325
0 0.3207507313009355 0.44458549594746877 0.3385658229130797 0.5311588705330054 0.2987682107832587 0.5498418927027349 0.28095311917111454 0.4632685181171983
0 0.24707266647296833 0.5912206387883582 0.22184543241810864 0.5000037670796853 0.2709408034087322 0.4690281713223821 0.296168023451848 0.5602450430310549
0 0.3608666342042585 0.6382134341003164 0.3089300318526171 0.6533963736482533 0.29531232625437615 0.5471273943389173 0.3472489286060176 0.5319444124642424
0 0.26429332386363635 0.6768747612771975 0.24391130880000286 0.5834201172552228 0.2934735651077537 0.5587606866548197 0.31385558017138715 0.6522153730035324
0 0.19178961131198347 0.6184695345684162 0.17397471586425334 0.5281366144569175 0.22355315573616133 0.5058309314320388 0.2413680371721476 0.5961638938702757
0 0.24426849617445764 0.5913528251912491 0.26731840331582873 0.7034124832047504 0.21941007924145575 0.7258934835785801 0.1963601861118285 0.6138338678918169
0 0.1632350644898918 0.5424187563659414 0.18028892608166178 0.6210490529646324 0.12497200453576963 0.6484191725224298 0.10791812192638386 0.5697888759237387
0 0.0387960526787764 0.6076351594329708 0.10451653991082702 0.5688421961007931 0.12546995388903237 0.6498240392846307 0.05974945264523789 0.6886170449435463
0 0.0616553090273294 0.6926679677341583 0.12560698874397383 0.6533760568139954 0.14335230187169995 0.7192657089762483 0.0794006151491836 0.7585576198964112
0 0.12225346000398157 0.6508977839751647 0.18188409306129477 0.6208757672991071 0.19908930951023016 0.6988363702485697 0.13945870447640468 0.7288583869246272
0 0.167612977811675 0.812634429720007 0.11297346803439222 0.8474794088884795 0.08901845828670225 0.7617857955530514 0.143657968063985 0.7269408163845787
0 0.20016349182969612 0.7041672535974342 0.21653527574215162 0.785416305478502 0.16822789720267303 0.8076226053224688 0.15185612730196138 0.7263735534414009
0 0.02782399026049289 0.7436674967222174 0.02526712548962638 0.7953161062380808 -9.897245219040617e-05 0.7924513479542302 0.002457892818118149 0.7408027384383669
0 0.09045003815678088 0.8680112629756848 0.035412598356837195 0.8835978302975468 0.024222078840047314 0.7934523753088158 0.07925952389439495 0.7778658079869539
0 -0.0025610636964207728 0.8002916142943828 0.0316357047761439 0.7970634386377428 0.035586011201772696 0.8925270789539268 0.0013892437144087694 0.895755339264043
0 0.020624926158109864 0.6988363702485697 0.048975668662835745 0.6839420990540482 0.057870852607888185 0.7225686336522625 0.02952010660022634 0.7374628201933079
0 0.6065658695441632 0.46515544409890774 0.5817118943339646 0.3123154130954187 0.655603161856491 0.2849036017006545 0.680457193113665 0.43774363270414357
0 0.7189952615645088 0.666331043851855 0.6540872032648932 0.6684169901558166 0.6510601061215852 0.45353120970494537 0.7159681644212006 0.4514453057277219
0 0.5367602023430326 0.11046407755138804 0.5389196923065886 0.03544541304716621 0.5763446117782943 0.03790305953746695 0.5741851218147382 0.11292172668710991
0 0.7983954423496327 0.8977336909999133 0.7517500107610193 0.9032959322988904 0.7478423595866334 0.8285367545076283 0.7944878472222222 0.8229745978621272
0 0.7868461784033517 0.9118960482402912 0.7961763184042125 0.9823573690512309 0.7184938653222567 1.0058238205400485 0.7091636692744203 0.9353624997291089
0 0.6679953723133322 0.33029115547254245 0.6840250875229569 0.2850966751162123 0.7205900222035698 0.31468295918754335 0.7045603069939451 0.3598774607072425
0 0.786835305290117 0.5916398428018811 0.7911098960126837 0.5367608143122616 0.8402786745293848 0.5454978149244756 0.8360040838068182 0.600376843414095
0 0.9228427631248565 0.7585932590098388 0.8762696321345558 0.7328575864413575 0.8928375664492941 0.6644577047530557 0.9394107534865702 0.690193419648275
0 0.8520338550634182 0.6649404412003728 0.8535669079825241 0.7621918782777826 0.8193640730816689 0.7634218086316747 0.8178309641155876 0.666170413881003
0 0.7066976023552284 0.06772720929488395 0.7175998600170741 0.019973459918356803 0.7473062702665864 0.03544541304716621 0.7364039565577651 0.08319916639182505
0 0.7173840791616448 0.2824011602944045 0.6801699523645547 0.2683490853699831 0.688530535737345 0.21783756250812675 0.7257447185814107 0.23188965859591712
0 0.816768481602244 0.36310563636388266 0.8079981948390151 0.4123075911142294 0.778297053005194 0.40022974106871967 0.7870673397684229 0.3510277863183729
0 0.47052618469854796 0.18071350013002774 0.5089975012016471 0.18071350013002774 0.5089975012016471 0.23236437412637612 0.47052618469854796 0.23236437412637612
0 0.5001235835808368 0.09445046518778173 0.503654262798439 0.15488806313185355 0.47405686391615015 0.15883251301293233 0.47052618469854796 0.09839491506886053
0 0.6169310850873795 0.1790994123017077 0.5859611518236341 0.15750996117452973 0.5966267791551882 0.12260626423871468 0.6275967124189337 0.14419572594757715
0 0.5540372429909894 0.278476286529668 0.5573311797843492 0.2071652987793646 0.5945774214983643 0.21109017254410106 0.5912834847050046 0.2824011602944045
0 0.9621040617467287 0.2729746359561915 0.9412638906823921 0.38728550502232145 0.8998657450750401 0.3700677075432342 0.9207058600924013 0.2557568173137353
0 0.885033529542585 0.1415301361295618 0.9003129438920454 0.07806549389716161 0.9311365945499024 0.09499501983600252 0.9158571802004419 0.15845965677756046
0 0.3553293051251148 0.809043683225338 0.3306637318228449 0.7021646909674064 0.38251858966081265 0.6748640295867285 0.4071841629630825 0.7817430218446602
0 0.43526266078756315 0.6463947692955747 0.45952385516206096 0.747166394195345 0.4088015665802198 0.7750249219833565 0.38454034418223426 0.6742532970835862
0 0.4303498911791925 0.8882588506902306 0.3792024302416925 0.917540403411061 0.3544915709832702 0.8190704641990292 0.4056390599442579 0.7897889114781986
0 0.4900141103865358 0.8552270643258062 0.432658438073921 0.8898433944554005 0.4049353341206812 0.7850525494918082 0.46229103445678377 0.7504363040156901
0 0.2703022602175878 0.9835000216712899 0.24713619571962522 0.9018563152847607 0.2836717617851096 0.8782063350598127 0.3068378262830722 0.9598499567928658
0 0.33259071090880393 0.849428470521628 0.3552939675071023 0.9359014884112777 0.31687959473104627 0.9589098799410541 0.29417633813274796 0.8724368620514042
0 0.2416533723240932 0.8724368620514042 0.1905248272408029 0.9040286927877947 0.16761586423090996 0.819446664246706 0.21874439530245637 0.7878547488568395
0 0.14454351027587667 0.9305298020869452 0.12241472116405533 0.8469714033785541 0.16604664700090394 0.8206107341962119 0.18817543611272528 0.904169132904603
0 0.04695906696021831 0.9608669836544296 0.03358958641031228 0.8988446832199203 0.07262493515364941 0.8796487456386529 0.08599441570355544 0.9416709614196862
0 0.06875639075637412 1.0211072437640862 0.055626328873787594 0.9726298381154647 0.10083437973036473 0.9446961380406986 0.11396444161295124 0.9931735436893204
0 0.21364430269043416 0.9992507320832611 0.16640396048105344 1.0253550705400485 0.1499769282625617 0.9575372238264996 0.19721727047194243 0.9314328007162361
0 0.2490070157361972 0.9005101557082178 0.268031517007791 0.9924140327019764 0.21719833948504935 1.016419642179915 0.19817383821345558 0.9245157651861564
0 0.86715409600264 0.13105448009898363 0.8506928190821568 0.17200564147695258 0.8327754417398416 0.15557490969167173 0.8492367186603248 0.11462374831370276
0 0.7955318342336719 0.030088009351500196 0.8282640525460572 0.05405831303907334 0.8155861146084423 0.09355264100221589 0.7828539523430326 0.069582342605485
0 0.861489764477158 0.18420513856758192 0.847099871674845 0.23202093497394027 0.8327100349195076 0.2221416203555717 0.847099871674845 0.1743258133675288
0 0.8021133745121671 0.1302889375514693 0.8336271315785698 0.15048225180616656 0.8155861146084423 0.21471241013186979 0.7840723575420397 0.19451910645885706
0 0.8958030119196223 0.45991670605875085 0.8906739850565312 0.5156944581771195 0.8585594044134527 0.508957522917389 0.8636884312765438 0.45317977079902044
0 0.46543154265488695 0.021347502233581967 0.5026750660905934 0.019905122077084777 0.5033132169529098 0.0574931913209193 0.4660696935172033 0.05893557015470592
0 0.4698895190810807 0.0574931913209193 0.4245710276594066 0.062056463402947834 0.4230963196417298 0.028645627872292443 0.46841481106340394 0.024082355790263903
0 0.5557405105744949 0.12072604704498419 0.5615659211073806 0.16999868744785346 0.5339676617919249 0.17744236283427964 0.5281422512590392 0.12816972243141037
0 0.6156057983062155 0.1875325492615508 0.6432997298087408 0.19618682226427053 0.6370080644872016 0.24211759739213115 0.6093141329846763 0.23346332438941142
0 0.604474196420885 0.2967304330262331 0.6074041641557621 0.24067520797666003 0.6332532534148301 0.24375750453065403 0.630323285679953 0.2998127084168581
0 0.7213574173912419 0.14454400092983377 0.7050279629569847 0.2234693678010684 0.6776772631320306 0.21055988200659892 0.6940067175662878 0.13163451513536428
0 0.9098733248679982 0.9791217438886962 0.9079634681330349 0.8377686393409761 0.9531007877066116 0.8363773594616851 0.9550106444415748 0.9777304640094053
0 0.9999989911544421 0.5789417367371706 0.9479529851067493 0.5677116489278129 0.9531007877066116 0.5132846700004334 1.0051469058482554 0.5245147578097911
0 0.9397486046544995 0.7038418879621403 0.9396370151264061 0.6100875706348604 0.9998939591224747 0.6099240201190838 1.0000054926035928 0.7036782527928875
0 0.4975505229855372 0.3237363098398492 0.49659553857108013 0.2645988093996511 0.5195476157168274 0.263753269317246 0.5205026001312845 0.3228907697574441
0 0.7175596743356865 0.5686643391475598 0.7496936472322658 0.5738645598561026 0.7436494853542528 0.6590685798126517 0.7115155685046488 0.6538683167773708
0 0.6379629928546832 0.7512770823400658 0.6369835159119606 0.6728722602749003 0.6694767499210859 0.671946278226855 0.6704562268638086 0.7503510579652826
0 0.6769806552743343 0.8274952627914789 0.7363815377675906 0.8164771049594747 0.7414690898688591 0.8790487218002341 0.6820682073756026 0.8900667949787622
0 0.8246974472172004 0.8290945362614858 0.8275622883666207 0.8766929848680218 0.8060364946517734 0.8796487456386529 0.8031715974553777 0.8320502123786407
0 0.8374536267325241 0.9252526736953883 0.8345887295361283 0.8661151097650832 0.8556945632640324 0.8637825678853155 0.8585594044134527 0.9229201318156207
0 0.9620549645962465 0.9444029830530514 0.9868841109963269 0.9415182465488471 0.9893894107983241 0.9907119052585385 0.9645602643982438 0.9935965571092666
0 0.2846511826808569 0.9426587828320042 0.38338479566617883 0.9468704625736823 0.3824053467469439 0.9992507320832611 0.2836717617851096 0.9950389676881068
0 0.43191688054192495 0.9415153683306605 0.4433977671781738 0.9888462272993238 0.4040183775790576 1.0106375558035714 0.39253751896629646 0.9633066968349081
0 0.45250789477695996 0.9817234838223821 0.4317776878784292 0.9123921176100902 0.486226231598657 0.8752517594378467 0.5069564384971877 0.9445832103036148
0 0.7088653312241735 0.499503803649987 0.7107752440061123 0.4461357973815664 0.7382341144936582 0.44837767538845785 0.736324145664744 0.5017456816568785
0 0.741286881151716 0.028228336498244626 0.7699301923711547 -0.03227891009326781 0.7998196520424414 7.70703225228132e-17 0.7711763408230028 0.06050724659151244
0 0.6173470096920913 0.12002452368875152 0.5715087666437099 0.10271599884668105 0.580665217067694 0.04739654477525518 0.6265034601160755 0.06470508548985242
0 0.8470291403918446 0.35944428887016733 0.8329555767188935 0.4420419129518464 0.8073525897289658 0.4320898809975295 0.8214262094488923 0.34949223575248134
0 0.7662306436165633 0.4701394175028173 0.7774370121671258 0.40188907618000175 0.8101015257331842 0.4141245509979629 0.7988951571826217 0.48237493464751646
0 0.8410120492029671 0.405638547942311 0.8485223999583907 0.3602639461522625 0.8743563004871154 0.37001882016080095 0.8668459497316919 0.4153934219508495
0 0.8347743010717975 0.44155058417670767 0.8283368575671488 0.49232688194835733 0.8013986074344295 0.4845356299708521 0.8078360509390783 0.4337592898724645
0 0.7638910747209309 0.5750765859998049 0.7680437632719238 0.47942556521432905 0.7978222499318469 0.48237493464751646 0.793669561380854 0.5780259977597304
0 0.9203234515790002 0.4837146182331397 0.8710275024750345 0.4680395457020414 0.8825818666960801 0.3851436874241505 0.9318778158000459 0.4008187599552488
0 0.9550274585342057 0.4473240358984917 0.9332116777684516 0.44084194992848474 0.93730019253257 0.4094515098116765 0.9591158612043733 0.41593359578168343
0 0.7834479381887053 0.6480452581186069 0.7852361169399965 0.5961885703585514 0.8010409716841712 0.5974318759616635 0.79925279293288 0.6492885213949809
0 0.7816066829516759 0.6529167270528129 0.7444126209717917 0.6442739880862084 0.7513296584452479 0.576365138885879 0.788523720425132 0.5850078778524835
0 0.9301474214804293 0.6579313026883236 0.883742935839216 0.6608275520652739 0.8827182289873163 0.6233740183582914 0.9291227706755051 0.620477726654603
0 0.7341635908086547 0.2764420211728502 0.7556416885474059 0.1858785896459995 0.7839591986986341 0.2011994508698314 0.762481100959883 0.29176288239668213
0 0.7908431124096075 0.3228706645568763 0.7648406225787706 0.30250625504534717 0.7834991090772785 0.24815559122664918 0.8095015989081152 0.2685199795748093
0 0.7948394298991334 0.3254626693408135 0.8085181426301365 0.2518601966466388 0.8325844336475551 0.2620636282615291 0.8189057209165519 0.33566612211907293
0 0.8224743999834998 0.33856850887303874 0.8378629377941346 0.2752962152108075 0.8582319779829546 0.2865977928807104 0.8428434962192952 0.34987008654294166
0 0.8822029891421316 0.3006539946620904 0.8684910405546947 0.3614915485355626 0.8436650888322141 0.34872660855149096 0.8573770934666265 0.2878890546780188
0 0.8428937143092861 0.059637717830324635 0.8582823081668962 0.020899564978484473 0.8907189347308311 0.05029503746932158 0.8753303969201963 0.08903319296658287
0 0.8366274943145948 0.2682951187789854 0.8590106946596648 0.17411650764793365 0.8949935254533976 0.1936262239199571 0.8726103251083276 0.2878048244693243
0 0.9189313007561409 0.26722871777750085 0.8862303006090737 0.25170564056269507 0.8976675826984332 0.1967402655274792 0.9303685828455005 0.212263321578916
0 0.751588595471763 0.3252460834222759 0.7411080352530992 0.40281226466333653 0.7097190948009929 0.39313675328861825 0.7201996550196568 0.3155705932109267
0 0.8847344628816575 0.8095628629941054 0.8847344628816575 0.879291592623093 0.8479730275051653 0.879291592623093 0.8479730275051653 0.8095628629941054
0 0.6763798877446339 0.4049089196320215 0.6752792932879935 0.35503519722228244 0.7085841995953857 0.35335848698503597 0.7096847940520259 0.40323218823140605
0 0.8520496042635158 0.6530940337584518 0.8052639991893366 0.6559783046685376 0.8039032346727215 0.605623538881003 0.8506888397469008 0.6027392679709171
0 0.9445789571854912 0.5358132879545553 0.9161083266973714 0.5261031109813844 0.920641069788797 0.4957838336240898 0.9491117002769169 0.5054940105972607
0 0.7464415214825815 0.42201544011680825 0.7643948249361513 0.33162643707740985 0.7847089951360193 0.34083121163504465 0.7667556916824495 0.43122023583781205
0 0.8915738752941346 0.5836979076369625 0.8930250435821281 0.5245161122654083 0.9122344158021981 0.525590661163965 0.9107831914672291 0.5847724565355192
0 1.0118008027720387 0.01548721324058247 0.9863924669278007 0.09772333787978936 0.966618533524162 0.08378565625575643 0.9920268693683999 0.0015495263257072967
0 0.9007414230192551 0.03331910026222261 0.9248245841762799 -0.01922275156981406 0.9457187284779615 0.0026255860904053413 0.921635623367912 0.055167437591764366
0 1.0168015381083564 0.32687009687066576 0.9999989911544421 0.4203089953460905 0.9679475194057048 0.4071604481351855 0.984749954265668 0.31372152849639173
0 0.9652533412964877 0.4200442839264043 1.008516786293331 0.42972428193535456 0.9999989911544421 0.516573288238991 0.9567354340636478 0.5068933325567788
0 0.8838979617732725 0.5570822621846827 0.8402786745293848 0.5428076544350294 0.8451048235372188 0.5091639927455357 0.8887241107811065 0.523438600495189
0 0.8671373379569847 0.4135385796365725 0.862862747234418 0.46088522647852376 0.8374290221103077 0.45564682705227116 0.8417036128328742 0.4083001378835818
0 0.8408458699207989 0.5522476598393073 0.8832752798761765 0.5557117647337682 0.8808873424407426 0.6224361001701196 0.838457932485365 0.6189719952756588
0 0.8502527942780074 0.6288924514833998 0.8779789527914084 0.6277606345082785 0.8798088304924242 0.730027959350078 0.8520827280259986 0.7311597763251994
0 0.6372354470665461 0.0015495263257072967 0.6324711178726182 0.04760367066784143 0.5993066652856692 0.03977682454906786 0.6040709384326217 -0.006277318470355707
0 0.5075726749921086 0.10915551469990681 0.5075726749921086 0.058580697492157704 0.5360699838405361 0.058580697492157704 0.5360699838405361 0.10915551469990681
0 0.46166672719740015 0.06155912952185008 0.5050612100228133 0.05822643327646877 0.5060838991835973 0.08860586221935679 0.4626894163581841 0.09193855317389585
0 0.43145530567572027 0.10100633724387244 0.428848813059573 0.0655750957176854 0.4595008198551567 0.06043094206451543 0.4621073404947917 0.09586217829986023
0 0.63002993581052 0.07360722916136171 0.6823595395539199 0.09830681196363558 0.668846109353478 0.16362098979553139 0.6165165056100781 0.13892140170241526
0 0.6488611590873221 0.15763329070748636 0.642222450893882 0.19201213609163706 0.6228534008407943 0.18347942548056084 0.629492052987259 0.14910058009641014
0 0.667133145643222 0.16951218392085105 0.6592963773028582 0.20071792073454836 0.642222450893882 0.190936063430511 0.6500592192342459 0.15973032661681366
0 0.6578959875746098 0.20600091137932341 0.666990001667958 0.15105855150791545 0.6810709635416666 0.15637556226838809 0.6719769494483184 0.21131791155811155
0 0.6629254189623508 0.24607377177964632 0.6586153505043331 0.3072661295347174 0.6330449828541093 0.30315745191005333 0.637355051312127 0.24196509415498224
0 0.8310170799794824 0.05212434088803528 0.8589848570039887 0.08229762803499642 0.844206670755854 0.1135469878430836 0.8162388937313476 0.08337369011443796
0 0.800382531816747 0.01984254464031754 0.8163243653688877 -0.020905976156586584 0.8402786745293848 0.0004734663543357267 0.8243367849302686 0.04122198636588045
0 0.8872831430426423 0.13927270304644157 0.9122344158021981 0.15865427511905664 0.9001391422212178 0.19417674663824117 0.8751879255086376 0.17479517456562607
0 0.9277435106569961 0.06379543098100511 0.9434169912907484 0.028285456431226163 0.9649543867295111 0.049972222019994475 0.9492809621427342 0.08548219656977343
0 0.9038052309314738 0.19727180470375347 0.9118523996176251 0.15638875762897125 0.9357710068547693 0.1671291885693427 0.9277237821216425 0.2080122356441249
0 0.9339267811280417 0.18514762804346177 0.945325727086203 0.13457281612655492 0.9649543867295111 0.14466548924968575 0.9535555528653007 0.19524031174827713
0 0.951225455908517 0.20900467067088896 0.9658809553274219 0.13560795883199875 0.9980455298725895 0.1502595073472445 0.9833901425476355 0.2236562191861347
0 0.8156810021378559 0.16929916402999307 0.7649237402433425 0.13504508728789225 0.7831875999878042 0.07330564586200264 0.833944805835342 0.10755971202241894
0 0.9022545792620811 0.26278570124907896 0.8908582114647899 0.3072527966122356 0.8623969968685434 0.2906123570033482 0.8737933086188591 0.24614524047682257
0 0.8761994613213097 0.36390476517802967 0.8840361736146981 0.30794966402728413 0.9051100605666035 0.31468295918754335 0.8972732922262396 0.37063806033828883
0 0.979915454258494 0.31048632660123743 0.979915454258494 0.23397846195469618 0.9999989911544421 0.23397846195469618 0.9999989911544421 0.31048632660123743
0 0.8511682655747819 0.9281383413878294 0.8572702118844697 0.9992507320832611 0.8193082502941346 1.0066819528270197 0.8132063039844467 0.935569477478112
0 0.8552397981053432 0.9431018591257802 0.8828697239619203 0.9419740208640344 0.8838520593003902 0.9968711228707958 0.8562221334438131 0.9979989611325416
0 0.8830246938490014 0.9431018591257802 0.8573770934666265 0.9431018591257802 0.8573770934666265 0.8860707276406466 0.8830246938490014 0.8860707276406466
0 0.6880100835234447 0.9330175137883582 0.6435146139125631 0.945697927276569 0.6379478601713154 0.9011356602429351 0.6824433858291724 0.8884552467547243
0 0.68283111880524 0.8914510486195388 0.6562003423797635 0.8971972419220267 0.6491757507604453 0.8229275305294296 0.6758064711389463 0.8171814218804179
0 0.6268456829480888 0.8925039685549584 0.620594931918618 0.8193352602721914 0.6480830028803661 0.8139780496922677 0.6543338099568125 0.8871467579750347
0 0.9066076357502583 0.9085104171181518 0.8866595083469639 0.9095865321060159 0.8851619331633093 0.8462565894265777 0.9051100605666035 0.8451804744387136
0 0.8815824930770776 0.9143361846881501 0.9073201609489784 0.9130403939298717 0.908049948616133 0.9461104436654819 0.8823122807442321 0.9474061497702844
0 0.6685257448418848 0.029866648447827725 0.6934608760725149 0.04277936430149369 0.6842559450147785 0.08333007241089037 0.6593208137841483 0.07041735920264552
0 0.6476815383953168 -0.0174891317105657 0.6804959215736914 0.005479095712944803 0.6619814197550792 0.06582327854616797 0.6291670365767046 0.04285505244536803
0 0.934351617201848 0.690430745668451 0.9770975244275137 0.6979632119695952 0.9727910990228994 0.7537154410649272 0.9300451917972337 0.7461828901103069
0 0.9670917941847452 0.2199896866670098 0.954482681932966 0.2782443360052228 0.9214960103521006 0.2619560125300689 0.9341050665569043 0.20370134202848691
0 0.9611133754089187 0.2751831816568785 0.9867609197443182 0.29024800844232185 0.9749285064781336 0.3362041372862669 0.9492809621427342 0.3211393105008235
0 0.950529016191747 0.4836445251549497 0.9213192942385503 0.4739599981850295 0.9264830141794365 0.43842983378120665 0.9556927361326332 0.44811436075112693
0 0.7113284276536673 0.7849211672969401 0.7128940999124771 0.7222537227212639 0.7362635588842975 0.7235857451673023 0.7346978305785123 0.7862531897429785
0 0.7149982154643021 0.7324369433187413 0.7121484509512741 0.7830118081440708 0.6935175395646809 0.7806168766524358 0.6963673040777089 0.7300420964805825
0 0.6140626569315312 0.7357092234364164 0.6133256952515209 0.6833951106183903 0.6350980956582875 0.6826954073118932 0.6358350012913223 0.7350095624566574
0 0.669256653448548 0.7481130740182905 0.6728569990566173 0.6676306016898188 0.6971134014147153 0.670106038637201 0.6935129997596706 0.7505885956191487
0 0.737688385093836 0.7289660661461945 0.7118670390876091 0.7253097132075677 0.715924391733385 0.6599419497253164 0.741745737739612 0.6635982603372053
0 0.6956548909729396 0.7332701874837465 0.6977949326360193 0.6729342266193872 0.7120408407584367 0.674086953003099 0.709900799095357 0.7344229138674584
0 0.7383054062464129 0.7253272364771152 0.7431728618751435 0.6456820716805002 0.7647999885215794 0.6486973861715499 0.7599325328928489 0.7283425086414268
0 0.779721935261708 0.7009884309173458 0.7819787227746212 0.6612204288477375 0.7982451804084882 0.6633263533720527 0.7959883368485996 0.7030943554416609
0 0.7651050522088786 0.7221289434975294 0.757980696973284 0.7834643656271671 0.7391132673503501 0.7784648159836598 0.7462375665389692 0.7171293938540222
0 0.7875586475550964 0.789225288634492 0.7875586475550964 0.7074447822306259 0.8174808947070134 0.7074447822306259 0.8174808947070134 0.789225288634492
0 0.7972727653846706 0.5064003530388567 0.8446231558303202 0.5076334155713635 0.844170688597624 0.5472688926241764 0.7968203541989497 0.5460358300916696
0 0.835010931402089 0.45382186741504854 0.8609392150374483 0.45887500270891124 0.856844030683253 0.5068119382395327 0.8309157470478937 0.5017588029456701
0 0.9221425122137569 0.6307381088955227 0.9179338327343033 0.5836979076369625 0.9430269043417125 0.5785762030274791 0.9472355838211662 0.6256163619593014
0 1.0031452441675275 0.8129073525268724 0.9999989911544421 0.8758697298131934 0.9810439040619261 0.8737089498363818 0.9841901570750115 0.8107465725500607
0 0.9899914674084596 0.9832411513414528 0.9891408985092401 0.9086875121901006 0.9991484222552227 0.908427033444218 0.9999989911544421 0.9829806725955704
0 0.9100984655683253 0.9517871364641124 0.9100343478284263 0.9993274281325849 0.8850978714703857 0.9992507320832611 0.8851619331633093 0.9517104404147885
0 0.8183025994138832 0.8698616186557299 0.8211854876893939 0.9319108388956311 0.7968203541989497 0.934493447143724 0.793937465923439 0.8724442269038228
0 0.7374625157828283 0.9160430527262483 0.7034916593133035 0.9205047141827757 0.7015802893100035 0.88730429809401 0.7355511457795282 0.8828426366374826
0 0.7463188346533517 0.1868341369205639 0.7368035714926251 0.22994969721144679 0.7066420037555957 0.21476432387607272 0.7161572669163223 0.17164876358518985
0 0.7419976128472222 0.10580192491846177 0.7481265737990702 0.08265920948552358 0.7727349511629075 0.09752665610981384 0.7666060462580349 0.12066935037938302
0 0.7629225269384182 0.13932378083756827 0.7519647827708907 0.18070014604417692 0.7304517677664428 0.16770281110491073 0.7414095119339704 0.12632646706167108
0 0.7569112646349863 0.06318193136736358 0.7366239969833276 0.12446569900406879 0.7208251392655246 0.11253434179890669 0.7411123508702078 0.05125057945304373
0 0.5807893611182852 0.0 0.5807893611182852 0.02576087285014032 0.5574500554192493 0.02576087285014032 0.5574500554192493 0.0
0 0.7743259566546143 0.1467013947676025 0.7950620484855658 0.1571413270312771 0.786085396758781 0.19781638051534328 0.7653493049278294 0.1873764482516687
0 0.846498263440513 0.23184786094210516 0.8342899991570535 0.2687265763831701 0.8123869532505452 0.2521853929749805 0.8245952175340048 0.21530667753391558
0 0.9543728298611112 0.10178115992870146 0.933881327030963 0.1791572729526049 0.9097372428116391 0.16457036794802682 0.9302287456417871 0.08719424963328114
0 0.8937627899197945 0.37582456718370755 0.9214008986347854 0.23270040609965542 0.9894452335858586 0.2626763077946212 0.9618072369648186 0.40580044771530427
0 0.9630890312930441 0.4128119988514216 1.0110349768996787 0.4309163721854412 0.9999461949035813 0.4979106252302575 0.9520003613908976 0.4798062518962379
0 0.693390985494146 0.199530698059336 0.6834674761643423 0.23949996376831223 0.6660552502116334 0.2296376644986347 0.675978759541437 0.18966837762628944
0 0.6525197375028696 0.23962827727467276 0.65528178849934 0.2062538559658352 0.6696443864246154 0.20896553960157332 0.6668823914751205 0.24233993974704188
0 0.6575052280618687 0.20024646436291826 0.652084700879534 0.24118226113497962 0.6325777192198978 0.23528959615551318 0.6379982464022326 0.1943537993834518
0 0.6023333140531738 0.2833696172240703 0.6023333140531738 0.32540051252600555 0.5511664048151974 0.32540051252600555 0.5511664048151974 0.2833696172240703
0 0.5466781069752927 0.16812359178942549 0.5466781069752927 0.22506868359781337 0.5242364496348427 0.22506868359781337 0.5242364496348427 0.16812359178942549
0 0.5065852954258494 0.2096578145655448 0.5272938681918617 0.21278563352629812 0.5255429606792356 0.2392311254916674 0.5048344439601986 0.2361033065309141
0 0.5202576188016529 0.30425680427709995 0.5154538885839933 0.26072350024515645 0.5399092016579143 0.25456726666793084 0.5447129318755739 0.29810059186324334
0 0.5293841401407541 0.10713499495126669 0.5319937433640382 0.1662578185950503 0.5166817657218492 0.16779963351817137 0.5140722185455406 0.10867680987438778
0 0.517055150672205 0.12202519219725208 0.517055150672205 0.16676776055324094 0.4991018472186352 0.16676776055324094 0.4991018472186352 0.12202519219725208
0 0.5691197082687672 0.1654119293170564 0.5691197082687672 0.22100116872589068 0.5475757553338786 0.22100116872589068 0.5475757553338786 0.1654119293170564
0 0.7505008918194731 0.30474396386854197 0.7459597416817321 0.33217968987029733 0.721881176376693 0.32308761025268723 0.7264223265144342 0.29565188425093186
0 0.9999989911544421 0.0 0.9999989911544421 0.09219680976603134 0.8985628210370753 0.09219680976603134 0.8985628210370753 0.0
0 0.9999989911544421 0.16270025626300277 0.9999989911544421 0.22506868359781337 0.9838409844180441 0.22506868359781337 0.9838409844180441 0.16270025626300277
0 0.8777369979984504 0.09680665713242784 0.8675036609884355 0.1277196939709117 0.8452415221103077 0.11090734431548523 0.855474915167298 0.07999429160447458
0 0.8512753713448404 0.08739504238768854 0.8897859207307449 0.11001531889303051 0.8719289059809745 0.17937013411819522 0.8334183005480946 0.15674984703116873
0 0.7699011039909034 0.4202593884091106 0.7673504621857782 0.45493239404093705 0.7367094125738923 0.4497901186367675 0.7392600543790174 0.4151171553316791
0 0.5253000530876951 0.5087811050732489 0.5238689496169077 0.45906284877232145 0.5509038807822544 0.4572874960720787 0.5523350403000172 0.5070057100462682
0 0.5523860430476641 0.4369904284007672 0.5908680084760962 0.4321468527869279 0.5939819223843549 0.4885869760288445 0.5554999569559229 0.4934305939694218
0 0.629251387274736 0.5005732733399791 0.5898693074207989 0.4966077235799887 0.5919386738478535 0.44972345402435854 0.6313207537017906 0.45368896145761095
0 0.6943679403229741 0.9695381238622572 0.6587935798862201 0.986329225495189 0.6502481535884412 0.9450269638251994 0.6858225700721706 0.9282358621922677
0 0.8141823060146923 0.9328147687131588 0.8141823060146923 0.9992507320832611 0.7899453519570707 0.9992507320832611 0.7899453519570707 0.9328147687131588
0 0.8551837511299071 0.8895013944120579 0.8461586187693698 0.891773324402956 0.8447514473570936 0.8790211247670336 0.8537765797176309 0.8767491101226595
0 0.7639130451353019 0.8758697298131934 0.7890477035984849 0.8758697298131934 0.7890477035984849 0.8975630295921463 0.7639130451353019 0.8975630295921463
0 0.8375216117137282 0.8609554803983183 0.8343797864117023 0.8751918247767857 0.8271087001944157 0.8715309852039268 0.8302505254964417 0.8572947254789355
0 0.841112261195047 0.8473971257097347 0.8491912645632461 0.8473971257097347 0.8491912645632461 0.865022995270241 0.841112261195047 0.865022995270241
0 0.7351877932377755 0.8175687961869366 0.7351877932377755 0.9355264735122659 0.6274679725163568 0.9355264735122659 0.6274679725163568 0.8175687961869366
0 0.6220819702708907 0.7850287618650312 0.7028718358119548 0.7850287618650312 0.7028718358119548 0.7972312218273232 0.6220819702708907 0.7972312218273232
0 0.6956904808023416 0.7592678625606796 0.7127461358973255 0.7592678625606796 0.7127461358973255 0.767402892304525 0.6956904808023416 0.767402892304525
0 0.8820637124081726 0.761084695464199 0.8452415221103077 0.7690298474612084 0.8438949935254534 0.7547935877362171 0.8807172398702938 0.7468484357392077
0 0.7773780507489669 0.6874085742458391 0.7773780507489669 0.7050344438063454 0.7675036946166207 0.7050344438063454 0.7675036946166207 0.6874085742458391
0 0.936264780708362 0.6087701085867069 0.936264780708362 0.6196168008029213 0.9236974234532829 0.6196168008029213 0.9236974234532829 0.6087701085867069
0 0.7791733474661386 0.5613158671766644 0.7926383530798037 0.5613158671766644 0.7926383530798037 0.5762300742648014 0.7791733474661386 0.5762300742648014
0 0.7917406486742424 0.5341991577994972 0.7917406486742424 0.5640275296490335 0.7675036946166207 0.5640275296490335 0.7675036946166207 0.5341991577994972
0 0.787892295199868 0.49741709546474083 0.785528121682019 0.5331252438020111 0.771840945857725 0.5310579212627861 0.7742050633285985 0.4953497729255158
0 0.9989218803805097 0.1537517383591312 0.9676830897755969 0.1301602007777284 0.9763006485307621 0.10412816697119344 1.007539439135675 0.1277196939709117
0 0.7983668023451848 0.6867580969356796 0.7889023737911788 0.7796758686123874 0.7706896288883149 0.7754438720364512 0.7801540574423209 0.6825259733795292
0 0.7789777995688418 0.6627618839935853 0.7965755970572199 0.6601039341517857 0.797677704782197 0.6767498127465109 0.7800799072938188 0.6794078049150486
0 0.7908430003156566 0.8216363110588593 0.7908430003156566 0.9287472538412361 0.7244157887468434 0.9287472538412361 0.7244157887468434 0.8216363110588593
0 0.9587063820018366 0.7890961920834778 0.98473863277663 0.7890961920834778 0.98473863277663 0.8107895765159068 0.9587063820018366 0.8107895765159068
0 0.9670905611512856 0.9092503731525226 0.989962995544938 0.9141855861542129 0.986964818640955 0.9458850961121706 0.9640923842473026 0.9409497984570042
0 0.9326740751800677 0.984336567321862 0.9685807381341828 0.984336567321862 0.9685807381341828 0.9992507320832611 0.9326740751800677 0.9992507320832611
0 0.149586729219575 0.42132949300017336 0.12699794856860508 0.34715967270934467 0.16503043126578282 0.32073528062288703 0.18761921191675276 0.3949051220770848
1 0.3626249959646178 0.07164015221033612 0.32091528522081614 0.07164015221033612 0.32091528522081614 0.003163615807415543 0.3626249959646178 0.003163615807415543
1 0.4605107303055412 0.10884021224658136 0.47191923227301424 0.19844385324337943 0.436169949225924 0.20882766025241634 0.42476139121147555 0.11922401925561828
1 0.34125820751908287 0.09993888865562153 0.3625677720026974 0.07114081310002383 0.3798794216579861 0.10036448400658807 0.3585698011273961 0.12916255956218575
1 0.38495419504885503 0.10596906262528714 0.43084868123708675 0.20875259378250693 0.4003238170052801 0.23984653509936285 0.3544293308170483 0.1370630251055121
1 0.390458988858758 0.22068579220077367 0.3684945154671717 0.2946919561589806 0.34212119082336145 0.27683517307911104 0.36408566421494776 0.20282900912090412
1 0.40180029050268307 0.25276622163769935 0.40760485156070647 0.349205874206289 0.3746577771679867 0.3537297982944695 0.36885318808647555 0.2572901457258799
1 0.3289339540199581 0.39433032497453624 0.3339192203910554 0.33559814537778476 0.36489007842989557 0.34159539972694175 0.3599048120587982 0.4003275581603242
1 0.2608576162459108 0.39339930604466455 0.323262168246743 0.3724535811129291 0.33075066068174647 0.42335177989012657 0.268346136704402 0.444297504821862
1 0.17522990189089044 0.47147956668255897 0.20976439476888917 0.4092876206819955 0.23576109774951218 0.44221989688529384 0.20122660487151342 0.5044118852125954
1 0.20078967666275682 0.4975216425076933 0.1722440553215034 0.571433735290612 0.13503512688138486 0.5386501529180392 0.16358076223438217 0.4647380601351205
1 0.42301339814157196 0.3964928826743455 0.45601845313038053 0.4961946992702193 0.4172102943049099 0.5255026638755851 0.38420523931610134 0.4258008049529733
1 0.4517862619447314 0.2674105957708478 0.4622998058084395 0.3672255940642337 0.4221020743209797 0.3768847673180695 0.41158853045727156 0.2770697690246836
1 0.46497439549974173 0.30017045400675063 0.45086518595041325 0.2614240712497833 0.47324636860436753 0.24283150131923978 0.4873555221067206 0.2815778840762071
1 0.4940677078849575 0.3576338049773535 0.4658299245562873 0.3299109767114901 0.4825065059329086 0.29115978986975555 0.5107443172850665 0.3188826181356189
1 0.4738009534263085 0.3812410351968837 0.49641865431660354 0.34182356200833264 0.521929107750086 0.3752171361661321 0.499311518953742 0.41463463051805216
1 0.5394377905475206 0.33595959455725555 0.5249300870028409 0.31678617480062415 0.5376243346103077 0.29487366484537536 0.5521320942019629 0.31404710576537576
1 0.5715872324093205 0.3553337277056605 0.5340407470478937 0.3571631316503771 0.5336270082752238 0.337788956175234 0.5711734936366506 0.33595957339388655
1 0.5203964471598083 0.5071509330844747 0.5720801655582817 0.5071509330844747 0.5720801655582817 0.5934313643160541 0.5203964471598083 0.5934313643160541
1 0.5964255144663969 0.5802360883863558 0.5655450321754476 0.5721244653286451 0.571068685792585 0.5241532028134752 0.6019491120365588 0.5322648681979238
1 0.45721892329724806 0.36999143476129076 0.5076945211167069 0.5459887627589719 0.47369317509254477 0.5682349767169079 0.4232176052965737 0.3922376910459648
1 0.487681435268882 0.6076335510169253 0.4833316295052801 0.5629583562462075 0.5084471759498393 0.557379776826348 0.5127969256664658 0.6020549715970657
1 0.5273720537225953 0.6683592988118715 0.4606445704828828 0.7105059365789702 0.4418081908843406 0.6424723081549064 0.508535674124053 0.6003256703878077
1 0.5004482637095385 0.628925424012331 0.52706940005524 0.6213862700865768 0.537086507834022 0.7020784714020241 0.5104654275352961 0.7096176676545163
1 0.4766580600931187 0.7655986727689407 0.4712055300878099 0.7017730416603458 0.513510739945621 0.6935282163580314 0.5189632139039543 0.7573538474666263
1 0.487124664614899 0.8424688542930825 0.4991459561883035 0.7531979543656814 0.5473352017153065 0.7680018156477548 0.5353140222358529 0.857272715575156
1 0.5358153063841541 0.799346966154863 0.5044811238270489 0.728356307158027 0.5350318817615071 0.6975935725663142 0.5663660643186123 0.7685842315631501
1 0.5862235077156508 0.8652697601529993 0.5918815619798841 0.9464554065804872 0.5305162329975895 0.9562120583120233 0.5248581226863809 0.8750264118845353
1 0.5401943126219583 0.8114593548186113 0.5793995642683941 0.8114593548186113 0.5793995642683941 0.867407937651699 0.5401943126219583 0.867407937651699
1 0.5699023482337581 0.9833367251159414 0.5875949211575987 0.9138572153205183 0.6353428528000172 0.941595027251647 0.6176502238292011 1.01107453704707
1 0.22981721792229826 0.7301202316389996 0.2635262089108414 0.7810343875964373 0.2393153166967975 0.8176025729238904 0.2056062976847667 0.7666883323129767
1 0.278782447835959 0.7200659382855843 0.24304647594553488 0.7329174364489425 0.23790694027454948 0.700313996673457 0.2736429121649736 0.6874624985100988
1 0.2934055801265496 0.6893391390944652 0.30523266893006773 0.7379679474850468 0.2876980363830062 0.7476969175299064 0.27587094757948805 0.6990680668125867
1 0.2998425192084194 0.7064915417632845 0.32070112972767445 0.7064915417632845 0.32070112972767445 0.7363086547005028 0.2998425192084194 0.7363086547005028
1 0.31868397105823865 0.7831756126202757 0.30907704306918615 0.7462400312066574 0.32358589557686235 0.7376309419967927 0.33319282356591484 0.7745665234104109
1 0.23514528160690715 0.8555590752589719 0.24101679077708907 0.8213526372605322 0.2681624707658976 0.8319824895977809 0.26229101764269114 0.8661889275962206
1 0.3300129984145432 0.627166705720137 0.35794863249863695 0.627166705720137 0.35794863249863695 0.65529608230485 0.3300129984145432 0.65529608230485
1 0.18037177752310032 0.6410662139173023 0.166590190568684 0.598309605528346 0.18549263553952164 0.5844100973311807 0.1992742084821941 0.627166705720137
1 0.10370238753389721 0.5828392251023968 0.10251059764235035 0.5540382501652436 0.12328665797265984 0.5520769561048023 0.12447844085833477 0.5808779733686936
1 0.03948174538800649 0.5930131761442441 0.014096843309638915 0.5849412978935506 0.01829458925021253 0.5548249349184076 0.043679492204314094 0.5628968131691011
1 0.022554416849155618 0.653945351440599 0.03891366375379326 0.6502390106243499 0.04165103306345594 0.6778026057017164 0.02529178966175426 0.6815089888447036
1 0.020176721998482697 0.488901717652891 0.018224985912592723 0.4520529483789875 0.06450762367773975 0.4464604857890517 0.06645936151509771 0.48330929738969314
1 -0.0057487273238140905 0.4444503466729152 0.003740271260915709 0.4262093849552488 0.013229270283512505 0.4374704136101118 0.003740271260915709 0.4557113753277783
1 0.02442381817666186 0.2860031657013913 0.025501135623816288 0.36980325008397624 0.0009383865186552918 0.3705236511653736 -0.00013893307678408313 0.28672354561941965
1 -0.010285258402618604 0.09865911856769027 0.020337764225058647 0.04787140844929731 0.03964725560940549 0.07443247886372009 0.009024232981728237 0.1252201836912708
1 0.05953573852202781 0.017308412411672563 0.10156503612563848 0.04149168969523394 0.08958300545852703 0.08899813584580335 0.047553704351980385 0.06481485988495254
1 0.22686026356874855 0.034032604730740997 0.19788598094761536 0.03241176049686172 0.19869721888182248 -0.0006715553230121628 0.22767151551469955 0.0009492906882594263
1 0.12778057452185204 0.23660178852478111 0.1512686569171832 0.2567051478794643 0.13861828007973914 0.29042364324180825 0.11513018367266414 0.2703202838871251
1 0.1894250734887942 0.941249133148405 0.16277217251976442 0.9365681345353676 0.16502727862341454 0.9072750689417909 0.19168017959244432 0.9119559829013523
1 0.11253679203702507 0.9471895215250087 0.087822233678224 0.9566697796571602 0.08397337578107066 0.9337797336869366 0.10868792012812786 0.924299390901309
1 0.6418087681681875 0.9692276149120146 0.6639208692930728 0.9480755894590847 0.6808803477782083 0.9885212426046723 0.658768246653323 1.0096733527110784
1 0.7357027528480831 0.84812641540612 0.6978240210162706 0.8414933076347955 0.7003598103729052 0.8084589816660888 0.7382384861577422 0.8150920894374133
1 0.5767324568483126 0.6417509335585342 0.5891252277749082 0.6695261199993499 0.575179507252927 0.6837212381349688 0.5627866802793561 0.655945967040677
1 0.6019811148595329 0.7581188609299151 0.5676249914808598 0.714142903871576 0.5881289367395547 0.6775994373591366 0.6224850601182277 0.7215754790709518
1 0.6466221945125976 0.7618659623948942 0.6604304318038338 0.7443468408677184 0.6725950915404041 0.7662200292833304 0.6587868542491678 0.7837391508105063
1 0.608446245570047 0.8126924173511182 0.6244852085306187 0.8126924173511182 0.6244852085306187 0.8552820890852548 0.608446245570047 0.8552820890852548
1 0.6693558005480946 0.3973238411954967 0.7144413887633436 0.4042826532160194 0.7113910321252296 0.44936765546441576 0.6663054439099805 0.44240880111715497
1 0.7391698187485652 0.40728560829956223 0.734864962659263 0.44990990330541347 0.7086540341267792 0.4438708513024445 0.7129589462630567 0.4012465139698552
1 0.7554503441732667 0.4584534707247963 0.750502797416638 0.5076483992366289 0.7362083526134929 0.5043687965932733 0.7411558433231462 0.4551738680814407
1 0.7691960330399162 0.43997399783828883 0.7673723765531738 0.5011241981622746 0.7544755751764807 0.5002467648827583 0.7562992877101986 0.4390965222320345
1 0.7290517703670225 0.6014817829105625 0.6967729160389405 0.551129387420358 0.7254580383020547 0.5091786377968966 0.7577368926301365 0.5595310332871013
1 0.7757015736197199 0.5603814621077496 0.7417074016084136 0.567152216431172 0.7364837674507863 0.5073201977098865 0.770477883415117 0.5005495280399402
1 0.9130445187851527 0.7559358170888957 0.9530632362330693 0.7670171264140516 0.9463341242682507 0.8224557567072642 0.9063154068203341 0.8113744473821082
1 0.9054759352222509 0.8387810949148319 0.8849922229216884 0.8255216516502687 0.8925277387690829 0.7989643324430045 0.9130115071166207 0.8122237757075677
1 0.7684270685369318 0.8296929516838593 0.7423604049192206 0.8216031268962378 0.7455207257231405 0.7983728586056692 0.7715873893408517 0.8064627680467666
1 0.8042019090048209 0.20976883759941703 0.7949163263494318 0.2504865035270024 0.7844165980651687 0.24502402634957957 0.7937022367675333 0.20430633925862518
1 0.7805443685792585 0.13545018591596417 0.7756037716475838 0.17649272013967146 0.7564594699659952 0.17123534775309357 0.7614000668976699 0.13019281352938628
1 0.7091122181509699 0.11986189377952713 0.7229245468714129 0.11174882103103871 0.7276378172707185 0.13005464847474754 0.7138254885502755 0.13816773180492048
1 0.6943418224324208 0.10825778574950157 0.6896156612287649 0.14513973918602635 0.6722968655841082 0.1400768369973615 0.6770230828347394 0.10319489414252124
1 0.8021193715385389 0.5029867439428745 0.8051091413962064 0.4747637406136226 0.831394051936266 0.4811159681513306 0.828404226031623 0.5093389291538445
1 0.8680386854159493 0.6201107961625564 0.8680386854159493 0.5654569459192961 0.8885667308740818 0.5654569459192961 0.8885667308740818 0.6201107961625564
1 0.9623156951259757 0.5686223086966886 0.9916392484862833 0.5783108143799844 0.9862325088599059 0.6156427010418473 0.9569089554995982 0.6059541953585514
1 0.9501574247446052 0.5604488462747053 0.9606525571768825 0.587199006100468 0.9474436301939853 0.5990217952225642 0.9369484417147326 0.5722715930700633
1 0.9559392307306015 0.6197887743395675 0.9411957375602618 0.6118870495757845 0.9455678500200873 0.5932773373163358 0.9603111190025253 0.6011791044068568
1 0.4327060780030418 0.590510565431042 0.42512435142440025 0.611002590057754 0.41522191575736056 0.6026444560777132 0.42280364233600204 0.5821524314510013
1 0.4351507069541294 0.6532203367447555 0.4223030867983815 0.6338152627508452 0.42897716063332186 0.6237346844931085 0.44182478078906967 0.6431397584870189
1 0.3888397076679436 0.43212204931843795 0.3959734787954115 0.4541206941855929 0.3896817854503845 0.4587751962606189 0.3825480423464044 0.43677655139346394
1 0.5862673364504419 0.1820415438626907 0.5805529549758953 0.203139708541468 0.5702328012009298 0.1967629949858053 0.5759471826754764 0.17566480914365898
1 0.5393219414492941 0.9890827491114771 0.53161878909837 1.004918959534284 0.5207431537498565 0.9928504213711425 0.5284463061007806 0.9770141262948596
1 0.5545203679192493 1.001912660638436 0.5441070080241334 0.9640795830714719 0.5665932787570306 0.9499599758365118 0.5770066386521465 0.98779296875
1 0.6021954384936008 0.789884231292259 0.5943021187550218 0.7735699826900572 0.6011935427607036 0.7659633599438713 0.6090869185462581 0.7822776085460732
1 0.713567672463269 0.671399162810983 0.6987829847659837 0.6826873229049281 0.6933763572335572 0.6665325614516514 0.708160988883867 0.6552444860111823