0 0.10063974766791621 0.6053301742969245 0.33385566518276555 0.6346672884341356 0.3051932371115383 0.7806776842790136 0.07197733166851575 0.7513405314874921
0 0.37515565413462965 0.7001251162721659 0.4862262387818928 0.7294662891119775 0.47096715999554983 0.766481579520266 0.3598965270609795 0.7371404066804544
0 0.6431106374233584 0.7003067915314282 0.6075849895235859 0.8183695797379671 0.5172580284408376 0.8009524112868113 0.5527836280533031 0.6828896230802723
0 0.5433413348620451 0.8777813322563727 0.5628005401997627 0.7760710954817132 0.6249929983404618 0.7836958901500158 0.6055337930027442 0.8854061269246755
0 0.3431323570541189 0.767420956573583 0.557362471954732 0.8113712941339455 0.545247910897943 0.8492116221451472 0.3310177959973299 0.8052612845847846
0 0.5177338515655904 0.8514805528617796 0.47481334058544306 0.9756986534693636 0.3783852782430528 0.9543478677663869 0.42130578922320017 0.830129844467424
0 0.4957693558705004 0.9225925013111542 0.5140284767633752 0.8543823319496121 0.6165879647943038 0.8719750682789741 0.598328843901429 0.9401853922577581
0 0.5005027191548408 0.959944548072356 0.5940452768832822 0.9553184775025728 0.5971952510785453 0.996135187420836 0.5036526933501039 1.000761180681998
0 0.6510074470616594 0.7069507717255779 0.7444065432005291 0.7147751772532062 0.7387645576573625 0.7579322510538711 0.6453655098058 0.7501078455262429
0 0.6367532271373121 0.7544167188242162 0.7461287100103837 0.7632607477537207 0.7433300259747083 0.7854405137992796 0.6339545431016367 0.7765964848697752
0 0.6355817770656151 0.7771752172063014 0.7464646448062945 0.7857929638022483 0.7411768949484523 0.8293909286682631 0.6302940272077729 0.8207731047636954
0 0.7971567081499703 0.721669405453412 0.7971567081499703 0.7776846037098243 0.7573249913469146 0.7776846037098243 0.7573249913469146 0.721669405453412
0 0.822993507868127 0.7147751772532062 0.8884204912789261 0.7158227090672499 0.8870857335344146 0.7692484550645187 0.8216587501236156 0.7682010005590959
0 0.9618662580659118 0.7733757304118508 0.9618662580659118 0.8104319170806286 0.8176107285897943 0.8104319170806286 0.8176107285897943 0.7733757304118508
0 0.9087812206413173 0.8992268210200285 0.844829607613479 0.8964344336308582 0.8477536937858485 0.8535205727517416 0.9117053068136867 0.856312882832291
0 0.9015804242484177 0.8526587362452501 0.8431636955164656 0.8517764902628245 0.8441383265241792 0.8104260416254354 0.902554958681517 0.811308364916482
0 0.8370191356803798 0.8468832410989946 0.7455137228663964 0.8365419761073069 0.7519422603558891 0.8000906520889408 0.8434476248825653 0.8104319170806286
0 0.7398345560967168 0.8936481536227439 0.6343342744851415 0.8841687251375475 0.6421359098410304 0.8285291694703927 0.7476361431652987 0.838008597955589
0 0.7764475375791139 0.8957853504492559 0.7631451087661937 0.9726923531259896 0.7142636262917821 0.9672744103516862 0.7275660068173951 0.8903673303663315
0 0.9930857404877868 0.8983326695099747 1.0018971117236946 0.9838570322395503 0.9512891165817841 0.9871982335289344 0.9424777453458761 0.9016737934907378
0 0.9427601295181468 0.6918662362947277 0.9510462314267701 0.7629351238422261 0.9082998927635483 0.7661288975914344 0.9000137908549248 0.6950599327353151
0 0.8564140223249604 0.897901751256729 0.8512506605703619 0.9805690965900095 0.7824955228008802 0.9778171416096026 0.7876589811300929 0.8951497962763221
0 0.9342127932777887 0.681566254106634 0.9956328959404668 0.681566254106634 0.9956328959404668 0.7700670760518921 0.9342127932777887 0.7700670760518921
0 0.37777540955362443 0.5661625345724153 0.30134155176862887 0.5486808907313767 0.31864731221259396 0.5001940059843057 0.3950811699975895 0.5176756498253443
0 0.4021001646790323 0.5728471017925705 0.44577668588372726 0.5870509760677248 0.41555452950393096 0.6466029277702462 0.37187800829923606 0.6323990534950918
0 0.4684711408011521 0.6177632173003087 0.43025419983682756 0.607929753985414 0.4414873726760285 0.579954044663355 0.47970431364035304 0.5897875079782496
0 0.4683064810837371 0.6192810561099786 0.4519277645062797 0.6564296652351171 0.4210140373133406 0.6476954918560006 0.43739275389079807 0.610546960039483
0 0.5526725189595283 0.5907322579807236 0.528779283354554 0.646746103336269 0.46870451335665547 0.6303249791575958 0.49259770067432257 0.5743111724563609
0 0.5261105887497528 0.4750641043085022 0.45688783669773536 0.4581008534253285 0.4687852014469195 0.4269895450913355 0.5380079534989369 0.4439527959745092
0 0.46316895303846917 0.4197947796271374 0.4809125586401058 0.36844245084408644 0.5479488614239271 0.3832853968344284 0.5302053041095975 0.4346377642717899
0 0.49539363233348993 0.3214998831093651 0.6047716744338409 0.34871383193476885 0.5875306914124308 0.39311882149501265 0.4781526493120797 0.3659049113239194
0 0.5894907697846618 0.39377799345165054 0.6048759750173062 0.341777199955965 0.6747672648369512 0.35502816816913396 0.6593820596043067 0.407028923010509
0 0.674924053723299 0.40934280869023115 0.6612347952927216 0.4652306409936075 0.6065987212748467 0.4566549116331539 0.6202880279927314 0.4007670406754671
0 0.7311500356167178 0.41367986098054543 0.7158303562598892 0.47834191252869696 0.659564006177685 0.46979954183818873 0.6748836372472062 0.4051374902900372
0 0.7199250233324268 0.42043392865094603 0.6623906968515131 0.4017623505160505 0.6817080823681022 0.3636185088589495 0.739242408849016 0.38229012564815545
0 0.5520435284964645 0.38656320505462316 0.6104007672659958 0.39521415570327345 0.5972858863540843 0.45190638420776597 0.5389286958718602 0.4432554722134262
0 0.6712758510927611 0.27462687380635487 0.7021814660180973 0.2226726394276441 0.7699441064762164 0.2485033050981634 0.7390385398381873 0.30045755880402947
0 0.6870627101463608 0.2012407956355882 0.6125186485580251 0.1893061999658605 0.6242252301566208 0.1424503145223935 0.6987692434576493 0.15438491985569883
0 0.5206510809403432 0.016170535531506047 0.5812249002577383 0.023097644054565044 0.571506886542598 0.0775530128406527 0.5109330189378956 0.07062590914938252
0 0.6038108053086679 -0.006633084510382857 0.7155137846741495 0.010399101503745447 0.6924091773697093 0.1074997827627751 0.5807061980042276 0.09046759191685798
0 0.8568810571598101 0.06403493851026906 0.8141024625754054 0.052226457360275494 0.8294484585146361 0.016601307623140264 0.8722271496736551 0.02840978756518663
0 0.8200677799273141 0.046141751889113465 0.7481927026676226 0.04526766679798824 0.7490517821493028 0.0 0.8209269076963014 0.0008740830527143134
0 0.8107180052165743 0.06374576561355833 0.8031833020946647 0.08063416242448494 0.7616807961765724 0.0687687966248293 0.7692154510111748 0.05188039981390269
0 0.7607934203328965 0.1528198551421984 0.693913809860809 0.13970860293426418 0.7076410221148141 0.09483800287711763 0.7745206325869017 0.10794925508505185
0 0.7037799207470085 0.48262457820416405 0.7679297531707377 0.4968284138250079 0.7444930257676523 0.5646576063024462 0.6803432416312302 0.5504537706816023
0 0.7761643325226216 0.43487831004591515 0.7611505532566505 0.48076766378295205 0.7131005782115308 0.47069369334824257 0.7281144057648091 0.4248043396112057
0 0.8212795981877967 0.44033405673586923 0.8074773957457724 0.4882121747471699 0.7648130489301078 0.48033071545727124 0.7786153479467465 0.43245255879166006
0 0.7489451637750939 0.3585999424205391 0.8308385535131527 0.3728037393870725 0.8141024625754054 0.4346377642717899 0.7322090245500396 0.42043392865094603
0 0.8878262676770174 0.39402170887923527 0.8741773774352255 0.4497444872768564 0.8127375735512262 0.4401007779721145 0.8263864637930182 0.38437799957449337
0 0.5605197375333761 0.2938617418807394 0.624350680580622 0.31052389501241884 0.6107338048234771 0.343951659537781 0.5469028617762313 0.3272895257332568
0 0.5913429743126978 0.27677535769152745 0.5715755993806864 0.31633516472302486 0.5103908490531052 0.29674363332582926 0.5301582239851167 0.2571838456214871
0 0.5972418966172617 0.22297238427827146 0.5711519748349733 0.2740250261921608 0.5368727189076098 0.26279925394088427 0.5629626406898981 0.21174661202699493
0 0.5506796052184286 0.13660697139766564 0.5277300484572784 0.18606807039537485 0.4458610920966426 0.16172586625855961 0.4688106971450999 0.11226479625158328
0 0.3889300672313835 0.1266502878045341 0.3145525968527492 0.11778267974563608 0.32465265974213803 0.06349653711494121 0.3990301301207724 0.07236413551026163
0 0.2503524973422666 -0.012085909176053995 0.3609588961058025 0.003059290571255047 0.3528198290474807 0.04114917081092414 0.2422134544275984 0.026003969855667896
0 0.5179212546046776 0.007429705759329914 0.511954440346247 0.039272825351012064 0.44708044317704215 0.0314829695292709 0.45304730572277985 -0.00036014904320579754
0 0.4575610100468503 0.03311231394520736 0.5721635939199713 0.053499024906363796 0.5532799249962915 0.12152324770733554 0.43867734112317047 0.1011365391620735
0 0.4309768193884741 0.1676210738043758 0.527823580971247 0.18887831607598757 0.5042723643628857 0.2576359657640318 0.4074255544928056 0.2363787041652648
0 0.3634477929223942 0.15788765750858436 0.3834394141088558 0.09387393538298072 0.4550560094133208 0.10820635456764072 0.435064339939552 0.17222006702966672
0 0.34049548378473593 0.056891960158538334 0.3544126100178006 0.011214869319826383 0.3909864546377448 0.01835574342753028 0.3770693284046801 0.06403283185034783
0 0.4360035280638103 0.4183109566106911 0.3187298835078372 0.38897395843641147 0.33978614324255835 0.3350358495537128 0.4570597395112243 0.3643728477279924
0 0.24084851711611205 0.6160099737398076 0.2654688147049916 0.5425502784347292 0.3874515340298037 0.568748546597926 0.36283123644092413 0.6422082805573147
0 0.25718886942803104 0.3577520214658209 0.4443020398103738 0.4288365640090643 0.40240227421627767 0.49951229856465723 0.2152891279775885 0.4284277173671034
0 0.9618187433556665 0.5932598633430969 0.9590889653073081 0.6205749318447198 0.8878065664556962 0.6160099737398076 0.8905363445040546 0.5886949052381848
0 0.14996561219420615 0.3526548321598915 0.23750691474238528 0.3806857398373179 0.21491562565670738 0.42589694235127057 0.12737433518035501 0.3978659960195337
0 -0.026391234578965587 0.7323459579342146 0.004930039749869817 0.5898866562846342 0.0865447309952748 0.6013853086407537 0.05522345892990692 0.7438446102903341
0 0.9133146261867089 0.9008370049774382 0.9048148046565961 0.9770434369310086 0.8523194518270372 0.973291417629829 0.8608192733571499 0.8970849856762587
0 0.9449866572512856 0.8583522069446643 0.9013102084775514 0.8550744760330906 0.9069150127942049 0.80721564652272 0.9505914615679391 0.8104934547429148
0 0.9553436086147646 0.7724301686688568 0.9975856346420094 0.768807100147443 1.0023877107644383 0.8046851807413711 0.9601456847371934 0.808308249262785
0 0.948371211184731 0.8281490429811194 0.9969976883900317 0.8257898931038237 0.999218035347854 0.8551162999970313 0.9505914615679391 0.8574754498743271
0 0.8615246543401405 0.5011758641248417 0.8779033226302907 0.4465456884672855 0.9069150127942049 0.452119446767139 0.8905363445040546 0.5067496224246952
0 0.8659274910069719 0.4728749560887033 0.8208861532090586 0.46850454512844364 0.825021574768839 0.4411933807121794 0.8700629125667524 0.4455638303267495
0 0.7820667798006082 0.23410225518524383 0.9028203457216674 0.26528420427164146 0.8701967649821993 0.34624192743379906 0.7494431990611402 0.31505997834740146
0 0.957692979257318 0.2673383716392396 0.9560510176646558 0.3199143606020424 0.9080028292499011 0.3189528153016644 0.9096447908425633 0.26637678768455114
0 0.8117661295057852 0.19832854122961527 0.859537245352057 0.21034717137032932 0.8414002430589893 0.2565433630239669 0.7936290789254105 0.24452471355609762
0 0.7917182536064824 0.24146541815305375 0.746676915808569 0.2294467880123397 0.7649664094176474 0.18552412693828174 0.8100077955028678 0.1975427570789958
0 0.8392643023140823 -0.0006994921773049256 0.9191990140118177 0.0019666866232429295 0.9177749247490605 0.02932533423609187 0.8378402130513252 0.02665915317064301
0 0.31799951384339153 0.11834866582328116 0.20258191265637362 0.10403433685592642 0.21218587175200257 0.05441166767219413 0.3276034246517133 0.06872600147133767
0 0.18352317810058594 0.18880193515847649 0.10082168820538098 0.17197063076413077 0.11664355555667152 0.12215310036947336 0.1993450333800497 0.13898440476381907
0 0.21615890309780458 0.029625021105253523 0.18757000452355493 0.13604325626076136 0.10306842417656621 0.12149616069926575 0.13165732275081587 0.01507793158349393
0 0.2894321634799619 0.5499526562005225 0.19212757786618004 0.5161500028449573 0.2334794394577606 0.43987035962733534 0.33078410957433 0.47367297432859007
0 0.8868554030792623 0.6885223292036099 0.8837118993831586 0.6356768617152866 0.9558874202679984 0.6329256025124683 0.9590309239641021 0.6857710700007916
0 0.8220107645928105 0.696123544742519 0.8166797493077531 0.6406450229328293 0.8856709154346322 0.6363967209393802 0.8910020272943038 0.6918752814033803
0 0.762501632110982 0.6493600237739471 0.8427652286577828 0.6444176449814955 0.8479596874381923 0.6984758914611701 0.7676961391786986 0.7034183089079322
0 0.6762485262713854 0.6509733000761954 0.7663313467291337 0.6509733000761954 0.7663313467291337 0.7045109116479972 0.6762485262713854 0.7045109116479972
0 0.18170217924480198 0.7727241733543778 0.16259370876263968 0.8317247986265042 0.12346801274939428 0.8236046876236938 0.14257648323155656 0.7646040623515674
0 0.17551758923108066 0.7736425224627929 0.2800524989260903 0.793725910633708 0.25995698759827435 0.8607532580945219 0.1554220658314379 0.8406698699236067
0 0.13396954838233657 0.8065343256461763 0.09973489181904853 0.929857192423013 0.016637239275099355 0.9150749337001267 0.050871897347365753 0.791752144231911
0 0.3391206475752818 0.9033647649570535 0.26192694072481953 0.8795977756145108 0.28043037124826936 0.8410863314647324 0.3576241022423853 0.8648533208072752
0 0.36174327512330645 0.9590776091968809 0.24268280705319176 0.9250388553128959 0.2582771204694917 0.8900854631343018 0.3773375885396064 0.9241242943269079
0 0.5175446618961382 0.9401908038612254 0.4957064375092712 1.0046544428336763 0.4619608046133307 0.9973286779112571 0.4837990290001978 0.9328650389388062
0 -0.015423273738426498 0.8337877791768921 0.001992766427088387 0.7361963911098797 0.053585619866093503 0.742096430444506 0.0361695802664455 0.8396878185115184
0 -0.00978879611703414 0.9618784232257362 0.001992766427088387 0.908827855965999 0.043801862982254997 0.9147778366697673 0.03202030024951017 0.9678284039295044
0 0.41528581063958664 0.35556364633223164 0.3244490804551523 0.3289013331717068 0.344580179528345 0.2849510535928099 0.4354168855691258 0.3116133667533348
0 0.8391290012794205 0.24826722389689876 0.8714278981655459 0.15383860882208875 0.9091863511483881 0.1621147382855793 0.8768874542622627 0.2565433630239669
0 0.9451320020458366 0.3177291551219126 1.0134487876409217 0.33426276334408644 0.9969976883900317 0.3778223831341039 0.9286809027949466 0.36128877491193
0 0.9125738023202631 0.404058919064677 0.8266694274129747 0.38228274267485357 0.8414002430589893 0.34504426227784596 0.9273046179662777 0.36682047732197987
0 0.8701156423061709 0.44672574024550743 0.8878469346444818 0.38837242005670125 0.9270636643035502 0.3960085790922855 0.909332275390625 0.45436189928109166
0 0.9269683451592168 0.4024480006753681 0.9679151124592069 0.4090036171157576 0.9587807957130142 0.4455638303267495 0.9178341249876385 0.43900817523204955
0 0.9246152081067049 0.5132417684872744 0.9082364432419403 0.5580385194842463 0.8618736749962915 0.5471759624614075 0.8782523432864419 0.5023792114644355
0 0.7676961391786986 0.5635650035623813 0.7827938900718207 0.5044788363011597 0.827634304384642 0.5118209906512231 0.8125366017788271 0.570907196566755
0 0.1262525486040719 0.6009598406452857 -0.0061361680302438855 0.5854508035767297 0.007757588277889203 0.5094502444807829 0.14014630378047122 0.524959281549339
0 0.10299461702757244 0.15930163218599094 0.16361463522609276 0.18009880119067645 0.14257648323155656 0.21939483120744935 0.08195646503303625 0.19859765253918618
0 0.09630824342558655 0.11184088409211229 -8.527898595114297e-05 0.09403389658333003 0.011485605300227297 0.05389605299289503 0.10787913165514983 0.0717030453334661
0 0.08804383458970469 0.38725237275619456 0.07985453062419649 0.43969734293362095 0.007452300832241397 0.43245255879166006 0.01564160328877123 0.38000758861423367
0 0.07340206677400613 0.20069520937029964 0.06380454196205622 0.26545103627567884 0.03061216994176937 0.26229856465721973 0.04020969475371928 0.1975427570789958
0 -0.0014846380564230907 0.04917738602235394 0.01512946207312089 0.006322897560163115 0.0977703951582124 0.026853632670252137 0.08115638660479195 0.06970812052846936
0 0.47265692602230025 0.3130947158939103 0.35148917572407784 0.27956540649491374 0.37355046332636965 0.22847706732529488 0.49471814119363133 0.2620063767242915
0 0.4023386074017875 0.23395463437351569 0.3383821173559261 0.2098616345763735 0.3623237609863281 0.16913504718299754 0.4262802993194966 0.19322804698013973
0 0.6692074642905707 0.612734909975657 0.5957200255575059 0.5941579189385093 0.6305401958996737 0.5058909555716632 0.7040276346327383 0.5244679466088109
0 0.8696797044971322 0.2584426425694664 0.8767738825158228 0.12214930258346857 0.980325819570807 0.1256032295057938 0.9732316415521163 0.2618965598282141
0 0.8722424084627176 0.06524496338199859 0.9578829415236847 0.07967776781097857 0.9420545553859276 0.13986371301864808 0.8564140223249604 0.1254309085896681
0 0.7951587725289261 0.07360503551248812 0.7842396120481854 0.11403137554920044 0.7049112440664557 0.10030102624101983 0.7158303562598892 0.0598746813725187
0 0.7719908122774921 0.1521571753068843 0.7405702615086036 0.23148375421177367 0.6763820406756823 0.21519154215855565 0.7078025914445708 0.13586498258082153
0 0.08439745480501198 0.9258338971708756 0.10276714759536937 0.8596606553544569 0.1639463328108003 0.8705437764704718 0.14557663398452952 0.9367170182868905
0 0.29124820081493524 0.797466952110711 0.368730738193174 0.8198857564122862 0.35208711744863774 0.8567469707389962 0.274604580070399 0.8343282437460418
0 0.4463743861717514 0.6560343862561352 0.5094416654562648 0.6762287896067527 0.49243540703495847 0.7102627503562381 0.4293680794631379 0.6900683470056207
0 0.48147109792202336 0.488650514628028 0.45672868173333664 0.5369782982331579 0.42197707936733586 0.5255770933937619 0.44671949555602253 0.47724930978863206
0 0.24879974654958217 0.28968765616341435 0.1937598216382763 0.26237057763764643 0.21616460100004944 0.2334428319755878 0.2712045741986625 0.26075992982851093
0 0.17149464088150218 0.291545904158338 0.09950536414037776 0.27582925478818676 0.11823586572574664 0.22085165418802447 0.19022513039504427 0.23656830355817565
0 0.2305914239038395 0.2502180876197356 0.14689986313445658 0.23071304524224193 0.1637322027472001 0.18443150487106158 0.2474237755884098 0.20393654724855526
0 0.26157690603521805 0.1567933829695911 0.23652639268319817 0.2084688038068002 0.19418724880942814 0.19531638475820337 0.21923775008962124 0.14364097358457192
0 0.18329028841815417 0.13983612350454203 0.19602932507478738 0.09394676976750514 0.23379663877849338 0.10066521749079718 0.22105762626551376 0.14655458089141168
0 0.38738047925731806 0.20331430948558224 0.3484474133841599 0.2791238389791304 0.2822165187401108 0.25732742705776995 0.32114960875692244 0.18151789756422182
0 0.24198597292356852 0.11523327335215128 0.3060448079169551 0.15369293038946227 0.28409733349763894 0.1771183605810145 0.22003852264790597 0.1386587035437035
0 0.5485529356364962 0.6682847876424952 0.5585620735265031 0.6435190482257362 0.6478133382676523 0.6666339393504591 0.6378041520903382 0.6913996787672182
0 0.6576908449583416 0.6235554111086922 0.5987019116365457 0.611750152761835 0.6071096492719047 0.5848283918693595 0.6660985825937006 0.5966336502162167
0 0.6723121932790249 0.26322135901134025 0.6218658157541782 0.24976047856510253 0.6387577298321302 0.2091942872330688 0.6892041073569769 0.22265516767930651
0 0.5639296423030805 0.1534215094848401 0.6175919061974634 0.16487671439597848 0.6067452732520767 0.19743723081138181 0.5530830093576938 0.1859820065730882
0 0.5770681357081933 0.12380148444921628 0.6289551650421529 0.14304985254153638 0.61595472504821 0.16550701158268682 0.5640676474269433 0.14625866281752198
0 0.5793053832235215 0.09489080466523511 0.7135090888301029 0.12468259012948266 0.7016104686109326 0.15903033690787782 0.5674066664297369 0.12923855144363025
0 0.7399561435361451 0.34306883374069824 0.6911149326759048 0.3300362623817487 0.703497246850895 0.30029994585304187 0.7523384577111353 0.31333251721199135
0 0.7362109317055231 0.37347817979635056 0.6885161580918711 0.36075151865055016 0.7008220334596271 0.33119879076947434 0.7485167587859721 0.3439254132609642
0 0.11553268191180652 0.33238014380640435 0.12911444072481953 0.2780189055140219 0.1682132648516305 0.2842786811891427 0.1546316026132318 0.3386399388086803
0 0.00020937204266650768 0.24804558008059888 0.05682696571832971 0.2528164110431345 0.05227862732319892 0.28740566028983927 -0.004338965008530436 0.28263486798161414
0 -0.003078534067431583 0.3784415865337041 1.558160874992609e-05 0.33261999380294094 0.04512433764300769 0.33457184321069505 0.04203031636491607 0.38039347459576867
0 0.00041510527835616584 0.305853835837308 0.047864464264881765 0.31245966422701277 0.042159261582772944 0.3387201465029291 -0.005290096319174465 0.33211431811322434
0 0.04948868329011941 0.3160944256773472 -0.0032239933557148223 0.3073034304618231 0.002778844554213029 0.2842381134902925 0.05549151987969121 0.2930291280329718
0 0.1672316201125519 0.27242355878176455 0.1647486384910873 0.33702167610038 0.07471250582344924 0.33480400099944585 0.07719548744491384 0.2702058836808304
0 0.2918597112728071 0.3767633709898472 0.2408548186096964 0.3685974546291165 0.24888036220888549 0.33647491087862175 0.2998852790156497 0.34464082723935247
0 0.038216928892497774 0.20680804068412564 0.0 0.20680804068412564 0.0 0.16581354026480366 0.038216928892497774 0.16581354026480366
0 0.24950131283530705 0.20923466166036653 0.2906543393678303 0.22473739807631413 0.27277794367150415 0.25514657018756925 0.23162491713898092 0.23964383377162168
0 0.1125422248357459 0.9782978466147483 0.0734028152272671 0.9657652687618746 0.09253768075870562 0.9274714483801061 0.1316770964030978 0.9400038716157378
0 0.026761178728900378 0.9587144906042194 0.03249371806277505 0.9174140606445931 0.08391881290870377 0.9219881025124683 0.0781862765927858 0.9632884551634737
0 0.2492507741421084 0.9194391599707094 0.32377380660817595 0.9393245607633391 0.30902205841450753 0.9747511590108455 0.23449905009209354 0.9548657582182156
0 0.13503693930710417 0.8999079872793303 0.17275367205656028 0.9070967613254037 0.16351107102406176 0.9381715026816815 0.12579433827460568 0.930982805944229
0 0.14006410671185843 0.8966889336110672 0.1955496510372886 0.9151055479140279 0.17822243895711778 0.9485580705252533 0.1227368946316876 0.9301414562222926
0 0.10471438154389587 0.9734662124218255 0.09172062934199467 0.9734662124218255 0.09172062934199467 0.965512083028222 0.10471438154389587 0.965512083028222
0 0.07863366452953484 0.949663429187777 0.09145219416557988 0.9274306294282378 0.1065264231042017 0.933000019791007 0.09370788743224324 0.9552328195505463
0 0.20951693571066554 1.013495920578689 0.10618428338932086 0.9969521849271691 0.12943782082086877 0.9038791765209389 0.23277048521404026 0.9204229121724589
0 0.08151131642015674 0.9697400142000475 0.07537197161324416 1.0029134526895978 0.04659078392801406 0.9995001224568556 0.05273012571696994 0.9663267612759262
0 0.028280526776857013 0.9997761142336922 0.0 0.9997761142336922 0.0 0.965512083028222 0.028280526776857013 0.965512083028222
0 0.7134177775322637 0.6642036655418778 0.651216434527047 0.6442865682146532 0.6660287591475474 0.6146430800125673 0.7282301504400712 0.6345601000311708
0 0.7428606733491149 0.616324658481436 0.6937900977798656 0.6032308973489946 0.7051023169408871 0.576064416016862 0.7541728442228293 0.5891581771493034
0 0.8390786859053599 0.603836378468374 0.7722960363460493 0.597726678153697 0.7770705404160898 0.5642840510459547 0.8438531416880933 0.5703937513606318
0 0.7003833432740803 0.6519582892158803 0.6893113051788716 0.6984902708646691 0.6404203583922567 0.6910354778538632 0.6514924447747725 0.6445034962050744
0 0.5980186945275415 0.5918174390931761 0.5326303409624703 0.5747050598801654 0.5462709740747379 0.5413045273165373 0.6116593276398091 0.558416906529548
0 0.6540844108484969 0.5143993877775689 0.5783945880358732 0.5103600509865817 0.5811205513869659 0.47762831530290134 0.6568103259122824 0.48166769074819904
0 0.5811234003380884 0.4479082915660624 0.5654514167882219 0.5037928382530478 0.5213161903091624 0.49586151490262825 0.5369881255717217 0.43997692956133233
0 0.6919615540323378 0.49282815654191736 0.6842300318464448 0.5237740630813609 0.6518926016892059 0.5185967820441142 0.6596241721624061 0.48765091415898115
0 0.7925714903239962 0.5115032135647561 0.7329625962655756 0.49877860109741134 0.7426548245586927 0.4696835789067448 0.8022637186171133 0.48240819137408963
0 0.6605302834812599 0.31921657298923367 0.6731412863429589 0.2901930419458023 0.7048619427258456 0.29902528131060996 0.6922509881514537 0.3280488123540413
0 0.6704691633393493 0.31803508466221697 0.6565492847297765 0.36021909417798054 0.6097437701647794 0.3503218512507916 0.6236636487743522 0.3081378417350281
0 0.6974212549909761 0.21917098409545202 0.6691280316702927 0.2952714452568378 0.5297355651855469 0.262061749024056 0.5580288367935374 0.18596128786267022
0 0.8039042798778678 0.2795831488234246 0.7695539933216723 0.2727087502844957 0.7783214713953719 0.24463526488407417 0.8126718062388746 0.25150968275015834
0 0.46630700026886374 0.7886059152845947 0.4918741153765328 0.6854854146463347 0.5458200672004796 0.6940563895265991 0.5202529038055034 0.797176890164859
0 0.33662503882299494 0.7400487570010688 0.4764768866044057 0.76821738998674 0.47049428239653385 0.7872511590108455 0.33064238632781595 0.7590825260251741
0 0.3060971513579163 0.7783646876484326 0.31818126726754103 0.7529719753156665 0.34646939627731904 0.7615985350944031 0.3343852320803872 0.7869912474271691
0 0.13785870467560202 0.8984559767604101 0.1640324532231198 0.8327420254611304 0.26099441624894926 0.857489983895068 0.23482066770143148 0.9232039351943477
0 0.17526072490064404 0.8261407196257521 0.1535701027399377 0.9303219718522403 0.08453171766256984 0.9211109588990263 0.1062224424338039 0.816929783981159
0 0.06242123133019556 0.7693643406873417 0.12170588819286492 0.7820969159426456 0.11457184900211383 0.8033826077867717 0.055287282678145394 0.7906500325314677
0 0.060653046716617635 0.752085554667709 0.10786867745314972 0.7660104607841197 0.10191799115531053 0.7789400957142575 0.054702360418778434 0.7650151122892258
0 0.1847001932844331 0.6053795745057196 0.12661046619656718 0.5937542906284634 0.13564760473710072 0.5648170166788711 0.19373734389679342 0.5764423392104377
0 0.12639866599553748 0.5245446367608059 0.19747944119610364 0.5369143253493113 0.18985677067237564 0.5649835781027351 0.11877599547180949 0.5526138895142297
0 0.23816787140278878 0.570985974051516 0.197810861128795 0.5602172696945258 0.20828225341024278 0.5350698962703847 0.2486393119715437 0.5458386006273749
0 0.21815988081919996 0.5444831099217265 0.1596585889405842 0.535116977220551 0.16368601593790175 0.5189968541575958 0.22218735610382467 0.5283629868587714
0 0.2314391800119907 0.30042994029919057 0.21731953681269778 0.34281572531566656 0.17536018468156644 0.33385870983662524 0.18947982788085938 0.29147294414730446
0 0.19106290310244017 0.29276865596179347 0.1744976888729047 0.3352024496318873 0.14942958686925187 0.3289314448795717 0.165994704524173 0.28649767053663316
0 0.2323589324951172 0.3071527752867222 0.1788552199737935 0.2857377267925705 0.19536491587192198 0.2593054454337199 0.24886860424959206 0.2807204939278717
0 0.10647118242481086 0.2612492740720492 0.06035233147536652 0.24814917363268882 0.07207809520673149 0.22169619289057552 0.11819695822800262 0.2347963126570911
0 0.07872687110418006 0.18845228759301774 0.034395236003247995 0.18845228759301774 0.034395236003247995 0.15663567338282736 0.07872687110418006 0.15663567338282736
0 0.09287721295899982 0.1612674261362512 0.05286802823030496 0.15690002054863145 0.056914577001257786 0.1331455358755294 0.09692367119125173 0.13751293179957153
0 0.0439016969898079 0.12824523230003662 0.050382991380329374 0.09504040651037543 0.09687571585932865 0.10085567694211625 0.0903945089895514 0.13406050273177744
0 0.3172357776496984 0.1311635554327551 0.363895681839955 0.1264946075690706 0.36909323100802266 0.159779679707291 0.32243325438680526 0.1644486372345531
0 0.5517175891731358 0.11607308656524601 0.531035459494289 0.1822977096238719 0.4402140363862243 0.16412193100236502 0.4608961660650712 0.0978972982801615
0 0.42282978492447093 1.0092760295034435 0.34335834165162676 0.9909620037405004 0.3576498393771015 0.9512214298260371 0.4371212826499456 0.9695355328976013
0 0.3670353949824466 0.9522959423487967 0.35381232635884347 0.9840513861126504 0.3104743233209924 0.9724872533545756 0.32369736780094194 0.940731809590722
0 0.6901977152764043 0.9997761142336922 0.6030631246446054 0.9997761142336922 0.6030631246446054 0.9691832375118746 0.6901977152764043 0.9691832375118746
0 0.03363089621821536 0.9043262522759657 0.0 0.9043262522759657 0.0 0.846199755581064 0.03363089621821536 0.846199755581064
0 0.9427939306331586 0.5954509056241094 0.901307987261422 0.5912996646042789 0.9083517533314379 0.5461916304450007 0.9498376001285601 0.5503428328105209
0 0.9611660921120946 0.5126875043292828 0.9532334532918809 0.5507880531586448 0.9244778790051424 0.546951535534753 0.9324104212507417 0.5088509480510806
0 0.9424500284315664 0.49550581793757914 0.9386283777937104 0.5138615903558423 0.8997091945213608 0.508669079520266 0.9035308451592168 0.49031334575631336
0 0.8972923182233979 0.4905217311441181 0.9052478452272053 0.44806561460972133 0.9489776997626582 0.4533165321084349 0.9410222693334652 0.49577260998852124
0 1.0066925241977354 0.3699631114184215 0.9995170303537876 0.4144796573187144 0.9381586388696598 0.4081419352265081 0.9453342292882219 0.3636253120175942
0 0.9898632387571697 0.3284006438880423 0.8978889561906646 0.31262367446638495 0.9113115721111056 0.26248114829277824 1.003285661528382 0.2782581370415908
0 0.8956789427165743 0.02921082567307978 0.9317737048185324 0.035631736673230684 0.9221160502373418 0.07042126839790562 0.8860211915607694 0.06400035739775471
0 0.9304998856556567 0.03766692719027693 0.9691108027590981 0.046096449037229356 0.9617731601377076 0.06763385291942091 0.9231622430342662 0.05920432865657408
0 0.9997547970542425 0.5861600715197515 0.9997547970542425 0.6479577226983059 0.9531302150291733 0.6479577226983059 0.9531302150291733 0.5861600715197515
0 0.9890541366383999 0.5812651988748813 0.9454868171788469 0.5812651988748813 0.9454868171788469 0.5494485653375356 0.9890541366383999 0.5494485653375356
0 0.9979728022708169 0.5030698093754947 0.9451194473459751 0.49944330062044806 0.9499935681306864 0.4539233661286811 1.0028469230555281 0.45754987488372784
0 0.9648892366433446 0.41601643674052013 1.0043996497045589 0.41996999961654924 0.9996490478515625 0.45039345449552726 0.9601385382157338 0.44643993027380857
0 0.9997547970542425 0.2337298015766011 0.9745316324354727 0.2337298015766011 0.9745316324354727 0.15847125062465367 0.9997547970542425 0.15847125062465367
0 0.9997547970542425 0.037935202600383695 0.9684169141552116 0.037935202600383695 0.9684169141552116 0.003059290571255047 0.9997547970542425 0.003059290571255047
0 0.9905828162084652 0.044665640407608155 0.9454868171788469 0.044665640407608155 0.9454868171788469 0.003059290571255047 0.9905828162084652 0.003059290571255047
1 0.5304724294928056 0.32103780948187144 0.5008133514017998 0.3468750463851726 0.47046564802338803 0.32455121572444984 0.500124774401701 0.2987139981483039
1 0.8471615948254549 0.35594725170944824 0.8720948424520372 0.3717044881056048 0.8532102560695214 0.3908528671602874 0.8282772015921677 0.3750955921098203
1 0.6778709797919551 0.3641094186020622 0.6544918108590042 0.3499312880976884 0.6674337266366693 0.3362559342097451 0.6908128955696202 0.3504340647141189
1 0.5102631291256675 0.6432060256194585 0.5330838070640082 0.6182949846496002 0.5592180565942692 0.6336368031710141 0.5363973303686215 0.6585478441408724
1 0.4979824597322488 0.6618026143920203 0.4623547324651404 0.6508976922448939 0.4709625244140625 0.6328762409579837 0.506590299968478 0.64378116310511
1 0.4885699598095085 0.4921060553678159 0.4274665735944917 0.4715481468814321 0.4390272309508505 0.44952914411316497 0.5001306654531744 0.47008705259954875
1 0.8745188652714596 0.3536479000504671 0.8522042383121539 0.3458328488659753 0.8564754437796677 0.33801779768148354 0.8787899741643592 0.3458328488659753
1 0.8477511828458761 0.3347130087525728 0.835787616198576 0.33152070386716276 0.8488810092588014 0.3000764852841494 0.8608445759061016 0.30326879016955943
1 0.12071137488642826 0.4894268477997348 0.15386801128146016 0.4177633409941023 0.23249956927722013 0.44107637411435247 0.19934289666670787 0.512739880919985
1 0.03551235380052011 0.38182298830598876 0.04411853114260903 0.3215421515978764 0.10547209389602082 0.3271552406586447 0.0968659195718886 0.3874360580396018
1 0.09675460525705845 0.3282052076942487 0.24579480328137362 0.3290760893093928 0.24541429930095432 0.37080627789295045 0.09637411938437933 0.36993543493211684
1 -0.00013790190031256856 0.4949481908545757 0.07183373728884926 0.37261746426486303 0.16865869111652615 0.409121706034278 0.09668705735025526 0.5314524326239907
1 0.27890248841877224 0.24647173117504156 0.3055761554573156 0.2666379748604734 0.28572435016873515 0.28346425419445653 0.25905068313019186 0.2632980105090247
1 0.8058954552759098 0.8915087921548448 0.8036629882039903 0.8432570802327423 0.8436365248281744 0.8420718617647641 0.8458690401874011 0.8903235736868667
1 0.8001765480524377 0.8382828116341434 0.7843412568297567 0.8921568703243746 0.7376274881483633 0.8833581442467543 0.7534627793710443 0.8294840082479021
1 0.6634681315361699 0.9030750122456855 0.6063061484807655 0.8909461400114788 0.6152294496946697 0.8639968185956302 0.6723914810373813 0.876125613521216
1 0.26076816607125197 0.6326939085754433 0.2379967170425608 0.6615070635340801 0.20521707172635234 0.6449059648858059 0.2279885207550435 0.6160928485814796
1 0.9617321159266219 0.11877548671961585 0.9463576304761669 0.11772056226869261 0.9475558317160304 0.106530120057196 0.9629303171664854 0.10758504450811926
1 0.9809239061572884 0.2733889308588802 0.9550066597854034 0.26635606897413316 0.9602946993670886 0.2538683687757283 0.9862119457389735 0.2609012113333201
1 0.7609096478812302 0.3447807944976053 0.7377325613287431 0.3342391069060719 0.7473508134672914 0.320688026626326 0.7705279000197784 0.3312297528721699
1 0.8061762942543512 0.11979182450510113 0.8187595802017406 0.10822654178128958 0.8324657391898239 0.11778267974563608 0.8198824532424347 0.12934797213302526
1 0.6453707248349733 0.9602612041838189 0.6269400391397597 0.9569079427495646 0.6303549175021015 0.9448798809570931 0.6487856514846222 0.9482330650827264
1 0.5777058178865457 0.9428250178119063 0.5630111694335938 0.93867331294035 0.5674362665490259 0.9286366439152549 0.582130963289285 0.9327884260954322
1 0.8067003081116495 0.7922458370853784 0.7892071687722508 0.7852441499020345 0.7991357634339151 0.7693484151114234 0.8166288544860067 0.7763501796033883
1 0.9706615979158426 0.8304826810134974 0.9713503680651701 0.806775142000475 0.9978249465362935 0.8072679844591117 0.9971361763869659 0.8309755234721342
1 0.03625495222550404 0.21462092722723045 0.027501166621340983 0.25199456242083595 -0.0011397900083397008 0.2476957778978982 0.007613995407201066 0.21032214270429267
1 0.0653445086901701 0.19243853268855882 0.0794724573062945 0.16133731312960142 0.09845664229574083 0.16686348797325246 0.08432869367961641 0.19796472685936511