0 0.6050954089616781 0.8986485352308538 0.6344211403383028 0.6655536415560542 0.7803749014478211 0.6942011845576299 0.7510491327408257 0.9272960782324293
0 0.6998535902857416 0.6242750851228276 0.7291833906727829 0.5132621141496372 0.7661842836152523 0.5285133029596782 0.736854483228211 0.6395262739328686
0 0.700035165209289 0.35645913749910474 0.8180521460483563 0.39196632799071335 0.8006417837347095 0.4822464164110246 0.6826248028956422 0.4467392492330739
0 0.8774408836248089 0.4561766645578686 0.7757701255495031 0.4367275718881303 0.7833919420154817 0.37456739176494463 0.8850627000907875 0.39401648443468296
0 0.7671232917622324 0.656281753201991 0.8110565838828364 0.44216282482453206 0.8488822540376529 0.4542710994198816 0.8049489619170489 0.6683900277973406
0 0.8511502980456804 0.4817708644182105 0.9753202199206804 0.5246691139168735 0.9539777003297019 0.621047122684301 0.8298078531154435 0.5781488731856379
0 0.9222347154529816 0.5037239371956169 0.8540509425172018 0.48547433222223546 0.8716369068950688 0.3829680720388297 0.9398207544915902 0.401217700325869
0 0.9595722536792813 0.49899303649016424 0.9549479913274083 0.4054990204533518 0.9957488173738532 0.40235069747003915 1.0003730797257262 0.4958447135068516
0 0.7066766114774465 0.34856641520244463 0.7144979961056958 0.2552157781614066 0.75763831648987 0.26085481578107095 0.7498169318616208 0.35420545282210897
0 0.7541241100439603 0.3628132516323291 0.7629646884556575 0.25349450748871993 0.7851358676175458 0.2562917500984769 0.7762952892058487 0.365610494242086
0 0.7768737606316896 0.3639841334705047 0.7854881916571101 0.2531587675020292 0.8290692343988915 0.2584437172862753 0.820454803373471 0.3692690832547508
0 0.7213894811974388 0.2024930366766735 0.7773829468893348 0.2024930366766735 0.7773829468893348 0.24230409160290536 0.7213894811974388 0.24230409160290536
0 0.7144979961056958 0.17666964024601317 0.7155451130064985 0.1112765551888369 0.7689500907874618 0.11261065594561688 0.7679030485474007 0.17800374100279318
0 0.7730757687069955 0.037868925230115126 0.8101175757358563 0.037868925230115126 0.8101175757358563 0.18204951158819352 0.7730757687069955 0.18204951158819352
0 0.8988780730361239 0.09092645375577432 0.8960867318902905 0.15484479258677902 0.8531895068807339 0.15192222740925204 0.8559807733658257 0.08800388274983288
0 0.852328071244266 0.09812350233061974 0.8514461039038609 0.1565098656872195 0.8101117521980122 0.15553573946446475 0.8109937195384175 0.09714938193627948
0 0.8465547800793196 0.1626512893198828 0.8362175524417049 0.2541091487642642 0.7997803480982416 0.24768397460191463 0.8101175757358563 0.1562261268143621
0 0.8933015875860092 0.2597854182955142 0.8838257955848624 0.36523092457863826 0.8282077987624236 0.3574333686333198 0.8376835907635704 0.25198786235019577
0 0.8954379300458716 0.22319141501593534 0.9723151250716743 0.23648691432361296 0.9668992348767201 0.2853430856540059 0.8900220398509174 0.2720475863463283
0 0.8979842346378059 0.006665662557137113 0.9834754873853211 -0.0021411336224164738 0.9868153609996178 0.04844057623715324 0.9013241082521024 0.057247374602362254
0 0.6915979041236621 0.05696510448994939 0.7626392422830658 0.0486832830721955 0.7658317355934633 0.09140747862976867 0.6947903974340597 0.09968930587593702
0 0.8975535168195719 0.14326640246386196 0.9801887722190367 0.14842716039274376 0.9774378971951453 0.2171465565540847 0.8948026417956805 0.21198579862520292
0 0.6813018892154052 0.06550802139037433 0.6813018892154052 0.004119829698042436 0.7697684471760321 0.004119829698042436 0.7697684471760321 0.06550802139037433
0 0.5659429427680619 0.6216566815824341 0.5484680735736812 0.698050875623687 0.5 0.6807540998466148 0.5174748691943807 0.6043599058053619
0 0.5726249298189029 0.5973445463945521 0.5868233123685971 0.5536907012449866 0.6463521508266438 0.5838971819196429 0.6321537682769496 0.6275510270692084
0 0.6175236226586391 0.5310080042315222 0.6076939760727256 0.5692051012521486 0.5797291233634365 0.5579777565323004 0.5895587699493502 0.519780659511674
0 0.6190408782492355 0.5311725986559397 0.6561750406154434 0.5475427964154411 0.6474442881546254 0.5784404804180194 0.6103101631187883 0.562070282658518
0 0.5905031536697247 0.44685031549906895 0.6464952754682721 0.4707311480167351 0.6300805141437309 0.5307747743983957 0.5740884296755543 0.5068939885080452
0 0.47487987086678135 0.4733984636112968 0.4579231845494075 0.5425852869556914 0.4268239245866781 0.5306941091422365 0.44378061090405196 0.46150728579784184
0 0.4196319673404052 0.5363074317972928 0.36829953441561547 0.5185730586623855 0.3831367516007263 0.4515715177228562 0.43446918452551603 0.4693058908577636
0 0.32137518366542434 0.5040994735962567 0.3485785714712347 0.39477818826394195 0.3929663608562691 0.4120102453268239 0.36576301038082953 0.5213315306591386
0 0.3936252792311736 0.41005119865773015 0.34164464174789755 0.39467397621335465 0.354890465226013 0.32481891349401976 0.4068710653789182 0.34019613593839526
0 0.409184055153383 0.32466222239961323 0.46505022428086773 0.3383444253500406 0.45647778992259175 0.39295212269922175 0.40061162079510704 0.37926989643513653
0 0.4135194177656728 0.2684654428177521 0.4781563948418387 0.2837771538835705 0.4696173338350535 0.340014312720827 0.4049803567588876 0.3247026016550086
0 0.42027087663656343 0.2796846044436951 0.40160651250716745 0.33718907040799273 0.36347749575926985 0.31788170146432154 0.3821418598886659 0.2603772355000239
0 0.38641327557578364 0.4474789915966387 0.3950608559704702 0.38915206641072625 0.4517311212848815 0.402260100595636 0.44308354089019497 0.4605870024678906
0 0.2745203607308391 0.32830850180093346 0.22258627421994456 0.2974189775786025 0.2484069264263188 0.2296914959609554 0.3003410316023987 0.26058099686962855
0 0.2011627477243406 0.31252988810936305 0.18923278248638187 0.387035232905307 0.1423950661942135 0.37533473749940316 0.15432504076476491 0.3008294160171171
0 0.01616426403733933 0.47885516511292014 0.02308868501529052 0.4183127663352273 0.07752293577981652 0.4280257490958031 0.07059851596843941 0.488568147873496
0 -0.0066305119692367884 0.3957385710853944 0.010395068714013522 0.28409356684790393 0.10745808545967125 0.30718616459367837 0.09043250594299503 0.41883116883116883
0 0.06401010215829271 0.14279958143591243 0.052206201582509076 0.18555603726753486 0.016594868697886803 0.17021805170932008 0.02839876927367044 0.12746159587769768
0 0.046123856944046256 0.17959375578178716 0.045250111617808675 0.2514315984739066 0.0 0.2505729564553094 0.0008737440138417282 0.17873512542001885
0 0.0637210437646335 0.18893872079637963 0.08060288735485951 0.19646948689809732 0.06874212329176223 0.23795052244974693 0.05186027970153622 0.23041974469120036
0 0.15276058092029818 0.2388373973079999 0.1396544196919199 0.30568231709409616 0.09480122324159021 0.2919622294496634 0.10790738446996846 0.22511730966356713
0 0.48243740443425076 0.2958213392334917 0.49663571232320336 0.231704793511865 0.5644386034857607 0.25512933111810066 0.5502402955968081 0.3192458768397274
0 0.43470962944380737 0.223474489449544 0.48058118907683484 0.23848048851998185 0.4705111349030008 0.2865055046343822 0.42463957526997326 0.2714995055639443
0 0.4401632606436353 0.1783825995996765 0.48802281184298546 0.19217768728141113 0.4801444237385321 0.23481987121908424 0.43228483520881117 0.2210247835373496
0 0.3584608538799694 0.25067956981265516 0.372659161768922 0.1688286509561211 0.43446918452551603 0.18555603726753486 0.42027087663656343 0.26740695612406895
0 0.3938688972309824 0.1118705172498687 0.44957006611955275 0.12551234094490069 0.4399300951476491 0.18692022429976962 0.38422892625907873 0.17327840060473762
0 0.2937477788429377 0.4390071813526547 0.3104034517154052 0.3752093799611464 0.34381827724818426 0.38881917069029315 0.32716258571053136 0.4526169953954593
0 0.2766680142930524 0.4081999543425325 0.3162124680452026 0.4279570670597785 0.2966285448920107 0.4891100505365498 0.25708409113986047 0.4693529378193039
0 0.2228859064411315 0.40230407015434017 0.2739187444751051 0.42838044308632545 0.26269732834002296 0.4626419148980615 0.2116644903060493 0.4365655419660762
0 0.1365539924084958 0.44884218779841484 0.18599590336510893 0.47177984297412145 0.1616631464127007 0.5536063058035714 0.11222125412127294 0.5306686506278648
0 0.12660116493155102 0.6105078106349073 0.11773700305810397 0.684846672600148 0.06347191020253966 0.674751858751313 0.07233607207598672 0.6004129967860724
0 -0.012081222067550053 0.7490134592544404 0.0030581039755351682 0.6384644766997708 0.04113321100170824 0.646599311333198 0.02599388379204893 0.7571482938878676
0 0.00742682419056557 0.48158356249104756 0.03925759318407158 0.48754728942358194 0.03147076014714139 0.5523876076531465 -0.00036000935674078237 0.5464238340932964
0 0.03309947255919104 0.5419125014174704 0.053478275964019495 0.42736937637270817 0.12147611565546158 0.4462432278486679 0.10109731691692947 0.5607863528934302
0 0.1675560627508601 0.5684828907592867 0.18880506976299694 0.47168635520614494 0.25753604993907686 0.4952253628724217 0.23628702426175457 0.5920218984255634
0 0.1578264242283066 0.635976862779913 0.09383753038692183 0.615995612556102 0.10816438540770738 0.5444161551339286 0.17215327924909213 0.5643974519850554
0 0.0568698941385345 0.658917268967246 0.011210519166532278 0.6450073615206026 0.01834862385321101 0.6084524785588952 0.06400799765863914 0.6223623860055386
0 0.4181487197176032 0.563458750865403 0.388823100332091 0.6806715694978276 0.33490591253344804 0.6596262373024494 0.36423153191896024 0.5424134652973406
0 0.6157710737409212 0.7585125158905892 0.5423398452432149 0.733904996657754 0.5685279589545107 0.611985570151356 0.6419591874522171 0.6365930893841911
0 0.3576132678110665 0.7421806457845922 0.4286702473958333 0.5551645906942322 0.4993185714115061 0.5970425878980854 0.4282615544963685 0.7840586429884454
0 0.59302978515625 0.037916409322740104 0.6203342636061735 0.04064477173038072 0.6157710737409212 0.1118902056339226 0.5884665952909977 0.10916184322628199
0 0.3525180455012423 0.8493482620320856 0.3805381098289373 0.7618523838867933 0.4257317499283257 0.7844319412779316 0.39771168560063075 0.8719278194232238
0 0.7320619355647936 1.0256135968236726 0.5896578820838112 0.9943085765911478 0.6011520525731078 0.9127362326322574 0.7435561060540902 0.9440412528647822
0 0.9004876093033257 0.08639541521065103 0.9766644865730122 0.09489080139113529 0.9729139042192279 0.14735894024690843 0.8967370269495413 0.1388635482380097
0 0.8580193102542049 0.054739740078826274 0.8547428236095184 0.09839356774314839 0.80690260954224 0.09279166295202385 0.8101790961869266 0.04913783528770173
0 0.7721305637184633 0.044388167087680244 0.7685089204654052 0.002168078746751941 0.8043731036171636 -0.0026315245763139017 0.8079947468702217 0.03958856394675235
0 0.8278278502484709 0.0513569632953501 0.8254696160646025 0.002755647765670322 0.8547846336248088 0.0005365192116080941 0.8571428678086773 0.04913783528770173
0 0.500981490108945 0.13815846162683823 0.44637249587872707 0.12178827552416563 0.45194409105026756 0.09279166295202385 0.5065530852804855 0.10916184322628199
0 0.47269156453077216 0.1337578804826263 0.4683228285669916 0.1787758893507687 0.4410222698060015 0.1746425876369724 0.44539100576978213 0.12962457876882996
0 0.23401145818401184 0.21757508489901642 0.2651813098779148 0.09688420656348477 0.3461076368979358 0.12949086328423415 0.31493778520403287 0.25018175327659475
0 0.267234685588685 0.0420400008980421 0.31979028544294724 0.04368110755821327 0.3188291030557148 0.0917044072045544 0.2662734845362672 0.09006330054438323
0 0.19825161341862577 0.18789115655139896 0.21026559065605888 0.14014479693244486 0.256443856615539 0.1582724015342998 0.2444298793781059 0.2060187611532539
0 0.2413717754025707 0.20792861600428525 0.22935779816513763 0.25294661321559875 0.1854521678492928 0.23466658391872375 0.1974661450867259 0.18964858670741025
0 -0.0006992208848305799 0.16040733809503915 0.0019659239217775675 0.08051402628922663 0.029313960644083287 0.08193731344410989 0.02664881481672281 0.16183062524992242
0 0.11830276349268921 0.6814015667524111 0.1039939857039612 0.796759271002435 0.05439056489810302 0.7871602920287433 0.06869934735312738 0.6718026344060352
0 0.18872871048953554 0.8158081147942131 0.1719039310373662 0.8984666886996275 0.12210572035669916 0.8826530345803094 0.1389304998088685 0.799994460674895
0 0.02961353220341767 0.783189323314553 0.13599049046134365 0.8117633816665871 0.12144904180404244 0.8962211171755634 0.015072083546116447 0.8676470588235294
0 0.5497393593511085 0.7099540832845922 0.5159498115562883 0.8072081726866883 0.4396997667598433 0.7658777666784043 0.4734892772242928 0.6686235840216769
0 0.6882552680619266 0.1128408200327361 0.6354303295823777 0.11598275507379799 0.6326801265051606 0.043844684924307084 0.6855050649847095 0.04070274696903797
0 0.6958535663943043 0.177651809680726 0.6403965381307339 0.18298013452540107 0.6361499098098241 0.11402474586247852 0.6916069380733945 0.10869642101780343
0 0.6491081774417049 0.2371300682027072 0.6441677268491972 0.15690821450206502 0.6982050064506881 0.15171637946726987 0.7031454570431958 0.23193823316791204
0 0.6507208494600535 0.32333842627960274 0.6507208494600535 0.2333024085433179 0.704237669031919 0.2333024085433179 0.704237669031919 0.32333842627960274
0 0.772424503058104 0.8176281654352082 0.8314022332521025 0.8367267139455213 0.8232852667478976 0.8758321110759645 0.764307536553899 0.8567335625656513
0 0.7733424568759557 0.8238095486774255 0.7934180583428899 0.7193288781244032 0.8604194291141055 0.739413967380276 0.8403438276471713 0.8438946379332983
0 0.8062215542574541 0.8653360225482238 0.9294965924837538 0.8995529186461516 0.914720037151185 0.982607451716482 0.7914450735856269 0.9483905556185542
0 0.9030144274417049 0.6602913759608957 0.8792566328602829 0.737445035720254 0.8407601359422783 0.7189511968672412 0.8645179305237003 0.6417975371078829
0 0.9587056664516437 0.6376804850136077 0.924680078722286 0.7566791764646199 0.889740270212156 0.7410929703912815 0.9237658579415138 0.6220942789402693
0 0.9398261300649847 0.48195993818336996 1.004264770881116 0.5037868374444948 0.9969418960244648 0.5375149860192656 0.9325032552083333 0.5156880867581407
0 0.8334643629348242 1.0146513283935734 0.7359108461152523 0.9972443256421887 0.7418085967364296 0.945678244664343 0.8393621882167431 0.9630852474157277
0 0.9615053696005351 1.0090197744580787 0.908475338063838 0.9972443256421887 0.9144230367211391 0.9554569253127387 0.9674530682578364 0.9672323741286287
0 0.35542574541284405 0.5841657552580691 0.32877376451404816 0.6749553403570235 0.28484054705418577 0.6548346744592723 0.31149250928779626 0.5640450893603179
0 0.24817094248733754 0.16054248736959273 0.15377894410299597 0.1282603917365952 0.16205186756379014 0.090521565459902 0.256443856615539 0.12280366692131398
0 0.3176059361262423 0.054594565931397415 0.3341331365276185 -0.013686874424618925 0.37767584097859325 0.002755647765670322 0.36114864057721713 0.07103708848596256
0 0.40390221831995415 0.08713585698395125 0.38213446847524846 0.172995629248681 0.3449104519065367 0.1582724015342998 0.3666782017512423 0.07241262926957004
0 0.4465524655963303 0.1295718899020901 0.3882217827193234 0.11184975643755371 0.3958549849483945 0.07265351181088557 0.4541856678254014 0.09037564527542195
0 0.4022918981149656 0.07274867233381278 0.40884498339545106 0.03182320999133851 0.44539100576978213 0.04095274515057266 0.43883792048929665 0.08187820749304693
0 0.5130427089306193 0.07510064156388763 0.5578220939052944 0.09147082766656023 0.54696373429138 0.13780966599175182 0.5021843493167049 0.12143947988907922
0 0.5633464288274083 0.23193823316791204 0.5042831747539182 0.21684837487018954 0.5116224749737194 0.17203122482124952 0.5706857663775803 0.18712109477580094
0 0.6007267476586391 0.8730490198565222 0.5852237433103975 1.0053690421481092 0.5092526683749045 0.991482494986631 0.524755672723146 0.859162472695044
0 0.15923984539253633 0.8962948815889993 0.18002896090166284 0.8357063217687644 0.21930975024488722 0.8567335625656513 0.1985206347357607 0.9173221223858862
0 0.11179750774978497 0.9029777882388751 0.09399742569762996 0.9993212927926852 0.053875149134831324 0.987756412934492 0.07167523585328268 0.8914129083806818
0 0.38710217023843657 0.9112379104695856 0.4395268151519495 0.9194229627220206 0.43228483520881117 0.9917876241405653 0.37986019029529816 0.9836025718881303
0 0.20061736967220947 0.9258720800109816 0.2653480833094419 0.9354646244151069 0.2621968400587729 0.9686397730256876 0.1974661450867259 0.9590472286215622
0 0.04915831212968272 1.0007199257543926 0.006320445326125585 0.9841144465598739 0.026843217388934682 0.9015163949102368 0.06968108477577886 0.9181217808501242
0 0.31297329310612576 0.5268244149577445 0.2794569849603402 0.6479292622588808 0.22838845909188646 0.625879437801399 0.26190476723767203 0.5047746371275783
0 0.2338638912282588 0.5971062341840145 0.20978023984016628 0.6610295329957268 0.16906945464807913 0.637100301324365 0.19315310603617164 0.5731769558853371
0 0.6124972748829319 0.33037584041073814 0.5939274685827599 0.4038251464470731 0.5056947480647935 0.3690230309098071 0.5242645543649656 0.2955737015598143
0 0.25834240461343655 0.13000759885363947 0.12210193132406345 0.12291715780772536 0.12555451466038323 0.019419000565869104 0.2617949786171636 0.02650944161178321
0 0.06521965750131403 0.12744623217717485 0.07964686589138953 0.041850140296930204 0.13980947138701738 0.057670307669410094 0.12538226299694188 0.14326640246386196
0 0.07357649030306289 0.20448989809879917 0.11398714864655007 0.21540334772936162 0.10026212453113054 0.2946906035141329 0.059851461521347 0.2837771538835705
0 0.15209816282313168 0.22764583905295072 0.23139398324015673 0.2590500588996252 0.21510808635560016 0.32320495558841433 0.13581228460376052 0.29180073574173987
0 0.9254748423165138 0.9148823947192514 0.8593272171253823 0.8965222363803476 0.870206108443234 0.8353748015541443 0.9363537336343655 0.8537349598930482
0 0.7971576655676605 0.7081389751390613 0.8195677591026376 0.6306966456682105 0.856414701595948 0.6473316399535667 0.8340046827217126 0.7247739694244175
0 0.655779935970948 0.553093312076251 0.6759665579606269 0.49005872990176186 0.7099872927417813 0.5070561583120464 0.6898007454128441 0.5700907871138512
0 0.48846099573537843 0.5180147898115212 0.5367700419294725 0.5427443793568564 0.5253732663775803 0.5774779527400449 0.47706422018348627 0.5527483631947097
0 0.28957530730361236 0.7505654028301662 0.2622688130136659 0.8055767761650114 0.23335229716169725 0.7831836347820378 0.2606587914516437 0.7281722148198768
0 0.2914328292240061 0.8278304086194137 0.27572226801414373 0.8997823250393907 0.22076598934441896 0.8810615510408709 0.23647655055428135 0.8091096346208938
0 0.25012104372730315 0.768764277284067 0.2306235590476873 0.8524124227105615 0.18435997452575498 0.8355888209332029 0.2038574592053708 0.7519406755067084
0 0.15673256970326835 0.7377948804699437 0.20838794766580657 0.7628323968081551 0.1952406390362194 0.8051495766985771 0.1435852610736812 0.7801120603603657
0 0.1397818935755925 0.8160408783541826 0.09391033394256498 0.8033084505108862 0.10062617963971712 0.7655607475589667 0.14649773927274465 0.7782931287749475
0 0.20323546056718272 0.6120565835531656 0.27901559065605885 0.6509694564970875 0.2572276264155677 0.7171659768310733 0.18144749632669152 0.6782531038871514
0 0.1151885799676271 0.757375648679216 0.15363331832652427 0.6933500495368602 0.17704966133887615 0.7152861499713522 0.13860492297997898 0.7793117024863923
0 0.6680255668243501 0.45096778723918546 0.6432694834671254 0.4409638034013321 0.6663754151137232 0.3517588942537242 0.691131498470948 0.36176287809157753
0 0.6233135631689602 0.3418864927007735 0.611512873005065 0.400844821682224 0.5846015580203555 0.39244146033768623 0.5964022481842508 0.3334831313562357
0 0.26311927352112 0.3272727226099957 0.2496636160287653 0.3776928906772226 0.20911314611405774 0.36080976913137414 0.22256880360641246 0.31038960106414726
0 0.15336201052417814 0.43559905096626717 0.16481276579224005 0.38196462889132926 0.19736064945885895 0.39280561967329547 0.1859098755256116 0.4464400417482334
0 0.12375347359100249 0.42246735341864017 0.14299436796695814 0.37060724058799654 0.1654428277905199 0.38360099122212804 0.14620193341456422 0.4354611273664295
0 0.0948539990533018 0.4202312938669786 0.12463423702694953 0.2860971659171481 0.15896865891389525 0.2979896959227583 0.12918843027284022 0.4321238238725888
0 0.34293578728258794 0.2596638608834869 0.32990827181288224 0.3084797462131159 0.30018347877245793 0.2961039007666277 0.3132109942421636 0.24728801543699866
0 0.37333334826548165 0.26340717172877676 0.3606116058629587 0.3110771674614448 0.33107032892536314 0.29877769755807154 0.3437920339975153 0.2511077251390613
0 0.3322512378750956 0.8837633242217342 0.27791107831015865 0.8701886205476509 0.2841684323932053 0.8311100807510504 0.3385085919581422 0.8446846911705023
0 0.24794938673666858 0.9990267946667303 0.2527183602709289 0.942438578769576 0.28729419766580655 0.9469845555409664 0.28252524279673163 1.0035727714381206
0 0.37829481585674696 1.0023129946225648 0.33249097351634177 0.999220484536144 0.3344420826763188 0.9541351341673033 0.380245925016724 0.9572275509990928
0 0.3057352141867355 0.9988211682044977 0.3123384714855696 0.9513964321524064 0.3385887775946101 0.9570986730985007 0.331985520295776 1.0045234091505921
0 0.31597183647505733 0.9497730555290298 0.3071842485247038 1.0024583785929144 0.28412787294533637 0.9964586553726604 0.2929154795608754 0.9437733323087758
0 0.2723179061842986 0.8320912127279889 0.33689095500047783 0.8345729049787529 0.334674165591552 0.9245623187129965 0.2701010794450019 0.9220806264622327
0 0.3766172636539564 0.7075277842848787 0.3684544927847859 0.7585062212029698 0.3363444010416667 0.7504848308286383 0.34450717191083713 0.6995063939105471
0 0.20672782874617737 0.961038961038961 0.20672782874617737 0.9992360580595875 0.1657492354740061 0.9992360580595875 0.1657492354740061 0.961038961038961
0 0.20915351891007264 0.7498642212566845 0.22465023309083523 0.7087325408679097 0.255047607421875 0.7265996619706121 0.2395508932411124 0.7677313423593869
0 0.9779184137280199 0.8867522284126719 0.9653907145928899 0.9258713339739305 0.9271117044151376 0.9067463944029316 0.939639328889526 0.8676272888416731
0 0.9583426659260321 0.9724887646820092 0.9170582622563074 0.9667592001289153 0.921630486071292 0.9153607909783231 0.9629148897410168 0.9210903555314172
0 0.9190825389430428 0.7501146099419882 0.9389602147840214 0.6756302707517666 0.974373073752867 0.6903743408762653 0.9544953979118884 0.7648586800664868
0 0.8995589789994266 0.8642691895650305 0.9067449260560015 0.8265720306233288 0.9378076022553516 0.8358098344096161 0.9306217298595183 0.8735069933513178
0 0.8963411756976299 0.8592446300253056 0.914750648055237 0.8037878725709033 0.9481901489631116 0.8211060969131971 0.9297806766055046 0.8765628543675993
0 0.9730886850152906 0.894576012223071 0.9730886850152906 0.907563025210084 0.9651376146788991 0.907563025210084 0.9651376146788991 0.894576012223071
0 0.9492951279386468 0.9206431995738636 0.9270709396502294 0.9078313187846161 0.9326381671683869 0.8927649140266902 0.9548623554568043 0.9055767948159378
0 1.0131028108275995 0.7898278407598835 0.9965655312261086 0.8931068787600267 0.9035286159690367 0.8698653999952254 0.9200658955705275 0.7665863619950821
0 0.9693639352780963 0.9177670402322861 1.0025245036553898 0.9239031949782754 0.9991125077647172 0.9526694511256207 0.9659520140481651 0.9465332963796314
0 0.999388379204893 0.970970206264324 0.999388379204893 0.9992360580595875 0.9651376146788991 0.9992360580595875 0.9651376146788991 0.970970206264324
0 0.6639460292431193 0.28618846220128674 0.6440366972477064 0.34835752482811305 0.6144047075090787 0.33355286250686356 0.6343140021741208 0.27138379988003725
0 0.6160856194452409 0.25676089083538245 0.6029969568281728 0.30580594942167205 0.5758409785932722 0.2944996180290298 0.588929678540711 0.2454545361290823
0 0.6036021941298738 0.16059278658640302 0.5974948708070528 0.22734075652633212 0.5640651877866972 0.22256873052843296 0.5701725111095184 0.15582076058850386
0 0.6517054006594036 0.29921615752124714 0.6982193413130734 0.3102824514926709 0.6907674526949541 0.3591479949135194 0.6442535120412844 0.34808170094209556
0 0.591587899584289 0.401527678720636 0.5744821530963303 0.4668821097330978 0.5410945787342316 0.4532485623866024 0.5582003252221903 0.3878941313741406
0 0.514199875764526 0.3454910639682009 0.5101621108682148 0.4211415989513703 0.4774430861166858 0.41841707164044595 0.4814808883433677 0.3427665599709344
0 0.44773456911792814 0.4184142273741883 0.5035974531727829 0.4340780679281656 0.49566919169294726 0.4781903994729994 0.43980627030772174 0.46252655891902217
0 0.4926370323251147 0.30763355368781037 0.5235709187452217 0.31536109871860674 0.5183956601204128 0.3476817318280295 0.4874617737003058 0.33995416348357527
0 0.5113048308486239 0.20707582571380825 0.49858514161649464 0.2666537850935829 0.4695014230337347 0.25696661055224645 0.4822211122658639 0.19738865117247184
0 0.31909276746464066 0.33904852113075346 0.2900804992115826 0.32644410858270867 0.29890929989129394 0.29473988858682676 0.3279215868095375 0.3073442778212137
0 0.3179117465237959 0.32911482797131636 0.3600793867665329 0.3430274631159282 0.3501859799073012 0.3898086955840575 0.3080183396645642 0.37589603712578784
0 0.21908597333715596 0.30217668899058203 0.2951569256797114 0.33045527004303143 0.26196010951237575 0.4697753812995369 0.18588915716982032 0.4414968002470875
0 0.2794747168864679 0.195748885047627 0.27260297956087537 0.2300813469475148 0.24454037727565942 0.2213184656852798 0.2514121332664373 0.18698602709904985
0 0.7883000645068807 0.533171045406799 0.6852195623088685 0.5076171781745369 0.6937871810493119 0.45369921539283325 0.7968676832473242 0.4792531292524112
0 0.7397617725057339 0.6627857042142141 0.7679194739105505 0.5230064304663626 0.7869457933151759 0.5289859174316033 0.7587880919103593 0.6687652378067704
0 0.7780628076022553 0.6932977336886459 0.7526799473193807 0.6812199067304479 0.7613031883123089 0.6529464546827254 0.7866860485951835 0.6650243282682391
0 0.8981074995221713 0.8614488897476604 0.8324190378918196 0.835288727529364 0.8571574266532874 0.7383770691337614 0.9228458882836391 0.7645372313520579
0 0.8258202975678517 0.8240662786776642 0.9299611316179281 0.8457456491119175 0.9207537449827982 0.9147482013046696 0.8166129109327217 0.893068737615785
0 0.7690659642584098 0.9368472175802139 0.7817936048595183 0.8775933180445473 0.8030710202838303 0.8847236604158709 0.7903433796827217 0.9439774666969061
0 0.7517938736381881 0.9386144860998377 0.7657133983180429 0.8914233528993984 0.7786379939554664 0.897370946780701 0.76471839461487 0.9445620799811402
0 0.6051447970422401 0.8146317076191272 0.5935240019352064 0.8726912950904794 0.564597966838685 0.8636588380025305 0.5762187619457186 0.8055992505311784
0 0.5243411936162079 0.8729029831037529 0.5367060950043004 0.8018590870296982 0.5647644602924312 0.8094778039056532 0.5523995589043387 0.8805216999797078
0 0.5707645334599579 0.7611917680779698 0.5599999850678516 0.8015278465789725 0.5348623853211009 0.7910618792971734 0.5456268963828363 0.750725754168855
0 0.5442719532444572 0.7811893844895913 0.5349094215883028 0.83966031814004 0.5187955803827409 0.8356349819757448 0.5281580747085245 0.7771640016979803
0 0.3003134257931957 0.7679169657031847 0.3426827620293387 0.7820292823272775 0.33372922191561544 0.8239668692405939 0.29135990434465786 0.8098545526165012
0 0.2926551002245795 0.808272301285571 0.33507244331756497 0.8248289150532372 0.328803852792909 0.8498840098894671 0.28638654703029437 0.8333274893764324
0 0.3070336391437309 0.7669977081741788 0.2856269113149847 0.8204736440030558 0.2592048855002867 0.8039725167410714 0.2806116133290329 0.7504965809121944
0 0.2611479499653574 0.8928201207684778 0.2480529225200688 0.9389150457768335 0.22161021567995032 0.9271953632305194 0.2347052431252389 0.8811004382221639
0 0.18837920489296636 0.920550038197097 0.18837920489296636 0.9648586707410237 0.1565749235474006 0.9648586707410237 0.1565749235474006 0.920550038197097
0 0.16120487878081996 0.9064070407992743 0.15683916657707378 0.9463954660344251 0.13309389633505353 0.9423510126706933 0.13745959920620698 0.9023626806901738
0 0.12819548907265385 0.9553571428571429 0.09500354451870699 0.9488792098870799 0.10081656453077217 0.9024106135707124 0.13400850908471904 0.908888453286144
0 0.1311126802310302 0.6821649025377197 0.12644554394829893 0.6355291939218869 0.15971771146908448 0.6303343514252292 0.16438484775181575 0.6769701066683775
0 0.11602806534606747 0.4478047766514276 0.18222701046444953 0.46847615777489976 0.16405828166810016 0.5592504491143048 0.09785932721712538 0.5385790679908327
0 1.0088846282492354 0.5766256986636984 0.9905776650898318 0.656055890484745 0.950852476347477 0.6417717988296171 0.9691595141676224 0.5623416070085705
0 0.9519266204367355 0.6323911289480281 0.9836697546349389 0.6456073151917017 0.9721101066752675 0.6889228325385552 0.9403669724770642 0.6757066462948816
0 0.999388379204893 0.3093964858670741 0.999388379204893 0.3964858670741024 0.9688073394495413 0.3964858670741024 0.9688073394495413 0.3093964858670741
0 0.9039755351681957 0.9656226126814362 0.9039755351681957 0.9992360580595875 0.8458715596330275 0.9992360580595875 0.8458715596330275 0.9656226126814362
0 0.595219958010799 0.05693130551448207 0.5910703513235857 0.09839572425649948 0.5459797803779626 0.09135570482409938 0.5501293870651759 0.04989128608208198
0 0.5124886515672783 0.03856874586881983 0.5505744397457951 0.046497222573999415 0.5467394160932721 0.07523795900862121 0.5086535905843845 0.06730947938923439
0 0.4953136572414947 0.057275001286913915 0.5136622810947057 0.06109471098897656 0.5084717916786123 0.09999380556110939 0.4901231678254014 0.09617409585904674
0 0.49033147129443805 0.10240931033723859 0.4478918419700879 0.09445796584791587 0.45314071608610473 0.05075077322077624 0.49558034541045487 0.05870211771009896
0 0.3698196271143922 -0.006934122241481376 0.4143189223169916 0.0002377055773214132 0.40798362241972475 0.06156417811709201 0.3634842898867546 0.05439235492003975
0 0.3282732762327982 0.009886526715400294 0.3125024264741017 0.10181297028310614 0.2623793482415902 0.08839739980908912 0.27815021666547207 -0.003529039023029977
0 0.02919949639463279 0.10402192770751767 0.03561791702877126 0.06794589562121013 0.07039395486907492 0.07759852515002805 0.06397553423493645 0.11367456306475004
0 0.03765231724543674 0.06921901367747028 0.04607857053797544 0.030628195603081432 0.06760762065922449 0.03796203706535881 0.05918136736668578 0.07655286096816212
0 0.5859327217125382 0.0 0.6477064220183486 0.0 0.6477064220183486 0.04660045836516425 0.5859327217125382 0.04660045836516425
0 0.581039755351682 0.0106951871657754 0.581039755351682 0.054239877769289534 0.5492354740061162 0.054239877769289534 0.5492354740061162 0.0106951871657754
0 0.5028746998638188 0.00178108659748634 0.49924958488627674 0.054606992111031205 0.4537472972811544 0.04973546924984482 0.45737241225869646 -0.0030904362637000377
0 0.41585510440558104 0.034847504314891795 0.41980712144017585 -0.004642416267016173 0.4502187559728593 0.0001057765814436584 0.4462667762686353 0.0395956979260543
0 0.23363914373088684 0.0 0.23363914373088684 0.025210084033613446 0.1584097859327217 0.025210084033613446 0.1584097859327217 0.0
0 0.037920489296636085 0.0 0.037920489296636085 0.03132161955691368 0.0030581039755351682 0.03132161955691368 0.0030581039755351682 0.0
0 0.044648318042813454 0.009167303284950344 0.044648318042813454 0.054239877769289534 0.0030581039755351682 0.054239877769289534 0.0030581039755351682 0.009167303284950344
1 0.3209132949875764 0.46903890284807104 0.34674049867402523 0.4986825918222403 0.3244253362719801 0.5290145466034425 0.29859815125071676 0.4993708110019576
1 0.35580920298165136 0.1525140096432749 0.371560342304568 0.12759381928819113 0.3907012659475344 0.14646852171266234 0.37495012662461774 0.17138871206774614
1 0.36396820348337156 0.32171679818056487 0.349795578889526 0.3450838676202015 0.33612553307769494 0.33214868089458793 0.35029815767154054 0.3087816114549513
1 0.6429565802991208 0.48923771612693373 0.6180551698083907 0.46642889222450346 0.6333910460865826 0.4403081767152884 0.6582924192469419 0.4631170472450344
1 0.6615459103832186 0.5015119839661717 0.6506452181288226 0.5371212649655033 0.6326307757549694 0.5285179190639324 0.6435314680093654 0.49290863806460083
1 0.4919152122754205 0.5109196044362347 0.47136525378679284 0.5719913165017427 0.4493547818711774 0.5604366480256876 0.46990474035980506 0.4993649359601795
1 0.35351073472142586 0.12517106396447072 0.3456987200162462 0.14747400480522466 0.3378867053110665 0.143205052573231 0.3456987200162462 0.12090211173247709
1 0.3345831914779243 0.15192478025478656 0.33139211672161695 0.1638821338860473 0.29996011249880544 0.1507955016390434 0.30315116858992736 0.13883814800778266
1 0.48923701948346715 0.8785873191606188 0.4176013071602638 0.8454478870738636 0.4409053137543005 0.7668571268173463 0.5125410260775038 0.7999966055314172
1 0.3816748942803899 0.9637421330392952 0.3214174416451644 0.9551404190937739 0.32702834569715217 0.8938186913614877 0.3872857983323777 0.9024204053070092
1 0.3280779264024274 0.902531658082267 0.3289484706493693 0.7535688081162862 0.37066247222620413 0.7539491005031274 0.36979196530963304 0.9029119504691081
1 0.4947562401447821 0.9993738884047937 0.37247295787939605 0.9274395971101509 0.4089630220279052 0.8306648831407563 0.5312463042932913 0.9025991744353992
1 0.24637613558987959 0.7204782880836994 0.26653455448442276 0.6938184675503725 0.2833543130017202 0.7136599757090336 0.263195894107177 0.7403197962423606
1 0.8911630053038991 0.19375874961579093 0.8429300010751147 0.19599004152442226 0.8417452844275611 0.15603730949943898 0.8899782886563455 0.15380602924763656
1 0.837957670345948 0.19947473396318754 0.8918108365586773 0.21530181674942706 0.8830155025563838 0.2619913332875764 0.8291623363436544 0.2461642505013369
1 0.9027247437643349 0.3361122125519242 0.8906005859375 0.3932445225959702 0.8636617211391437 0.3843258128446691 0.875785804305237 0.32719347948696526
1 0.6324485288847477 0.7386032116149016 0.6612504778287461 0.7613628436992694 0.644655858777714 0.7941254804478609 0.6158539098337156 0.7713658483634931
1 0.1187294216330992 0.038002911735983455 0.11767490398628631 0.05336956143652418 0.1064888023819763 0.052171967974867506 0.10754332002878918 0.03680531827432677
1 0.27328289626935204 0.018821132010043897 0.26625276618047594 0.0447249124758657 0.25376990082067086 0.03943960132992295 0.260800030909547 0.01353582232120476
1 0.3446470861405772 0.23872120203727798 0.3341094690725344 0.2618863052589644 0.3205636587347095 0.2522730350130109 0.3311012758027523 0.22910795510498233
1 0.11974536767428803 0.19347809980259859 0.10818456247312214 0.18090134890959225 0.11773700305810397 0.16720230184136864 0.12929780825926987 0.179779052734375
1 0.9598887405628823 0.35420020724909285 0.9565368465691896 0.3726213774305887 0.9445134060827599 0.3692082112941057 0.9478653000764526 0.35078704111260983
1 0.94245933976013 0.4218300046403505 0.9383092477780963 0.4365170495577492 0.9282764866446865 0.43209421552711996 0.9324266532874618 0.41740717060972116
1 0.7919385810875382 0.19295439344949628 0.7849395845279052 0.21043842452641567 0.7690500615204511 0.2005150360037481 0.7760490580800841 0.18303099326999975
1 0.8301605504587156 0.029078108377361953 0.806462260488341 0.02838973474466136 0.8069548720613532 0.0019289064808052127 0.8306532366924694 0.0026172813884714707
1 0.21453769695503633 0.9629999194279985 0.25189683080084097 0.9717491622003915 0.24759971315343082 1.0003752566367456 0.21024057930762616 0.9916260138643526
1 0.19236390466719228 0.9339254567238827 0.16127474256976299 0.9198048404375955 0.16679877884891056 0.9008305070963044 0.19788794094633982 0.9149511233825917