0 0.8986485352308538 0.39429297024321486 0.6655536415560542 0.3649672388665902 0.6942011845576299 0.21901347775707186 0.9272960782324293 0.24833924646406727
0 0.6242750851228276 0.29953478891915136 0.5132621141496372 0.2702049885321101 0.5285133029596782 0.23320409558964067 0.6395262739328686 0.262533895976682
0 0.35645913749910474 0.299353213995604 0.39196632799071335 0.18133623315653669 0.4822464164110246 0.19874659547018347 0.4467392492330739 0.3167635763092508
0 0.4561766645578686 0.1219474955800841 0.4367275718881303 0.2236182536553899 0.37456739176494463 0.2159964371894113 0.39401648443468296 0.1143256791141055
0 0.656281753201991 0.23226508744266056 0.44216282482453206 0.18833179532205657 0.4542710994198816 0.15050612516724007 0.6683900277973406 0.19443941728784403
0 0.4817708644182105 0.14823808115921253 0.5246691139168735 0.024068159284212538 0.621047122684301 0.04541067887519113 0.5781488731856379 0.16958052608944954
0 0.5037239371956169 0.07715366375191131 0.48547433222223546 0.14533743668769114 0.3829680720388297 0.12775147230982417 0.401217700325869 0.05956762471330275
0 0.49899303649016424 0.03981612552561162 0.4054990204533518 0.04444038787748471 0.40235069747003915 0.003639561831039755 0.4958447135068516 -0.0009847005208333333
0 0.34856641520244463 0.2927117677274465 0.2552157781614066 0.28489038309919723 0.26085481578107095 0.24175006271502295 0.35420545282210897 0.24957144734327216
0 0.3628132516323291 0.24526426916093272 0.25349450748871993 0.23642369074923547 0.2562917500984769 0.2142525115873471 0.365610494242086 0.22309308999904434
0 0.3639841334705047 0.22251461857320337 0.2531587675020292 0.21390018754778287 0.2584437172862753 0.17031914480600152 0.3692690832547508 0.17893357583142203
0 0.2024930366766735 0.27799889800745414 0.2024930366766735 0.2220054323155581 0.24230409160290536 0.2220054323155581 0.24230409160290536 0.27799889800745414
0 0.17666964024601317 0.28489038309919723 0.1112765551888369 0.2838432661983945 0.11261065594561688 0.2304382884174312 0.17800374100279318 0.23148533065749236
0 0.037868925230115126 0.22631261049789755 0.037868925230115126 0.18927080346903669 0.18204951158819352 0.18927080346903669 0.18204951158819352 0.22631261049789755
0 0.09092645375577432 0.10051030616876912 0.15484479258677902 0.10330164731460245 0.15192222740925204 0.146198872324159 0.08800388274983288 0.14340760583906728
0 0.09812350233061974 0.1470603079606269 0.1565098656872195 0.1479422753010321 0.15553573946446475 0.18927662700688072 0.09714938193627948 0.18839465966647553
0 0.1626512893198828 0.1528335991255734 0.2541091487642642 0.1631708267631881 0.24768397460191463 0.19960803110665137 0.1562261268143621 0.18927080346903669
0 0.2597854182955142 0.10608679161888379 0.36523092457863826 0.11556258362003058 0.3574333686333198 0.17118058044246942 0.25198786235019577 0.16170478844132263
0 0.22319141501593534 0.10395044915902141 0.23648691432361296 0.027073254133218653 0.2853430856540059 0.032489144328172785 0.2720475863463283 0.10936633935397554
0 0.006665662557137113 0.10140414456708716 -0.0021411336224164738 0.015912891819571867 0.04844057623715324 0.01257301820527523 0.057247374602362254 0.09806427095279052
0 0.05696510448994939 0.30779047508123086 0.0486832830721955 0.23674913692182722 0.09140747862976867 0.23355664361142967 0.09968930587593702 0.30459798177083336
0 0.14326640246386196 0.1018348623853211 0.14842716039274376 0.01919960698585627 0.2171465565540847 0.021950482009747706 0.21198579862520292 0.10458573740921254
0 0.06550802139037433 0.31808648998948774 0.004119829698042436 0.31808648998948774 0.004119829698042436 0.22961993202886086 0.06550802139037433 0.22961993202886086
0 0.6216566815824341 0.43344543643683103 0.698050875623687 0.45092030563121177 0.6807540998466148 0.499388379204893 0.6043599058053619 0.48191351001051225
0 0.5973445463945521 0.42676344938599003 0.5536907012449866 0.41256506683629585 0.5838971819196429 0.3530362283782492 0.6275510270692084 0.3672346109279434
0 0.5310080042315222 0.38186475654625385 0.5692051012521486 0.3916944031321674 0.5579777565323004 0.4196592558414564 0.519780659511674 0.4098296092555428
0 0.5311725986559397 0.3803475009556575 0.5475427964154411 0.3432133385894495 0.5784404804180194 0.3519440910502676 0.562070282658518 0.38907821608610477
0 0.44685031549906895 0.4088852255351682 0.4707311480167351 0.3528931037366208 0.5307747743983957 0.3693078650611621 0.5068939885080452 0.4252999495293387
0 0.4733984636112968 0.5245085083381116 0.5425852869556914 0.5414651946554855 0.5306941091422365 0.5725644546182148 0.46150728579784184 0.555607768300841
0 0.5363074317972928 0.5797564118644878 0.5185730586623855 0.6310888821196483 0.4515715177228562 0.6162516276041666 0.4693058908577636 0.5649191946793769
0 0.5040994735962567 0.6780131582090979 0.39477818826394195 0.6508097704032875 0.4120102453268239 0.6064220183486239 0.5213315306591386 0.6336254061544343
0 0.41005119865773015 0.6057630999737195 0.39467397621335465 0.6577437374569954 0.32481891349401976 0.6444979513092508 0.34019613593839526 0.5925173138259747
0 0.32466222239961323 0.5902043240515099 0.3383444253500406 0.5343381549240253 0.39295212269922175 0.5429105892823012 0.37926989643513653 0.598776758409786
0 0.2684654428177521 0.5858689614392202 0.2837771538835705 0.5212319843630543 0.340014312720827 0.5297710453698394 0.3247026016550086 0.5944080224460053
0 0.2796846044436951 0.5791175025683295 0.33718907040799273 0.5977818666977255 0.31788170146432154 0.6359109207759939 0.2603772355000239 0.6172465193162271
0 0.4474789915966387 0.6129751036291093 0.38915206641072625 0.6043275232344227 0.402260100595636 0.5476572579200115 0.4605870024678906 0.556304838314698
0 0.32830850180093346 0.7248679998088685 0.2974189775786025 0.776802086319763 0.2296914959609554 0.750981490108945 0.26058099686962855 0.6990473289373089
0 0.31252988810936305 0.798225612815367 0.387035232905307 0.8101555780533257 0.37533473749940316 0.8569933223432722 0.3008294160171171 0.8450633571053134
0 0.47885516511292014 0.9832241046683868 0.4183127663352273 0.9762996941896025 0.4280257490958031 0.9218654434250765 0.488568147873496 0.9287898539038608
0 0.3957385710853944 1.0060189250047782 0.28409356684790393 0.9889932894925458 0.30718616459367837 0.8919302937452217 0.41883116883116883 0.9089558545967126
0 0.14279958143591243 0.9353782910454893 0.18555603726753486 0.9471821542909021 0.17021805170932008 0.9827935361716361 0.12746159587769768 0.9709895982654817
0 0.17959375578178716 0.9532645409260321 0.2514315984739066 0.9541382955848624 0.2505729564553094 0.999388379204893 0.17873512542001885 0.9985146245460627
0 0.18893872079637963 0.935667302776185 0.19646948689809732 0.9187854638522553 0.23795052244974693 0.9306462932435016 0.23041974469120036 0.9475281321674311
0 0.2388373973079999 0.8466277982845948 0.30568231709409616 0.8597339688455657 0.2919622294496634 0.9045871559633027 0.22511730966356713 0.8914809854023318
0 0.2958213392334917 0.5169509747706422 0.231704793511865 0.5027526668816896 0.25512933111810066 0.43494977571913224 0.3192458768397274 0.44914808360808484
0 0.223474489449544 0.5646787497610857 0.23848048851998185 0.5188071901280581 0.2865055046343822 0.5288772443018922 0.2714995055639443 0.5747488039349197
0 0.1783825995996765 0.5592251185612577 0.19217768728141113 0.5113655673619075 0.23481987121908424 0.5192439554663608 0.2210247835373496 0.5671035439960818
0 0.25067956981265516 0.6409275253249236 0.1688286509561211 0.626729217435971 0.18555603726753486 0.5649191946793769 0.26740695612406895 0.5791175025683295
0 0.1118705172498687 0.6055194819739106 0.12551234094490069 0.5498183130853402 0.18692022429976962 0.5594582840572438 0.17327840060473762 0.6151594529458142
0 0.4390071813526547 0.7056406190271407 0.3752093799611464 0.6889849274894878 0.38881917069029315 0.6555701392870795 0.4526169953954593 0.6722257561639908
0 0.4081999543425325 0.722720383577026 0.4279570670597785 0.6831759484900611 0.4891100505365498 0.7027598343128822 0.4693529378193039 0.7423042693998471
0 0.40230407015434017 0.7765024727637615 0.42838044308632545 0.7254696160646025 0.4626419148980615 0.7366910508648701 0.4365655419660762 0.7877239075640291
0 0.44884218779841484 0.8628344054615825 0.47177984297412145 0.8133924945049694 0.5536063058035714 0.8377252514573776 0.5306686506278648 0.8871671624139909
0 0.6105078106349073 0.8727872049407492 0.684846672600148 0.881651376146789 0.674751858751313 0.9359164456708715 0.6004129967860724 0.9270522744648318
0 0.7490134592544404 1.0114696071053135 0.6384644766997708 0.9963302752293578 0.646599311333198 0.9582551635368883 0.7571482938878676 0.9733944954128441
0 0.48158356249104756 0.991961576595948 0.48754728942358194 0.9601307906871177 0.5523876076531465 0.9679176073920107 0.5464238340932964 0.999748393300841
0 0.5419125014174704 0.9662888833142201 0.42736937637270817 0.945910084575688 0.4462432278486679 0.8779122915472095 0.5607863528934302 0.8982910902857416
0 0.5684828907592867 0.8318323537844037 0.47168635520614494 0.810583309441896 0.4952253628724217 0.7418523479310015 0.5920218984255634 0.7631013176127676
0 0.635976862779913 0.8415619923069572 0.615995612556102 0.9055508768157492 0.5444161551339286 0.8912240031297783 0.5643974519850554 0.8272351186209862
0 0.658917268967246 0.9425184710674694 0.6450073615206026 0.9881778448728975 0.6084524785588952 0.981039755351682 0.6223623860055386 0.9353803815462538
0 0.563458750865403 0.5812396594872897 0.6806715694978276 0.610565278872802 0.6596262373024494 0.664482466671445 0.5424134652973406 0.6351568472859327
0 0.7585125158905892 0.3836173054639717 0.733904996657754 0.45704853396167816 0.611985570151356 0.43086042025038224 0.6365930893841911 0.35742919175267585
0 0.7421806457845922 0.6417750740634557 0.5551645906942322 0.5707181318090596 0.5970425878980854 0.5000698077933868 0.7840586429884454 0.5711268247085245
0 0.037916409322740104 0.40635859404864294 0.04064477173038072 0.37905411559871943 0.1118902056339226 0.3836173054639717 0.10916184322628199 0.4109217839138953
0 0.8493482620320856 0.6468703710340215 0.7618523838867933 0.6188502693759557 0.7844319412779316 0.5736566292765672 0.8719278194232238 0.6016766936042622
0 1.0256135968236726 0.2673264436400994 0.9943085765911478 0.4097304971210818 0.9127362326322574 0.39823632663178515 0.9440412528647822 0.25583227315080276
0 0.08639541521065103 0.09890076990156728 0.09489080139113529 0.022723892631880734 0.14735894024690843 0.026474474985665138 0.1388635482380097 0.10265135225535169
0 0.054739740078826274 0.14136906895068807 0.09839356774314839 0.14464555559537462 0.09279166295202385 0.1924857696626529 0.04913783528770173 0.18920928301796636
0 0.044388167087680244 0.22725781548642968 0.002168078746751941 0.23087945873948776 -0.0026315245763139017 0.19501527558772935 0.03958856394675235 0.19139363233467124
0 0.0513569632953501 0.17156052895642201 0.002755647765670322 0.17391876314029053 0.0005365192116080941 0.1446037455800841 0.04913783528770173 0.1422455113962156
0 0.13815846162683823 0.498406889095948 0.12178827552416563 0.5530158833261659 0.09279166295202385 0.5474442881546254 0.10916184322628199 0.4928352939244075
0 0.1337578804826263 0.5266968146741208 0.1787758893507687 0.5310655506379014 0.1746425876369724 0.5583661093988914 0.12962457876882996 0.5539973734351109
0 0.21757508489901642 0.7653769023556957 0.09688420656348477 0.7342070879921636 0.12949086328423415 0.6532807423069572 0.25018175327659475 0.6844505566704893
0 0.0420400008980421 0.732153693616208 0.04368110755821327 0.6795980564315749 0.0917044072045544 0.6805592388188073 0.09006330054438323 0.7331148760034404
0 0.18789115655139896 0.8011367844514526 0.14014479693244486 0.7891228258792049 0.1582724015342998 0.7429445599197247 0.2060187611532539 0.7549585184919725
0 0.20792861600428525 0.7580166224675077 0.25294661321559875 0.7700305810397553 0.23466658391872375 0.8139361740252293 0.18964858670741025 0.8019222154529817
0 0.16040733809503915 1.0000875770498854 0.08051402628922663 0.997422487218081 0.08193731344410989 0.9700744068950689 0.16183062524992242 0.9727395713876147
0 0.6814015667524111 0.8810855970470184 0.796759271002435 0.8953944028335244 0.7871602920287433 0.9449978049741973 0.6718026344060352 0.9306889991876911
0 0.8158081147942131 0.8106596873805428 0.8984666886996275 0.827484410837156 0.8826530345803094 0.8772826775133792 0.799994460674895 0.8604578793960245
0 0.783189323314553 0.9697748679998088 0.8117633816665871 0.8633978700783639 0.8962211171755634 0.8779393187356651 0.8676470588235294 0.9843163166571101
0 0.7099540832845922 0.4496490198537844 0.8072081726866883 0.48343856764860477 0.7658777666784043 0.5596886124450497 0.6686235840216769 0.5258991019806002
0 0.1128408200327361 0.3111331111429664 0.11598275507379799 0.36395804962251527 0.043844684924307084 0.3667082526997324 0.04070274696903797 0.3138833142201835
0 0.177651809680726 0.3035348128105887 0.18298013452540107 0.35899184107415905 0.11402474586247852 0.3632384693950688 0.10869642101780343 0.30778144113149847
0 0.2371300682027072 0.3502802017631881 0.15690821450206502 0.3552206523556957 0.15171637946726987 0.30118337275420487 0.23193823316791204 0.29624292216169723
0 0.32333842627960274 0.34866752974483944 0.2333024085433179 0.34866752974483944 0.2333024085433179 0.295150710172974 0.32333842627960274 0.295150710172974
0 0.8176281654352082 0.22696387614678898 0.8367267139455213 0.16798614595279052 0.8758321110759645 0.17610311245699542 0.8567335625656513 0.23508084265099388
0 0.8238095486774255 0.2260459223289373 0.7193288781244032 0.20597032086200306 0.739413967380276 0.13896895009078747 0.8438946379332983 0.1590445515577217
0 0.8653360225482238 0.19316682494743884 0.8995529186461516 0.06989178672113915 0.982607451716482 0.08466834205370795 0.9483905556185542 0.20794330561926605
0 0.6602913759608957 0.09637395176318807 0.737445035720254 0.12013174634461009 0.7189511968672412 0.15862824326261468 0.6417975371078829 0.13487044868119266
0 0.6376804850136077 0.04068271275324924 0.7566791764646199 0.07470830048260703 0.7410929703912815 0.109648108992737 0.6220942789402693 0.0756225212633792
0 0.48195993818336996 0.059562249139908256 0.5037868374444948 -0.004876391676223241 0.5375149860192656 0.0024464831804281344 0.5156880867581407 0.06688512399655963
0 1.0146513283935734 0.1659240162700688 0.9972443256421887 0.26347753308964067 0.945678244664343 0.2575797824684633 0.9630852474157277 0.16002619098814985
0 1.0090197744580787 0.037883009604357795 0.9972443256421887 0.09091304114105504 0.9554569253127387 0.08496534248375383 0.9672323741286287 0.031935310947056574
0 0.5841657552580691 0.6439626337920489 0.6749553403570235 0.670614577360474 0.6548346744592723 0.7145477948203364 0.5640450893603179 0.6878958512519113
0 0.16054248736959273 0.7512174180523701 0.1282603917365952 0.8456094257693043 0.090521565459902 0.8373364929759174 0.12280366692131398 0.7429445599197247
0 0.054594565931397415 0.6817824804090215 -0.013686874424618925 0.6652552800076452 0.002755647765670322 0.6217125382262997 0.07103708848596256 0.6382397386276758
0 0.08713585698395125 0.5954861608849389 0.172995629248681 0.6172539107296445 0.1582724015342998 0.6544779272983563 0.07241262926957004 0.6327102147840215
0 0.1295718899020901 0.5528359136085627 0.11184975643755371 0.6111665964855696 0.07265351181088557 0.6035333942564984 0.09037564527542195 0.5452027113794916
0 0.07274867233381278 0.5970964810899274 0.03182320999133851 0.5905433958094419 0.04095274515057266 0.5539973734351109 0.08187820749304693 0.5605504587155963
0 0.07510064156388763 0.4863456702742737 0.09147082766656023 0.4415662852995986 0.13780966599175182 0.452424644913513 0.12143947988907922 0.49720402988818807
0 0.23193823316791204 0.4360419503774847 0.21684837487018954 0.4951052044509748 0.17203122482124952 0.48776590423117355 0.18712109477580094 0.4287026128273127
0 0.8730490198565222 0.39866163154625384 1.0053690421481092 0.4141646358944954 0.991482494986631 0.4901357108299885 0.859162472695044 0.47463270648174694
0 0.8962948815889993 0.8401485151471713 0.8357063217687644 0.8193593809728593 0.8567335625656513 0.7800786476251911 0.9173221223858862 0.8008677071387614
0 0.9029777882388751 0.8875908621225153 0.9993212927926852 0.905390953507263 0.987756412934492 0.945513262734136 0.8914129083806818 0.9277131713493884
0 0.9112379104695856 0.6122862089664565 0.9194229627220206 0.5598615640529434 0.9917876241405653 0.5671035439960818 0.9836025718881303 0.6195281889095948
0 0.9258720800109816 0.7987710095326835 0.9354646244151069 0.7340402958954511 0.9686397730256876 0.7371915018157492 0.9590472286215622 0.8019222154529817
0 1.0007199257543926 0.9502301044055811 0.9841144465598739 0.9930678994648318 0.9015163949102368 0.9725451548165137 0.9181217808501242 0.9297072850965215
0 0.5268244149577445 0.6864151047639526 0.6479292622588808 0.7199314315749236 0.625879437801399 0.770999901447821 0.5047746371275783 0.7374835746368501
0 0.5971062341840145 0.7655245066418196 0.6610295329957268 0.7896081206995413 0.637100301324365 0.8303189058916285 0.5731769558853371 0.8062352918339067
0 0.33037584041073814 0.386891104321961 0.4038251464470731 0.405460910622133 0.3690230309098071 0.4936936311400994 0.2955737015598143 0.4751238248399274
0 0.13000759885363947 0.7410459372610856 0.12291715780772536 0.8772864105504588 0.019419000565869104 0.8738338738771024 0.02650944161178321 0.7375934005877294
0 0.12744623217717485 0.9341687123709862 0.041850140296930204 0.919741494648318 0.057670307669410094 0.8595788984852829 0.14326640246386196 0.8740061162079511
0 0.20448989809879917 0.925811860904052 0.21540334772936162 0.8854012118931575 0.2946906035141329 0.8991262453411697 0.2837771538835705 0.9395368943520642
0 0.22764583905295072 0.8472901883839832 0.2590500588996252 0.7679944332951071 0.32320495558841433 0.7842803301796636 0.29180073574173987 0.8635760852685398
0 0.9148823947192514 0.0739135368883792 0.8965222363803476 0.1400611620795107 0.8353748015541443 0.12918227076165903 0.8537349598930482 0.06303464557052753
0 0.7081389751390613 0.2022307136372324 0.6306966456682105 0.17982062010225536 0.6473316399535667 0.14297367760894494 0.7247739694244175 0.16538369648318044
0 0.553093312076251 0.34360844323394496 0.49005872990176186 0.32342182124426605 0.5070561583120464 0.28940108646311163 0.5700907871138512 0.30958763379204896
0 0.5180147898115212 0.5109273834695145 0.5427443793568564 0.4626183372754205 0.5774779527400449 0.4740151128273127 0.5527483631947097 0.5223241590214067
0 0.7505654028301662 0.7098131092316514 0.8055767761650114 0.7371195288608563 0.7831836347820378 0.7660360820431957 0.7281722148198768 0.7387295877532493
0 0.8278304086194137 0.7079555499808868 0.8997823250393907 0.7236661111907492 0.8810615510408709 0.778622389860474 0.8091096346208938 0.7629118286506116
0 0.768764277284067 0.7492673541427752 0.8524124227105615 0.7687647828268349 0.8355888209332029 0.8150283860139526 0.7519406755067084 0.795530957329893
0 0.7377948804699437 0.8426557721712539 0.7628323968081551 0.7910003942087156 0.8051495766985771 0.8041477028383027 0.7801120603603657 0.855803080800841
0 0.8160408783541826 0.8596064482989296 0.8033084505108862 0.9054780079319572 0.7655607475589667 0.8987621995651759 0.7782931287749475 0.8528906399321483
0 0.6120565835531656 0.7961528813073394 0.6509694564970875 0.7203728258792049 0.7171659768310733 0.7421607714545106 0.6782531038871514 0.8179409015433868
0 0.757375648679216 0.8841997712394878 0.6933500495368602 0.8457550888761468 0.7152861499713522 0.8223387178660169 0.7793117024863923 0.8607834748900994
0 0.45096778723918546 0.3313628123805428 0.4409638034013321 0.35611889573776756 0.3517588942537242 0.3330129640911697 0.36176287809157753 0.30825688073394497
0 0.3418864927007735 0.37607481603593274 0.400844821682224 0.38787550619982797 0.39244146033768623 0.41478682118453747 0.3334831313562357 0.4029861310206422
0 0.3272727226099957 0.7362691430141437 0.3776928906772226 0.7497248005064985 0.36080976913137414 0.7902752144256499 0.31038960106414726 0.7768195569332951
0 0.43559905096626717 0.8460264060110856 0.38196462889132926 0.8345756134126529 0.39280561967329547 0.8020277110808486 0.4464400417482334 0.8134785036792813
0 0.42246735341864017 0.8756349149464832 0.37060724058799654 0.8563940205705275 0.38360099122212804 0.8339455514143731 0.4354611273664295 0.8531864457903288
0 0.4202312938669786 0.9045343708189985 0.2860971659171481 0.8747541421779435 0.2979896959227583 0.8404196829606269 0.4321238238725888 0.870199911601682
0 0.2596638608834869 0.6564526292526759 0.3084797462131159 0.6694801073920107 0.2961039007666277 0.6992048631020642 0.24728801543699866 0.6861773849627294
0 0.26340717172877676 0.6260550309394113 0.3110771674614448 0.6387767733419343 0.29877769755807154 0.668318012949159 0.2511077251390613 0.6555963452073776
0 0.8837633242217342 0.6671371786601682 0.8701886205476509 0.7214772822295489 0.8311100807510504 0.715219965476873 0.8446846911705023 0.6608797872467508
0 0.9990267946667303 0.7514390111334098 0.942438578769576 0.7466699816035933 0.9469845555409664 0.7120941442087156 1.0035727714381206 0.7168631737385321
0 1.0023129946225648 0.621093563348146 0.999220484536144 0.6668973683581805 0.9541351341673033 0.664946333858945 0.9572275509990928 0.6191424541881689
0 0.9988211682044977 0.6936531650181575 0.9513964321524064 0.6870499450496942 0.9570986730985007 0.6607996016102828 1.0045234091505921 0.6674028215787462
0 0.9497730555290298 0.6834165053994649 1.0024583785929144 0.6922041493453747 0.9964586553726604 0.7152605062595566 0.9437733323087758 0.7064729369743884
0 0.8320912127279889 0.7270704916857799 0.8345729049787529 0.662497461534786 0.9245623187129965 0.6647142136133409 0.9220806264622327 0.7292873184250764
0 0.7075277842848787 0.6227711155509366 0.7585062212029698 0.6309338864201071 0.7504848308286383 0.6630439781632264 0.6995063939105471 0.6548811699636851
0 0.961038961038961 0.7926605504587156 0.9992360580595875 0.7926605504587156 0.9992360580595875 0.8336391437308869 0.961038961038961 0.8336391437308869
0 0.7498642212566845 0.7902348229644496 0.7087325408679097 0.7747381647792431 0.7265996619706121 0.7443407904482033 0.7677313423593869 0.7598374486334097
0 0.8867522284126719 0.02146996547687309 0.9258713339739305 0.033997664612003056 0.9067463944029316 0.07227667478975536 0.8676272888416731 0.059749050315366974
0 0.9724887646820092 0.041045713278860856 0.9667592001289153 0.08233011694858562 0.9153607909783231 0.07775789313360092 0.9210903555314172 0.036473489463876144
0 0.7501146099419882 0.08030584026185016 0.6756302707517666 0.06042816442087156 0.6903743408762653 0.025015305452025995 0.7648586800664868 0.044892981293004584
0 0.8642691895650305 0.09982940020546636 0.8265720306233288 0.09264345314889144 0.8358098344096161 0.06158077694954128 0.8735069933513178 0.06876664934537462
0 0.8592446300253056 0.103047203507263 0.8037878725709033 0.08463773114965596 0.8211060969131971 0.05119823024178134 0.8765628543675993 0.06960770259938838
0 0.894576012223071 0.026299694189602447 0.907563025210084 0.026299694189602447 0.907563025210084 0.03425076452599388 0.894576012223071 0.03425076452599388
0 0.9206431995738636 0.050093251266246176 0.9078313187846161 0.0723174395546636 0.8927649140266902 0.06675021203650612 0.9055767948159378 0.044526023748088686
0 0.7898278407598835 -0.013714431622706422 0.8931068787600267 0.0028228479787844036 0.8698653999952254 0.09585976323585627 0.7665863619950821 0.07932248363436545
0 0.9177670402322861 0.030024443926796637 0.9239031949782754 -0.003136124450496942 0.9526694511256207 0.000275871440175841 0.9465332963796314 0.03343636515672783
0 0.970970206264324 0.0 0.9992360580595875 0.0 0.9992360580595875 0.03425076452599388 0.970970206264324 0.03425076452599388
0 0.28618846220128674 0.3354423499617737 0.34835752482811305 0.3553516819571865 0.33355286250686356 0.3849836716958142 0.27138379988003725 0.36507437703077217
0 0.25676089083538245 0.38330275975965217 0.30580594942167205 0.3963914223767202 0.2944996180290298 0.4235474006116208 0.2454545361290823 0.41045870066418194
0 0.16059278658640302 0.3957861850750191 0.22734075652633212 0.4018935083978402 0.22256873052843296 0.4353231914181957 0.15582076058850386 0.4292158680953746
0 0.29921615752124714 0.3476829785454893 0.3102824514926709 0.3011690378918196 0.3591479949135194 0.30862092650993883 0.34808170094209556 0.35513486716360854
0 0.401527678720636 0.40780047962060395 0.4668821097330978 0.4249062261085627 0.4532485623866024 0.4582938004706613 0.3878941313741406 0.4411880539827026
0 0.3454910639682009 0.48518850344036696 0.4211415989513703 0.48922626833667815 0.41841707164044595 0.5219452930882071 0.3427665599709344 0.5179074908615252
0 0.4184142273741883 0.5516538100869648 0.4340780679281656 0.4957909260321101 0.4781903994729994 0.5037191875119457 0.46252655891902217 0.5595821088971713
0 0.30763355368781037 0.5067513468797783 0.31536109871860674 0.47581746045967127 0.3476817318280295 0.4809927190844801 0.33995416348357527 0.5119266055045871
0 0.20707582571380825 0.4880835483562691 0.2666537850935829 0.5008032375883983 0.25696661055224645 0.5298869561711582 0.19738865117247184 0.517167266939029
0 0.33904852113075346 0.6802956117402523 0.32644410858270867 0.7093078799933104 0.29473988858682676 0.7004790979787844 0.3073442778212137 0.6714667550649847
0 0.32911482797131636 0.6814766700114679 0.3430274631159282 0.6393090297687309 0.3898086955840575 0.6492023992975917 0.37589603712578784 0.6913700395403287
0 0.30217668899058203 0.780302405867737 0.33045527004303143 0.704231472190367 0.4697753812995369 0.7374282510273318 0.4414968002470875 0.8134992593654434
0 0.195748885047627 0.7199136623184251 0.2300813469475148 0.7267854369743884 0.2213184656852798 0.7548480205944189 0.18698602709904985 0.7479762459384557
0 0.533171045406799 0.21108831469801223 0.5076171781745369 0.31416881689602444 0.45369921539283325 0.30560119815558107 0.4792531292524112 0.2025206959575688
0 0.6627857042142141 0.25962660669915905 0.5230064304663626 0.2314689052943425 0.5289859174316033 0.21244258588971712 0.6687652378067704 0.24060028729453364
0 0.6932977336886459 0.2213255716026376 0.6812199067304479 0.24670843188551222 0.6529464546827254 0.2380851908925841 0.6650243282682391 0.21270233060970947
0 0.8614488897476604 0.10128087968272172 0.835288727529364 0.1669693413130734 0.7383770691337614 0.1422309525516055 0.7645372313520579 0.07654249092125383
0 0.8240662786776642 0.1735680816370413 0.8457456491119175 0.06942724758696484 0.9147482013046696 0.0786346342220948 0.893068737615785 0.18277546827217125
0 0.9368472175802139 0.23032241494648317 0.8775933180445473 0.2175947743453746 0.8847236604158709 0.1963173589210627 0.9439774666969061 0.20904499952217126
0 0.9386144860998377 0.2475945055667049 0.8914233528993984 0.23367498088685015 0.897370946780701 0.2207503852494266 0.9445620799811402 0.23466998459002295
0 0.8146317076191272 0.39424358216265293 0.8726912950904794 0.40586437726968655 0.8636588380025305 0.43479041236620797 0.8055992505311784 0.4231696172591743
0 0.8729029831037529 0.47504718558868503 0.8018590870296982 0.4626822842005925 0.8094778039056532 0.43462391891246177 0.8805216999797078 0.44698882030055426
0 0.7611917680779698 0.428623845744935 0.8015278465789725 0.4393883941370413 0.7910618792971734 0.46452599388379207 0.750725754168855 0.4537614828220566
0 0.7811893844895913 0.4551164259604358 0.83966031814004 0.4644789576165902 0.8356349819757448 0.48059279882215217 0.7771640016979803 0.4712303044963685
0 0.7679169657031847 0.6990749534116972 0.7820292823272775 0.6567055798451835 0.8239668692405939 0.6656591946196483 0.8098545526165012 0.7080284935254205
0 0.808272301285571 0.7067332789803135 0.8248289150532372 0.6643158985569572 0.8498840098894671 0.6705845637423548 0.8333274893764324 0.7130018695049695
0 0.7669977081741788 0.692354740061162 0.8204736440030558 0.7137614678899082 0.8039725167410714 0.7401834563742354 0.7504965809121944 0.7187767285454894
0 0.8928201207684778 0.7382404105743502 0.9389150457768335 0.7513354566848242 0.9271953632305194 0.7777781261945719 0.8811004382221639 0.7646831547448395
0 0.920550038197097 0.8110091743119267 0.9648586707410237 0.8110091743119267 0.9648586707410237 0.8428134556574923 0.920550038197097 0.8428134556574923
0 0.9064070407992743 0.8381835190892584 0.9463954660344251 0.8425492312930046 0.9423510126706933 0.8662944828698395 0.9023626806901738 0.8619287706660933
0 0.9553571428571429 0.8711928994648318 0.9488792098870799 0.9043848253535933 0.9024106135707124 0.8985718146741208 0.908888453286144 0.8653798887853593
0 0.6821649025377197 0.8682756803086774 0.6355291939218869 0.8729427979262232 0.6303343514252292 0.8396706864009938 0.6769701066683775 0.8350034941227065
0 0.4478047766514276 0.8833602858610474 0.46847615777489976 0.8171613687404434 0.5592504491143048 0.835330060206422 0.5385790679908327 0.9015290519877676
0 0.5766256986636984 -0.009496249044342507 0.656055890484745 0.008810714115061163 0.6417717988296171 0.0485359028574159 0.5623416070085705 0.030228865037270642
0 0.6323911289480281 0.047461758768157496 0.6456073151917017 0.01571862456995413 0.6889228325385552 0.02727827252962538 0.6757066462948816 0.05902140672782875
0 0.3093964858670741 0.0 0.3964858670741024 0.0 0.3964858670741024 0.03058103975535168 0.3093964858670741 0.03058103975535168
0 0.9656226126814362 0.09541284403669725 0.9992360580595875 0.09541284403669725 0.9992360580595875 0.15351681957186544 0.9656226126814362 0.15351681957186544
0 0.05693130551448207 0.404168421194094 0.09839572425649948 0.40831802788130733 0.09135570482409938 0.4534085988269304 0.04989128608208198 0.44925899213971715
0 0.03856874586881983 0.4868997276376147 0.046497222573999415 0.44881393945909787 0.07523795900862121 0.4526489631116208 0.06730947938923439 0.4907347886205084
0 0.057275001286913915 0.5040747219633983 0.06109471098897656 0.4857260981101873 0.09999380556110939 0.4909165875262806 0.09617409585904674 0.5092652113794915
0 0.10240931033723859 0.5090569079104549 0.09445796584791587 0.5514965372348051 0.05075077322077624 0.5462476631187883 0.05870211771009896 0.5038080337944381
0 -0.006934122241481376 0.6295687894208716 0.0002377055773214132 0.5850694568879014 0.06156417811709201 0.5914047567851682 0.05439235492003975 0.6359040519877676
0 0.009886526715400294 0.6711151029720948 0.10181297028310614 0.6868859900611621 0.08839739980908912 0.7370090309633027 -0.003529039023029977 0.7212381438742355
0 0.10402192770751767 0.9701888618119267 0.06794589562121013 0.963770427178899 0.07759852515002805 0.928994424335818 0.11367456306475004 0.9354128589688455
0 0.06921901367747028 0.961736071292049 0.030628195603081432 0.9533097853354358 0.03796203706535881 0.9317807632119648 0.07655286096816212 0.940207049168578
0 0.0 0.41345565749235474 0.0 0.3516819571865443 0.04660045836516425 0.3516819571865443 0.04660045836516425 0.41345565749235474
0 0.0106951871657754 0.41834862385321103 0.054239877769289534 0.41834862385321103 0.054239877769289534 0.45015290519877676 0.0106951871657754 0.45015290519877676
0 0.00178108659748634 0.49651367934107415 0.054606992111031205 0.5001387943186162 0.04973546924984482 0.5456410819237385 -0.0030904362637000377 0.5420159669461965
0 0.034847504314891795 0.5835332747993119 -0.004642416267016173 0.5795812577647171 0.0001057765814436584 0.5491696232320337 0.0395956979260543 0.5531216029362577
0 0.0 0.7657492354740061 0.025210084033613446 0.7657492354740061 0.025210084033613446 0.8409785932721713 0.0 0.8409785932721713
0 0.0 0.9614678899082569 0.03132161955691368 0.9614678899082569 0.03132161955691368 0.9963302752293578 0.0 0.9963302752293578
0 0.009167303284950344 0.9547400611620795 0.054239877769289534 0.9547400611620795 0.054239877769289534 0.9963302752293578 0.009167303284950344 0.9963302752293578
1 0.46903890284807104 0.6784750842173165 0.4986825918222403 0.6526479178612385 0.5290145466034425 0.6749630429329129 0.4993708110019576 0.7007902092889908
1 0.1525140096432749 0.6435791762232416 0.12759381928819113 0.6278279995699542 0.14646852171266234 0.6086871132573586 0.17138871206774614 0.6244382525802752
1 0.32171679818056487 0.6354201757215214 0.3450838676202015 0.6495928003153669 0.33214868089458793 0.6632628834575688 0.3087816114549513 0.6490901842029817
1 0.48923771612693373 0.35643179890577215 0.46642889222450346 0.3813332093965023 0.4403081767152884 0.3659973331183104 0.4631170472450344 0.34109595995795106
1 0.5015119839661717 0.3378424688216743 0.5371212649655033 0.34874316107607034 0.5285179190639324 0.36675760344992353 0.49290863806460083 0.35585691119552754
1 0.5109196044362347 0.5074731669294725 0.5719913165017427 0.5280231254181001 0.5604366480256876 0.5500335973337156 0.4993649359601795 0.5294836388450879
1 0.12517106396447072 0.6458776818138379 0.14747400480522466 0.6536896591886467 0.143205052573231 0.6615016365634556 0.12090211173247709 0.6536896591886467
1 0.15192478025478656 0.6648052250573394 0.1638821338860473 0.6679962251529052 0.1507955016390434 0.6994282480409021 0.13883814800778266 0.6962372479453364
1 0.8785873191606188 0.5101513597214259 0.8454478870738636 0.5817870720446292 0.7668571268173463 0.5584830654505925 0.7999966055314172 0.48684735312738914
1 0.9637421330392952 0.6177134849245031 0.9551404190937739 0.6779709002293578 0.8938186913614877 0.6723599961773701 0.9024204053070092 0.6121025808725153
1 0.902531658082267 0.6713104154720948 0.7535688081162862 0.6704398712251529 0.7539491005031274 0.628725869648318 0.9029119504691081 0.6295964138952599
1 0.9993738884047937 0.5046321390601108 0.9274395971101509 0.6269154213254969 0.8306648831407563 0.5904253571769877 0.9025991744353992 0.4681420749116017
1 0.7204782880836994 0.7530122622801988 0.6938184675503725 0.732853862050841 0.7136599757090336 0.7160340662031728 0.7403197962423606 0.7361924664325306
1 0.19375874961579093 0.10822537390099389 0.19599004152442226 0.15645837812977828 0.15603730949943898 0.1576430947773318 0.15380602924763656 0.1094100905485474
1 0.19947473396318754 0.16143070885894495 0.21530181674942706 0.1075775426462156 0.2619913332875764 0.11637287664850918 0.2461642505013369 0.17022604286123852
1 0.3361122125519242 0.0966636354405581 0.3932445225959702 0.10878779326739296 0.3843258128446691 0.13572665806574924 0.32719347948696526 0.12360257489965597
1 0.7386032116149016 0.36693985032014526 0.7613628436992694 0.3381379013761468 0.7941254804478609 0.3547325204271789 0.7713658483634931 0.38353446937117736
1 0.038002911735983455 0.8806589855695719 0.05336956143652418 0.881713493883792 0.052171967974867506 0.8928996141532874 0.03680531827432677 0.8918450311783257
1 0.018821132010043897 0.7261055016007263 0.0447249124758657 0.7331356316896025 0.03943960132992295 0.7456184597190367 0.01353582232120476 0.7385883296301605
1 0.23872120203727798 0.6547412557339449 0.2618863052589644 0.6652788728019877 0.2522730350130109 0.6788247204701835 0.22910795510498233 0.6682871034021407
1 0.19347809980259859 0.8796430021980123 0.18090134890959225 0.8912038447295489 0.16720230184136864 0.881651376146789 0.179779052734375 0.8700906082759939
1 0.35420020724909285 0.039499638642010705 0.3726213774305887 0.04285153263570336 0.3692082112941057 0.054874973122133026 0.35078704111260983 0.05152307912844037
1 0.4218300046403505 0.056929039444763 0.4365170495577492 0.061079131426796635 0.43209421552711996 0.07111189256020642 0.41740717060972116 0.06696172591743119
1 0.19295439344949628 0.20744979811735473 0.21043842452641567 0.21444879467698777 0.2005150360037481 0.2303383176844419 0.18303099326999975 0.22333932112480887
1 0.029078108377361953 0.16922782874617737 0.02838973474466136 0.192926118716552 0.0019289064808052127 0.19243350714353977 0.0026172813884714707 0.16873514251242355
1 0.9629999194279985 0.7848506635846713 0.9717491622003915 0.747491548404052 1.0003752566367456 0.7517886473862767 0.9916260138643526 0.789147762566896
1 0.9339254567238827 0.8070244558725153 0.9198048404375955 0.8381136366351299 0.9008305070963044 0.8325895630256116 0.9149511233825917 0.8015004569237385