0 0.8993149355233434 0.3943472815663159 0.6660471965988956 0.3650174962217826 0.6947159732680723 0.21904364343167576 0.9279837121925201 0.24837344838904843
0 0.624738014558233 0.29957604101813545 0.5136427546121988 0.2702422154286833 0.5289052204913404 0.23323621970522374 0.6400005294615964 0.2625700649075153
0 0.35672347593499 0.29939444573802015 0.3922569918345256 0.1813612008768979 0.48260404900853415 0.19877397002781572 0.4470705576211094 0.316807214888938
0 0.45651497591930223 0.12196429529655868 0.43705142836972893 0.2236490519310331 0.3748451569951682 0.21602618847530727 0.39430868003263053 0.11434142203441316
0 0.6567684311464609 0.23229707850282175 0.4424907148123745 0.18835772830600298 0.4546079827120984 0.15052685578255542 0.6688856990461848 0.1944662059793742
0 0.4821281218624498 0.1482585034211068 0.5250581917513806 0.0240714752275717 0.6215076615053966 0.04541693248601683 0.5785776406406877 0.16960389203461398
0 0.5040974934895833 0.0771642895774547 0.4858343530371486 0.14535745066664826 0.3832520756855547 0.1277690681516358 0.4015152406501004 0.05957582861108461
0 0.49936307730923696 0.03982161004622982 0.4057997370340738 0.044446508804752774 0.40264907285391566 0.003640063011247885 0.4962124376411898 -0.0009848361303383404
0 0.3488249139134664 0.29275208696301613 0.25540504302365713 0.2849296236405949 0.2610482702293549 0.2417833578310773 0.3544681166070532 0.24960582115349855
0 0.3630823097075803 0.24529805710505703 0.2536825034513052 0.2364562556798783 0.2564818110331953 0.21428201866640223 0.3658816172894704 0.22312382009158097
0 0.3642540621470256 0.22254526094176774 0.2533465159465989 0.21392965439352707 0.25863537156438254 0.17034260963106523 0.36954291776480924 0.1789582161793059
0 0.20264320220334464 0.27803718155024904 0.20264320220334464 0.22203601356643637 0.2424837778849774 0.22203601356643637 0.2424837778849774 0.27803718155024904
0 0.17680065966992972 0.2849296236405949 0.11135907154006651 0.2838823568545148 0.11269416043078564 0.23047002483456178 0.17813574856064884 0.23151721316928423
0 0.03789700734088699 0.2263437776148779 0.03789700734088699 0.18929686950840496 0.18218451197367597 0.18929686950840496 0.18218451197367597 0.2263437776148779
0 0.09099388275759288 0.10052414724943264 0.15495962119964232 0.10331587803700895 0.15203488514605296 0.14621901328275627 0.08806914670400351 0.1434273609465376
0 0.09819627018817458 0.14708056609244458 0.1566259299894892 0.14796265354499719 0.15565108333725527 0.1893026945217103 0.09722142353594064 0.1884206070691577
0 0.16277191284669928 0.15285465466026169 0.25429758585121737 0.16319329818294104 0.24786764244477913 0.19963552283750402 0.15634198169631652 0.18929686950840496
0 0.2599780714655497 0.1061014013609114 0.3655017776182856 0.11557850188032213 0.3576984451477786 0.17120416244075354 0.25217473899504267 0.16172706192134279
0 0.2233569286913278 0.10396476882895345 0.2366622986084965 0.027076983513133385 0.28555469436339104 0.03249361827624794 0.2722493244462224 0.10938140359206801
0 0.006670605609694638 0.1014181102762492 -0.0021427213906284317 0.0159150837013225 0.048476498768511546 0.012574749924529794 0.05728982825834588 0.09807777895106141
0 0.05700735069182982 0.30783286989501324 0.04871938621183954 0.23678175036275909 0.0914752638483622 0.23358881933217185 0.09976323139236634 0.30463993886442603
0 0.14337264830807606 0.10184888668109335 0.14853722752337475 0.019202251973679255 0.21730758483151355 0.02195350431231423 0.21214300561621485 0.1046001463745431
0 0.06555659895441139 0.31813029703566836 0.0041228849725072165 0.31813029703566836 0.0041228849725072165 0.22965156143306154 0.06555659895441139 0.22965156143306154
0 0.6221176698983434 0.43350513919153677 0.6985685417451054 0.45098241497128055 0.6812589224083835 0.49945715583075595 0.6048080995858434 0.4819798800510122
0 0.5977875368662149 0.42682222106462886 0.5541013173788906 0.4126218977195132 0.5843301918611947 0.3530848485951559 0.628016411348519 0.36728521116595036
0 0.5314017789909639 0.3819173700092384 0.569627190402234 0.39174834499015904 0.5583915250847139 0.41971707773086037 0.5201661136734438 0.40988606352426094
0 0.531566500376506 0.38039988539825675 0.5479488265562249 0.3432606204309929 0.5788694328093624 0.3519925703426253 0.5624871066296436 0.38913179608421034
0 0.4471816955321285 0.40894154840386004 0.471080219314759 0.3529417140931274 0.5311683746705572 0.36935871977426094 0.5072698999121485 0.42535851485931475
0 0.47374953917231427 0.5245807716350016 0.5429876733496486 0.541539758520445 0.5310876808013303 0.5726433290613954 0.46184954662399597 0.5556843029502732
0 0.5367051702905371 0.5798362594643718 0.5189576175796937 0.6311758085510725 0.45190640491654116 0.6163364988979153 0.46965390860316264 0.5649969890368934
0 0.5044733131745733 0.6781065482406813 0.39507095765876005 0.6508994212800249 0.41231576697414657 0.6065055631426736 0.5217181224899599 0.6337126901033299
0 0.41035528834086343 0.605846532512753 0.3949666586266943 0.6578343251676976 0.32505978503859184 0.644586715109857 0.34044841475276105 0.5925989224549124
0 0.3249029810648845 0.5902856272719513 0.33859534818963355 0.5344117466159223 0.39324353076367974 0.5429853816878213 0.3795511636389307 0.5988592231181716
0 0.26866452626913906 0.5859496599604355 0.2839876105986446 0.5213037799746947 0.3402664613532254 0.5298440339939147 0.32494340153583084 0.5944899139796553
0 0.2798920045416039 0.5791972731563303 0.33743913642852663 0.5978642245491244 0.3181174404649849 0.6359985273111143 0.2605703330901732 0.6173315366926414
0 0.44781082337161143 0.6130595464632873 0.3894406483355296 0.6044107549907616 0.40255840255553466 0.5477327086931636 0.4609285775916165 0.5563814609400104
0 0.32855197646052964 0.7249678192530928 0.29763953274033633 0.7769090510272735 0.22986183013303213 0.7510849038249117 0.2607742493411145 0.6991435935993734
0 0.3127616667843248 0.7983355289253293 0.3873222626835467 0.8102671959099855 0.37561307240681474 0.85711136452643 0.3010525010197038 0.8451797759931314
0 0.47921029822414657 0.9833595256266067 0.41862297824108935 0.9764341535788882 0.4283431577873996 0.9219924416823988 0.48893047777045684 0.9289178137301173
0 0.39603205301675454 1.0061574901590618 0.2843042580478163 0.9891295445302458 0.30741395758816514 0.8920531285146208 0.4191417525571034 0.9090810741434368
0 0.1429054842416541 0.9355071001616726 0.18569364126427584 0.947312617363231 0.1703442799518386 0.9829289061244778 0.12755612292921686 0.9711233104715618
0 0.17972693998650854 0.9533958140866002 0.2516180444433986 0.9542696837594392 0.2507587723942646 0.9995259968970919 0.1788676679373745 0.9986521272242529
0 0.18907883732194403 0.9357961934146047 0.19661518388005145 0.9189120491243573 0.2381269707737199 0.9307744435602104 0.23059062421561244 0.9476586663018155
0 0.2390145052867721 0.8467444098700595 0.30590901202466114 0.859852376511287 0.2921787491763931 0.9047117257792416 0.225284242438504 0.8916037591380142
0 0.29604070579191766 0.5170221794540287 0.23187662760416666 0.5028219345602707 0.25531853978413654 0.4350096793285066 0.31948261797188754 0.44920996344794345
0 0.223640215157505 0.5647565356257029 0.23865733931821034 0.5188786523814066 0.2867179656124498 0.5289500807735178 0.2717008414517445 0.5748279640178141
0 0.1785148896366717 0.5593021657595598 0.1923202085686496 0.5114360113070373 0.23499400433766315 0.5193154695407897 0.22118868540568523 0.567181663218991
0 0.2508654736132028 0.6410158054381226 0.1689538549706639 0.6268155605443646 0.18569364126427584 0.5649969890368934 0.2676052599068148 0.5791972731563303
0 0.11195347797439759 0.6056029018215777 0.1256054246282003 0.5498940435963608 0.1870588432832894 0.5595353624201679 0.1734068966294867 0.6152441814197059
0 0.4393327215110442 0.7057378224664604 0.3754876194230045 0.6890798534403118 0.3891075042356928 0.6556604380472767 0.45295263083584336 0.6723183286220678
0 0.40850266299573296 0.7228198995320534 0.42827442582831327 0.6832700596983451 0.4894727837129769 0.7028566179054868 0.4697010208803966 0.7424065361905527
0 0.4026024017946787 0.7766094452924165 0.4286981421780873 0.7255695411662516 0.46298499662713355 0.7367925570372751 0.4368893052679468 0.7878323827120822
0 0.4491750203940763 0.8629532448736745 0.4721297298569277 0.8135045696346803 0.5540168486445783 0.8378406514851784 0.5310621882059487 0.8872893267241726
0 0.6109605413842871 0.8729073884861022 0.6853545529775351 0.8817727841570935 0.6752522296216115 0.9360453549264942 0.6008582670525854 0.9271799592555029
0 0.7495689300169428 1.011608918099293 0.6389379294521838 0.9964674922678342 0.6470788427146085 0.9583871248142272 0.7577097942551456 0.9735285506456861
0 0.48194070226217367 0.9920982223549968 0.4879088620105422 0.9602630536783018 0.5527972730766817 0.9680509199520003 0.5468290643040914 0.9998860886286953
0 0.542314374686245 0.9664219559618011 0.42768628223832833 0.9460403716962564 0.4465741383502761 0.8780332432920951 0.5612022307981928 0.8984148275576398
0 0.5689044753231677 0.8319469147905286 0.4720361426173444 0.8106949911632391 0.4955926244038655 0.741954499467786 0.5924609080854669 0.7632064230950755
0 0.6364484794647339 0.841677942741806 0.6164524308170181 0.9056755791593027 0.5448199046184738 0.8913467524903599 0.5648160022904116 0.8273490376215055
0 0.6594059342840111 0.9426482918942802 0.6454857025759287 0.9883139642161392 0.6089036811307731 0.9811748906701879 0.6228239128388554 0.935509218348329
0 0.5638766001506024 0.5813197354118131 0.6811763656187249 0.6106493638536311 0.6601154128231677 0.6645740028518637 0.5428156963792671 0.635244335184367
0 0.7590750207862701 0.3836701302418059 0.7344492716961596 0.4571115057388737 0.612439406061747 0.43091977470025306 0.6370651551518575 0.35747843842886406
0 0.7427310315480673 0.6418634723575072 0.5555763091428213 0.5707967410050812 0.5974853515625 0.5001387020003213 0.7846400739677459 0.5712054725784262
0 0.03794452713196536 0.4064145517226663 0.04067491278590926 0.37910634018768075 0.11197318571159638 0.3836701302418059 0.10924279392962474 0.41097838100247025
0 0.8499781351970381 0.6469594764219152 0.7624173451618976 0.6189355139254298 0.785013687562751 0.5737356465396047 0.8725743795494478 0.6017595698104113
0 1.026374148939508 0.26736326634424207 0.9950459062813755 0.4097869402338729 0.9134131251568776 0.3982911882179868 0.9447413678150101 0.25586751432835597
0 0.08645948540254769 0.09891439403543742 0.09496116791384288 0.02272702244069705 0.1474682175969503 0.02647812262292386 0.13896652282959965 0.10266548686284946
0 0.05478033349217181 0.14138853764472706 0.09846653459541291 0.1446654802729354 0.09286047387793361 0.1925122768529583 0.049174275838706386 0.18923534403116968
0 0.04442108338137707 0.22728911647453406 0.0021696866276752517 0.2309112548828125 -0.002633476065823352 0.1950421370087062 0.03961792298588887 0.19141999860042777
0 0.05139504857810147 0.17158416120436012 0.0027576913795317993 0.17394272282068404 0.0005369171081297848 0.14462366569930912 0.049174275838706386 0.1422651040829852
0 0.13826091720397213 0.49847553321818766 0.12187859102425326 0.5530920739651952 0.09286047387793361 0.547519674031471 0.10924279392962474 0.4929031725101422
0 0.13385707135181352 0.5267693683849816 0.1789084683460404 0.5311387167491766 0.17477209864850024 0.5584430057162797 0.12972070165427335 0.5540736965777635
0 0.2177364242124749 0.7654822969804386 0.09695605542286333 0.7343082378946417 0.1295868900406313 0.6533707174972887 0.2503672894703815 0.6845448158087645
0 0.042071177777516316 0.7322545382541372 0.04371350146680472 0.6796916579219553 0.09177241191327812 0.6806530008585716 0.09013008822398971 0.7332158811907535
0 0.1880304911050452 0.8012470941617127 0.14024872684095757 0.7892314842243734 0.1583897724687814 0.7430468561716742 0.20617153673286898 0.7550625445603711
0 0.20808281955948796 0.7581210491896289 0.2531341920416039 0.7701366591269682 0.234840607547377 0.8140483159945373 0.18978922280920557 0.8020327060571979
0 0.1605262970828627 1.0002253122991644 0.08057373537117218 0.9975598489717223 0.08199807898586534 0.9702080184818846 0.1619506345695281 0.9728735602606845
0 0.6819068755490713 0.8812069929657375 0.7973501427585341 0.8955176973710636 0.7877440425765563 0.9451279824068124 0.6723008243913152 0.9308171995501285
0 0.8164131133910643 0.8107713243342304 0.8991329576116968 0.8275983560361102 0.8833076446410643 0.8774035142442561 0.800587702371988 0.8605764040910187
0 0.7837701391503514 0.9699084127470277 0.8123653794866967 0.8635167609756588 0.8968857853288152 0.878060230559126 0.8682904469440261 0.9844518823304949
0 0.710480594252008 0.4497109538178824 0.8078067641660391 0.48350517057207987 0.7664457144986194 0.5597656956062219 0.6691194465361445 0.5259715573033821
0 0.1129245007373243 0.3111759764369778 0.11606876725652611 0.3640081802799647 0.043877199471714985 0.3667587633304547 0.04073293295251318 0.31392653987462843
0 0.17778355855060868 0.30357662877570696 0.18311582511687374 0.359041307150245 0.11410930587584714 0.36328850675058244 0.10877702705352661 0.30782382837604433
0 0.2373059131055472 0.3503284601441999 0.1570245704497678 0.3552695620029322 0.15182888536568148 0.3012248532018196 0.23211022802146083 0.29628373173024786
0 0.32357819951681727 0.34871553945663963 0.23347543004047439 0.34871553945663963 0.23347543004047439 0.29519135541352026 0.32357819951681727 0.29519135541352026
0 0.8182345103068525 0.22699513962458828 0.8373472405245984 0.1680092897390645 0.8764816100338856 0.17612737738994216 0.8573689288403614 0.23511322727546594
0 0.8244204356488454 0.22607706261171473 0.7198623105704066 0.20599869284347888 0.7399622905685241 0.13898809280983893 0.8445204646711847 0.1590664625780748
0 0.8659777783007028 0.19319343076573545 0.9002200207078314 0.06990141488592545 0.9833361767382028 0.08468000318826317 0.9490938362826306 0.20797194061671553
0 0.660781014683735 0.09638723064510865 0.7379919090424196 0.12014829346330735 0.7194843828438755 0.15865009180377873 0.6422734884851907 0.13488902898558
0 0.6381533948293173 0.04068831612947361 0.7572403383063504 0.07471859301883335 0.741642546749498 0.10966321067515866 0.6225556032724648 0.07563293868900878
0 0.4823173553589357 0.059570454693085736 0.5041604405904869 -0.004877063486447371 0.5379136173600653 0.0024468201598042386 0.5160705321285141 0.06689433512160588
0 1.0154038027108434 0.16594686238502168 0.9979838298506526 0.2635138151271791 0.9463795612136044 0.257615253674034 0.9637994360253515 0.16004823228693865
0 1.0097680762110943 0.03788822782070288 0.9979838298506526 0.09092556480270425 0.9561654822414659 0.08497704944757692 0.9679496305534638 0.03193971001397062
0 0.5845989426455823 0.6440513238195895 0.6754558762393323 0.6707069377359817 0.6553203046561245 0.7146462094814428 0.5644633710623745 0.6879906347907294
0 0.160661542654995 0.7513208855087162 0.12835551189131525 0.8457258758937178 0.09058869756369227 0.8374518465566758 0.12289474058342746 0.7430468561716742
0 0.054635050210608056 0.6818763713297317 -0.013697024425828314 0.6653469056274101 0.0027576913795317993 0.6217981647403197 0.07108976678197164 0.6383276304426414
0 0.08720047426032254 0.5955681886648457 0.17312391656469628 0.6173389503459391 0.1583897724687814 0.6545680813433885 0.07246633016440764 0.632797358887974
0 0.1296679761036333 0.5529120673250723 0.11193270396037273 0.6112507719613592 0.07270738839145645 0.6036165134459351 0.09044266666274473 0.5452778088096482
0 0.07280262407050075 0.5971787165859977 0.031846808621203565 0.590624733265384 0.04098311581286082 0.5540736965777635 0.08193892513413027 0.5606276798983773
0 0.07515633211557166 0.4864126563378655 0.09153865829529054 0.4416270905717786 0.13791186474413278 0.4524869551082503 0.12152953856441391 0.49727252087433726
0 0.23211022802146083 0.43610199680671596 0.21700917439288403 0.49517339789775466 0.17215880122050703 0.48783309661943686 0.18725985484908383 0.4287616563027193
0 0.8736964459400101 0.3987165514791533 1.0061145950991466 0.4142216778046674 0.9922177969691265 0.49020322981101383 0.85979964780999 0.47469806425982086
0 0.8969595177585341 0.8402642492769923 0.8363260659826808 0.8194722075082342 0.8573689288403614 0.7801861211389379 0.9180023806162149 0.8009780060049807
0 0.9036474021084338 0.8877131209581861 1.0000623588102409 0.9055156952924165 0.9884889166039157 0.9456434862779162 0.8920739599021085 0.9278409903950434
0 0.9119136703062249 0.6123705474147454 0.9201048333960843 0.5599386808498353 0.9925231198230422 0.567181663218991 0.9843319567331827 0.619613529783901
0 0.9265586761106928 0.7988810012150547 0.9361583050953816 0.7341413718569249 0.9693580964482932 0.7372930766990681 0.9597584674636044 0.8020327060571979
0 1.0014620003451304 0.9503610017673522 0.9848442598519076 0.9932047003032616 0.9021849115210844 0.9726790793450755 0.9188026520143072 0.9298353808091662
0 0.527215110441767 0.686509630061054 0.6484097522904116 0.7200305615108853 0.6263435578250502 0.7711060825534223 0.5051489650006276 0.7375851511035909
0 0.5975490340267319 0.7656299424355318 0.6615197606833584 0.7897168627741404 0.6375727519452812 0.8304332742960716 0.5736020252886547 0.806346353957463
0 0.3306208476484061 0.3869443761045951 0.40412462839639807 0.4055167543857447 0.36929669361037903 0.4937616264912034 0.2957928883502761 0.47518928743573263
0 0.13010400978915662 0.7411480195111665 0.12300830519342996 0.8774072799094232 0.019433400717126317 0.8739542434025547 0.02652909918482524 0.7376949830042979
0 0.12754074157959966 0.9342973802267432 0.04188117521354951 0.9198682142713689 0.057713072749984315 0.8596972781772172 0.14337264830807606 0.8741265225839492
0 0.2046415397919804 0.925939407937018 0.215563082407756 0.8855231513094473 0.2949091532144202 0.8992500991625161 0.2839876105986446 0.9396662773387291
0 0.22781465216334087 0.8474069315853953 0.2592421688707957 0.7681002187851462 0.3234446330242846 0.7843883681113432 0.29201714082894076 0.8636950024602346
0 0.915560876317771 0.07392371895993584 0.8971870881965361 0.1400804495137271 0.8359942700489458 0.12920006014081079 0.8543680581701807 0.0630433295870195
0 0.7086640997584086 0.2022585635932981 0.6311643546843625 0.17984538335726621 0.6478117058076054 0.14299336803602988 0.7253114508816516 0.16540646982070412
0 0.5535034669929719 0.343655779919465 0.4904221377698293 0.3234663622544786 0.5074321700865964 0.28944094934929304 0.5705135483339608 0.30963026895008233
0 0.5183989375470632 0.5109977427975377 0.5431468549981174 0.4626820620656933 0.5779062048977158 0.4740804167210596 0.5531582874466616 0.522396097452904
0 0.7511220173663403 0.7099108855338206 0.8061741595287399 0.7372210583527474 0.7837644523406124 0.7661416021901108 0.7287122121297691 0.7388313509198264
0 0.8284443437813755 0.7080530789333628 0.9004495521147088 0.723765787551213 0.8817149457203816 0.7787296716842063 0.8097096393386044 0.7630168846149984
0 0.7693343687248996 0.7493705847575916 0.8530446002761044 0.7688706895686054 0.8362085058985944 0.8151406726984255 0.7524983233716115 0.7956405678874117
0 0.7383420400351406 0.842771868472847 0.76339812374498 0.7911093743723892 0.8057466683138805 0.8042584495250241 0.7806905846040412 0.855920943625482
0 0.816646027469252 0.8597248146037516 0.8039041909826807 0.9056026978480479 0.7661284787587851 0.8988860064116726 0.7788703152453564 0.8530081231673763
0 0.6125104911834839 0.7962625302508435 0.6514521955007531 0.7204720857517272 0.7176977931256275 0.7422629702060572 0.6787560888083585 0.8180535716078888
0 0.7579373156689257 0.8843215903157133 0.693864226436998 0.8458715600648699 0.7158165866591365 0.8224520254257712 0.7798896268668424 0.8609020556766147
0 0.451302230405999 0.3314084638973128 0.4412907979574548 0.3561679477250361 0.35201974891754517 0.3330588451081499 0.3620311568539784 0.30829934166758716
0 0.3421400200411019 0.37612660072150145 0.4011420927852033 0.3879289406430752 0.39273247776261294 0.4148439539735299 0.3337304295306225 0.40304165327763497
0 0.3275154328250502 0.7363705671844875 0.3779729758879267 0.749828034624036 0.36107734159293425 0.7903840915709351 0.31061977401794677 0.776926545680029
0 0.4359221063943273 0.8461429233109736 0.3822478880365211 0.8346905941215457 0.393096923828125 0.8021381446818766 0.4467711176738203 0.8135905523226623
0 0.42278062445092873 0.8757554865741485 0.3708820879220005 0.8565119961540006 0.38388546863234185 0.8340603943655608 0.435784054185492 0.8533039632370661
0 0.4205429138428715 0.9046589280155447 0.2863093242109061 0.8748746347304788 0.2982106894374372 0.8405354556203808 0.43244427906940264 0.8703197489054466
0 0.25985641785893576 0.6565430550464935 0.30870851570343877 0.6695722957503213 0.2963234775037651 0.6993012023768879 0.247471404171373 0.6862719224473811
0 0.2636025057260291 0.6261412711253815 0.3113078534842495 0.6388647476627771 0.2989992685586094 0.668410038886769 0.2512939453125 0.655686640800731
0 0.8844187296059237 0.6672290321487387 0.870833921623996 0.7215766808674084 0.8317264173883032 0.7153184591651269 0.8453111273217871 0.6609708104464572
0 0.999767625188253 0.7515425105940713 0.943137491371737 0.7467728249517995 0.9476868411144578 0.7121922510142191 1.004316974930974 0.716961936656491
0 1.0030562680409136 0.6211791050771208 0.9999614669615964 0.6669892063484094 0.954842710686496 0.6650378857296353 0.9579374137173695 0.6192277452326679
0 0.9995619195532128 0.6937487290880061 0.9521019625376506 0.6871446153498554 0.9578084800138053 0.6608906331589411 1.0052683389809236 0.6674947468970919
0 0.950477397872741 0.683510670012251 1.0032017719314759 0.6922994971581781 0.9971975793800201 0.7153590185170309 0.9444732053212851 0.7065702698224614
0 0.8327082745042671 0.7271706549244858 0.8351918415850904 0.6625887127952281 0.9252479645143072 0.6648057481623554 0.9227643974334839 0.7293877687429707
0 0.7080524735661395 0.6228569050374558 0.7590686966616466 0.6310207886683604 0.7510413725213353 0.6631352834039604 0.7000251494258283 0.654971360547377
0 0.9617516942771084 0.7927697189056475 0.9999770566641566 0.7927697189056475 0.9999770566641566 0.8337539633625883 0.9617516942771084 0.8337539633625883
0 0.7504202846542419 0.7903436891217465 0.70925812625502 0.7748448389048441 0.7271384855829568 0.7444432903378053 0.7683006930064006 0.7599421405547075
0 0.8874097954317269 0.021472923553388347 0.9265579897715863 0.03400234820603711 0.907418835498243 0.0722866303510102 0.8682707392068273 0.05975728169811415
0 0.973209929561998 0.04105136694822336 0.9674761546184739 0.08234145647455916 0.9160396468687249 0.07776860528862568 0.921773421812249 0.03647851331068495
0 0.7506708964765312 0.08031690151342083 0.6761312829442772 0.06043648903657967 0.6908862991026606 0.025018750855119797 0.7654258636106928 0.04489916333196096
0 0.8649101287964357 0.09984315023937078 0.8271850095695281 0.09265621155883476 0.836429703187751 0.06158925818906651 0.8741547243662149 0.06877612332145475
0 0.8598818124058735 0.10306140144563886 0.8043839420180723 0.08464938754594112 0.8217150339639809 0.05120528449129629 0.8772128553275602 0.06961728858457433
0 0.8952394539093875 0.026303315836850045 0.9082360692771084 0.026303315836850045 0.9082360692771084 0.034255481317907496 0.8952394539093875 0.034255481317907496
0 0.9213259287148594 0.05010015002253123 0.9085045259161647 0.0723274005409378 0.893426930377761 0.06675940859287134 0.9062483331764558 0.04453215807446478
0 0.790413558530999 -0.013716320145712413 0.89376921749498 0.0028232366689373103 0.8705104598079819 0.09587296238288781 0.7671548498682229 0.07933341077789856
0 0.9184476185993976 0.030028578554756536 0.9245883926330322 -0.0031365563753025082 0.9533759059676205 0.00027590944098935947 0.9472352299824297 0.033440969903548765
0 0.9716902767319278 0.0 0.9999770566641566 0.0 0.9999770566641566 0.034255481317907496 0.9716902767319278 0.034255481317907496
0 0.2864007053605045 0.33548856210586037 0.3486158501192269 0.3554006149958829 0.3338002155104794 0.385036713666352 0.2715850462396461 0.36512466077632955
0 0.2569512914941014 0.3833555402976382 0.3060327246485944 0.3964460122861102 0.2947180077732806 0.42360575462674727 0.2456365501066767 0.4105152434125964
0 0.16071187827481803 0.3958406816104997 0.22750935382153614 0.40194886509127975 0.22273378180691517 0.43538314701658903 0.1559363185162525 0.4292750027614878
0 0.299438059856614 0.34773085724112307 0.3105125580446787 0.3012105162162094 0.35941434193806476 0.3086634344184307 0.34833984375 0.3551837754433443
0 0.4018254414140939 0.40785664457894844 0.4672283371768323 0.4249647674952804 0.45358470012863955 0.45835692104153275 0.38818177985379015 0.44124883735087966
0 0.3457472713118097 0.48525534190984493 0.4214539309582078 0.48929366477044506 0.418727350809488 0.5220171773954652 0.34302074018731177 0.5179788153091862
0 0.4187245074046185 0.5517298053653197 0.43439995332894077 0.49585921966631186 0.47854503953313254 0.5037885729635283 0.46286954458458834 0.5596591978882149
0 0.30786169580666417 0.5068211494190834 0.31559497266409386 0.47588299356573344 0.34793956097828815 0.48105897878926335 0.3402062596087475 0.5119971346426133
0 0.20722938139275854 0.48815078539223167 0.2668515370074046 0.5008722221943284 0.2571571687139182 0.5299599458748393 0.19753502535532755 0.5172385090727426
0 0.33929994881871234 0.6803893258455174 0.32668618811182226 0.7094055803392111 0.29495847158163907 0.700575566230519 0.3075722077764182 0.6715592332854675
0 0.32935889064068774 0.6815705679376205 0.34328184319308486 0.6393970793500964 0.39009776900571036 0.6492918352847847 0.3761747919412023 0.6914652454209511
0 0.30240078968216616 0.7804098644109495 0.33070034042419677 0.7043284438263174 0.4701237567457329 0.7375298428964492 0.44182423051581327 0.8136113419324389
0 0.19589404983214107 0.7200128315040569 0.23025196489081326 0.7268855626907937 0.22148258561590112 0.7549520065974453 0.18712469506933985 0.7480792754107085
0 0.5335664435084086 0.21111738896308643 0.5079935954756526 0.3142120832036271 0.45403567394578315 0.3056432925030627 0.47960852197853915 0.20254859826252208
0 0.6632772300138052 0.2596623634004961 0.5233942606362951 0.23150079722269643 0.5293782061841115 0.21247185165287596 0.6692611755616215 0.24063343744351504
0 0.6938118685680221 0.22135605603686334 0.6817250937343122 0.24674240543787154 0.6534306660234689 0.23811799272473488 0.6655174898814006 0.2127316237108873
0 0.8620877062939257 0.10129483377412536 0.8359081835153113 0.1669923444027153 0.7389246438880522 0.14225054154972183 0.7651042156908886 0.07655303582434177
0 0.82467742061998 0.1735919864134801 0.8463727958709839 0.06943681123630553 0.9154265499497992 0.07864546591947502 0.8937309786019076 0.1828006459998594
0 0.9375419647339357 0.23035413256647655 0.8782441288591868 0.217624752564418 0.8853798004518072 0.19634439031998113 0.9446775382781124 0.2090737899348791
0 0.939310562562751 0.2476286115867007 0.8920844510855924 0.23370716320518356 0.8980363838165161 0.22078079184407134 0.9452625933421185 0.2347022990641067
0 0.8152358457266566 0.39429789643667656 0.8733384710717872 0.40592026894380623 0.8642992869917169 0.43485030539544506 0.8061966616465863 0.4232278936626366
0 0.8735503537587851 0.4751126012336319 0.8024537113296938 0.46274599992217624 0.8100781053903112 0.4346837923888376 0.8811746987951807 0.4470503937002932
0 0.761756253529744 0.4286828911396409 0.802122258565512 0.43944892785236583 0.7916485277045683 0.4645899598580093 0.7512824736445783 0.45382400159664205
0 0.7817687252917922 0.45517913112297154 0.8402830070281124 0.46454292826909943 0.8362546867156124 0.48065899454229594 0.7777403559550703 0.47129519739616804
0 0.7684864457831325 0.6991712084772654 0.7826092455760543 0.6567960214492288 0.8245779014495482 0.6657508516679386 0.8104551506808484 0.7081260386959752
0 0.8088717173381024 0.7068306498784945 0.8254406297063253 0.6644073721682198 0.8505142640876004 0.6706769693173602 0.8339454497678213 0.7131000901249197
0 0.7675665062594127 0.6924501237648618 0.8210820822351907 0.7138598130723811 0.8045687143103665 0.7402854468338287 0.7510531383345883 0.7188757575263095
0 0.8934822297000502 0.7383421282535347 0.939611375188253 0.7514389548019762 0.9278829183923193 0.7778852212704852 0.8817538709525602 0.7647884731734014
0 0.9212326846448293 0.8111209035839091 0.9655742109061245 0.8111209035839091 0.9655742109061245 0.8429295557017191 0.9212326846448293 0.8429295557017191
0 0.9070791956890061 0.8382989643165569 0.9470972758220382 0.8426652530778037 0.943049836063002 0.8664138127108773 0.9030318539784137 0.8620475239496305
0 0.9560656689257028 0.8713128646419104 0.9495829019201807 0.9045093997278679 0.9030797996674197 0.8986956049666613 0.909562468624498 0.8654990698807037
0 0.6826707709745231 0.8683952586509881 0.6360004961251255 0.8730630359796755 0.630801820563504 0.8397863236062018 0.6774721444371234 0.8351185462775145
0 0.4481368834713855 0.8834819254348089 0.4688235853570532 0.8172739220155848 0.5596651743693524 0.8354451392794023 0.5389784724836847 0.9016532211499839
0 0.5770533305095381 -0.009497557323818647 0.6565424294835592 0.00881192800624818 0.6422477507686998 0.04854258657421122 0.5627586517946788 0.030233027695996596
0 0.6328601025194528 0.047468298198631305 0.6460861022213855 0.015720789107687982 0.6894337114081325 0.027282030845975507 0.6762077607304217 0.05902953748531391
0 0.3096259304797314 0.0 0.39677989300953814 0.0 0.39677989300953814 0.030585252227390947 0.3096259304797314 0.030585252227390947
0 0.966338694622239 0.09542598577268939 0.9999770566641566 0.09542598577268939 0.9999770566641566 0.15353796598537417 0.966338694622239 0.15353796598537417
0 0.05697352397872741 0.4042240721401028 0.09846869166117596 0.4083742666367087 0.0914234513738548 0.45347104893858453 0.04992828369140625 0.4493208544419786
0 0.03859734899068932 0.48696679750261085 0.046531704822218564 0.44887576066436374 0.0752937531375502 0.45271132599112307 0.06735939730602096 0.490802402055049
0 0.05731747791949046 0.504144153742067 0.06114001906061747 0.48579300828948424 0.10006795982759162 0.49098421307639784 0.0962454186864646 0.5093353585289806
0 0.10248525841647842 0.5091270309487468 0.09452801440135543 0.5515725103932358 0.05078841060040945 0.5463228985705535 0.05874565155151858 0.5038774191260644
0 -0.006939264473666149 0.6296554996912155 0.00023788185004728387 0.5851500444976101 0.061609830435021336 0.5914862076237146 0.05443269047871172 0.6359916235916412
0 0.009893858576395425 0.6712075358491324 0.10188847430738579 0.6869805735610138 0.08846295215039847 0.7371105203898216 -0.003531655920557229 0.7213374826779402
0 0.1040990745207392 0.9703224790126928 0.0679962832286176 0.9639031966731604 0.07765607106159012 0.9291224148708628 0.11375885622568399 0.9355416972103953
0 0.06927034309111446 0.9618685607125642 0.030650908688464797 0.953441080519963 0.03799019013063975 0.9319090855458708 0.07660963066131714 0.940336565738472
0 0.0 0.41351259520856765 0.0 0.3517303859053663 0.04663501724181884 0.3517303859053663 0.04663501724181884 0.41351259520856765
0 0.01070311825916949 0.418406233995923 0.05428010258808672 0.418406233995923 0.05428010258808672 0.45021492533941193 0.01070311825916949 0.45021492533941193
0 0.0017824073393182104 0.4965820704756788 0.05464749010691202 0.5002076999693726 0.04977235296165129 0.545716234221863 -0.0030927280824347195 0.542090643953848
0 0.034873346535556286 0.5836136531094352 -0.004645858902529061 0.5796610775827442 0.00010585502448330921 0.5492452508686134 0.039625062138201245 0.5531977871696256
0 0.0 0.7658547055751928 0.025228779191472924 0.7658547055751928 0.025228779191472924 0.8410944215436215 0.0 0.8410944215436215
0 0.0 0.9616003355207664 0.03134484654928307 0.9616003355207664 0.03134484654928307 0.9964674922678342 0.0 0.9964674922678342
0 0.009174101802718687 0.9548715625753132 0.05428010258808672 0.9548715625753132 0.05428010258808672 0.9964674922678342 0.009174101802718687 0.9964674922678342
1 0.4693867265938755 0.6785685482858692 0.4990524108151355 0.6527378111694649 0.5294068363296938 0.6750560456499036 0.49974115210843373 0.7008867043149501
1 0.15262711000251003 0.6436678143577281 0.12768843930409138 0.6279144679366163 0.1465771410838667 0.6087709637717906 0.1715158117822854 0.6245242709672236
1 0.32195537521178463 0.6355076963919907 0.3453397819794804 0.6496822876917979 0.33239498521429467 0.6633542411431556 0.30901060295870986 0.6491795713919907
1 0.48960054083521587 0.3564808901906933 0.4667747650759287 0.381385744384138 0.44063470679593375 0.36604775867609257 0.4634604825552209 0.34114294370832665
1 0.5018839027986948 0.3378890167471682 0.537519609688755 0.34879120579109096 0.5289098777924197 0.36680810923441515 0.4932741709023594 0.35590592019049244
1 0.51129851436998 0.5075430588121586 0.5724154920463103 0.5280958631657696 0.5608522468781375 0.5501093533474253 0.4997352692018072 0.5295565882194931
1 0.1252638851303652 0.6459666352652033 0.1475833632381087 0.6537796844247068 0.14331124547016189 0.6615927728098892 0.12099176736241843 0.6537796844247068
1 0.1520374466616466 0.6648968301885845 0.16400367093373494 0.6680882314176976 0.15090732804263932 0.6995245533921112 0.13894110377055097 0.6963331521629981
1 0.8792388303212851 0.5102216235163279 0.8460748266503514 0.5818672082111584 0.7674258067425954 0.5585599766905326 0.800589859437751 0.48691443122138095
1 0.9644568508408634 0.6177985576247188 0.9558486877196285 0.6780642629589091 0.894481539439006 0.6724526373463608 0.9030896045117972 0.6121868927864919
1 0.9032009875439257 0.6714028797296755 0.7541276433860442 0.6705322265625 0.7545082184205573 0.628812461401932 0.9035815135542169 0.6296831537947863
1 1.0001150108245482 0.5047016290895123 0.9281273531626506 0.6270017648417416 0.8312808852597892 0.590506663972124 0.9032685429216868 0.4682065674455736
1 0.7210125658885542 0.7531160094744136 0.6943329960466867 0.7329547950725016 0.7141892276135793 0.7161327058061536 0.7408687974554468 0.7362938417567079
1 0.19390244081795935 0.108240279562982 0.196135383820438 0.15647993112284603 0.15615303008910641 0.1576648113966601 0.15392008708662777 0.10942515983679607
1 0.19962266056413153 0.16145294307130162 0.2154614797078941 0.1075923596065884 0.2621856321771461 0.11638890440482406 0.24634681303338354 0.17024948786953728
1 0.3363614614708835 0.09667695150890203 0.39353615634412653 0.10880277579731684 0.3846108310193901 0.13574535497356502 0.32743611163403613 0.12361959933008816
1 0.7391509396962851 0.36699039096390984 0.7619274461125753 0.3381844645600699 0.7947144044929719 0.3547813984299687 0.7719378980766817 0.3835872856081298
1 0.03803109471577717 0.880780296031491 0.0534091382620325 0.8818349176323506 0.052210655365603036 0.8930226303924326 0.0368326118193477 0.8919678518888576
1 0.018835089197120514 0.7262055463227024 0.044758078946645956 0.7332365923491726 0.03946884951917043 0.7457211845025306 0.013545859769644987 0.7386900600247027
1 0.23889824434456577 0.6548314425510122 0.26208052424541917 0.6653705194860621 0.2524601089906501 0.6789182059869056 0.22927785360190764 0.6683791290518557
1 0.19362158105076557 0.8797641940472365 0.1810355067731865 0.8913265904914444 0.16732629982821912 0.8817727841570935 0.1799123741057982 0.8702104661642432
1 0.35446287101531126 0.039505078430960294 0.37289771880490713 0.04285743732991746 0.36948200516911395 0.05488253007511247 0.35104718189162903 0.05153017607936516
1 0.4221428193241717 0.05693688184252741 0.43684077128827814 0.06108754214406933 0.43241466843938253 0.07112168652845839 0.4177167164752761 0.06697094777555883
1 0.1930974876066767 0.20747836390007432 0.21059447751945282 0.2144783235760765 0.20066373894013553 0.23037003857923963 0.18316672451524849 0.22337007890323746
1 0.02909967200344346 0.1692511355049506 0.028410786701493475 0.19295268316195371 0.0019303369713595594 0.19246000863592544 0.002619222273309547 0.16875838252756467
1 0.9637140358308233 0.7849587879328005 0.9724697618599397 0.7475945244718027 1.0011171639683736 0.7518921682951076 0.9923613398908132 0.7892564317561054
1 0.9346180620921185 0.8071356530667577 0.9204869281814759 0.8382290641568927 0.9014985724146586 0.832704205745903 0.9156296082768575 0.8016108731071256