0 0.7818165934176232 0.6795805016342474 0.8916877418781592 0.9692225242147641 1.0228318790477569 0.8962397984095982 0.9129606791675442 0.6065977758290816
0 0.8797843952387847 0.9132283113440689 0.7838346614693029 0.9116991315569196 0.7829137864791754 0.9964673723493304 0.8788635716683341 0.9979965521364796
0 0.5246573804101727 0.8760328643176021 0.5246573804101727 0.9519412916533802 0.691094595339485 0.9519412916533802 0.691094595339485 0.8760328643176021
0 0.5263388038384583 0.7606109619140625 0.7456140558360099 0.745577504683514 0.7416929969691186 0.6616732227558992 0.522417744971567 0.6767067422672194
0 0.5585612527643218 0.8747884322185906 0.5585612527643218 0.7540816326530613 0.5215751821490627 0.7540816326530613 0.5215751821490627 0.8747884322185906
0 0.5184987943114207 0.6378011898118623 0.43271894704020114 0.6364860067562181 0.43219225529170174 0.6868840431680485 0.5179721025629213 0.6881991639429209
0 0.42911008274043017 0.6881284129862882 0.42911008274043017 0.9531856614716199 0.5164382536067817 0.9531856614716199 0.5164382536067817 0.6881284129862882
0 0.45676633582561077 0.685888671875 0.46190326436789175 0.7319314762037628 0.49383565489745684 0.7267048738440689 0.48869872635517586 0.6806620072345344
0 0.5154482705711615 0.6907746606943559 0.4907908901609888 0.6895302285953444 0.48972609149576135 0.7204828379105549 0.514383471905934 0.7217272700095664
0 0.21644030525188238 0.9295420743981186 0.1651231208164951 0.9268395871532207 0.16301600673967986 0.9855400863958865 0.21433319117506713 0.9882425113600127
0 0.32820968820753477 0.9663313885124363 0.3251275156562632 0.9053557726801659 0.2842480499601806 0.908387226961097 0.2873302225114522 0.9693628427933674
0 0.028427888891128503 0.984295654296875 0.028427888891128503 0.9432304538026148 0.002743131891457896 0.9432304538026148 0.002743131891457896 0.984295654296875
0 0.032773009045543845 0.9850966473014987 0.06728424097975463 0.9872966532804528 0.06910345628669308 0.9454305220623406 0.03459222756621209 0.9432304538026148
0 0.0879714053121051 0.9389934306242028 0.08904391050137887 0.9805624825613839 0.10860943814336299 0.9798219019052934 0.10753693295408923 0.9382528499681122
0 0.11489517224768982 0.9422906992386798 0.1128403905468421 0.9846003318319515 0.16096122503883215 0.9880288883131377 0.16301600673967986 0.945719255719866
0 0.008895274662830896 0.886638220962213 0.007867883812407033 0.9413918008609694 0.02945527652782257 0.941986083984375 0.030482667378246432 0.887232441804847
0 0.03870179096790754 0.8722996303013393 0.03870179096790754 0.8187904202208227 0.005825302635006475 0.8187904202208227 0.005825302635006475 0.8722996303013393
0 0.3879949606660041 0.5772439139229911 0.3890418652837379 0.5176456062161192 0.3459109890430839 0.5165340812838808 0.34486408442535016 0.5761323889907526
0 0.380822738480347 0.3347187898596939 0.380822738480347 0.2812095797791773 0.35000103867746946 0.2812095797791773 0.35000103867746946 0.3347187898596939
0 0.316097140613482 0.2874315534319196 0.3150346558337063 0.328612097915338 0.34486408442535016 0.3297411860251913 0.3459265692051258 0.28856064154177297
0 0.31709720190573665 0.32740416234853315 0.3160698110553128 0.28633896185427293 0.2863028316610283 0.2874315534319196 0.2873302225114522 0.32849675392617983
0 0.28786210764729886 0.3394045459980867 0.28527544081060446 0.2924091572664222 0.25738589665220885 0.29466116768973216 0.25997256348890324 0.34165661870216835
0 0.3517596687503291 0.3792023950693559 0.39245641462523695 0.38299417301100125 0.3952061846764427 0.3396963936941964 0.35450943880153485 0.33590461575255104
0 0.3502319130258793 0.33676016671316966 0.31430555052785386 0.33261587960379463 0.31073622795946976 0.37800990513392857 0.34666259045749526 0.38215419224330355
0 0.267650883842539 0.3844191570671237 0.2697056655433867 0.3371319206393495 0.25137156845645536 0.33596315967793366 0.24931678675560762 0.38325039610570794
0 0.2708919689046704 0.33596315967793366 0.2708919689046704 0.38200596400669645 0.2863028316610283 0.38200596400669645 0.2863028316610283 0.33596315967793366
0 0.2895450222462089 0.33422944983657527 0.2905724130966328 0.3790278843470982 0.3130149680622104 0.37827279227120536 0.31198757721178655 0.3334743577606824
0 0.29002638754969196 0.6902773487324617 0.3274690391842618 0.6920215840242347 0.32898782217512634 0.6441915083904656 0.29154517054055656 0.6424472108179209
0 0.3305740163621525 0.6446682054169324 0.328257919864285 0.6970334422831632 0.3821713223413148 0.7005317532286353 0.3844874188391823 0.6481665163624043
0 0.3808315055352254 0.7915838124800701 0.3808315055352254 0.7427437918526786 0.3340281845645535 0.7427437918526786 0.3340281845645535 0.7915838124800701
0 0.34338885390065554 0.8395517154615753 0.34338885390065554 0.8744374800701531 0.3765111985885504 0.8744374800701531 0.3765111985885504 0.8395517154615753
0 0.3787939751359125 0.7934681795081314 0.2866262357176706 0.76900005729831 0.2779603747630581 0.8168895487882653 0.37012808847146167 0.8413576709980868
0 0.3333329391158119 0.7446266641422193 0.2857847527083772 0.7401273143534758 0.2835998020959483 0.7740023243183992 0.331147988503383 0.7785016741071429
0 0.32814543932149065 0.6301258943518814 0.3851730745182182 0.6312051578443878 0.3858718679246525 0.5770364566725128 0.3288442327279249 0.5759571931800064
0 0.34554899451907384 0.5709314463089924 0.34554899451907384 0.5264521384725765 0.31818706766335825 0.5264521384725765 0.31818706766335825 0.5709314463089924
0 0.4708379473923231 0.5316849689094387 0.4708379473923231 0.4854613635004783 0.42115437894080404 0.4854613635004783 0.42115437894080404 0.5316849689094387
0 0.45970522744774117 0.5626997967155613 0.4228076758059314 0.5638170514787947 0.4236037295308551 0.6023852289939413 0.4605013068825032 0.6012679742307079
0 0.6069291202381266 0.611367112763074 0.6775259196306339 0.605536885164222 0.6751347504047757 0.563058783083546 0.6045379510122684 0.5688890106823979
0 0.574977755847857 0.5520593759964924 0.5766854547309394 0.5055206610231984 0.5307249536811552 0.5030464950872927 0.5290172547980728 0.5495852100605867
0 0.5817258171203664 0.5508721799266582 0.5281379783264006 0.5482047567562182 0.5267754597330455 0.5883630869339923 0.5803632985270114 0.5910304478236608
0 0.4792414651563816 0.5914996711575256 0.5261077238113416 0.5943379304846939 0.5277848279867839 0.5537104392538266 0.48091862075150066 0.5508721799266582
0 0.48451887225542334 0.5526164152184311 0.5277219931418492 0.5526164152184311 0.5277219931418492 0.5255799585459183 0.48451887225542334 0.5255799585459183
0 0.24245727333383793 0.8679647640306123 0.24402176841729412 0.8177481515066964 0.21390401684344065 0.8163715596101722 0.21233952175998447 0.866588172134088
0 0.08849069905461839 0.8247252795161033 0.06328890638986152 0.8247252795161033 0.06328890638986152 0.8683324697066327 0.08849069905461839 0.8683324697066327
0 0.06204611208625671 0.8683106714365434 0.06126905150441633 0.8203098842075893 0.03589347318731242 0.8209125752351722 0.036670530555423006 0.8689133001833546
0 0.06690210922485454 0.9452653534558355 0.06978231171348462 0.986256066147162 0.08849069905461839 0.9843276043327487 0.0856104965659883 0.9433368293606506
0 0.21881998217999685 0.9886883171237245 0.27642408337227514 0.9886883171237245 0.27642408337227514 0.9337432238520408 0.21881998217999685 0.9337432238520408
0 0.27491589283481205 0.9234330157844388 0.2741958373920598 0.878953707948023 0.24402176841729412 0.8796703105070153 0.24474182386004634 0.9241496806242028
0 0.6779605701578296 0.9630277049784758 0.6280516035534699 0.9605603276466836 0.6268636033428548 0.9958144830197704 0.6767725699472146 0.9982818603515625
0 0.592545751171546 0.956941254284917 0.5601434362165648 0.9586855518574617 0.5615643675626579 0.9974097427056761 0.593966682517639 0.9956654451331314
0 0.44666941384859415 0.9571275360730229 0.4082814628774616 0.9562158701371174 0.4076148067689685 0.997395978655134 0.4460027577401011 0.9983077068718113
0 0.5205731669090933 0.9971456722337373 0.5212931966420071 0.9570270149075255 0.4981998485382003 0.9564189677335778 0.4974798188052864 0.9965375627790178
0 0.4754676722435762 0.44062661930006375 0.42426370108137634 0.43789043815768497 0.42259448982630843 0.4837170659279337 0.4737984866983467 0.4864532470703125
0 0.42547468588747894 0.46452991719148595 0.449956416682024 0.46452991719148595 0.449956416682024 0.44185417330994897 0.42547468588747894 0.44185417330994897
0 0.47157324876921863 0.3994450160435268 0.41614417419176497 0.39716915208466197 0.4150664691876843 0.4356766058474171 0.47049554376513797 0.4379524075255102
0 0.4771555745511268 0.34929865623007017 0.41830922538930865 0.3465573680644133 0.4168340719941291 0.3930141526825574 0.4756804468657856 0.3957554408482143
0 0.23099605878461985 0.33850359235491073 0.23027600334186762 0.38211078254544006 0.24834207536396904 0.38254842952806123 0.24906213080672124 0.3389412393375319
0 0.05138650780077631 0.492218017578125 0.10034935556747578 0.4904476866430166 0.09940957741869932 0.452315599091199 0.05044673286572965 0.45408593002630737
0 0.10073157087935052 0.4976713842275191 0.13241383039157936 0.4976713842275191 0.13241383039157936 0.4732513427734375 0.10073157087935052 0.4732513427734375
0 0.13097371950607492 0.4959270866549745 0.15977577010221408 0.4959270866549745 0.15977577010221408 0.4514477788185587 0.13097371950607492 0.4514477788185587
0 0.10184139389899366 0.44950455646125637 0.10112134488370103 0.40153665347975126 0.05248813580944444 0.4026076959103954 0.05320818803846685 0.4505755988919005
0 0.12336972629511768 0.4354658477160395 0.12105235716025169 0.3971055011360013 0.09708529876477597 0.39922958685427296 0.09940266789964196 0.43758993343431124
0 0.17273670379715803 0.44272629095583543 0.17273670379715803 0.40435199348294004 0.13601408189550204 0.40435199348294004 0.13601408189550204 0.44272629095583543
0 0.18569762463718276 0.4976713842275191 0.18569762463718276 0.4505755988919005 0.1640960899038082 0.4505755988919005 0.1640960899038082 0.4976713842275191
0 0.2284543070355281 0.49613473074776787 0.22918978838129211 0.4498108532963967 0.20082747886034252 0.4491501788703763 0.20009198465965933 0.4954740874621333
0 0.19342354675652906 0.8151561503507653 0.1949136375677917 0.7682304538026148 0.164854427295868 0.7668301329320791 0.16336433648460535 0.8137558294802296
0 0.1922796132088511 0.7708547786790497 0.19155955776609887 0.8127176712970344 0.21809992673724463 0.813387376434949 0.21881998217999685 0.7715244838169643
0 0.03954439556889908 0.8170027129504145 0.03880716274039727 0.774140961316167 0.009267879315756304 0.7748863375916772 0.010005112144258109 0.8177481515066964
0 0.06400895540515414 0.821236684371014 0.06400895540515414 0.8020495356345664 0.03952721496941969 0.8020495356345664 0.03952721496941969 0.821236684371014
0 0.08993080351266322 0.7689080685985331 0.08847190516278236 0.80513286979831 0.11009224021545255 0.8064102484255421 0.11155114499279302 0.7701854472257653
0 0.03880716274039727 0.7566980478714923 0.03880716274039727 0.7157073351801658 0.00856501009651062 0.7157073351801658 0.00856501009651062 0.7566980478714923
0 0.06616078531832482 0.7589971425581952 0.06688916432124381 0.7104744424625319 0.04169569843038352 0.7099195830676021 0.04096731621373473 0.758442345444037
0 0.06688916432124381 0.7096023248166454 0.06688916432124381 0.7566980478714923 0.09281100600129331 0.7566980478714923 0.09281100600129331 0.7096023248166454
0 0.0927932854952085 0.7038488271285076 0.0920732300524563 0.7535610276825574 0.11657270063546493 0.7540816326530613 0.11729275607821714 0.7043694320990115
0 0.11655408671249737 0.7030845797791773 0.11727414215524957 0.7527967803332271 0.13889429081159171 0.7523373350805166 0.13817423536883952 0.7026251345264668
0 0.14174418782826323 0.7005700559032206 0.14249454231551442 0.7514652174346301 0.1684466958949821 0.7509038808394451 0.16769634140773088 0.7000087193080358
0 0.007841028279382437 0.6561061936981823 0.00856501009651062 0.7104744424625319 0.03809104411664286 0.7098976602359693 0.03736706149608223 0.6555294114716199
0 0.03961371893428812 0.6467341208944515 0.038173620903702875 0.7060398646763393 0.06472901084790636 0.7069859095982143 0.0661691088784916 0.6476801035355548
0 0.06681313390177443 0.645458984375 0.06765041335249711 0.7083355339205994 0.09209095698600069 0.7078580272441007 0.09125367753527801 0.644981539979273
0 0.12017725853731176 0.7005373584980867 0.1208973011251448 0.642975850007972 0.09209095698600069 0.6424472108179209 0.09137090797070806 0.7000087193080358
0 0.14178064437904775 0.700404015365912 0.14250069982179997 0.6445868044483418 0.12161306302489205 0.6441915083904656 0.12089300758213985 0.7000087193080358
0 0.14249454231551442 0.6441915083904656 0.14249454231551442 0.6965201241629464 0.16769634140773088 0.6965201241629464 0.16769634140773088 0.6441915083904656
0 0.16986332084315106 0.6986488809390944 0.16914327825531802 0.7501053790656887 0.19289814049994736 0.7505930375079719 0.1936181830877804 0.6991365393813775
0 0.19650583500207325 0.6959881218112245 0.19578577955932103 0.7474446199378189 0.22170017824116733 0.7479766222895409 0.22242023368391955 0.6965201241629464
0 0.1706063223166333 0.6402112065529336 0.16988627972880027 0.6942841198979591 0.1950582939732848 0.6947758888711735 0.19577833656111784 0.640702975526148
0 0.22314489118773695 0.6944416279695472 0.22386494663048914 0.6421130121970663 0.19721844744662226 0.6415750931720344 0.19649839200387004 0.6939037089445153
0 0.043141520113732096 0.6368442457549426 0.041701418869417056 0.5853877476283482 0.011445214995438047 0.5866300621811225 0.012885317043185535 0.6380865603077168
0 0.04387905503283455 0.5808116056481186 0.043159006017541926 0.6340124013472577 0.07264957572596356 0.6345979651626276 0.07336962474125619 0.5813971694634885
0 0.09787284896066435 0.6327492850167411 0.0964112639326756 0.5805250518176021 0.07262808872856005 0.5815014897560586 0.0740896737565488 0.6337257852359693
0 0.12017295213938764 0.6293650724449936 0.12017295213938764 0.5796528718909438 0.09713131294796823 0.5796528718909438 0.09713131294796823 0.6293650724449936
0 0.12091132584196636 0.5773828623246173 0.12019127039921414 0.6323279555963011 0.14753490470494154 0.6328536675900829 0.14825496014769377 0.5779086365991709
0 0.14753490470494154 0.6276207748724489 0.16913643943831613 0.6276207748724489 0.16913643943831613 0.5779086365991709 0.14753490470494154 0.5779086365991709
0 0.06616986089126342 0.766263502471301 0.06472901084790636 0.8203645667251276 0.08776990445401353 0.8212647729990433 0.0892107544973706 0.7671637710259885
0 0.05370925671931767 0.5167510986328125 0.010506181628541377 0.5184953962053571 0.012165266421028016 0.5787807542450574 0.055368341511804316 0.5770364566725128
0 0.08875335719069213 0.574810791015625 0.08514361875641717 0.5125069131656569 0.05895911251283435 0.5147325476821588 0.0625688573745689 0.5770364566725128
0 0.06322356483568739 0.5167838894591039 0.06472901084790636 0.5787807542450574 0.11157652060324742 0.57711181640625 0.11007108101848805 0.5151149827606823
0 0.113160927956508 0.7640248201331313 0.11028071904041833 0.8119927231146364 0.13601408189550204 0.8142595563616072 0.13889429081159171 0.7662916533801021
0 0.1648161324916412 0.813387376434949 0.1648161324916412 0.7628030582350127 0.13889429081159171 0.7628030582350127 0.13889429081159171 0.813387376434949
0 0.0871186613936131 0.8173488071986608 0.0856104965659883 0.8648438745615433 0.11290438233450269 0.8661153987962372 0.11441254716212748 0.8186202691525829
0 0.11437174564866127 0.8172239965322067 0.11365170306082824 0.8695526745854592 0.13961434625434394 0.8700767672791773 0.14033438884217697 0.8177481515066964
0 0.2266974252316765 0.45068571129623725 0.22746059607334668 0.4950549378687022 0.2850696849742655 0.49360124237683356 0.28430653984243365 0.4492320158043686
0 0.048887881091791936 0.3851648447464924 0.09785136839072044 0.3851648447464924 0.09785136839072044 0.33981335698341836 0.048887881091791936 0.33981335698341836
0 0.311643759543492 0.4435507638113839 0.285064697265625 0.4444705885283801 0.28615536002823555 0.49070630754743305 0.31273439659626423 0.4897865139708227
0 0.3376284360684762 0.4880778098592953 0.3376284360684762 0.4444705885283801 0.3124266498311789 0.4444705885283801 0.3124266498311789 0.4880778098592953
0 0.3907033635872999 0.44698785275829084 0.33771548958113945 0.44807571099728954 0.3383484915112284 0.4933106714365434 0.3913363655173889 0.49222287547831634
0 0.11153233824603781 0.5142421177455357 0.11297305331274353 0.5735735212053571 0.13817423536883952 0.572675743881537 0.1367335203021338 0.5133443404217155
0 0.14033438884217697 0.5133699689592633 0.14105899492631765 0.5748061822385204 0.16337603446105597 0.5744200414540817 0.1626514283769153 0.5129837970344387
0 0.18713772266776801 0.5238357232541454 0.18713772266776801 0.5770364566725128 0.2130595643478175 0.5770364566725128 0.2130595643478175 0.5238357232541454
0 0.16523740104797416 0.5733194156568877 0.1904392001401906 0.5715750558035714 0.1878577781105202 0.5168585329639669 0.16265597901830375 0.5186028305365115
0 0.21161946631723225 0.5238357232541454 0.21385069463869655 0.5760846819196429 0.2404215169133714 0.5744200414540817 0.2381902885919071 0.5221710516481983
0 0.23826137629495314 0.5247078409000319 0.23898968459581665 0.5741083884725765 0.2649032734177548 0.5735478615274234 0.2641749651168913 0.5241473762356506
0 0.04479600284515355 0.34008776606345664 0.07552977821459364 0.33719694176498727 0.07247502520592553 0.28955165318080356 0.041741246622755634 0.29244247747927293
0 0.07357793870651129 0.3386815908003826 0.13368303512663227 0.33253684530452804 0.13056621856818001 0.28781015824298467 0.07046111572059946 0.29395496601961096
0 0.13241383039157936 0.3764434191645408 0.13241383039157936 0.341557654555963 0.10001152186405789 0.341557654555963 0.10001152186405789 0.3764434191645408
0 0.17313021858298888 0.3565670714086416 0.17163376458673388 0.30944033252949615 0.13745419278100648 0.311032602738361 0.1389506467772615 0.3581592793367347
0 0.13426829388689976 0.37870526994977677 0.18107162771249077 0.37957744987643494 0.18137731769050786 0.3555119728555485 0.1345739838649168 0.3546397929288903
0 0.18294395954546652 0.3385907854352679 0.18078380607212904 0.37434872997050384 0.20441895045446767 0.3764434191645408 0.20657910392780512 0.3406854746293049
0 0.23225509527860416 0.4436623086734694 0.2329901138472778 0.3991484350087691 0.20442988999068687 0.39845662019690686 0.20369487142201323 0.44297043158083543
0 0.23036038303134215 0.3935661471619898 0.23108043847409435 0.44589476293447067 0.2584228001428233 0.4453427684550383 0.2577027447000711 0.3930141526825574
0 0.2598629110283277 0.44621488610092475 0.28650480815112944 0.44621488610092475 0.28650480815112944 0.39214197275589924 0.2598629110283277 0.39214197275589924
0 0.2871522075906961 0.3946267887037628 0.2849920669722778 0.4425946916852679 0.30018578443390637 0.4435984708824936 0.30234592505232466 0.3956305679009885
0 0.3426687984579033 0.44272629095583543 0.3426687984579033 0.38865343989158163 0.3153068458923494 0.38865343989158163 0.3153068458923494 0.44272629095583543
0 0.392352341199584 0.449703481246014 0.392352341199584 0.3903976751833546 0.34554899451907384 0.3903976751833546 0.34554899451907384 0.449703481246014
0 0.17305082660215484 0.630224609375 0.2011328217555418 0.6310967893016581 0.20225879698113022 0.5779086365991709 0.17417680182774326 0.5770364566725128
0 0.16482127445931183 0.86430072395169 0.1640960899038082 0.8177481515066964 0.14032925972942556 0.818291239835778 0.1410544442849292 0.8648438745615433
0 0.19428909417452084 0.8720831423389669 0.1950582939732848 0.813387376434949 0.16484659865008952 0.812806545958227 0.16407741170624474 0.8715023118622449
0 0.18929787614110546 0.8168759715800382 0.18929787614110546 0.8657160544882015 0.21233952175998447 0.8657160544882015 0.21233952175998447 0.8168759715800382
0 0.2758720160133214 0.8651496731505102 0.27903514884556657 0.8134278589365433 0.24646484580678707 0.8105056451291454 0.24330171297454192 0.8622274593431123
0 0.24188142437440766 0.8075844900948661 0.24114157235612363 0.7636752381616709 0.21808013016171282 0.7642452317841198 0.21881998217999685 0.8081545459980868
0 0.27642408337227514 0.8055381307796556 0.27642408337227514 0.7549538125797194 0.24330171297454192 0.7549538125797194 0.24330171297454192 0.8055381307796556
0 0.24763397499605097 0.7479140923947704 0.24690199018830297 0.6982644217354911 0.22385484266401642 0.6987629170320472 0.22458682747176442 0.7484125876913266
0 0.28125449922171175 0.7518970723054847 0.28203073066126527 0.6954850177375638 0.24690199018830297 0.6947758888711735 0.24612575874874948 0.7511878811583227
0 0.24679958790214301 0.6947936388911033 0.2453355668669703 0.6389358209103954 0.2231163532671651 0.6397901885363521 0.2245804000121762 0.6956480065170599
0 0.24546187930279856 0.6973923040896046 0.27858422399069344 0.6973923040896046 0.27858422399069344 0.6389586156728316 0.24546187930279856 0.6389586156728316
0 0.22378997674185183 0.5788061025191327 0.2014683994206442 0.5779339848732462 0.20009864350779274 0.6293650724449936 0.22242023368391955 0.6302371900908801
0 0.22381972302482625 0.5783955476721939 0.22453977846757844 0.6315962810905612 0.24906213080672124 0.6311093700175383 0.24834207536396904 0.5779086365991709
0 0.275704027929523 0.6267486572265625 0.275704027929523 0.5752921590999681 0.24906213080672124 0.5752921590999681 0.24906213080672124 0.6267486572265625
0 0.26998040087602676 0.5784280582350128 0.27330463155539175 0.6254029565927933 0.3063079396917123 0.6219766422193878 0.3029837090123473 0.5750017438616072
0 0.2641620587780381 0.5142693344427615 0.2656233031506687 0.572675743881537 0.2901261931421783 0.571776347257653 0.2886649487695477 0.5133699689592633
0 0.11009224021545255 0.9328711062061543 0.14064290690241285 0.9318710015744579 0.1394950268945477 0.8804285166214924 0.10894436020758741 0.8814286212531888
0 0.1667262834968342 0.9317874830596301 0.1652411418294545 0.878721587511958 0.1388492471747973 0.8798052106584822 0.14033438884217697 0.9328711062061543
0 0.1842455586768442 0.8740361427774235 0.1547234526379528 0.8810132707868303 0.16265597901830375 0.9302546909877232 0.19217808505719514 0.9232775006975447
0 0.08705060102403314 0.9372318189971302 0.08705060102403314 0.8831589056521046 0.06112875291652406 0.8831589056521046 0.06112875291652406 0.9372318189971302
0 0.0323267023203849 0.9372318189971302 0.056808445969849145 0.9372318189971302 0.056808445969849145 0.88141460807956 0.0323267023203849 0.88141460807956
0 0.11009224021545255 0.934615403778699 0.11009224021545255 0.88141460807956 0.08705060102403314 0.88141460807956 0.08705060102403314 0.934615403778699
0 0.24302715761077032 0.8770410654496174 0.21278500898404593 0.8779131830955038 0.21377961979056972 0.9285103934151786 0.24402176841729412 0.9276382134885204
0 0.19072910427745893 0.9265729008888711 0.2166509716673468 0.9248286033163265 0.21449967523332192 0.8779260752152424 0.18857782069835324 0.8796703105070153
0 0.4205407108091565 0.3464981390505421 0.47798116888031805 0.3464981390505421 0.47798116888031805 0.30707328952088647 0.4205407108091565 0.30707328952088647
0 0.08068469078880253 0.23170222068319515 0.033633327725160596 0.23291482730787627 0.034345949810898994 0.27348084741709183 0.08139730966081113 0.2722682407924107
0 0.013670827324087115 0.27460576271524234 0.013670827324087115 0.23518091318558673 0.00026805544461938846 0.23518091318558673 0.00026805544461938846 0.27460576271524234
0 0.03152155052641408 0.2819912034638074 0.033657160745313816 0.23543065908003827 0.01759150697086273 0.23434958944515305 0.015455898358827895 0.28091019610969387
0 0.0005748681190542143 0.23234147052375637 0.024346080866800002 0.23108962701291455 0.02357479696426456 0.20960288534359056 -0.00019641513069236388 0.2108547288544324
0 -3.353672662299525e-05 0.17710907605229592 0.0006990378005422256 0.20905232332190687 0.02053038413120903 0.2083851094148597 0.019797809604043808 0.17644186214524873
0 0.02053038413120903 0.2057231669523278 0.0461704700858832 0.2057231669523278 0.0461704700858832 0.17466723383689414 0.02053038413120903 0.17466723383689414
0 0.06534069289454113 0.21963899573501275 0.06241040121333983 0.1841465541294643 0.04543789716558288 0.18620231784119898 0.048368192060513966 0.22169475944674744
0 0.0836109460253824 0.21873723244180485 0.0813175320324018 0.1844772650271046 0.06375224266919953 0.18620231784119898 0.06604565666218012 0.22046228525589923
0 0.0985491912507569 0.21813248614875638 0.09769440982757542 0.18293145627391583 0.08060144233221554 0.1835403753786671 0.08145621732793742 0.21874140525350766
0 0.013937218207316733 0.10013309400908801 0.013937218207316733 0.0486690599091199 0.0007508882676842038 0.0486690599091199 0.0007508882676842038 0.10013309400908801
0 0.01805844744816485 0.06450550312898597 0.023919040451756825 0.10532182965959822 0.052763636009775496 0.09924577985491072 0.046903043006183524 0.05842945332429847
0 0.055944794652435896 0.10946754922672194 0.057891652879337355 0.15780832718829718 0.0957346324069016 0.15557238520408162 0.09378777418000013 0.10723160724250638
0 0.08695976816513203 0.04042962521922831 0.053950778154535466 0.044330269949776784 0.05889965851164306 0.10577068718112245 0.09190864852223962 0.10187010473134567
0 0.12382329926334114 0.046894431600765306 0.09012490636476872 0.046894431600765306 0.09012490636476872 0.10545697893415179 0.12382329926334114 0.10545697893415179
0 0.12153211559883767 0.1035324408083546 0.09452035031403025 0.10545697893415179 0.09667513685861152 0.14982561383928572 0.12368689571595935 0.1479010757134885
0 0.08429646030030737 0.21492222377232142 0.08353174044087643 0.27049691336495535 0.11133740625164543 0.27105824996014033 0.11210211968361679 0.21548356036750638
0 0.15740385754528222 0.26625521912866706 0.15484035527294387 0.19328793895487884 0.11255233751793518 0.19546751684072067 0.11511582693535435 0.26843479701450895
0 0.11557452901632924 0.20677016900510203 0.11084209336085589 0.16664596869021045 0.09525292002060078 0.16934341119260204 0.09998534924861455 0.20946761150749363
0 0.11649756363287832 0.19063888861208547 0.13847478337918598 0.19063888861208547 0.13847478337918598 0.16135758380500637 0.11649756363287832 0.16135758380500637
0 0.1472006639514335 0.23699708276865433 0.15019596295891033 0.2678349709024235 0.16634759043281383 0.265533447265625 0.16335229142533697 0.23469549685108418
0 0.13920735951321608 0.17377991968271683 0.14289425317238838 0.22290207220583547 0.16997545430312763 0.21992013113839284 0.16628856064395536 0.17079797861527424
0 0.2285813650566686 0.2829192492426658 0.22934682407395218 0.33669265435666457 0.25495402875223777 0.3361579116509885 0.2541885697349542 0.2823845065369898
0 0.2094200410658106 0.33589060257892217 0.20722232551863942 0.31370781100526146 0.18096407060374106 0.317524376694037 0.18316178615091222 0.3397071682676977
0 0.1860920906870327 0.32551020408163267 0.22931394119069873 0.32551020408163267 0.22931394119069873 0.2838065633968431 0.1860920906870327 0.2838065633968431
0 0.13700963111112574 0.3343833456234056 0.16851031488998658 0.3343833456234056 0.16851031488998658 0.2891304483219069 0.13700963111112574 0.2891304483219069
0 0.16628502554118182 0.28802901287468113 0.16701760167521193 0.3173102554009885 0.1853595145530026 0.3166370625398597 0.18462693841897246 0.2873558200135523
0 0.20661981545683708 0.2084181805046237 0.20438321377915702 0.16146159269371813 0.16777773875595645 0.16401952626753827 0.17001434043363653 0.2109760517976722
0 0.18860752841657014 0.27026535345583547 0.21864307278228992 0.27292729591836734 0.22125562942620577 0.22968058683434311 0.19122009791540517 0.2270186443718112
0 0.19033178443555182 0.2144497618383291 0.1658827822652301 0.21547091737085458 0.16727485431777195 0.26436792490433675 0.19172385648809367 0.26334676937181123
0 0.21394718366203533 0.16350334323182397 0.21321460752800522 0.22295320471938776 0.24176770975937237 0.22346938775510203 0.24250028589340247 0.16401952626753827
0 0.21686019833186343 0.21903281698421556 0.21686019833186343 0.1808784329161352 0.18975495850226412 0.1808784329161352 0.18975495850226412 0.21903281698421556
0 0.2461631408537147 0.26694765674824616 0.24391723221455086 0.22160955935108417 0.2183253248900853 0.22346938775510203 0.22057123352924915 0.26880748515226405
0 0.2696055000131634 0.21992013113839284 0.26886634216051497 0.1617262859733737 0.24103513362534226 0.16224489795918368 0.24177429147799073 0.2204387431242028
0 0.27045641853313235 0.2674732441804847 0.2696247309722515 0.22012727698501275 0.24323283631759424 0.22080744529257015 0.24406452387847516 0.26815335020727044
0 0.2696055000131634 0.26606034259406885 0.2945130114406724 0.26606034259406885 0.2945130114406724 0.21814550283003825 0.2696055000131634 0.21814550283003825
0 0.2688729238791333 0.21548356036750638 0.2937804353066423 0.21548356036750638 0.2937804353066423 0.16668146873007014 0.2688729238791333 0.16668146873007014
0 0.3223508274043018 0.27138422751913266 0.32387125582482096 0.22902763522401148 0.29602238463069974 0.22756104761240434 0.2945019562101806 0.2699176399075255
0 0.3226445880173231 0.2205864108338648 0.32024799401557236 0.16930342693718112 0.2937804353066423 0.17111803950095664 0.296177029308393 0.2224010233976403
0 0.347014506724871 0.2636031170280612 0.3448167783227806 0.2174629055723852 0.3223508274043018 0.21903281698421556 0.3245485558063922 0.2651730284398916
0 0.31942052286818134 0.16756878288424745 0.32193412234427654 0.2243996133609694 0.3474616779433446 0.2227431939572704 0.3449481041770877 0.16591236348054847
0 0.3452316322744445 0.2753823416573661 0.39879705208936655 0.273940541792889 0.39775061024872316 0.21690474529655612 0.34418521614363945 0.21834654516103316
0 0.3897476260563658 0.21725818867586097 0.3897476260563658 0.16579415457589286 0.3479909149658409 0.16579415457589286 0.3479909149658409 0.21725818867586097
0 0.1355444916979847 0.1027950364716199 0.13479484423128818 0.1518268195950255 0.16411487094072505 0.1524844422632334 0.16486451840742156 0.1034526591398278
0 0.189697047091374 0.15107826700015944 0.1889644709573439 0.09961417061941964 0.16411487094072505 0.10013309400908801 0.16484744707475515 0.1515971903898278
0 0.2351745245531013 0.1498225620814732 0.2351745245531013 0.06996453732860332 0.20001098581392823 0.06996453732860332 0.20001098581392823 0.1498225620814732
0 0.16500152613600463 0.040057933573820155 0.16335896312838957 0.09874853017378826 0.19708069413272694 0.10013309400908801 0.19872325714034197 0.0414424974091199
0 0.15796209526544072 0.10339006696428571 0.160187641712629 0.03465084153778699 0.1289791502466499 0.03316849689094388 0.12675360379946163 0.1019077223174426
0 0.4483535625197452 0.9555013228435906 0.4483535625197452 0.9980922776825574 0.47692392890756635 0.9980922776825574 0.47692392890756635 0.9555013228435906
0 0.47692392890756635 0.9546140086894133 0.4754362548211089 0.9969583939532844 0.49743600924073295 0.9980922776825574 0.4989236833271904 0.9557478924186862
0 0.5216109188243734 0.9972049635283801 0.5633676556247368 0.9972049635283801 0.5633676556247368 0.9572759511519452 0.5216109188243734 0.9572759511519452
0 0.4190505942880555 0.2367790377869898 0.4190505942880555 0.3051020408163265 0.4754587766395061 0.3051020408163265 0.4754587766395061 0.2367790377869898
0 0.5275171371498526 0.508292902732382 0.57440185546875 0.5047436461156728 0.5721585178134214 0.46126883370535715 0.525273799494524 0.46481809032206634
0 0.5743489446214195 0.4247120759925064 0.5274715278966143 0.4275510204081633 0.5289439817587669 0.46322046396683675 0.5758213984835721 0.46038151955117984
0 0.5780191268856624 0.38496006556919643 0.5294407472554233 0.38404067681760207 0.5289366801646747 0.4231144496372768 0.5775150597949137 0.42403383838887115
0 0.48967441472067186 0.41307734275350766 0.5277682708508846 0.4104154002909758 0.5260063756285541 0.3734250438456633 0.4879125194983414 0.37608698630819515
0 0.4857610688052864 0.37594772650271047 0.5272368484921283 0.3748313436702806 0.5267389517625842 0.3476929956552934 0.48526317207574243 0.3488093784877232
0 0.5270045858124474 0.3789444903938138 0.5755659455296968 0.382801476303412 0.5774980913016007 0.3471134107940051 0.5289366801646747 0.3432564248844069
0 0.5779320733729991 0.30004403250558037 0.5270293700966197 0.2988807522520727 0.5263838988949294 0.3403185163225446 0.5772865507516323 0.3414817965760523
0 0.5831306026879739 0.24341181540975765 0.5296692562987048 0.240328294403699 0.5273704368122104 0.29880053461814415 0.5808317317818029 0.30188399334343113
0 0.44818403184564554 0.22342884297273596 0.5577720121465617 0.22157237773038904 0.5572089666866312 0.1728107685945472 0.447620986385715 0.17466723383689414
0 0.6241712690705297 0.9972049635283801 0.6241712690705297 0.953726694535236 0.5948683265486784 0.953726694535236 0.5948683265486784 0.9972049635283801
0 0.6119516914194134 0.5646551638233418 0.6706057052805129 0.5581967100805166 0.6681257342729834 0.5251552659638073 0.6094717718315606 0.5316137197066326
0 0.6636961348034699 0.5036675278021365 0.6128937513163437 0.5045592950314891 0.6131826784797546 0.5287045225805166 0.663985010547204 0.5278127242107781
0 0.6016137654176759 0.5068276852977519 0.6543904588116048 0.5059012588189573 0.6540895508635215 0.4807531862842793 0.6013128574695925 0.4816796439034598
0 0.6543778095711352 0.5106570185447226 0.674157262350595 0.506220478914222 0.6695908351213669 0.4763531743263712 0.6498113823419072 0.4807897139568718
0 0.6051363217900958 0.45614113321109695 0.6066014740581561 0.4800985219527264 0.6483462300738468 0.4763531743263712 0.6468810778057866 0.45239575444435587
0 0.6131826784797546 0.4577196393694196 0.6599357110066081 0.4532253343231824 0.6586022445305918 0.43287490533322703 0.6118492120037384 0.4373692103794643
0 0.597557267122341 0.378416785415338 0.6057017325551548 0.44352429448341835 0.6667467099634057 0.43232135383450254 0.6586022445305918 0.3672138447664222
0 0.5984747484138058 0.29770956234056123 0.595142959041965 0.3676597128109056 0.6501424736402169 0.37150287238919005 0.653474211592381 0.30155278419961734
0 0.6493815138446452 0.2557762301698023 0.5960022332593987 0.26528419961734695 0.6007289356209193 0.3042147266621492 0.6541082162061658 0.2947066949338329
0 0.6513129397410752 0.29198514977279977 0.6834176890269588 0.283096811722736 0.6755383948669177 0.2413436578244579 0.6434335941613574 0.25023193359375
0 0.7457785473817923 0.5943655831473215 0.7400926109513216 0.5304154376594388 0.6937453825130317 0.5364609076052296 0.6994313703631793 0.6004111153738839
0 0.2812131835114785 0.8856359365035077 0.3229698946020035 0.891847073301977 0.3282114107667044 0.8401508564851722 0.2864546996761794 0.8339396574059311
0 0.6840234642382319 0.4762600645727041 0.6879580464800968 0.5353541782924107 0.7233404402182498 0.5318980937101403 0.7194058579763848 0.472803917709662
0 0.7521392642296757 0.528990142199458 0.7506363699189132 0.473469200912787 0.7208490026228148 0.4746521618901467 0.7223518969335773 0.5301730408960459
0 0.699626405196925 0.43997335628587375 0.6781706195371735 0.44197244449537626 0.6803683479392639 0.4765776030871333 0.7018241335990154 0.4745785460180166
0 0.7253261138736047 0.47059295031489157 0.7226639629515059 0.4372730488679847 0.7001414760984889 0.43991300621811225 0.7028036270205876 0.47323290766501913
0 0.7219914964195451 0.3696498948700574 0.6688582589873368 0.3796361806441326 0.6768867730491785 0.44230433872767855 0.7300200104813869 0.4323180529536033
0 0.7101383353846357 0.3754593206911671 0.7079406069825452 0.34529076401068237 0.6688582589873368 0.34946762396364794 0.6710559873894272 0.3796361806441326
0 0.6636679054009583 0.3061301717952806 0.6720890086944503 0.35249316157126914 0.6992566463017323 0.345253831513074 0.6908354915885636 0.29889084173708547
0 0.7320627599778854 0.528502421476403 0.7374519020344092 0.593776967574139 0.7650865845652116 0.5904298120615433 0.7596974425086879 0.5251552659638073
0 0.7929557922414701 0.5201828314333546 0.7569005720336194 0.5282039720184949 0.7661315352352306 0.5890770737005739 0.8021867554430813 0.5810559331154337
0 0.7949568917998368 0.582001728914222 0.8437363223659962 0.5728336879185267 0.8370914603846357 0.5209662612603635 0.7883120298184761 0.5301343022560586
0 0.7547182181148642 0.5241283183195153 0.7854863129047757 0.5214664069973692 0.7824072512439448 0.46925466109295283 0.7516391564540332 0.4719166035554847
0 0.7320914007378106 0.43071575554049746 0.7306262484697504 0.472419396225287 0.7553019857045071 0.47369123186383927 0.7567671379725674 0.4319875911790497
0 0.72424753473502 0.37524582220583547 0.7266503248078138 0.43442164829799107 0.7583984272160647 0.43253043038504463 0.7559956885629475 0.373354604292889
0 0.7665716876678338 0.374150427993463 0.7642711713320082 0.29195052166374363 0.7302889868102359 0.2933457355110013 0.7325895031460615 0.37554570412149235
0 0.6999767274543228 0.2850934087013712 0.7071302842973357 0.3793205416932398 0.7354694678186868 0.3761642144650829 0.7283158595559973 0.2819370814732143
0 0.59934790594395 0.2706428994937819 0.6205925109914701 0.2688682711854273 0.6183106599982887 0.2287932726801658 0.5970660549507687 0.2305679009885204
0 0.5957066729576928 0.1872959059111926 0.6126340305293018 0.23923632563376912 0.6307644542768007 0.2305679009885204 0.6138370967051917 0.17862748126594388
0 0.6497242259898904 0.22623203822544644 0.6339798809202559 0.16425457389987244 0.6131826784797546 0.17200535365513392 0.628927074969066 0.2339828179807079
0 0.6923006438566238 0.2083851094148597 0.7413830905776116 0.2083851094148597 0.7413830905776116 0.17200535365513392 0.6923006438566238 0.17200535365513392
0 0.6658829108144219 0.1978328782684949 0.658799490410436 0.16637429996412628 0.6417530448675758 0.17200535365513392 0.6488365166912384 0.20346393195950255
0 0.7196090685387269 0.25981196189413264 0.8107345568199769 0.25619319993622447 0.8084791869602991 0.17287547831632652 0.7173536986790491 0.1764942402742347
0 0.8453452440501263 0.23842978964046557 0.8445716864337616 0.1719071368781888 0.8094976564968145 0.17250553053252551 0.8102712141131793 0.23902812101403062
0 0.8798395171322135 0.25363800671635844 0.8886209695200611 0.1749294981664541 0.8475937236731256 0.1682141362404337 0.838812271285278 0.2469227070711097
0 0.9231548357532119 0.26931476203762755 0.9281894391388479 0.17377991968271683 0.8858725878001263 0.17050831074617348 0.8808379844144903 0.2660431531010842
0 0.6907640182379423 0.6060088488520409 0.6935692701203138 0.6365886454679528 0.7273391427969671 0.6320438307158801 0.7245338909145956 0.6014640963807398
0 0.7285564008036278 0.6361952178332271 0.7800670389177022 0.6264466577646683 0.7758140660376738 0.5934782689931442 0.7243034279235994 0.6032268913424745
0 0.8087798892296757 0.6280833964445153 0.8087798892296757 0.5925909548389668 0.7860701319140954 0.5925909548389668 0.7860701319140954 0.6280833964445153
0 0.7985238747729307 0.43021296287069516 0.7596974425086879 0.43021296287069516 0.7596974425086879 0.4665927186304209 0.7985238747729307 0.4665927186304209
0 0.7590492460641323 0.4275470967195472 0.797143102194345 0.4257724684111926 0.7955935702368102 0.37697423818160075 0.7574997141065976 0.37874886648995537
0 0.79412841796875 0.37608698630819515 0.7924988769942607 0.30503365652901787 0.7640928993128686 0.30598935497050384 0.7657224402873578 0.3770426847496811
0 0.8153022181214459 0.5217506875797194 0.8130964682497894 0.4709876858458227 0.7846049796460351 0.472803917709662 0.7868107295176917 0.5235669194435587
0 0.703389605656329 0.9584306989397321 0.6777575652741944 0.9572808090521365 0.6765442665826401 0.9969582071109694 0.7021763069647746 0.9981080969985651
0 0.743580818979702 0.9980922776825574 0.7395950741595145 0.9582644092793368 0.7020527969013268 0.9637762575733418 0.7060385417215144 1.0036040636957908
0 0.8144538962951506 0.4782533295300542 0.8160130437322294 0.5216880642637914 0.8512692021640691 0.5198314121791294 0.8497100547269903 0.4763966463050064
0 0.8472749730972251 0.6068122708067603 0.8084485408329823 0.6076995226801658 0.8087798892296757 0.6289707105986926 0.8476063214939185 0.6280833964445153
0 0.8841297692778538 0.5897039919483419 0.8450164666372684 0.5885196607940051 0.8441672192567923 0.6296651412029656 0.8832805218973778 0.630849534638074
0 0.9038461301139954 0.6290899782764668 0.8988864966169966 0.5890416982222576 0.8805453036146799 0.5923739686304209 0.8855049371116785 0.6324223732461735
0 0.9043729761215249 0.5144172512755102 0.8431054029328138 0.5022739955357143 0.8328357108420651 0.5782896703603316 0.8941032326110994 0.5904329261001275
0 0.8105620438046283 0.4877086405851403 0.8422492138959825 0.49038634008290816 0.8441299399911805 0.4577353964046556 0.8124427698998262 0.45505769690688774
0 0.8230783129903381 0.3750932965959821 0.790952841574742 0.3769462118343431 0.7922654830816923 0.4103348089724171 0.824391005916965 0.4084818314532844
0 0.8262771824978938 0.4603180554448342 0.820305146986231 0.4087795335419324 0.7933958418347199 0.4133540562220982 0.7993678773463827 0.4648925158442283
0 0.8952236673665227 0.5863797557597258 0.9208636777985467 0.5863797557597258 0.9208636777985467 0.5402396065848214 0.8952236673665227 0.5402396065848214
0 0.889951505074505 0.47758904281927617 0.891641772687184 0.5359396175462372 0.9157356962800126 0.5349157216597576 0.9140453258279801 0.47656508465202485
0 0.8591907632983624 0.420679894272162 0.9298889622933341 0.43633292061941964 0.9384455050152696 0.3796361806441326 0.8677472546006213 0.363983154296875
0 0.8503375290418334 0.3710528938137755 0.8435704424889428 0.43115969288105865 0.8686117222054023 0.43529569664779977 0.8753787573386163 0.3751888975805166
0 0.8369955112679023 0.3415156773158482 0.8106588156361889 0.33915274483816965 0.8087798892296757 0.3698757872289541 0.835116584861389 0.37223871970663264
0 0.8403556328816081 0.34692625707509567 0.834409512887005 0.29051021653778697 0.7929849986178391 0.2969154825015944 0.798931118612442 0.3533314607581314
0 0.8412434964392902 0.3727047044403699 0.9723386820766639 0.3922951211734694 0.9772363034435552 0.34421330666055483 0.8461411692258582 0.32462288992745536
0 0.9353812008016533 0.2291850187340561 0.9847871801284751 0.2249107516541773 0.9816673426640165 0.17200535365513392 0.9322613633371946 0.17627962073501274
0 0.933402777320714 0.6358136235451212 0.9326062865285384 0.5885341722138074 0.9120728670295387 0.5890416982222576 0.9128694606610678 0.6363211495535714
0 0.9421083342657435 0.5828305614237883 0.9836914268178707 0.5771286322146046 0.9811530430576032 0.5499700429488201 0.939569950505476 0.5556719098772321
0 0.9406706401050442 0.5747051628268495 0.939178029729623 0.5340284075055803 0.9201036949768323 0.535055230588329 0.9215963053522536 0.5757320481903699
0 0.9362571864140165 0.4988621614417251 0.9355152004791492 0.5429014867665817 0.9582155479938922 0.5434626365194515 0.9589575339287595 0.49942324891382334
0 0.9845976472001369 0.5517746283083546 0.9845976472001369 0.5047471026985013 0.9618878384648799 0.5047471026985013 0.9618878384648799 0.5517746283083546
0 0.9256872548309815 0.5882781359614159 0.9362247920176917 0.6377364800900829 0.9518446500500211 0.6328541658362564 0.9413072157026643 0.5833958217075893
0 0.9465844171229991 0.6333462462133291 0.9905290097475252 0.6250868816764987 0.98386501964643 0.573070105727838 0.9399204270219039 0.5813294702646684
0 0.5835338357927022 0.19183947504783164 0.6113716260464933 0.18917759486607144 0.6102523739436342 0.17200535365513392 0.5824145836898431 0.17466723383689414
0 0.8940679587128791 0.48223188750597895 0.9389157893784225 0.4854911337093431 0.9415366503001263 0.4325849260602679 0.8966887167952295 0.42932564871651785
0 0.8780071255331192 0.43577021384725767 0.8487202259504002 0.43203623246173467 0.8468055114488995 0.4540683045679209 0.8760923596119419 0.45780228595344385
0 0.9960256703480412 0.4232921366788903 1.0019794518744736 0.34156494140625 0.9422015067199347 0.3351761175661671 0.9362477251935025 0.4169033128388074
0 0.9833350884582982 0.4699608004823023 0.9165820641585931 0.46723545619419643 0.9157356962800126 0.49764862060546877 0.9824887205797178 0.5003739960339605
0 0.9397235924994735 0.5310088488520408 0.9413758095513901 0.49498667814293684 0.9203182178680497 0.49356969716597576 0.9186660008161331 0.5295918367346939
0 0.6155211425369893 0.1808349609375 0.5965320101885004 0.13306554677535076 0.56960614790109 0.1487682108976403 0.5885952802495787 0.19653768734056123
0 0.6377917758135004 0.1767707046197385 0.6323405702071925 0.15036016970264668 0.6095445820937764 0.15726293447066325 0.6149957877000842 0.1836734693877551
0 0.6325189450656855 0.1514285963408801 0.626031992911489 0.12785713040098853 0.6030328456554075 0.1371428820551658 0.6095197978096041 0.16071428571428573
0 0.5816073976049126 0.11022855797592475 0.5867835079408436 0.1447101826570472 0.6047986487731677 0.1407428352200255 0.5996225898569134 0.10626121053890306
0 0.5669755686604886 0.1469387755102041 0.5869963854024063 0.1408763651945153 0.5809505112349936 0.11158465949856505 0.5609296944930761 0.11764706981425382
0 0.5763704063717618 0.10261006257971939 0.5473716112376263 0.04289912009725765 0.5090450810703191 0.07020618672273597 0.5380438762044545 0.1299171292051977
0 0.5225234124071978 0.17863146723533163 0.4971009586273168 0.1273109280333227 0.4533673409363153 0.15909361547353315 0.478789846135873 0.2104141546755421
0 0.49434321852622154 0.07132786342075893 0.42134568584798865 0.12573796486367986 0.4786763629093829 0.2385784538424745 0.5516738955876158 0.18416835239955356
0 0.4604818188250316 0.029031994878029335 0.485011061400853 0.08515170350366709 0.5100935796980307 0.06906781877790179 0.48556433712220937 0.012948172433035714
0 0.5113084209798863 0.11773943219866072 0.5288056628284278 0.10361066545758929 0.5091050364133582 0.06781790597098214 0.4916077945648168 0.08194661043128189
0 0.5958482313276643 0.060983525490274235 0.5829031220382266 -0.008702928192761479 0.5496858566271324 0.00034964425223214286 0.5626309659165701 0.07003603565449618
0 0.5324347093513058 0.12346938775510204 0.6470092670598147 0.12346938775510204 0.6470092670598147 0.0 0.5324347093513058 0.0
0 0.7366073852641902 0.09225688077965562 0.6864562319825452 0.10744298818160077 0.6974082117635056 0.1605042126713967 0.7475593650451506 0.14531810526945152
0 0.7043289403103938 0.2104003283442283 0.7566586938743944 0.19772370007573342 0.7479100472402854 0.14474094935825893 0.6955803450959614 0.15741757762675382
0 0.7890924776715196 0.15286690848214285 0.7753920647509478 0.09597224021444516 0.7420387428752896 0.10775507712850765 0.7557391557958614 0.16464980767697704
0 0.8407750631844987 0.17551020408163265 0.8407750631844987 0.11836734693877551 0.7910699241786016 0.11836734693877551 0.7910699241786016 0.17551020408163265
0 0.8694187026116259 0.17755102040816326 0.8955349620893007 0.17755102040816326 0.8955349620893007 0.12959183673469388 0.8694187026116259 0.12959183673469388
0 0.9233361415332771 0.1663265306122449 0.9233361415332771 0.12244897959183673 0.8955349620893007 0.12244897959183673 0.8955349620893007 0.1663265306122449
0 0.8542544229149115 0.16224489795918368 0.8711036225779275 0.16224489795918368 0.8711036225779275 0.1306122448979592 0.8542544229149115 0.1306122448979592
0 0.8544488407125369 0.11310829629703444 0.8485127475548916 0.05558870276626276 0.8121184659988416 0.06109893176020408 0.818054559156487 0.11861852529097576
0 0.8212002607183287 0.11026412029655612 0.8105951580764269 0.058883542430644135 0.7745180845059761 0.06980790118781888 0.7851231357282014 0.12118847905373087
0 0.7339893010050285 0.07587604133450256 0.7684824428542281 0.06393918407206632 0.7557978770666597 0.010165592115752551 0.7213046837977832 0.022102449378188775
0 0.7235562486013848 0.0011206802056760205 0.6687330520745577 0.011336532904177295 0.6812384717084825 0.10979122239716199 0.7360616682353096 0.09957530741788903
0 0.6468407647792491 0.08816329021843113 0.6394271272114574 0.061224489795918366 0.6197135430378581 0.06918366101323342 0.6271272320253265 0.09612246143574617
0 0.6514197898292702 0.10810322664221939 0.6470588356281592 0.08697478625239158 0.6357599272884635 0.09039618044483419 0.6401209329092513 0.11152462083466198
0 0.6256985363080507 0.11866318060427296 0.6339984948432235 0.14279075155452806 0.6577468782085878 0.13080543985172194 0.6494469196734152 0.10667793118223852
0 0.7737287410488627 0.021722474390146684 0.7808188460108203 0.06895509058115434 0.8107699849772273 0.062359183175223216 0.8036798800152696 0.015126504703443877
0 0.8113935513966407 0.0296295166015625 0.816813031062421 0.06682645836654974 0.8383437866108098 0.06222434530452806 0.8329243583647062 0.025027403539540815
0 0.8458298230834035 0.025510204081632654 0.8458298230834035 0.0 0.806234203875316 0.0 0.806234203875316 0.025510204081632654
0 0.8979581657737469 0.11967175542091837 0.8959866325294861 0.06713655432876275 0.860408741180497 0.06909528459821429 0.8623802744247578 0.12163054797114158
0 0.8946925021061499 0.07142857142857142 0.8946925021061499 0.0336734693877551 0.8593091828138163 0.0336734693877551 0.8593091828138163 0.07142857142857142
0 0.8932797979083298 0.031208770129145406 0.8896247844487153 -0.00420719068877551 0.8609033984704086 0.0001413150709502551 0.8645583090906698 0.03555727588887117
0 0.9208087615838247 0.12142857142857143 0.9208087615838247 0.09387755102040816 0.8980623420387531 0.09387755102040816 0.8980623420387531 0.12142857142857143
0 0.8971550932629528 0.07998433015784438 0.9318903189500842 0.07472527951610332 0.9279761503198716 0.03679747289540816 0.8932409246327401 0.04205652353714923
0 0.9309182813816343 0.04183673469387755 0.9309182813816343 0.0 0.8913226621735467 0.0 0.8913226621735467 0.04183673469387755
0 0.9991575400168492 0.17142857142857143 0.9991575400168492 0.11734693877551021 0.9435551811288964 0.11734693877551021 0.9435551811288964 0.17142857142857143
0 0.9991575400168492 0.12346938775510204 0.9991575400168492 0.03979591836734694 0.9401853411962932 0.03979591836734694 0.9401853411962932 0.12346938775510204
0 0.9915456795953559 0.004549797213807398 0.9440011954046441 0.00012007732780612245 0.9398483366351622 0.06551021653778699 0.9873928208258741 0.06993999870455996
0 0.9297985665016849 0.22335267358896685 0.9254024926613837 0.2619567248286033 0.9466694652682709 0.2655097182916135 0.9510655391085721 0.22690566705197704
0 0.7531592249368155 0.02142857142857143 0.7531592249368155 0.0 0.7194608256107835 0.0 0.7194608256107835 0.02142857142857143
0 0.2741680193469619 0.14017439861686862 0.2679899966104149 0.06126285475127551 0.23574839385497842 0.06496600715481506 0.2419264165915254 0.14387755102040817
0 0.23973879215590774 0.03727236377949617 0.23917713502724833 0.09373492805325255 0.2722549759849542 0.0942176663145727 0.27281663311361365 0.03775510204081633
0 0.19811851032260294 0.06700682348134566 0.22283066554338668 0.06700682348134566 0.22283066554338668 0.03639457858338648 0.19811851032260294 0.03639457858338648
0 0.2986520640269587 0.15272110919563137 0.2986520640269587 0.11394559899154974 0.2672002160860494 0.11394559899154974 0.2672002160860494 0.15272110919563137
0 0.3161654516539859 0.10314524125079719 0.2942614920920651 0.10382553411989796 0.2952822240943555 0.1520408163265306 0.3171861836562763 0.15136052345742984
0 0.2720417642954928 0.10336204061702806 0.30967163497294914 0.10404227120535714 0.3104465037910699 0.041156441824776784 0.27281663311361365 0.04047621123644771
0 0.3223605714330376 0.10232058155293368 0.3201140200479149 0.14177638462611608 0.34526819166458245 0.14387755102040817 0.34751474304970514 0.10442174794722577
0 0.35360414397344936 0.10170350366709184 0.35222630231643587 0.03828517368861607 0.3096302935528775 0.03964289451132015 0.311008135209891 0.10306122448979592
0 0.39469250210615 0.10238093162069516 0.3499045496541307 0.09963422502790178 0.3478565810604465 0.14862602389588647 0.39264453351246575 0.15137273048867986
0 0.39889197281256583 0.026909590740593112 0.3500348214050653 0.02912871691645408 0.3519658102342434 0.09149855010363521 0.4008229616417439 0.08927936164700255
0 0.45911899171361625 0.01578095105229592 0.4295141899796625 0.022108864297672195 0.43360773615206405 0.05020546426578444 0.46321256359585616 0.04387755102040816
1 0.3548709191287779 0.9391606544961735 0.3771070755120577 1.006957447285555 0.41012858621393217 0.9910684390943878 0.38789242983065236 0.9232716463050064
1 0.40318477023220306 0.8650323361766582 0.4025673741739943 0.8358699876434948 0.3853234256529065 0.8364056022799745 0.3859408217111152 0.8655678885323661
1 0.4123265460045677 0.823850982043208 0.4060161947300179 0.8638656927614796 0.42447891813822924 0.8681371572066326 0.43078926941277906 0.828122446488361
1 0.40662641774332614 0.7788217972735969 0.40390158623532274 0.8275020054408482 0.4280989405078454 0.8294890111806441 0.43082374630601045 0.7808088030133928
1 0.40663181680938026 0.7528769979671556 0.37289277022891215 0.8019156942562181 0.3910334779117523 0.820226054288903 0.42477249878238205 0.7711874202806123
1 0.39774436275800334 0.7747969024035395 0.3930041884411858 0.7564242615991709 0.3828053269550995 0.7602845483896684 0.3875455012719171 0.7786572514748087
1 0.40666940459305234 0.726033860809949 0.41073202182991525 0.7675086819395727 0.4313500009872578 0.7645457987882653 0.42728735804055656 0.7230709153778699
1 0.4309990102740628 0.7099903340242347 0.4146982785926311 0.6891495685188138 0.3882993137324268 0.7194417525310906 0.40460007112369684 0.7402824557557398
1 0.4594684398365101 0.6058528355189732 0.4031050697333088 0.6086583974410077 0.4048040272713511 0.6587316396285077 0.4611673973745524 0.6559260777064733
1 0.5189106145021588 0.7275638502471301 0.4752693465505213 0.7202580666055485 0.47262658084654063 0.7434181680484694 0.5162678487981782 0.750723951690051
1 0.4988545752816976 0.8648651745854592 0.5013443160278012 0.8286769321986607 0.4809096223080771 0.8266144421635842 0.47841988156197346 0.862802622269611
1 0.4853266753764743 0.7639226173867985 0.46852622156697554 0.817056585817921 0.49821743406763375 0.8308294802295918 0.5150178878771324 0.7776955740792411
1 0.397508937768205 0.5714599609375 0.40910921683307444 0.591532057158801 0.4291107511962274 0.5745735012755102 0.4175104978411963 0.5545014050542092
1 0.39585386692423125 0.5510684889190051 0.4216461310189817 0.5638285734215561 0.43171322958350883 0.5339754065688775 0.40592099119859676 0.5212153532067124
1 0.5129690708587826 0.6407792071906888 0.5066225458416702 0.5836067044005102 0.4654844905914332 0.5903061224489796 0.4718310156085457 0.6474786252391581
1 0.5109987202670861 0.6400873300980549 0.5451943992865417 0.6350668770926339 0.5430440798263743 0.6135796994579081 0.5088484008069187 0.6186001524633291
1 0.5274351741851833 0.6713200783242985 0.5609889299606413 0.6700299944196428 0.5602675118964564 0.6425033880739796 0.5267137561209984 0.6437935965401785
1 0.5516101866081772 0.6878010652503189 0.5471069541616207 0.6714377889827806 0.5257797691133108 0.6800483547911352 0.5302830015598673 0.6964117556202168
1 0.6206354464215196 0.7970209861288265 0.5595214123874526 0.7827681560905613 0.5491804526247894 0.8478183668486926 0.6102944866588563 0.8620711968869579
1 0.6137658290332771 0.8730798838089924 0.6805796828105255 0.8761337591677296 0.6830090568561763 0.7981574856505103 0.6161952030789279 0.795103610291773
1 0.5504810619273904 0.7406622439014668 0.546025752619524 0.7687234683912627 0.5715674486296862 0.774672776825574 0.5760227065178759 0.746611552335778
1 0.6062892023615206 0.7867038648955677 0.6164061780124526 0.7424011853276467 0.5816944511175758 0.7307721196388711 0.5715774754666438 0.7750747992067921
1 0.6840419753218461 0.740426137496014 0.6162373672138268 0.7327610560825892 0.6116077966216038 0.7928410744180485 0.679412404729623 0.8005062181122449
1 0.6960928964333667 0.7340178820551658 0.6670235020831139 0.7787758340640943 0.6955183329658541 0.8059266382334184 0.7245877787357835 0.7611686239437181
1 0.7150963234519798 0.9422627974529656 0.6933282146759162 0.9418159329161352 0.693039853128949 0.9624238306162308 0.7148079619050126 0.9628706951530612
1 0.7192739150859573 0.9058259925063775 0.7253665811591723 0.8276022774832589 0.6820656600476517 0.8226544438576212 0.6759729939744366 0.9008781588807397
1 0.7442889707672967 0.9484447245695153 0.7562006988139743 0.8841754524075255 0.7224960262873842 0.8750108991350446 0.7105842982407066 0.9392801712970344
1 0.7336007739278381 0.8813465974768814 0.7411905238883477 0.8611222247688137 0.7271997954730939 0.8534195880500638 0.7196100455125842 0.8736438984773597
1 0.7976090158849779 0.8440912986288265 0.7567522262663227 0.7647417963767539 0.7036380655341723 0.8048635677415498 0.7444948551528275 0.8842130699936225
1 0.7415912374289174 0.8101948640784439 0.7543621882733519 0.7019151337292729 0.7183059396719671 0.6956762819874044 0.7055349374078559 0.8039559500558036
1 0.804845409827164 0.8378703214684311 0.7930546722797757 0.8098178162866709 0.7706066411186289 0.823659780074139 0.7823973786660172 0.8517122229751275
1 0.8014633320115049 0.8509821677694516 0.8125227789167807 0.8678345349370217 0.8231566251579613 0.8575965725645727 0.8120971782526853 0.8407442053970026
1 0.7834753407684815 0.8807375538105867 0.7937085763084457 0.8691174565529337 0.7831839454605887 0.855519944794324 0.7729507099206244 0.8671399797712054
1 0.8186932943805286 0.7864100864955357 0.7850708419169914 0.7709628980986926 0.774853546476806 0.8035889917490434 0.8084759989403433 0.8190361801458865
1 0.7798429005469408 0.7534577038823341 0.7550918334858098 0.7657218465999681 0.7641569682300442 0.7925616828762755 0.7889080352911753 0.7802975401586416
1 0.9356172171177338 0.9767629195232781 0.9281004830981466 0.8996440653898278 0.8746245335206929 0.9072907116948342 0.8821411647009267 0.9844095658282844
1 0.9570865775721357 0.9133917983697385 0.9209994257450506 0.9372906120455995 0.9340744211378476 0.9662551568478954 0.9701615729649326 0.9423563431720344
1 0.9982933809301284 0.9405051717952806 0.9639908004028012 0.9380320646324937 0.9621567633740522 0.9753523846061862 0.9964593439013796 0.9778254917689733
1 0.998313228925337 0.9802739980269451 0.9583388523786331 0.979615254304847 0.9581446916793913 0.9968971096739477 0.9981190682260952 0.9975558533960459
1 0.9871758297901748 0.9160683145328444 1.0053445611968197 0.8986465142697704 0.9915884607663753 0.8776002844985651 0.9734197293597304 0.8950220224808674
1 0.985376758141586 0.6409276845503826 0.9525747066198926 0.6273611263352997 0.943828939487679 0.6583839883609693 0.976630888170019 0.671950608856824
1 0.9370015376540122 0.676624718490912 0.9545648537871209 0.7253749925263074 0.9671021022009267 0.7187485052614796 0.9495386832284646 0.6699982312260842
1 0.8769688594210721 0.6561164700255102 0.8656706195371735 0.6424317651865433 0.8549863305931444 0.6553727130500637 0.8662846733163964 0.669057542450574
1 0.8890855977187764 0.6457107232541454 0.8736179419294966 0.6505980822504783 0.8763331065382792 0.6632050183354592 0.8918008651669124 0.658317721619898
1 0.9054035292820661 0.6525631651586415 0.8923045723199242 0.6464215337013711 0.8887997043162911 0.6573881811025192 0.901898661278433 0.6635297502790178
1 0.9215271973067607 0.6544214365433674 0.9079349199663016 0.6429884930046237 0.901775356893692 0.6537317392777423 0.9153676342341512 0.6651647450972576
1 0.9453769802745893 0.6596493467992666 0.927161971158909 0.6446066720145089 0.9186554083627316 0.6597180424904336 0.9368704174784119 0.6747607172751914
1 0.7628905015927759 0.6619954634685905 0.7346204775365943 0.6706589056521046 0.7402341179016164 0.6975326849489796 0.7685040905381213 0.6888691804846939
1 0.7481245701315027 0.6573760363520408 0.7209639770199294 0.6427548778300383 0.7140548693199769 0.6615838498485331 0.7412155138512269 0.6762050083705358
1 0.7100531844000105 0.6966933892697704 0.7242352454322872 0.6455793108258928 0.7032857893290596 0.6370518275669643 0.6891037282967829 0.6881659060108418
1 0.6192496861342934 0.6682206134406887 0.6976020125250105 0.676656419403699 0.7013540549145693 0.6255303830516582 0.6230017285238522 0.617094577088648
1 0.6300496179312342 0.637392503388074 0.6055499930891954 0.6534871004065689 0.6153129442660067 0.6752897301498725 0.6398125691080455 0.6591950085698342
1 0.5704499447958351 0.6365992954799107 0.5975797375210615 0.6660006776147959 0.6124214615857992 0.6459091497927296 0.5852916174408962 0.6165077676578444
1 0.5821032375473884 0.6270809251434949 0.6088296943285331 0.5843878298389669 0.5865419382996788 0.5639187559789541 0.5598154815185341 0.6066118512834822
1 0.6107655423171598 0.6023291140186543 0.6136898821707825 0.5921457096022003 0.6039147959502685 0.5880275181361607 0.6009904046769693 0.5982109225526148
1 0.6121586041984783 0.5689059510522959 0.6015676933873473 0.5582159548389668 0.593459684505318 0.5700007224569515 0.6040505438967724 0.5806907186702807
1 0.6089418406434288 0.5001163716218909 0.5921232871077295 0.5065493213887118 0.5960503106571188 0.5216115834761639 0.612868864192818 0.5151786025689573
1 0.5943771143771062 0.5167841697225766 0.5861139723304549 0.5021288813376913 0.573853053259267 0.5122708690409757 0.5821161953059183 0.526926157425861
1 0.5924485165628949 0.43340055504623726 0.5842551510175337 0.4206410310706314 0.5709356036423231 0.43318880042251273 0.5791289691876843 0.4459483243981186
1 0.5719368990068187 0.3757189692283163 0.577651064839801 0.39071468431122447 0.5908570775688448 0.38333223303970027 0.5851429631555392 0.3683364556760204
1 0.5917616525214564 0.3481838304169324 0.5911769593776327 0.3757999342315051 0.6122670482966512 0.37645500338807397 0.6128517928601517 0.34883896185427293
1 0.6502415593572294 0.31284684161750637 0.6571669670946978 0.37366158621651785 0.6715250376803391 0.3712628422951212 0.6645996299428707 0.3104480976961097
1 0.7080590264979991 0.2926928461814413 0.7011320247505529 0.28228903011399875 0.692565558031013 0.290656700912787 0.6994926111981361 0.30106051698022956
1 0.7732709002474726 0.28397042410714285 0.7356889269988679 0.26454100316884566 0.7274510834331561 0.287917592574139 0.7650331081014374 0.3073470135124362
1 0.9690324997038227 0.2870155801578444 0.9690324997038227 0.3251375782246492 0.9991575400168492 0.3251375782246492 0.9991575400168492 0.2870155801578444
1 0.9596068616062026 0.2876982396962691 0.9234125511728623 0.2867238570232781 0.9226029997828032 0.33084343112244896 0.9587972073767902 0.33181775151466836
1 0.9137907984282856 0.33299734933035713 0.9280429958995893 0.28748698331871814 0.8608282229030645 0.2566063082948023 0.8465760254317607 0.30211667430644135
1 0.9947144685920387 0.2181316142179528 0.9531131734743576 0.229888916015625 0.9619700071082561 0.2758647062340561 1.0035713022259372 0.2641074667171556
1 0.9540638204572978 0.2224406339684311 0.9451254352161437 0.2616399648238201 0.957756678798968 0.265865403778699 0.9666950640401222 0.22666613520408163
1 0.838108181652143 0.27373875209263393 0.8101713056813395 0.2656469851124043 0.8062811500401484 0.2853508774115115 0.8342180774306287 0.2934425821109694
1 0.8808847763202927 0.2453422079280931 0.8504855148713932 0.23745210608657524 0.8473756014045387 0.25503029336734695 0.8777748114337616 0.2629203952088648
1 0.8346236244208087 0.23676022899394134 0.8024478131417175 0.24396163006218113 0.8050367938638637 0.2609321438536352 0.8372126565626317 0.2537307427853954
1 0.7642445359394745 0.23739804637675382 0.7625114871557761 0.26468705157844385 0.8009846148213722 0.26827143455038266 0.8027176121853938 0.2409824293486926
1 0.71761640180734 0.25428753288424744 0.7384745879844145 0.25894146354830994 0.7409544047329139 0.24263629524075256 0.7200962185558393 0.23798236457669006
1 0.6992844643468302 0.260684702347736 0.7076683397943871 0.2517608642578125 0.7007771261419282 0.24226279745296556 0.6923932506943713 0.251186635542889
1 0.6840417696431392 0.22684811961894133 0.6669836004139901 0.19757796306999362 0.6491078069055392 0.21286147759885204 0.6661659761346883 0.24213163414779976
1 0.720452865433472 0.22058242486447704 0.7046763830658962 0.1804050367705676 0.6722069140131371 0.19910975864955358 0.6879833449610362 0.23928714674346302
1 0.6540839975384373 0.13458320461973852 0.6630927763170019 0.18429197973134567 0.6985327600930655 0.17486933494100765 0.6895239813145009 0.1251605598294005
1 0.6669692029045124 0.0626816107302296 0.6654525281203928 0.02471786810427296 0.6413291924724884 0.02613170390226403 0.6428458158369313 0.06409544652822066
1 0.6773273882588722 0.08036144023038903 0.6671459323333508 0.061092703683035716 0.6557098877158803 0.0699577487244898 0.6658913436414017 0.08922648527184311
1 0.6689724106696241 0.011006133410395408 0.6547498823517797 0.019938566246811226 0.6603910836635162 0.03311586963887117 0.6746135605616839 0.024183436802455358
1 0.5470227287311763 0.1739066610530931 0.5657938930701084 0.24438831562898597 0.5982908716499052 0.23169113470583547 0.579519707310973 0.1612094801299426
1 0.5764405428107887 0.14377734125876912 0.5525995526076769 0.12142128457828444 0.5367546306504054 0.14621077556999362 0.5605956208535172 0.1685668322504783
1 0.4449495285021325 0.000707447285554847 0.4461300214399484 0.030020888970822703 0.48078837471040436 0.02797328404017857 0.47960788177258845 -0.0013402199258609694
1 0.4370391254376843 0.05771696129623725 0.4095705541724805 0.044106370575573976 0.39869539538851884 0.07630546725526148 0.42616396665372264 0.08991605797592475
1 0.4410049194233098 0.24088651696029975 0.4383864752264111 0.1774559176698023 0.40823032600897746 0.17928217673788266 0.4108487702058762 0.24271283830915177
1 0.43953066587247264 0.22335254902742346 0.46810051806352676 0.22184809470663266 0.4671209732222778 0.19455747020487882 0.4385511210312237 0.19606192452566965
1 0.4467782693041807 0.17485669194435588 0.435351171710457 0.17995593012595662 0.43950865825084245 0.19362406827965561 0.45093575584456613 0.18852476781728317
1 0.39215594374440554 0.1983821323939732 0.4173281379577585 0.1891643290617028 0.40870099601970566 0.15460142797353316 0.3835288018063527 0.16381923130580356
1 0.4292428226358467 0.14570623903858418 0.40794468970487574 0.14570623903858418 0.40794468970487574 0.1720763537348533 0.4292428226358467 0.1720763537348533
1 0.4471878784488206 0.16423595194913904 0.43563778498841615 0.15335494060905613 0.4253545438128554 0.1693687594666773 0.43690466298309816 0.18024977080676022
1 0.43915417099963144 0.14238150460379465 0.43462836531500104 0.0936546481385523 0.3996451939467934 0.09842155612244897 0.4041710253412621 0.147148474868463
1 0.4250733296009504 0.37425892109773595 0.41435721187704033 0.3526261310188138 0.401561142520535 0.3619254598812181 0.41227728595428337 0.3835582499601403
1 0.3695430868095777 0.3928170340401786 0.37138288284211773 0.4069304797114158 0.3830350700706218 0.404702073700574 0.38119527403808184 0.39058862802933675
1 0.42054209914042756 0.4686517209422832 0.42009243406763375 0.42725749113121814 0.3891244967042044 0.42775106624681125 0.3895741874868366 0.46914529605787625
1 0.30949158897496315 0.5046781890246332 0.297198095538582 0.5189210229990434 0.3086366340103728 0.5334053506656569 0.3209301274467539 0.5191625166912468
1 0.29446858483999844 0.01896854322783801 0.2747988873604676 0.023931947046396684 0.2783084345546809 0.04433587521922831 0.29797813203421175 0.03937240911989796
1 0.2614194360618945 0.021008425342793367 0.32261982944298917 0.020620291573660715 0.32253303302870945 0.0005437111367984694 0.2613326396476148 0.0009318449059311225
1 0.21861762004232044 0.01525455397002551 0.20518174850348173 0.014350486288265307 0.2044656523758359 0.029964275749362244 0.2179015239146746 0.030868281150350764
1 0.18916459633908356 0.022165477519132653 0.17844306669420018 0.023164461096938777 0.17925700161169836 0.0359798509247449 0.1899785441115009 0.03498080506616709
1 0.39624715032151697 0.019448229731345662 0.3814274338784093 0.014111764090401786 0.37851062700742416 0.025995184450733417 0.3933303691603702 0.03133165009167729
1 0.12631054615512452 0.054921862543845665 0.13896566132285962 0.02886402363679847 0.11541894592953612 0.01208732760682398 0.1027638371892606 0.038145166513871176
1 0.11550016330889322 0.029455379563934948 0.14950814765345277 0.03072304239078444 0.15026134307784197 0.0010790143694196428 0.11625335873328244 -0.00018864845742984693
1 0.06955143736507477 0.03300407565369898 0.11794857548984441 0.03202707718829719 0.11750883441465486 6.882025271045919e-05 0.06911169628988521 0.0010457564373405612
1 0.0014629928424966967 0.04523396394690689 0.051277681268757896 0.03957737513950893 0.04803318643931491 -0.002340511399872449 -0.0017815011835138439 0.00331607740752551
1 0.1647790717596554 0.4037030278419962 0.16865917485405038 0.38490432427853954 0.15580717374420808 0.3810126479791135 0.1519270706498131 0.39981135154257014
1 0.1210682072755963 0.37579127720424105 0.10218184357846395 0.3809266382334184 0.1049397250836701 0.39580669792330997 0.12382608878080244 0.39067133689413264
1 0.055589761067159855 0.5217101427973533 0.04992494526889611 0.5071297159000319 0.03497805511037542 0.5156492583605707 0.04064287412236896 0.5302297163982781
1 0.0045351785275749325 0.5197206146863043 0.048403112448456916 0.5095460229990434 0.042135889427744246 0.46990412498007017 -0.0017320454974282962 0.4800787478077168
1 0.039952850984542834 0.4456534872249681 0.012343472558706874 0.4513127541055485 0.015738190777078834 0.4756096041932398 0.043347568399482346 0.46995033731265945
1 0.014110923516418919 0.42512026417012116 0.02290162180488413 0.45330492914939413 0.04727837772256904 0.44215081662547834 0.03848767943410383 0.41396615164620537
1 0.03359262262358822 0.4065799635283801 0.02592958355512354 0.38669066137197067 0.01243565036352683 0.3943179383569834 0.020098688628559066 0.41420724051339286
1 0.04422995254786555 0.3745677714445153 0.02926011635861481 0.35457626654177293 0.013481414910616147 0.3719100640744579 0.028451249493001988 0.3919015066964286
1 0.03561701208177292 0.3524539869658801 0.026251676410009805 0.3393379678531569 0.019101723764961068 0.34682785345583544 0.028467057829859282 0.3599438725685587
1 0.030977183264047033 0.3213118572624362 0.019778006601052417 0.32843335210060587 0.02576710059046243 0.34225077726403064 0.03696628046718684 0.335129282425861
1 0.037988375090909986 0.32967579121492346 0.03762325360781019 0.31552410514987245 0.02703052382561572 0.31592506875797194 0.02739564530871551 0.33007675482302296
1 0.02234650300949084 0.2956577845982143 0.018308689339178997 0.3145218206911671 0.033192272234485246 0.3191956189213967 0.03723008590479709 0.30033158282844385
1 0.019840383489491464 0.36298890405771683 0.02067290983384863 0.32567898497289544 0.0010269402252492928 0.3250358737244898 0.00019441384323123332 0.36234579280931123
1 0.018710018309004286 0.3264633490114796 0.018710018309004286 0.29422514000717476 0.0006573039539340372 0.29422514000717476 0.0006573039539340372 0.3264633490114796
1 0.00015241057057288282 0.2756279147401148 -0.00025943371058514665 0.289096567582111 0.011221978075883925 0.28961162956393494 0.011633822369595587 0.27614297672193877
1 0.11088276632513032 0.8825985032684949 0.1179314013178246 0.8687250876913265 0.10518603176255134 0.8592251524633291 0.09813739034239746 0.8730985057597258
1 0.31460208780341725 0.6457618557676977 0.32345341953190815 0.636061936981824 0.3161386362925837 0.6262694689692283 0.30728727885425444 0.635969387755102
1 0.31077096195108467 0.5934293785873724 0.3154443421078612 0.6273924535634566 0.3264418540125448 0.6251723931760204 0.32176847385576823 0.5912093181999363
1 0.2313623982713116 0.998869853117028 0.24768302936762848 0.996234130859375 0.2462808919133714 0.9834969034000319 0.22996026081705456 0.986132625657685
1 0.6961959928851622 0.509107628647162 0.6905809127691923 0.49947276212731184 0.685462392471172 0.5038490139708227 0.6910774725871419 0.5134838804906728