0 0.21741265078319663 0.31951584998270877 0.10750525338309151 0.029767942140759597 -0.02368214914569031 0.10277736978511695 0.08622529419553636 0.39252525651958625
0 0.11941252039912531 0.08578264017699949 0.21539390285149762 0.08731235680685677 0.2163150825373754 0.002513110997451383 0.12033364939135174 0.0009833863323603117
0 0.47465667217672863 0.12299168085908026 0.47465667217672863 0.0470555188430387 0.30816457754749793 0.0470555188430387 0.30816457754749793 0.12299168085908026
0 0.47297470751790904 0.23845572826608086 0.2536271307555544 0.2534947232221454 0.2575494759898645 0.3374296376402949 0.47689707809904486 0.32239067338601923
0 0.44074165623053363 0.12423652326556998 0.44074165623053363 0.24498747244207433 0.47773991074672967 0.24498747244207433 0.47773991074672967 0.12423652326556998
0 0.4808173195468231 0.3613104100678288 0.5666254493485258 0.3626260738257671 0.5671523084672186 0.3122096531827685 0.481344178665516 0.3108939894248302
0 0.5702355470372197 0.31096478774993713 0.5702355470372197 0.04581066492337816 0.48287852341154486 0.04581066492337816 0.48287852341154486 0.31096478774993713
0 0.5425701458192743 0.31320537359901596 0.5374314824608077 0.2671457210057218 0.5054886016338767 0.27237426635005346 0.5106272142986918 0.3184339189433476
0 0.4838688238910662 0.30831758740922094 0.5085343269018636 0.30956242214026347 0.5095995019044591 0.27859853211063257 0.48493399889366173 0.27735369737959004
0 0.782975409118044 0.06946291242327009 0.8343095240798899 0.07216636611662161 0.8364173661038725 0.01344443422927703 0.7850832511420266 0.010740985333080023
0 0.6711691922919695 0.0326601446754256 0.6742523294746677 0.09365804046692262 0.7151452758383513 0.09062544057067011 0.712062138655653 0.029627550535758496
0 0.9710498695753738 0.014689289108368473 0.9710498695753738 0.055769507793833314 0.9967431356740553 0.055769507793833314 0.9967431356740553 0.014689289108368473
0 0.9667032945195702 0.013888044376488422 0.9321806137743979 0.011687194317639234 0.9303609144648048 0.05356865773498412 0.9648834938226745 0.055769507793833314
0 0.9114866541865656 0.060008077794157524 0.9104138751362645 0.0184238537456428 0.8908418674405627 0.019164699423960756 0.8919147478781665 0.06074892347247548
0 0.8845540296991798 0.05670958889322262 0.886609555874948 0.014384517247528138 0.8384728415859894 0.010954724471094144 0.8364173661038725 0.053279796116788625
0 0.9905889263976848 0.11238244745573048 0.9916165880982662 0.057608832775706977 0.9700222078747923 0.05701435787577025 0.9689943433996054 0.11178797639351735
0 0.9607726442457434 0.12672623878033829 0.9607726442457434 0.18025500721614846 0.9936598464104028 0.18025500721614846 0.9936598464104028 0.12672623878033829
0 0.6113641681861244 0.4218898289640185 0.610316938736114 0.48150990906375757 0.6534620519492317 0.4826218357508331 0.6545093320928935 0.42300175565109405
0 0.6185387392772789 0.6645035618987362 0.6185387392772789 0.7180323763872296 0.649370668734427 0.7180323763872296 0.649370668734427 0.6645035618987362
0 0.6832857353742733 0.7118080799248617 0.6843485277752543 0.6706124810385752 0.6545093320928935 0.6694830236300616 0.6534464383046097 0.7106786225163481
0 0.6822852961644778 0.6718209034480319 0.683313059252362 0.7129010636082118 0.7130899017435371 0.7118080799248617 0.712062138655653 0.6707279197646818
0 0.711530058090869 0.6598161355830294 0.71411761413777 0.7068286795971139 0.742016307539322 0.7045758437342807 0.7394288528797238 0.6575632383166184
0 0.6476114469509188 0.6200037136883803 0.6069012512004257 0.6162105690785337 0.6041505629834146 0.6595241615709885 0.6448607080402564 0.6633173061808351
0 0.6491397084587832 0.6624614631146253 0.6850779080311722 0.6666072484712965 0.6886484139781458 0.6211966623962525 0.6527101637121054 0.6170508156360035
0 0.7317479535986815 0.6147850236182721 0.729692528810216 0.6620895416443976 0.7480326300839649 0.6632587271676936 0.7500881055660819 0.6159542091415682
0 0.7285057904316341 0.6632587271676936 0.7285057904316341 0.6171991052761884 0.7130899017435371 0.6171991052761884 0.7130899017435371 0.6632587271676936
0 0.7098466233161597 0.6649930712202905 0.708818910921927 0.6201782840598277 0.6863689232506229 0.6209336708728936 0.687396686338507 0.6657484580333564
0 0.7093650336281405 0.30881510989766725 0.6719100800067483 0.30707020442970323 0.6703907912751765 0.3549177449953628 0.7078458462838715 0.35666265046332685
0 0.668804079987282 0.35444088481081804 0.6711209319358649 0.3020565102038009 0.6171897812143117 0.29855693609901596 0.6148728785720774 0.35094128000424424
0 0.6185300199692432 0.20747157505580358 0.6185300199692432 0.256329480790996 0.665348750016222 0.256329480790996 0.665348750016222 0.20747157505580358
0 0.6559850242842867 0.15948615275638203 0.6559850242842867 0.12458764427384621 0.6228517044422238 0.12458764427384621 0.6228517044422238 0.15948615275638203
0 0.6205682596098941 0.20558654662349093 0.7127663748604911 0.23006359384333344 0.7214350906321376 0.18215658391265563 0.6292369753815407 0.1576795213419187
0 0.6660442669130243 0.2544458953427597 0.7136080922478457 0.2589468696947309 0.7157937997203333 0.22505949392644933 0.6682299236918605 0.2205585195744781
0 0.6712334211482558 0.3689884976362079 0.6141869934690355 0.3679088385292222 0.6134879787102886 0.4220973423549107 0.6705344063895089 0.42317700146189635
0 0.6538242073946221 0.42820460359815143 0.6538242073946221 0.472700184259856 0.6811951291917566 0.472700184259856 0.6811951291917566 0.42820460359815143
0 0.5284938875622923 0.4674654064523862 0.5284938875622923 0.5137059232838437 0.5781937912849097 0.5137059232838437 0.5781937912849097 0.4674654064523862
0 0.5396302688953488 0.4364392838967398 0.5765400122962521 0.4353215852733589 0.575743665726874 0.3967392919528892 0.5388339223259707 0.3978569905762701
0 0.3923578103911441 0.38775416782924105 0.321737726661454 0.39358646385146817 0.32412968125454217 0.43608010366888833 0.39474976498423225 0.4302478076466612
0 0.4243197013373391 0.44708356339207117 0.42261145202028394 0.4936392954897353 0.4685871212981468 0.4961143509003238 0.47029539596202763 0.4495586188026597
0 0.4175694361081551 0.44827123139225983 0.4711749308133046 0.45093958526549927 0.4725379310177014 0.4107666015625 0.41893238561890056 0.40809824768926056
0 0.5200875621301391 0.4076288480394083 0.4732058705681582 0.40478951590401785 0.47152821486970514 0.4454318992568693 0.5184098557380347 0.44827123139225983
0 0.5148084266637251 0.4465262952225069 0.4715910749974045 0.4465262952225069 0.4715910749974045 0.473572636993838 0.5148084266637251 0.473572636993838
0 0.7569498968282807 0.13106272829850196 0.7553848824231728 0.18129771672024333 0.7855125756754827 0.18267478405589788 0.7870775900805907 0.13243981098505092
0 0.9109672470346242 0.17431800274302062 0.9361774026357454 0.17431800274302062 0.9361774026357454 0.13069489016619246 0.9109672470346242 0.13069489016619246
0 0.937420613741954 0.1307166730853873 0.9381979501920681 0.17873497700067592 0.9635817822427845 0.1781321013237629 0.9628044457926702 0.1301138127593687
0 0.9325629452930336 0.05373389092489508 0.9296818223110465 0.012728151900907397 0.9109672470346242 0.014657369801695918 0.913848471403914 0.05566310690682179
0 0.7805949873306427 0.010295057200809839 0.7229719193670837 0.010295057200809839 0.7229719193670837 0.06526019827460859 0.7805949873306427 0.06526019827460859
0 0.7244805117382164 0.07557417257450956 0.7252008685241902 0.12006976091166137 0.7553848824231728 0.11935287414182359 0.7546645763308503 0.07485728580467178
0 0.32130292721364984 0.035965042574784646 0.3712283669912142 0.03843333207865356 0.37241675291346554 0.0031662598941887407 0.3224913131359012 0.000697970030533236
0 0.40674591064453125 0.042053721560318946 0.43915894974109737 0.04030879690373687 0.43773755045032187 0.001570432478753134 0.4053245113537557 0.0033153576150506555
0 0.5526703996119705 0.04186733100016112 0.5910709926060268 0.0427793621777049 0.5917379182834562 0.0015841800442164093 0.5533372745957486 0.0006721513252143169
0 0.4787422256216258 0.001834620172588878 0.47802197022295473 0.04196789470956599 0.5011229657651578 0.04257616622587085 0.501843221163829 0.0024428950469018947
0 0.5238626169603925 0.5585570306605256 0.5750834823050768 0.561294217944385 0.5767532804875675 0.5154508594535966 0.5255323644492317 0.5127136721697372
0 0.573872106811929 0.5346450038119341 0.5493823079967816 0.5346450038119341 0.5493823079967816 0.5573290205097774 0.573872106811929 0.5573290205097774
0 0.5277583226809074 0.5997536734076333 0.5832056698212988 0.6020303952621981 0.5842837717049938 0.5635088607818788 0.528836373870951 0.5612322617344693
0 0.5221741635141974 0.649918370083784 0.5810398849537999 0.6526606538645938 0.5825155771451931 0.6061869262449698 0.523649754318288 0.60344464246416
0 0.7684148744095204 0.6607174172967493 0.7691351298081914 0.6170942893690267 0.7510631472565407 0.6166564818599095 0.7503428918578696 0.660279609787632
0 0.948083719145816 0.5069468016595667 0.8991046284520349 0.5087177729462714 0.9000447929103509 0.546863763145278 0.9490237822168294 0.5450928225603622
0 0.8987223983207018 0.5014914314991512 0.8670296399696324 0.5014914314991512 0.8670296399696324 0.5259204150685363 0.8987223983207018 0.5259204150685363
0 0.8684702521542774 0.503236367668904 0.8396586674788465 0.503236367668904 0.8396586674788465 0.5477319483306087 0.8684702521542774 0.5477319483306087
0 0.8976121059683866 0.5496758627939512 0.8983324627543605 0.5976612850933727 0.9469816391650229 0.596589854065801 0.9462613837663517 0.5486044317663795
0 0.8760767331551079 0.5637197206677566 0.8783947510576724 0.6020940707722899 0.9023698065368044 0.5999691999654175 0.9000516872469373 0.561594849860884
0 0.8266934619789503 0.5564565984775842 0.8266934619789503 0.594844948597837 0.8634281602016715 0.594844948597837 0.8634281602016715 0.5564565984775842
0 0.8137282564790542 0.5014914314991512 0.8137282564790542 0.5486044317663795 0.8353369323122145 0.5486044317663795 0.8353369323122145 0.5014914314991512
0 0.7709574651876557 0.5030286393654898 0.7702217482253166 0.5493694589411469 0.7985934133941549 0.5500303456481074 0.7993291810501454 0.5036895260724503
0 0.8059998065530264 0.18389060559646944 0.8045092104281302 0.23083347190074038 0.8345783525131073 0.23223430242097115 0.8360689486380035 0.18529145146759463
0 0.8071441143454111 0.2282081772863745 0.8078643697440823 0.1863299855284048 0.7813152427293137 0.18566001109194227 0.7805949873306427 0.22753820284991197
0 0.9599297102107558 0.1820433710662412 0.9606672014508929 0.2249208292970715 0.9902162266728094 0.2241751596001792 0.9894787354326724 0.18129771672024333
0 0.9354570458497716 0.177807859731632 0.9354570458497716 0.19700203479175837 0.959946844664919 0.19700203479175837 0.959946844664919 0.177807859731632
0 0.909526736237282 0.2301556071045413 0.910986105072934 0.19391757957412442 0.8893586725887667 0.19263970971827057 0.8878992023658119 0.22887773724868743
0 0.9606672014508929 0.24237008353833941 0.9606672014508929 0.2833758225623271 0.9909193476173173 0.2833758225623271 0.9909193476173173 0.24237008353833941
0 0.9333045934125831 0.24007015113139776 0.9325759228677845 0.2886106003697969 0.9577776633227782 0.28916562730877454 0.9585063338675768 0.24062516271948095
0 0.9325759228677845 0.2894830531037789 0.9325759228677845 0.24237008353833941 0.9066455118679921 0.24237008353833941 0.9066455118679921 0.2894830531037789
0 0.9066632546459718 0.29523862535564954 0.9073836114319456 0.2455082668864751 0.8828759684515158 0.24498747244207433 0.8821556116655419 0.29471783091124876
0 0.8828946237152201 0.29600316130179516 0.882174368316549 0.24627280283262074 0.8605470372196844 0.2467323932609328 0.8612672926183554 0.2964627363792128
0 0.8576962290412168 0.29851858956473215 0.8569456588390262 0.24760486134580922 0.8309848823420629 0.24816638171313035 0.8317355032379049 0.29908015598473653
0 0.9916435571207952 0.3429987272266411 0.9909193476173173 0.2886106003697969 0.961383502744757 0.28918760978959696 0.9621077122482351 0.34357573664644114
0 0.9598603612956811 0.35237425529740946 0.9613008720930233 0.2930467939472774 0.9347367904511005 0.29210044200751384 0.9332961782664556 0.351427872655857
0 0.9326520647321429 0.3536497918173101 0.9318144028368979 0.29075033084247676 0.9073657672666632 0.29122795857174294 0.9082033277746054 0.35412741954657634
0 0.8792702304168397 0.29855131767165494 0.8785499750181686 0.3561338121502452 0.9073657672666632 0.35666265046332685 0.908086124052637 0.29908015598473653
0 0.85765972961223 0.2986847169442436 0.856939474213559 0.35452230595486983 0.8778339778862126 0.3549177449953628 0.8785542332848837 0.29908015598473653
0 0.8569456588390262 0.3549177449953628 0.8569456588390262 0.3025699669206646 0.8317355032379049 0.3025699669206646 0.8317355032379049 0.3549177449953628
0 0.8295677920116539 0.30044046014367454 0.8302880474103249 0.24896516550474723 0.8065253476367836 0.24847731407979123 0.8058050922381126 0.29995260871871854
0 0.8029164665957226 0.3031021824305206 0.803636772688045 0.25162690314248776 0.7777138643486555 0.25109470298352615 0.7769935582563331 0.3025699669206646
0 0.8288245216952606 0.3588995213959538 0.8295448277875831 0.3048068378532916 0.804364530747119 0.30431490309041753 0.8036441739611452 0.35840758663307976
0 0.7762686390417359 0.3046492762728716 0.7755483836430648 0.35699702364578095 0.802203663163803 0.3575351338990977 0.802923918562474 0.3051873865261884
0 0.9563313734491798 0.3622676918444259 0.957771884246522 0.4137430171851421 0.9880381232480274 0.412500270175742 0.9865975110633824 0.3610249755368146
0 0.9555935780471345 0.4183208074128364 0.9563139348331083 0.36510060730594507 0.9268135755165074 0.36451484787632044 0.9260933201178364 0.41773504798321176
0 0.9015820271945079 0.366364170128191 0.9030440321000311 0.41860750071719377 0.9268350696246885 0.41763066190109405 0.9253730647191653 0.36538730061030245
0 0.8792745900708575 0.3697495949820014 0.8792745900708575 0.41947998415296467 0.9023237767013601 0.41947998415296467 0.9023237767013601 0.3697495949820014
0 0.8785359835703903 0.42175078056227994 0.8792562389690615 0.3667856442856357 0.8519035668864202 0.36625975334428446 0.8511833114877492 0.4212248896209287
0 0.8519035668864202 0.3714945004499654 0.8302948910532599 0.3714945004499654 0.8302948910532599 0.4212248896209287 0.8519035668864202 0.4212248896209287
0 0.9332954685553364 0.2328011188468703 0.9347367904511005 0.17868032781650842 0.9116883135317172 0.17777973689303792 0.9102468902486504 0.23190052792339977
0 0.9457601249416009 0.48240474340181716 0.9889774766079215 0.48065980723206425 0.9873178678493563 0.42035240618515785 0.9441006175703385 0.4220973423549107
0 0.9107045525332226 0.4243238053811148 0.9143154613203385 0.48665049378301056 0.9405085668215324 0.48442403075680646 0.9368975566471138 0.4220973423549107
0 0.9362426960587106 0.48237195389131665 0.9347367904511005 0.42035240618515785 0.8878738555401267 0.4220219387614751 0.8893797611477368 0.48404145576584506
0 0.8862888678363787 0.23504066083512795 0.8891700922056686 0.18705520783391757 0.8634281602016715 0.18478754300706582 0.8605470372196844 0.23277299600827622
0 0.8346166769135434 0.18566001109194227 0.8346166769135434 0.23626283764599315 0.8605470372196844 0.23626283764599315 0.8605470372196844 0.18566001109194227
0 0.9123397269518272 0.18169719304597115 0.913848471403914 0.13418473180390939 0.8865455804869186 0.13291277204241073 0.8850368360348319 0.18042524863536688
0 0.8850776951178364 0.18182201116857394 0.8857979505165074 0.12947424844477018 0.8598267818210132 0.12894995399643958 0.8591064250350394 0.18129771672024333
0 0.7727149126933659 0.5484942737479565 0.7719515169973785 0.5041088204028861 0.7143234303623339 0.50556307203573 0.7150868260583212 0.5499484946790115
0 0.9505831189329838 0.6140390929561745 0.901603521302689 0.6140390929561745 0.901603521302689 0.6594071263518612 0.9505831189329838 0.6594071263518612
0 0.6877405920694041 0.555631825621699 0.7143283983401681 0.5547116930096202 0.7132374202690251 0.5084590489715638 0.686649613998261 0.5093791815836425
0 0.6617473209419124 0.5110885036783199 0.6617473209419124 0.5547116930096202 0.6869574258493822 0.5547116930096202 0.6869574258493822 0.5110885036783199
0 0.608654896682283 0.5521934708838971 0.6616602292488579 0.5511052152760312 0.6610270655432413 0.5058537258708501 0.6080217329766663 0.5069419200751383
0 0.8879179590168189 0.4849146453427597 0.8864768398956603 0.4255615479989311 0.8612672926183554 0.4264596674283985 0.8627085131268168 0.48581273407043823
0 0.8591064250350394 0.4857870980767417 0.858381607207745 0.4243284413512324 0.8360571877108856 0.4247147619604345 0.8367820562318314 0.48617341868594377
0 0.8122876949880606 0.4753175731635909 0.8122876949880606 0.4220973423549107 0.7863572839882683 0.4220973423549107 0.7863572839882683 0.4753175731635909
0 0.834195260589701 0.4258157895124654 0.8089851049885798 0.4275607256822183 0.8115673888957382 0.48229725643902477 0.8367775444968595 0.48055232026927186
0 0.7877978454792618 0.4753175731635909 0.7855659053967244 0.4230494969327685 0.7589863114974823 0.4247147619604345 0.761218302273671 0.4769828074894681
0 0.761147128387147 0.47444508972782007 0.7604186099233026 0.42502647722271125 0.7344964619886836 0.4255871839926276 0.7352250311461794 0.47500579649773644
0 0.954676327119238 0.6591326523594693 0.9239324525345204 0.662024515255596 0.92698826583913 0.7096872003505408 0.9577321404238476 0.706795337454414
0 0.9258848678234012 0.660539346921372 0.8657599667774086 0.6666863362793951 0.8688779304985984 0.7114293426575076 0.929002831544591 0.7052822918959067
0 0.8670296399696324 0.6227636816995724 0.8670296399696324 0.6576622208838971 0.8994426537193729 0.6576622208838971 0.8994426537193729 0.6227636816995724
0 0.826299825776059 0.6426473268320863 0.8277968093010278 0.6897912745024837 0.8619875480170266 0.6881984042929452 0.8604906658793605 0.6410545180261255
0 0.8651745564913829 0.6205010212643046 0.8183557757507527 0.6196285378285337 0.8180499916456863 0.6437027929294518 0.8648687723863164 0.6445752763652226
0 0.8164828481072207 0.6606301628128144 0.8186436649968853 0.6248591401927188 0.7950008050151838 0.6227636816995724 0.7928398867382164 0.658534704319668
0 0.7671554413348733 0.5555202553209885 0.7664201806153966 0.6000503754951585 0.7949898044928364 0.6007424552195988 0.7957250652123131 0.5562123964490066
0 0.769050775572311 0.6056347238705672 0.7683304694799886 0.553286945795869 0.740979115432283 0.5538391481702716 0.7416993708309542 0.6061869262449698
0 0.739538503247638 0.5529667261380785 0.7128878368491747 0.5529667261380785 0.7128878368491747 0.6070594096807407 0.739538503247638 0.6070594096807407
0 0.7122402254529173 0.6045736700476295 0.7144010423425821 0.556588247748208 0.699202325256956 0.5555841150418134 0.6970414576736399 0.6035695373412349
0 0.6567052796829579 0.5564565984775842 0.6567052796829579 0.6105492206166687 0.6840763028673952 0.6105492206166687 0.6840763028673952 0.5564565984775842
0 0.6070053759603405 0.5494768537985727 0.6070053759603405 0.6088043765522825 0.6538242073946221 0.6088043765522825 0.6538242073946221 0.5494768537985727
0 0.8263792627277564 0.3688897606832401 0.7982879841446481 0.3680172772474692 0.7971616219048484 0.4212248896209287 0.8252529004879569 0.4220973423549107
0 0.8346115061611036 0.13472807671222647 0.8353369323122145 0.18129771672024333 0.8591115957874792 0.18075435646103183 0.8583861696363684 0.13418473180390939
0 0.8051339589876194 0.12694286292707416 0.804364530747119 0.18566001109194227 0.8345861593354184 0.18624105779697717 0.8353555875759188 0.12752390195666186
0 0.8101268274047446 0.18217015410333093 0.8101268274047446 0.13331227906992738 0.7870775900805907 0.13331227906992738 0.7870775900805907 0.18217015410333093
0 0.7235241253114618 0.1338788191797268 0.7203599289802222 0.18561954613422724 0.7529409921842556 0.18854284766214474 0.7561051885154952 0.1368021207076443
0 0.7575258780951516 0.1914650592765578 0.7582660054051599 0.23539038491201114 0.781335114640651 0.23482011453486545 0.7805949873306427 0.1908947888994121
0 0.7229719193670837 0.193512177803147 0.7229719193670837 0.24411500435719788 0.7561051885154952 0.24411500435719788 0.7561051885154952 0.193512177803147
0 0.7517714896471397 0.2511572885801135 0.7525037087475343 0.30082509215448944 0.7755584716796875 0.3003264029980665 0.7748262018856417 0.250658614774585
0 0.7181398512121054 0.2471728564747862 0.7173633258604132 0.3036055075570611 0.7525037087475343 0.30431490309041753 0.7532802340992265 0.24788228270993146
0 0.752606160616954 0.30429712675466863 0.7540706495113944 0.3601753649337431 0.7762971795674575 0.3593206885355099 0.7748326906730171 0.30344245035643547
0 0.7539442702385278 0.3016975141866826 0.7208110517837677 0.3016975141866826 0.7208110517837677 0.3601525228028326 0.7539442702385278 0.3601525228028326
0 0.7756233595534416 0.42032701580577214 0.7979522907852731 0.421199499241543 0.7993224894881644 0.3697495949820014 0.7769935582563331 0.3688771422480194
0 0.7755936023800872 0.42073780574069414 0.7748732962877647 0.367517574932014 0.7503428918578696 0.36800468951403736 0.7510631472565407 0.4212248896209287
0 0.7236921747657548 0.3723669838857363 0.7236921747657548 0.4238422785246636 0.7503428918578696 0.4238422785246636 0.7503428918578696 0.3723669838857363
0 0.7294176678324855 0.4207052311427157 0.7260923670771906 0.37371316522179954 0.6930781773158482 0.377140774333501 0.6964034780711431 0.4241328402544171
0 0.7352379580272789 0.48488741285604253 0.7337762065900124 0.4264596674283985 0.7092652685222436 0.4273593526490977 0.7107269692658585 0.4857870980767417
0 0.8893586725887667 0.06613265868403782 0.858797903472799 0.06713311485121667 0.8599461146763393 0.11859439412353025 0.8905068837923069 0.1175939379563514
0 0.8327058304187863 0.06721666209414691 0.8341915092594996 0.12030194318990113 0.8605920531821013 0.11921793977979203 0.8591064250350394 0.06613265868403782
0 0.8151808323654226 0.124989123891297 0.8447126724395245 0.1180094175895215 0.8367775444968595 0.06875003991232552 0.8072457044227574 0.07572974621410102
0 0.9124077578319664 0.06177034512372084 0.9124077578319664 0.11586301715321225 0.9383382702190615 0.11586301715321225 0.9383382702190615 0.06177034512372084
0 0.9671497028135382 0.06177034512372084 0.9426599039983908 0.06177034512372084 0.9426599039983908 0.11760794564751792 0.9671497028135382 0.11760794564751792
0 0.8893586725887667 0.06438773018973214 0.8893586725887667 0.11760794564751792 0.9124077578319664 0.11760794564751792 0.9124077578319664 0.06438773018973214
0 0.7563797960249689 0.12198311174419564 0.7866319421913933 0.12111065133476641 0.7856369778959458 0.07049496840663119 0.7553848824231728 0.07136742881606042
0 0.8086951373027409 0.07243318001269335 0.7827647263029485 0.07417810083155181 0.7849167224972747 0.12109779496068206 0.810847133497067 0.11935287414182359
0 0.5788076914030056 0.65271990831709 0.5213483132397218 0.65271990831709 0.5213483132397218 0.6921591806699573 0.5788076914030056 0.6921591806699573
0 0.91877589431712 0.7675578004157759 0.9658427190939057 0.7663447727379904 0.9651298649683347 0.7257638850682219 0.9180629388042463 0.7269769741495851
0 0.9858117594671408 0.724638603102993 0.9858117594671408 0.7640778140522825 0.9992189122196844 0.7640778140522825 0.9992189122196844 0.724638603102993
0 0.9679551235465116 0.7172504632285903 0.9658188930777616 0.7638280242981326 0.9818898958225187 0.764909464108872 0.9840261262912687 0.718331841635752
0 0.9989121142415905 0.7669183435574384 0.9751330404186566 0.7681706081213846 0.9759045977925145 0.7896652375188632 0.9996836716154485 0.7884129115513393
0 0.9995206408326412 0.8221708792795838 0.9987879147957329 0.7902159662074006 0.9789500695922446 0.7908834230971769 0.9796827956291528 0.8228383361693599
0 0.9789500695922446 0.7935463734555772 0.9533014139067691 0.7935463734555772 0.9533014139067691 0.8246136364082935 0.9789500695922446 0.8246136364082935
0 0.9341248166917566 0.7796254455443599 0.9370561263886005 0.8151308362872548 0.95403424133098 0.8130743076623805 0.9511029316341362 0.7775689169194857
0 0.9158486401123858 0.78052752550459 0.9181427306115033 0.8147999938105194 0.9357138598876142 0.8130743076623805 0.9334196680011939 0.7788018393564512
0 0.9009054697233181 0.781132473552251 0.9017604688473319 0.8163463815117266 0.9188590319053676 0.8157372580207809 0.9180041341686566 0.7805233500613054
0 0.9855453136355378 0.8991750183719505 0.9855453136355378 0.9506578656509369 0.9987360044967296 0.9506578656509369 0.9987360044967296 0.8991750183719505
0 0.9814227031314888 0.9348156197929766 0.9755602865124066 0.8939843897368587 0.9467060684761732 0.9000626684914173 0.9525685864825582 0.9408938985475352
0 0.9435238252050456 0.8898371306943221 0.9415763778939992 0.8414786816602742 0.9037209951204319 0.8437154911893234 0.9056684424314784 0.8920738788197937
0 0.9124987022425249 0.9589003135021064 0.9455186203864722 0.954998238945391 0.9405679797809385 0.8935353453730194 0.907548163024294 0.8974373585261569
0 0.8756230249753426 0.9524331658898705 0.9093324781652304 0.9524331658898705 0.9093324781652304 0.8938491790587274 0.8756230249753426 0.8938491790587274
0 0.8779148849537999 0.8957744268344442 0.9049356150072675 0.8938491790587274 0.9027801209509967 0.8494643397494341 0.8757593908975291 0.8513895875251509
0 0.9151628563966466 0.784343942070391 0.9159278235958264 0.728748958595322 0.8881130281872923 0.7281873614735287 0.8873480609881126 0.7837824063521756
0 0.8420313838312397 0.732992191429829 0.8445956714921615 0.805986124265122 0.8868976985893376 0.803805744623994 0.8843334109284157 0.7308118117887009
0 0.8838744306089078 0.7924989512268926 0.8886085079357869 0.8326378559442593 0.9042027875830565 0.8299394143179388 0.89946881164348 0.7898005096005721
0 0.8829511978301495 0.8086361184686243 0.8609666792657288 0.8086361184686243 0.8609666792657288 0.8379281425859847 0.8829511978301495 0.8379281425859847
0 0.8522379422108597 0.7622610049948126 0.8492416432529589 0.7314118475501447 0.8330846640754775 0.7337142361001949 0.8360809630333783 0.7645634549484407
0 0.8602338518415179 0.8255012865277603 0.8565457873170162 0.7763611699493838 0.829455606961171 0.7793442171584193 0.8331437221793241 0.8284843337367958
0 0.77083037620367 0.7163220411335198 0.7700646485997197 0.6625290070501132 0.7444489944812863 0.6630639550191776 0.7452147220852368 0.7168569891025842
0 0.7899980006423899 0.663331367600132 0.7921964829150229 0.6855222521653358 0.8184633983726122 0.6817043005100918 0.8162649667936306 0.6595133545413103
0 0.8133336570967867 0.6737155108384683 0.7700975487794591 0.6737155108384683 0.7700975487794591 0.715434391014053 0.8133336570967867 0.715434391014053
0 0.8624323341141508 0.6648391324509557 0.830921261809593 0.6648391324509557 0.830921261809593 0.7101086131044076 0.8624323341141508 0.7101086131044076
0 0.83314727073492 0.711210438902949 0.8324144433107091 0.6819184761891662 0.8140664845209977 0.6825918892259809 0.8147993119452087 0.7118838519397636
0 0.7927991797361659 0.7908503265687877 0.7950364933457486 0.8378241249253332 0.831654089233804 0.835265253631162 0.82941672493057 0.7882915166781942
0 0.8108173763237126 0.7289805728904678 0.7807719588675768 0.7263176839356451 0.7781585490584769 0.7695801886514398 0.8082039665146128 0.7722430776062625
0 0.8090925755294851 0.7848165654080734 0.8335496769394986 0.7837950554891852 0.8321571223363528 0.734880167233872 0.8077000209263393 0.7359016771527603
0 0.7854693846845151 0.8357815963161783 0.7862021614150747 0.7763100207691461 0.7576396853424782 0.775793616680552 0.7569068579182673 0.835265253631162
0 0.7825553615227886 0.7802318672778861 0.7825553615227886 0.8184001469756036 0.8096695706693833 0.8184001469756036 0.8096695706693833 0.7802318672778861
0 0.7532427714908638 0.7322994976696114 0.7554894127322986 0.7776541450853559 0.7810898080616694 0.775793616680552 0.7788431668202347 0.7304389692648076
0 0.7297926994653239 0.7793442171584193 0.7305321170642131 0.8375592912946429 0.7583725127666892 0.8370404924665179 0.7576330951678001 0.7788254183302943
0 0.7289415530588144 0.7317736988336268 0.7297734865714546 0.7791369800836268 0.7561740304940563 0.7784565670389525 0.7553420969814161 0.7310933471925302
0 0.7297926994653239 0.7331871477890782 0.7048770232850134 0.7331871477890782 0.7048770232850134 0.7811194559937752 0.7297926994653239 0.7811194559937752
0 0.7305255268895349 0.7837824063521756 0.7056097493219217 0.7837824063521756 0.7056097493219217 0.8326023032727615 0.7305255268895349 0.8326023032727615
0 0.6770299867142079 0.7278613084758552 0.6755090250921408 0.7702333385076081 0.7033671128789452 0.7717005155935613 0.7048880238073609 0.7293284241582306
0 0.6767361156172135 0.7786776813223089 0.6791334690841726 0.8299793880470322 0.7056097493219217 0.8281641140790053 0.7032123958549626 0.7768624073542819
0 0.6523581469969892 0.7356452558122171 0.6545566292696221 0.7818023251815581 0.6770299867142079 0.7802318672778861 0.6748315044415749 0.7340747365049674
0 0.6799612457174004 0.8317146531532947 0.677446840609427 0.7748631068638393 0.6519108262172965 0.7765200824085136 0.6544252820189213 0.8333716901015468
0 0.6541416510395037 0.7238617250377264 0.6005585629282599 0.7253040336747045 0.6016052854417566 0.7823606679137324 0.6551883735530004 0.7809183592767542
0 0.609610928253478 0.782007106113242 0.609610928253478 0.8334899533922284 0.6513814831096865 0.8334899533922284 0.6513814831096865 0.782007106113242
0 0.86389788757527 0.8965121294171278 0.8646478494536441 0.8474623989051496 0.8353181756612075 0.8468045209734972 0.8345682137828333 0.8958542514854754
0 0.8097275135128997 0.8482112155353999 0.8104603409371107 0.899694124217964 0.8353181756612075 0.8991750183719505 0.8345852975433451 0.8476921096893864
0 0.7642350307730741 0.8494674099283199 0.7642350307730741 0.9293545698016222 0.7994101895050353 0.9293545698016222 0.7994101895050353 0.8494674099283199
0 0.834431188843179 0.9592721121651786 0.8360742714713975 0.900560098874497 0.8023413978145764 0.8991750183719505 0.8006983151863579 0.9578870930662098
0 0.841472942567743 0.8959168831347459 0.839246680174159 0.964681214729785 0.8704654528849148 0.9661641111316336 0.8726917152784988 0.8973997181330169
0 0.5509856974959769 0.04349415355045311 0.5509856974959769 0.0008876357280032736 0.5224058841946118 0.0008876357280032736 0.5224058841946118 0.04349415355045311
0 0.5224058841946118 0.04438178831902548 0.5238940470242421 0.0020219526540345588 0.501887020478613 0.0008876357280032736 0.5003988576489825 0.04324746851470149
0 0.4777041717225135 0.0017752714560065471 0.4359336675599564 0.0017752714560065471 0.4359336675599564 0.04171888017558476 0.4777041717225135 0.04171888017558476
0 0.5802982875279018 0.7624791105028609 0.5802982875279018 0.6941311565683161 0.5238715390430336 0.6941311565683161 0.5238715390430336 0.7624791105028609
0 0.4717959787362438 0.4908660336039676 0.42489580933833837 0.49441657267825706 0.42713989055037893 0.5379073144924232 0.47404008529511005 0.5343567140145561
0 0.4249487335103691 0.574477381869341 0.4718416030224772 0.5716374049963846 0.4703686482882579 0.5359549263353559 0.4234758041229755 0.5387949032083124
0 0.4212773471971683 0.6142439352914362 0.46987174911752494 0.6151636380784709 0.4703759988677066 0.5760755941901409 0.4217815716005243 0.5751558914031062
0 0.5096512094288569 0.5861163686218875 0.4715447916937033 0.588779318980288 0.4733072578708991 0.6257832026337714 0.5114136756060528 0.6231202522753709
0 0.5135658238813331 0.6232595769932092 0.4720763653219736 0.6243763852647133 0.4725744304466881 0.6515246262732646 0.5140638890060476 0.6504078180017606
0 0.4723086943262043 0.6202617315219442 0.42373132547270814 0.6164033149089851 0.4217985539737334 0.6521044602576396 0.4703759988677066 0.6559628154670208
0 0.421364413543397 0.6991909955828722 0.4722839051306842 0.7003547161877515 0.47292959016818936 0.6589018363108338 0.42201014927455355 0.6577381157059545
0 0.41616418274534106 0.7558439012984155 0.46964317144349566 0.7589285714285714 0.4719427368569612 0.7004349706638268 0.41846379885245794 0.6973503619372485
0 0.551155267759811 0.7758342044454225 0.4415311084633254 0.7776913556534519 0.44209436562370225 0.826470787616323 0.5517184742265365 0.8246136364082935
0 0.3751099798766481 0.0017752714560065471 0.3751099798766481 0.04526942692532146 0.404422569908573 0.04526942692532146 0.404422569908573 0.0017752714560065471
0 0.38733358795064626 0.43448315012143174 0.32866022357116903 0.4409439731651629 0.33114101878828384 0.4739974883480571 0.38981430712728404 0.46753666530432597
0 0.33557207481409623 0.4954931002027792 0.38639121831849566 0.49460099832392795 0.3861021884652071 0.4704469492737676 0.3352830956544591 0.4713390818544077
0 0.3976749154024346 0.4923317677058444 0.34488082328112024 0.4932585626061054 0.34518181683613214 0.5184157926072057 0.3979759343042722 0.5174890284087337
0 0.34489347134713716 0.48850104410643547 0.3251074857490007 0.4929392025984029 0.3296754146335133 0.5228174466722209 0.34946140023164973 0.5183792574784646
0 0.39415119969567586 0.5430368465676874 0.3926855701940796 0.5190707231671278 0.35092702973324597 0.5228174466722209 0.3523926592348422 0.5467836314763581
0 0.3861021884652071 0.541457792163135 0.3393337211735621 0.5459537007199446 0.3406676485688979 0.5663115656831614 0.3874360905137173 0.5618156571263518
0 0.4017327647668579 0.6207896180795712 0.393585610627336 0.5556582905636946 0.33252049442937603 0.5668653645505848 0.3406676485688979 0.6319966306628836
0 0.4008149815556219 0.7015263578541562 0.4041478610117966 0.6315505950743524 0.349130193260421 0.6277060556699573 0.3457973644978976 0.6976816956426056
0 0.3498914091293994 0.7434750102175554 0.40328829945915956 0.7339635346257231 0.3985600265553623 0.6950188066877829 0.3451631362256022 0.7045302822796152
0 0.3479593473415438 0.7072528555119781 0.31584400671265056 0.7161444005831866 0.32372590632137666 0.7579128334459885 0.3558412976439213 0.7490212883747799
0 0.25346257916320597 0.4047618842940455 0.25915038150014275 0.4687354473520812 0.30551291937843905 0.46268768617564765 0.29982504100102525 0.3987141538194008
0 0.7181812172316238 0.1133851064762599 0.6764107130690666 0.10717164774535887 0.6711674687078228 0.15888680778518768 0.7129379221767286 0.16510025116519428
0 0.3152380401509941 0.5229105958996164 0.31130215971176806 0.46379482338366135 0.27590808044636367 0.46725224393234405 0.2798439608855897 0.5263679857465103
0 0.24709976551144622 0.4701612384266537 0.24860316178331343 0.5257024323676434 0.2784003577755139 0.5245190626178948 0.2768969615036467 0.46897786867690516
0 0.2996299464837261 0.5592105489381602 0.32109280202871937 0.5572107572190959 0.31889434510291215 0.5225928937885124 0.2974314895579189 0.5245926855075768
0 0.27392175110471606 0.5285797426158514 0.27658478999850755 0.5619118151290556 0.2991146962111971 0.5592709086550554 0.2964516826642312 0.5259388361418511
0 0.27725746940536755 0.6295597068740568 0.33040824205772423 0.6195697746046592 0.32237707499253787 0.5568786866708061 0.2692263023401812 0.5668686189402037
0 0.2891145370331317 0.6237481652610979 0.29131299395893895 0.6539277166907697 0.33040824205772423 0.6497493874379087 0.32820978513191706 0.6195697746046592
0 0.33560031117790956 0.6931026466415682 0.3271764203955565 0.6467227436886946 0.2999998327109505 0.6539646816445548 0.30842374884012924 0.700344646001006
0 0.26718289194709044 0.47064908985160964 0.2617919769794046 0.40535071390255595 0.234148171256943 0.40869914310079225 0.23953908622462883 0.4739974883480571
0 0.2062697679893519 0.4789717614770655 0.24233689419058865 0.47094766474825517 0.2331028681656847 0.4100522937429263 0.19703576731127362 0.4180764211735255
0 0.2042680151042748 0.41713028414628395 0.155472486122106 0.4263016453211456 0.16211953907709978 0.47818803691288353 0.21091506805926857 0.46901667573802186
0 0.24451996559320494 0.4750248009050396 0.21374172071285819 0.47768772056165115 0.21682179092964857 0.5299185248207998 0.24760003580999532 0.5272556358659771
0 0.2671542500340661 0.5684715593364876 0.26861987953566235 0.5267526177573252 0.24393600007624325 0.5254803356270435 0.24247037057464702 0.5671992158026282
0 0.27500068943365863 0.6239617269043951 0.27259710064758097 0.5647642569282885 0.2408385419370328 0.5666561625613054 0.2432420546826334 0.625853632537412
0 0.2326625684567068 0.6250575351523202 0.23496385745431894 0.7072874871298102 0.2689572457855326 0.7058917838083186 0.2666559821347462 0.623661770427251
0 0.2992795012718023 0.7141471264108086 0.2921235854443522 0.6198855118012764 0.2637750619273645 0.6230430065746039 0.27093102844846606 0.7173045597805584
0 0.39994152994250937 0.7286028794839349 0.3786899148427767 0.7303781797228684 0.3809725232298588 0.7704678387709067 0.4022241383295915 0.7686925385319731
0 0.40358397018077763 0.811980341521787 0.3866510232817691 0.7600209410761444 0.3685146090992265 0.7686925385319731 0.38544755599823505 0.8206519389776157
0 0.34954859331200683 0.773029964454697 0.3652981222665983 0.8350300779285086 0.3861021884652071 0.8272764639595385 0.3703526088169643 0.7652763504857268
0 0.306958119338533 0.7908834230971769 0.2578594930148204 0.7908834230971769 0.2578594930148204 0.8272764639595385 0.306958119338533 0.8272764639595385
0 0.33338456771698505 0.8014394963531187 0.34047032353093853 0.8329096281792316 0.3575224005106676 0.8272764639595385 0.3504365940030627 0.7958063935370032
0 0.27964067934359427 0.7394377863862864 0.18848514240049444 0.7430578957141285 0.19074125068132267 0.82640606824541 0.2818968002978353 0.8227859589175679
0 0.15386303873157184 0.7608277840873365 0.1546368519729158 0.8273747710874623 0.18972244769631827 0.8267761476083061 0.1889486344549743 0.760229222011758
0 0.11935737837984713 0.7456140038473026 0.11057303038942458 0.8243512589207118 0.15161381211391714 0.8310691173407633 0.1603981601043397 0.7523317394601987
0 0.07602777829597955 0.7299315300985602 0.07099150977657483 0.8255012865277603 0.1133223245310229 0.828774097220039 0.1183585867137212 0.7332043407908387
0 0.30849525223538726 0.39311436244419645 0.3056890798169513 0.36252340704382546 0.2719080725381541 0.36706985074509557 0.27471424495659 0.39766080614546656
0 0.2706904110322363 0.36291694257340923 0.21916277305628373 0.37266908948810046 0.22341716170707018 0.4056495344135123 0.2749447743361971 0.39589738749882103
0 0.19044044722750336 0.3710317630882954 0.19044044722750336 0.40653715383119027 0.2131577045022451 0.40653715383119027 0.2131577045022451 0.3710317630882954
0 0.20069985373867708 0.5689745160415619 0.23953908622462883 0.5689745160415619 0.23953908622462883 0.5325814751792002 0.20069985373867708 0.5325814751792002
0 0.24018750871930802 0.5716413348253584 0.20208107831074154 0.573416635064292 0.2036311254152824 0.6222326635594819 0.24173754315043605 0.620457424724126
0 0.20509675491687862 0.6231202522753709 0.20672683462352057 0.6941995601538921 0.23514217237301444 0.6932435064488494 0.23351211801319818 0.6221641985703282
0 0.1839159715215233 0.4774033298914581 0.18612245071765987 0.5281848562075578 0.21462333400384137 0.5263679857465103 0.21241685480770478 0.4755864287286217
0 0.2958655119734349 0.040563740720691334 0.3215060059810398 0.041714013942050744 0.32271968803532497 0.0020221076021252025 0.2970791940277201 0.0008718306030066201
0 0.2556610360890132 0.0008876357280032736 0.25964809176929765 0.04073003312231789 0.29720275980293553 0.035216229782258 0.2932157041226511 -0.004626167132341166
0 0.1847645705720515 0.5209165761168574 0.18320491702057595 0.47746596154072873 0.14793712831414815 0.47932329695949133 0.1494967818656237 0.5227739729391977
0 0.15193267518103717 0.39231068171725664 0.19077190766698895 0.39142303159778985 0.19044044722750336 0.3701441129688286 0.1516012147415516 0.3710317630882954
0 0.11506571722189057 0.4094251790037098 0.15419192646825036 0.4106099917375346 0.15504145067791605 0.36944942359233524 0.11591524143155627 0.3682646108585104
0 0.09534285155641677 0.370024775115537 0.10030411881861892 0.41008772360726864 0.11865136789721112 0.4067542154784174 0.11369009429830253 0.36669123628489686
0 0.09481583402006333 0.4847394302337462 0.15610360940825505 0.4968871456276723 0.1663766905318859 0.4208436348068882 0.10508896583734556 0.40869598081653985
0 0.18865771626317224 0.5114578154964946 0.15696009132157132 0.5087791458221989 0.15507873585849902 0.541442011443662 0.18677636080009993 0.5441206811179577
0 0.17613730953381307 0.6241143147950201 0.20827338386611685 0.6222607249944982 0.20696030423490708 0.5888599418778295 0.17482419188236478 0.5907135930819291
0 0.17293738685177015 0.538858394507671 0.17891139287093152 0.5904157857300051 0.20582956966767676 0.5858395612935425 0.19985556364851537 0.5342822928783639
0 0.10396816088907743 0.41275064326388017 0.07831968896808815 0.41275064326388017 0.07831968896808815 0.45890768193143233 0.10396816088907743 0.45890768193143233
0 0.10924205589928104 0.5215810856349031 0.1075512325248845 0.46320918676119216 0.08344936054014289 0.46423352124465544 0.08514029163854858 0.5226054201183664
0 0.1400129502001791 0.5785110442931024 0.06929142847409676 0.5628523337289362 0.06073206524516261 0.6195697746046592 0.13145363132818988 0.6352285465724031
0 0.14886910574776785 0.6281562052981954 0.15563841911645426 0.5680274272588657 0.13058888634970023 0.5638899313851862 0.12381961100125234 0.6240187094245159
0 0.16221552750596968 0.6577042209310551 0.18856090406246756 0.6600680130588217 0.19044044722750336 0.6293337417080609 0.1640950706710055 0.6269699495802943
0 0.15885429762526604 0.6522916797660966 0.16480237384175145 0.7087283220809231 0.2062405557727497 0.702320735939072 0.20029246688285143 0.6458840936242455
0 0.15796613217984323 0.6265037736182721 0.026827704470815058 0.6069062077543386 0.021928467227771038 0.6550055950940015 0.15306684424314784 0.6746031609579352
0 0.06379737727269778 0.7700758997343435 0.014375100500163843 0.774351737868618 0.017495966432894583 0.8272764639595385 0.06691824320542852 0.8230006872288418
0 0.06577645108549302 0.36329868861607145 0.06657320954078852 0.4105954390896158 0.08711340261060138 0.41008772360726864 0.08631654276800314 0.3627910038355131
0 0.057068023174704115 0.41630115163638076 0.015471214471861373 0.42200511418118086 0.018010435706357228 0.4491736490721674 0.05960724916172978 0.4434697172291562
0 0.05850619572737684 0.4244294502365757 0.059999294851309434 0.4651211099605445 0.07907992264757124 0.46409392021071744 0.07758682352363865 0.4234022604867486
0 0.06292110582522775 0.5003002327932439 0.06366333692176794 0.4562447622748208 0.040955499161121456 0.45568347217091615 0.04021326806458128 0.4997389119875503
0 0.014564696340465862 0.4473684145890971 0.014564696340465862 0.49441313407790494 0.037281996387975955 0.49441313407790494 0.037281996387975955 0.4473684145890971
0 0.07349452148640274 0.41085152271048164 0.06295350540515988 0.36137512943874184 0.04732849906845346 0.36625923141387384 0.057869407425687164 0.4157356246856137
0 0.052590465228818974 0.36576702033490005 0.008631376729059061 0.37402936294524963 0.015297564953268564 0.4260651494415713 0.05925665186885187 0.41780280683122173
0 0.41576081336138654 0.8074351258920712 0.38791382748423225 0.8100979534433161 0.38903344746839963 0.8272764639595385 0.41688043334555386 0.8246136364082935
0 0.10512424861869939 0.5169365804200201 0.06026162182373858 0.5136761425486512 0.057639898255813955 0.5666016975878709 0.1025026264380775 0.5698621661610287
0 0.12119038477292489 0.5634152203258614 0.1504869429376038 0.5671505841690769 0.15240228849392 0.5451104453871668 0.12310578102289244 0.5413750815439512
0 0.0031329029026221597 0.5758978922362299 -0.002822842708853788 0.6576549138581489 0.056974822896659574 0.6640461052447497 0.06293056652791476 0.582289022219253
0 0.01582767163400238 0.5292121380627515 0.08260271319519245 0.5319384569133552 0.08344936054014289 0.501514212226484 0.016674317394776202 0.4987878319723026
0 0.05945355234748105 0.46814179756272006 0.05780079356855728 0.5041771318830954 0.07886533008461379 0.5055946027728874 0.08051808886353756 0.4695592991543008
0 0.38376295526954424 0.8184436821122045 0.4027583480277331 0.8662305252412915 0.42969307630165077 0.8505221391827528 0.4106976835434619 0.8027351732465103
0 0.36148497115734013 0.8225093972035337 0.36693798584795473 0.8489295759911029 0.38974148569709044 0.8420243138518612 0.3842884710064758 0.815604135064292
0 0.3667595441951308 0.847860785317373 0.3732486357324543 0.8714408644248303 0.3962553664299341 0.8621517311879087 0.38976627489261056 0.8385717134840291
0 0.4176878818245821 0.8890758491377955 0.4125100576204319 0.8545816525127327 0.39448897149475703 0.8585504113548479 0.3996667450052559 0.8930446693834885
0 0.4323245330506385 0.8523522114130093 0.41229711893785037 0.8584168585733148 0.41834499828047134 0.8877192598953093 0.4383723870464338 0.8816546127350038
0 0.42292661445085394 0.896697138396787 0.4519349665340791 0.9564299247634243 0.4902741188226744 0.9291128853197309 0.46126579208627494 0.8693800989530935
0 0.4767913818359375 0.8206479477450641 0.5022222069014742 0.8719872334593498 0.5459702197103405 0.8401929521464726 0.5205393439511524 0.7888536664321869
0 0.5049808540217504 0.9279907963405433 0.5780024734446376 0.8735607615419076 0.5206528977302222 0.7606790646221077 0.4476312783073349 0.8151090380171655
0 0.5388534393817483 0.9703020982339349 0.5143160899216155 0.9141619123923227 0.48922531786947154 0.9302516760720574 0.513762616635953 0.9863918005100918
0 0.4880100389651682 0.8815622617541184 0.4705070419564992 0.8956961986764336 0.4902141482331032 0.9315020371250943 0.5077171959354236 0.9173681616063569
0 0.4034423574656743 0.93833889567876 0.41639172119951723 1.0080508072851169 0.4496199395569456 0.9989949462399397 0.436670550476277 0.9292830960371604
0 0.4668767681945598 0.8758301763707244 0.3522644296437007 0.8758301763707244 0.3522644296437007 0.9993447010186117 0.4668767681945598 0.9993447010186117
0 0.26263676133266717 0.9070540798501949 0.3128044660701308 0.8918624663017165 0.3018488582978613 0.8387818365269744 0.2516811789072233 0.8539735114790304
0 0.29492585445163255 0.7888674822371731 0.24257882964175406 0.801548733317876 0.2513303788397399 0.8545508279167191 0.3036773276091414 0.841869576836016
0 0.21013436048133824 0.846421915280747 0.22383928774203177 0.9033373826946052 0.25720361855338975 0.8915502291090291 0.24349869129269622 0.8346347002915933
0 0.15843471894628583 0.8237703810755156 0.15843471894628583 0.8809341031540807 0.20815625618462547 0.8809341031540807 0.20815625618462547 0.8237703810755156
0 0.12978164064527747 0.8217287735200264 0.1036567624621217 0.8217287735200264 0.1036567624621217 0.8697054765114123 0.12978164064527747 0.8697054765114123
0 0.07584640908478898 0.8329574001626949 0.07584640908478898 0.8768509494466801 0.1036567624621217 0.8768509494466801 0.1036567624621217 0.8329574001626949
0 0.1449509173928701 0.8370404924665179 0.1280961654511005 0.8370404924665179 0.1280961654511005 0.8686847034354565 0.1449509173928701 0.8686847034354565
0 0.14475643119938747 0.8861951002892354 0.15069448274631436 0.9437357175278231 0.187100774822045 0.9382234569526534 0.1811627232751181 0.8806828397140657
0 0.17801597823336274 0.8890402964662978 0.18862458796200166 0.94043963487959 0.22471355045356622 0.9295112717319542 0.2141050167654044 0.878111933318662
0 0.2652557220965921 0.923440914038921 0.23075118967861036 0.9353821292009872 0.2434399373507579 0.9891754088987047 0.277944520462391 0.9772341937366386
0 0.2756922015320027 0.9982235944966675 0.3305334807234349 0.9880040128466109 0.31802393510888183 0.8895133496290242 0.26318265591744966 0.8997329926826585
0 0.35243298603450735 0.9111492072552503 0.35984908702761625 0.9380978252326458 0.37956917087897113 0.930135746117329 0.3721530445390365 0.9031871281399334
0 0.34785245977762924 0.8912019480162223 0.3522148512526604 0.9123381033269932 0.36351748241538623 0.9089154679050868 0.3591550402467037 0.8877793125943159
0 0.37358219995847175 0.8806381379094882 0.3652794923497197 0.8565017423879213 0.34152328136355375 0.8684914663763833 0.3498259889723059 0.8926278004943725
0 0.2255031547673121 0.9776142818827025 0.2184107073913777 0.9303644130407445 0.18844969486477367 0.9369627186949824 0.19554214224070807 0.9842126489405181
0 0.18782592215807334 0.9697043344048667 0.1824046670400423 0.932493827712368 0.16086679756443367 0.9370976223552251 0.16628801466222617 0.9743081290477238
0 0.15337829336375494 0.9738251899089851 0.15337829336375494 0.9993447010186117 0.1929869794370328 0.9993447010186117 0.1929869794370328 0.9738251899089851
0 0.1012327568079546 0.8796292157240317 0.10320494262086989 0.9321836168377452 0.13879456630972928 0.9302241672692404 0.136822380496814 0.8776697047519492
0 0.10449950005921019 0.9278900330695108 0.10449950005921019 0.9656589438977615 0.13989449181033922 0.9656589438977615 0.13989449181033922 0.9278900330695108
0 0.10591266796834445 0.9681245431573818 0.10956889054307906 1.003553425042442 0.1382997455787025 0.9992033499827088 0.13464363072797705 0.9637744066940707
0 0.07837462187605443 0.8778717839262136 0.07837462187605443 0.9054328411877515 0.10112854967085626 0.9054328411877515 0.10112854967085626 0.8778717839262136
0 0.10203609276451542 0.9193311725823692 0.06728940944734998 0.9245921083139462 0.07120487301848656 0.9625338088098906 0.105951556335652 0.9572728116747359
0 0.06826177071099265 0.957492697886538 0.06826177071099265 0.9993447010186117 0.1078704504475641 0.9993447010186117 0.1078704504475641 0.957492697886538
0 0.0 0.8278534733793386 0.0 0.8819548762300364 0.05562070041795902 0.8819548762300364 0.05562070041795902 0.8278534733793386
0 0.0 0.8758301763707244 0.0 0.9595342440384494 0.05899165080631294 0.9595342440384494 0.05899165080631294 0.8758301763707244
0 0.007614371784501694 0.9947932222239688 0.05517453925554142 0.9992245956205986 0.059328769924632735 0.9338105660329162 0.011768600077328096 0.9293791312327088
0 0.06938185327472877 0.7759104062853684 0.07377937545015963 0.7372922225737236 0.05250538860840655 0.7337379378811935 0.048107866432975696 0.7723561215928383
0 0.24607945439031353 0.9779082822128081 0.24607945439031353 0.9993447010186117 0.27978898362067844 0.9993447010186117 0.27978898362067844 0.9779082822128081
0 0.7252286993387925 0.8591190698880785 0.731408762377362 0.9380594479965731 0.7636609758649554 0.934354970152949 0.7574809635200374 0.8554145920444542
0 0.7596692563687448 0.9620587293290996 0.7602310941068833 0.9055755431023642 0.7271423846780264 0.9050926039636255 0.7265804962462366 0.9615757901903609
0 0.8013032425281613 0.9323134240010374 0.7765829903738839 0.9323134240010374 0.7765829903738839 0.9629368004904426 0.8013032425281613 0.9629368004904426
0 0.7007365686156821 0.8465678101814009 0.7007365686156821 0.8853574326820297 0.7321988229339701 0.8853574326820297 0.7321988229339701 0.8465678101814009
0 0.6832174003322259 0.8961617606026786 0.7051285651831136 0.8954812247508488 0.7041074936572104 0.8472483460332306 0.6821963288063226 0.8479288818850603
0 0.7273556528693418 0.8959448831661846 0.6897133862061358 0.8952644087179326 0.6889382295830305 0.9581732337383677 0.7265804962462366 0.9588537081866197
0 0.6770202535331448 0.896986717669297 0.679267503098396 0.8575164979132608 0.6541050502232143 0.8554145920444542 0.6518577499643117 0.8948848118004904
0 0.6457663501219892 0.897604007836079 0.6471446091154485 0.9610455702967807 0.6897547522256541 0.9596873231576962 0.6883764425385434 0.8962458221005721
0 0.6046644445273567 0.8969263579524019 0.6494671894466362 0.8996740452480508 0.6515158212858181 0.8506643498687437 0.6067130763665386 0.8479166625730948
0 0.6004636137192432 0.972425311144209 0.6493368560689629 0.970205326195454 0.6474052251771439 0.9078127210528798 0.5985319321337729 0.9100327060016348
0 0.540216693054402 0.9835579639949069 0.5698312144738891 0.9772277463609784 0.5657363840907911 0.9491208726971202 0.5361217612840012 0.9554510903310488
1 0.6444991102250311 0.0598407990975639 0.6222556484894103 -0.0079807434043654 0.5892232597072259 0.007914066794412717 0.6114667214428468 0.07573561025577293
1 0.5961693545116539 0.13399623817121478 0.5967869552662999 0.16316918540048886 0.6140365854054194 0.16263339313223088 0.6134189846507735 0.13346046125385122
1 0.5870245746599876 0.17519263530401158 0.5933369988222851 0.13516330527107961 0.5748682370613579 0.13089027635048572 0.568555762205409 0.17091959103252327
1 0.5927265965661337 0.22023826921489878 0.5954523435066704 0.17154025839607961 0.5712469867693626 0.16955253248003646 0.5685212398288257 0.2182505279479612
1 0.5927211723454371 0.24619251765475667 0.6264713832310268 0.19713594064386317 0.608324678237256 0.1788188696387308 0.5745745180453177 0.22787546200051872
1 0.6016115714545266 0.22426462461291186 0.6063533035227626 0.24264398954763738 0.6165555529420162 0.23878227249237613 0.6118138208737801 0.22040287685586174
1 0.5926836083497716 0.27304549955985913 0.5886195997067069 0.23155551657110632 0.5679948369529952 0.2345194979692609 0.57205884559606 0.2760094809580137
1 0.5683459411823868 0.28909489038724534 0.5846521117758513 0.3099432778310488 0.611059752809645 0.2796399981922787 0.5947536329098319 0.25879164145026406
1 0.5398671096345515 0.39327045033875124 0.5962490956252595 0.3904638156084947 0.5945495909630658 0.34037228129519304 0.5381676049723577 0.3431788853236607
1 0.4804053322421356 0.27151492327991383 0.5240610319118563 0.2788233613104408 0.526704655137173 0.25565480898083814 0.48304900616110363 0.2483463555994168
1 0.5004680037894518 0.13416344011333628 0.4979774246976225 0.17036488646232867 0.5184188792079786 0.1724281694807517 0.520909458299808 0.13622672313175932
1 0.5140003698608804 0.23514286709023674 0.5308063798568573 0.18198950477768958 0.5011053750681322 0.16821153974629025 0.4842993650721553 0.2213649020588374
1 0.6018470434651423 0.42767591879401406 0.5902429625045421 0.40759648835395185 0.5702347866324491 0.424561191612566 0.5818389182867005 0.4446406527544171
1 0.6035026981189006 0.4480747706453565 0.5777019107856624 0.43531004140074825 0.5676315155536233 0.4651741012481137 0.5934322014995588 0.4779388611945108
1 0.4863488587034105 0.3583313233895561 0.4926974781327865 0.41552473409794705 0.5338491141994134 0.40882280990631287 0.5275004947700374 0.3516293991979219
1 0.48831987856234427 0.35902343381578533 0.454112917877907 0.3640457245425679 0.45626390019920576 0.3855407530633017 0.49047086088364306 0.3805184623365191
1 0.4718780010641611 0.3277792364538795 0.4383131768616331 0.32906984755210955 0.4390348009888912 0.3566064661897164 0.47259962519141924 0.35531585509148644
1 0.44769500022710756 0.31129222232810927 0.4521996887815355 0.32766152579539737 0.47353390918617627 0.3190477705097774 0.46902922063174834 0.3026784670424893
1 0.3786469519732402 0.2020324307907995 0.43978116361801806 0.21629049504546813 0.4501255073420629 0.15121647241849534 0.38899132104411077 0.13695842351472115
1 0.3855188566188876 0.12594569185130314 0.3186829525766975 0.12289074105276189 0.316252774970476 0.20089551284759338 0.38308867901266613 0.20395047899702906
1 0.44882450547329217 0.2584117682167222 0.45328128852717503 0.23034030906631192 0.4277311306063123 0.22438879799794864 0.42327442359290646 0.25246024179746446
1 0.39299794447382425 0.2123532976422991 0.3828776159951853 0.2566721741582306 0.41760079013152773 0.26830551178162726 0.42772109326334096 0.22398663526569573
1 0.3152195116214182 0.25864795707840793 0.3830465018947259 0.26631585165288607 0.387677595068846 0.20621383022254622 0.3198506047955383 0.19854590494627924
1 0.3031646120191809 0.26505855199556716 0.33224360570559075 0.22028422979281942 0.3037393766384188 0.19312353920888614 0.27466033225835756 0.2378978767625283
1 0.28415492365130557 0.05673752752108353 0.30593020416969474 0.057184576268647036 0.3062186763928182 0.03656913097235758 0.2844433705276033 0.03612208222479408
1 0.27997594180693264 0.09318767371072136 0.27388127222409675 0.17143997100277447 0.317196487984388 0.17638960594622421 0.3232911575672238 0.0981373009787239
1 0.2549526430047628 0.05055336597220039 0.24303699886284003 0.11484611250265263 0.2767527887591492 0.12401401972626776 0.28866843290107197 0.059721261682644695
1 0.2656443649748235 0.11767601151341643 0.25805210354320235 0.1379077228262151 0.27204745473259706 0.14561322709204447 0.27963971616421823 0.12538150042835136
1 0.20161501355345463 0.15494489765742894 0.2424852745081499 0.23432340564382387 0.2956169610007657 0.19418698777135468 0.2547467000460704 0.11480847978495975
1 0.2576512688418163 0.1888537032743335 0.2448761138409079 0.2971729915626572 0.28094424124175926 0.30341417400889714 0.2937194722831447 0.19509488572057343
1 0.19437622627942666 0.1611681809607646 0.20617085200211535 0.18923090545224472 0.22862628924094167 0.17538390744859783 0.2168316761916658 0.1473211829571177
1 0.19775941918458653 0.14805148640868648 0.18669632819799886 0.13119298063773266 0.1760589751690329 0.14143468292666153 0.18712206615562058 0.15829318869761538
1 0.21575334618653966 0.11828528083785919 0.20551673914506982 0.12990958445988432 0.21604483468191965 0.14351210411885373 0.22628145439680233 0.1318877928213814
1 0.18052378049324516 0.2126471751652493 0.21415733261361866 0.22810001488422724 0.22437798382831967 0.19546200236084477 0.190744444381359 0.18000916264186684
1 0.21938699107629517 0.24561162445866605 0.24414622664847643 0.23334302077111105 0.2350780955976822 0.2064933393083108 0.21031886002550093 0.21876195834676024
1 0.06356128426485283 0.02222480044758296 0.0710804961448492 0.09937185061049893 0.12457408461459847 0.0917223771093357 0.11705497412190485 0.014575330784143336
1 0.0420848396529391 0.0856190687214105 0.07818389968618603 0.06171154736033388 0.06510458911376142 0.032736419432120065 0.029005532248867708 0.05664394079319668
1 0.0008644441829567336 0.058495772916306435 0.03517833975858466 0.060969788303797394 0.03701298102191913 0.02363587001439791 0.0026990862383794944 0.021161856545768753
1 0.000844589598551145 0.01871242945342956 0.040832152002277564 0.019371416487204477 0.04102637839079695 0.0020832267085791113 0.0010388144028939282 0.0014242388353021573
1 0.011985662371613259 0.08294158874143297 -0.006189062349820058 0.10036972015196649 0.007571576045597115 0.12142366374762245 0.02574630116307458 0.10399553233708894
1 0.013785327391767027 0.3581827881350604 0.0465981999901046 0.37175429898728307 0.05534685331325594 0.34072007115937814 0.022534083686397716 0.32714852960536656
1 0.06217650480048601 0.32247267786405936 0.04460739693372352 0.2737046055630659 0.03206601253775663 0.28033349019900655 0.04963522496017507 0.3291015625
1 0.12222898362878945 0.3429884114255848 0.13353095577404744 0.35667818556848907 0.14421877433295266 0.34373243857677316 0.13291670080039192 0.33004263373208
1 0.1101082583202476 0.35339794504330674 0.12558101261176935 0.34850883867659077 0.12286494815864436 0.3358972806565958 0.10739209247981987 0.3407864177251006
1 0.09378494059920707 0.3465430338377924 0.10688821025861062 0.35268692231514087 0.1103942465544539 0.3417162521024585 0.09729096422163751 0.3355724250286877
1 0.07765595065398866 0.344684132627798 0.09125271033607052 0.3561212244168134 0.0974143082121282 0.34537400182344064 0.08381754853004633 0.33393687933263644
1 0.053798301671430515 0.3394542671065455 0.07201931722140391 0.35450244189747865 0.0805286901733804 0.3393855258012921 0.062307668286700583 0.32433735101035904
1 0.23634498063908066 0.3371072995590732 0.26462433266877333 0.3284406757930395 0.2590088448255165 0.30155711490623427 0.2307295434894752 0.3102237079704791
1 0.2511157926134889 0.3417284407126352 0.2782853338805544 0.3563549264336016 0.2851967288806193 0.3375190412494498 0.25802711157307673 0.3228925555284834
1 0.2891997277142598 0.3023966553225604 0.27501298264411594 0.35352944080498616 0.29596935791826723 0.3620600556463783 0.310156102988411 0.3109272394621636
1 0.3800331698699647 0.3308798715142417 0.30165500577502075 0.3224410243197466 0.29790172386803104 0.37358572209624935 0.37627988796297496 0.38202456929074446
1 0.36922969374545783 0.3617192657900528 0.393737387419539 0.3456187564842178 0.38397123013619966 0.32380820567938884 0.3594635111152928 0.3399087456870127
1 0.42884902700633304 0.3625127228213028 0.40171028213247506 0.33310065470950706 0.38686365780244236 0.3531995193819165 0.41400245336995173 0.38261158749371227
1 0.41719186979274814 0.3720345756177691 0.3904565956901474 0.4147432814661406 0.41275171425651475 0.435219839545083 0.4394869883591154 0.39251110299492264
1 0.3885201235546226 0.39679544552471074 0.38559482105546616 0.4069825753839443 0.3953731194683088 0.41110226422008617 0.39829847266111656 0.40091513436085263
1 0.3871266057721008 0.43023086025921153 0.3977209959315303 0.4409246924417599 0.4058316759888912 0.42913563534527477 0.39523733652311305 0.4184417724609375
1 0.3903444359864903 0.49904554278797786 0.4071685182691809 0.4926102329307879 0.4032402165308347 0.47754247039856323 0.3864161089013185 0.4839778109575421
1 0.4049139434713066 0.4823716468734281 0.41317982214233806 0.49703230368539364 0.42544479623585446 0.4868866212411186 0.417178917564823 0.47222596442915304
1 0.4068431917615111 0.5657857668471769 0.4150392652746055 0.5785499127577968 0.4283631790515988 0.5659976091902981 0.42016713088533014 0.5532334018761004
1 0.42736157388782187 0.6234884281273579 0.42164550984024607 0.6084872270733778 0.4084351498423225 0.6158723581724723 0.4141511631962469 0.6308736206300302
1 0.40753026816536025 0.6510336432658451 0.4081151715148723 0.6234074368083501 0.3870181213581681 0.6227521378269618 0.38643319266183035 0.6503782214773013
1 0.34903108717199177 0.6863834987463846 0.34210339416301133 0.6255465532452528 0.327740590041658 0.627946143658828 0.3346682830506385 0.6887831505635374
1 0.29119454824251195 0.7065448722609092 0.2981238381015106 0.7169525330695108 0.3066931182759941 0.7085817517409142 0.29976377772334406 0.6981741523358903
1 0.22596114656061825 0.7152705048651282 0.2635555330701049 0.734707009144712 0.2717960902622768 0.7113218863965041 0.23420165305913881 0.6918853821169203
1 0.030134977296341296 0.712224211971045 0.030134977296341296 0.674088291958784 0.0 0.674088291958784 0.0 0.712224211971045
1 0.03956372397286551 0.7115413427832621 0.07576997573193521 0.7125160631759306 0.07657979413916502 0.6683803381814324 0.040373646935751274 0.6674056791923415
1 0.08539490050255658 0.6662256252357898 0.07113800175562253 0.7117526324941839 0.13837494961051053 0.7426445882325201 0.15263184202073815 0.6971176423777037
1 0.0044445369726795695 0.7811333946059168 0.04605955459746808 0.7693717849086708 0.03719979980063201 0.723379154320454 -0.00441521822020065 0.7351407026141222
1 0.045108595559763355 0.7768228020466549 0.05404992594671408 0.7376091264383174 0.04141451750086787 0.7333821041483275 0.03247318394556394 0.7725957183530873
1 0.16110248502306765 0.7255059286382357 0.1890485769886511 0.7336006394814197 0.1929400117690381 0.7138895384022887 0.16499386910980327 0.7057948889626824
1 0.11831178380009344 0.7539128201828157 0.14872106761235335 0.7618058202732018 0.15183201026282833 0.7442211864939637 0.12142276447080695 0.7363282478071554
1 0.16458819316471138 0.7624979614012198 0.19677461896623885 0.7552939094528106 0.1941847817050262 0.738317171092964 0.16199830520984737 0.7455212230413732
1 0.2349904969681141 0.7618599168251697 0.23672411845768013 0.7345609300333249 0.19823829676225732 0.7309752067090041 0.19650472596634266 0.7582741935008488
1 0.281634004409131 0.7449642311879087 0.2607689537479236 0.740308611925459 0.2582883106117629 0.7566197355028609 0.279153386619796 0.7612753547653106
1 0.2999720018963481 0.7385647503183161 0.2915853456009266 0.7474918480610224 0.29847884574205774 0.7569933762732646 0.30686547669065356 0.7480662785305584
1 0.3152197143960237 0.7724136567451585 0.33228352695604496 0.8016945054113745 0.3501652055404511 0.7864054443850603 0.3331014183272555 0.7571245957188443
1 0.2787966047014509 0.7786816725548604 0.2945782987778369 0.8188737527705294 0.32705848161564316 0.8001621791294643 0.3112768382329085 0.7599700989137953
1 0.3451873677909572 0.864712321782256 0.3361756334273126 0.8149853712116448 0.3007239408271257 0.8244114344268737 0.309735700537596 0.8741383849974849
1 0.33229792395303415 0.9366401657012386 0.33381508355124845 0.9746177872901471 0.3579463768639042 0.9732034786846077 0.35642926795934127 0.9352258570956992
1 0.3219363190406977 0.9189539090008803 0.33212112984387976 0.9382296587140028 0.343560938027214 0.9293613855987487 0.33337612722403187 0.9100856358856263
1 0.33029405460801237 0.9883345483054577 0.34452127855877546 0.9793988540618712 0.33887821336917306 0.9662167339977364 0.32465104011206136 0.975152428241323
1 0.45228394163011315 0.8253744881397762 0.43350660761329424 0.7548670931841046 0.4009988981227938 0.7675689144633425 0.41977625748643843 0.8380763094190141
1 0.42285645443735725 0.8555148026832873 0.44670530807140263 0.877879029548384 0.4625554385771387 0.8530805192483023 0.43870661028991903 0.8307162923832054
1 0.5543908407521803 0.9986370247854314 0.553209932143506 0.9693128251933476 0.5185401891157081 0.9713611871423856 0.5197210470307309 1.000685448138047
1 0.5623038662628478 0.941606671277666 0.5897814475024657 0.9552222391969002 0.6006602036992577 0.9230113346092178 0.5731825717659884 0.9093957666899837
1 0.558336733187552 0.7583701672928194 0.5609560741538622 0.8218239490654867 0.5911221425002595 0.8199970084176936 0.5885028522276007 0.7565431652414487
1 0.5598114621995691 0.7759105290925239 0.531232206528369 0.7774155307823504 0.5322120641157081 0.8047161140672158 0.5607913704805596 0.8032111123773893
1 0.5525615096488268 0.8244240835638833 0.5639923704026941 0.8193229813451018 0.5598335139379153 0.8056498782735475 0.548402653184048 0.8107510418959067
1 0.607201813859401 0.8008900571397133 0.5820213140443314 0.8101112166161029 0.5906513505599823 0.8446867729816399 0.615831850375052 0.8354656135052503
1 0.5701027296706291 0.8535851952535526 0.5914079026130347 0.8535851952535526 0.5914079026130347 0.8272054814236984 0.5701027296706291 0.8272054814236984
1 0.5521517528647997 0.8350487446161343 0.5637056471105429 0.8459336954343247 0.573992250765677 0.8299140546403421 0.5624383565199336 0.819029042418574
1 0.5601881160292514 0.8569111814441336 0.5647154139521906 0.9056558589820171 0.5997101032852731 0.9008871957329917 0.5951828053623339 0.8521424567915304
1 0.5742736005307828 0.6249489736269177 0.584993229355923 0.6465896821357835 0.5977935284079111 0.6372869787081866 0.5870738488891196 0.6156462701993209
1 0.6298221321993096 0.6063840931330169 0.6279817498799575 0.5922655071051308 0.616325758620354 0.5944947025905433 0.6181661409397062 0.608613350022007
1 0.5788063226744186 0.530521692164707 0.5792561274430285 0.5719310369050239 0.6102343080843802 0.5714372907366071 0.609784452622119 0.5300279459962902
1 0.6898934500558036 0.49448205959389147 0.7021909694734998 0.4802340348241795 0.6907487026480741 0.46574441767794267 0.6784511325367265 0.47999244244765465
1 0.704921430923614 0.9803692148005219 0.724597614072882 0.9754039986992266 0.7210868759408742 0.9549926512198189 0.7014106927916061 0.9599579287246919
1 0.7379814477457952 0.9783285897022762 0.6767609048127335 0.9787169059277541 0.6768477430375311 0.9988007881272007 0.7380682859705928 0.9984125333053006
1 0.7807973563869134 0.9840845610774019 0.7942377134811046 0.9849889743735852 0.7949540147749689 0.9693695006955797 0.7815137590680804 0.9684651488029741
1 0.8102601517078488 0.977171132262324 0.820985255447337 0.9761717890349912 0.8201710140190251 0.9633517044650717 0.8094459609731883 0.9643511090959821
1 0.603109315384266 0.979889345840669 0.6179338626291269 0.985227772887324 0.6208516371210548 0.9733400402414487 0.6060269884888912 0.9680016131947937
1 0.8731348791787791 0.9444027445925554 0.8604756605585548 0.9704701598261444 0.8840300601186151 0.9872529856875629 0.8966893801261421 0.9611855704539738
1 0.8839489502764224 0.9698785363548479 0.8499296574893583 0.9686104296678508 0.8491761977490396 0.9982652875259369 0.8831954398424522 0.9995334556165115
1 0.9299126811993874 0.9663285499127579 0.8814996358168086 0.9673059106592681 0.8819395553234012 0.9992758676079917 0.93035260070598 0.9982985682650591
1 0.9980236573076724 0.9540941940706741 0.9481926091089597 0.9597528407751195 0.9514381180569975 1.001686080840512 1.00126916625571 0.9960274341360664
1 0.8346536832790438 0.5954941072214537 0.8307723238618667 0.6142996897400025 0.8436285887049678 0.6181927993743712 0.8475099988157963 0.5993872168558224
1 0.8783789346384447 0.6234160947128081 0.8972716474057828 0.6182788257867518 0.8945127975109012 0.6033933704767669 0.8756201861308659 0.6085305779992455
1 0.943878984926547 0.47744388695453976 0.9495457240513393 0.4920296314016914 0.9644976137484427 0.4835069990254024 0.9588308746236504 0.4689212238764619
1 0.9949504053869913 0.47943413041726923 0.9510680544019934 0.48961244886310046 0.9573373382669746 0.5292688135649837 1.0012196892519727 0.5190904951191524
1 0.9595211193807102 0.5535283232598718 0.9871395275838352 0.5478669747980068 0.9837437626531353 0.523561289612676 0.9561252530627077 0.529222638074541
1 0.9853716371859427 0.5740690480775277 0.9765780122573193 0.5458741216832244 0.9521932506878115 0.5570323184222523 0.960986774229132 0.5852272448165556
1 0.9658834767896075 0.5926161215338909 0.9735489652006333 0.6125127228213029 0.9870473665256437 0.604882652850698 0.9793817767273152 0.584986051563286
1 0.9552425752050456 0.624640052227427 0.9702173784325685 0.644638829068159 0.9860012523359635 0.6272987043353874 0.9710265504957434 0.6072999888982331
1 0.9638584681919643 0.6467619191712777 0.9732267563525229 0.6598826970612739 0.9803791236243771 0.6523901097011758 0.9710107340765158 0.6392692704076018
1 0.9684997761368356 0.6779153927471077 0.9797026675404901 0.670791288256885 0.973711489046927 0.6569688516843247 0.9625085976432725 0.6640929561745473
1 0.9614863094697363 0.6695484184403295 0.9618515065342089 0.6837052588971329 0.972447696318262 0.68330417072749 0.9720823978664868 0.6691473302706866
1 0.9771333105144311 0.7035788338429012 0.9811723778810216 0.6847079179176623 0.966283956635434 0.6800324038960325 0.9622447878815407 0.6989033812248491
1 0.9796402129620017 0.6362231617242518 0.9788074176572882 0.6735467124033262 0.9984598254840635 0.6741900376870599 0.9992927221760798 0.6368664870079854
1 0.9807709855494705 0.6727620360836897 0.9807709855494705 0.7050120547503773 0.9988295849771595 0.7050120547503773 0.9988295849771595 0.6727620360836897
1 0.9993346965194144 0.7236160493232835 0.9997467345177533 0.7101425078793071 0.9882614794759655 0.7096272090551119 0.9878495428649294 0.723100811902666
1 0.8885678516273878 0.11642359344052597 0.8815167702709718 0.1303020761286469 0.8942664263652409 0.13980555390448157 0.9013173049470515 0.12592707121636065
1 0.6847812487833523 0.3533468265648579 0.6759270449413414 0.363050311144209 0.6832442172738009 0.37284633091517855 0.6920984718094633 0.36314287703761633
1 0.6886136381333057 0.4056984116613745 0.6839387202975757 0.3717229524608589 0.672937640320027 0.37394385846327965 0.6776125074621054 0.40791931766379524
1 0.7680484100037634 0.0001097574635170835 0.7517224181926132 0.0027464414746228836 0.753124959445079 0.015488334824621558 0.7694510019498806 0.012851649846589302
1 0.3030614757854677 0.4900509932151503 0.3086784083977886 0.4996893900021221 0.31379861926715635 0.4953115298234721 0.3081816866548354 0.4856731637382891