0 0.21734094659922598 0.31939912134287307 0.10746979813868998 0.029757065675696547 -0.02367433903090775 0.10273981678242586 0.08619686084930497 0.3923818471480389
0 0.11937314477806445 0.08575129606285874 0.21532287854754634 0.08728046027981505 0.21624375353767375 0.002512192726135254 0.12029396834851516 0.0009830270494733538
0 0.4745001596066765 0.12294674308932557 0.4745001596066765 0.047038327431192205 0.30806294467736417 0.047038327431192205 0.30806294467736417 0.12294674308932557
0 0.4728187361783909 0.23836861435247927 0.2535434841808393 0.25340210272341357 0.25746454304773064 0.33730636908083544 0.47673979504528224 0.3222728807099011
0 0.44059628725252736 0.12419113626285475 0.44059628725252736 0.24489795918367346 0.4775823578677864 0.24489795918367346 0.4775823578677864 0.12419113626285475
0 0.4806587457054286 0.36117840202487245 0.5664385929766481 0.3624935850805166 0.5669652847251474 0.31209557980907204 0.48118543745392794 0.31078039675342795
0 0.5700474829862574 0.31085117885044644 0.5700474829862574 0.04579392647256657 0.4827192864100674 0.04579392647256657 0.4827192864100674 0.31085117885044644
0 0.5423912041912384 0.31309095110212054 0.5372542756489574 0.2670481156329719 0.5053218851193924 0.27227474913305166 0.5104588136616733 0.3183175846022003
0 0.48370926944568765 0.30820493114237885 0.5083666498558603 0.30944933210100445 0.5094314485210878 0.27849675392617984 0.4847740681109151 0.2772523529675542
0 0.7827172090551284 0.06943753300880899 0.8340344063454349 0.07213999689841757 0.8361415332771693 0.013439521984178193 0.7848243359868629 0.010737061013980788
0 0.6709478518093145 0.03264821110939493 0.6740299986507476 0.09362381915656888 0.7149094643468302 0.09059233373525191 0.711827317505397 0.029616725688077966
0 0.9707296575531803 0.014683921969666773 0.9707296575531803 0.055749130249023435 0.9964144031039385 0.055749130249023435 0.9964144031039385 0.014683921969666773
0 0.966384489192818 0.013882969836799467 0.9318732476174179 0.011682923959226025 0.9300541222949137 0.05354908534458706 0.9645652610309604 0.055749130249023435
0 0.9111860832850674 0.05998615342743543 0.9101136745076874 0.01841712289926957 0.8905480761636478 0.019157697716537785 0.8916205877803812 0.06072673019097776
0 0.8842623292044018 0.05668886924276546 0.8863171623249263 0.014379261951057279 0.838196314978017 0.010950722013201032 0.8361415332771693 0.05326032833177216
0 0.9902622444647746 0.1123413864447146 0.9912896096053602 0.057587783190668845 0.9697022924125948 0.05699352731510084 0.9686748244326558 0.11174713446169483
0 0.9604558004686183 0.12667993818010603 0.9604558004686183 0.18018915604571906 0.9933322048428286 0.18018915604571906 0.9933322048428286 0.12667993818010603
0 0.6111625536410067 0.4217356779137436 0.610115649023273 0.4813339856206154 0.6532465766836036 0.48244551055285395 0.6542934813013374 0.42284720284598215
0 0.6183347758266639 0.6642608019770408 0.6183347758266639 0.7177700120575574 0.6491565013393797 0.7177700120575574 0.6491565013393797 0.6642608019770408
0 0.6830604251132055 0.7115480384048151 0.6841228584733046 0.6703674939213967 0.6542934813013374 0.6692384058115434 0.653230945101885 0.7104189502949617
0 0.6820603124012742 0.6715754294882015 0.6830877289615365 0.7126406299824617 0.7128547340656592 0.7115480384048151 0.711827317505397 0.6704828379105549
0 0.7112954323695503 0.659575045838648 0.7138820992062447 0.7065704345703125 0.741771617654802 0.7043184241470025 0.7391850022377844 0.6573229731345663
0 0.6473978969763584 0.6197771967673789 0.6067011253916123 0.6159854188257334 0.6039513553404064 0.6592831981425382 0.644648075505476 0.6630749760841836
0 0.6489256269909699 0.662219425123565 0.6848519894889954 0.66636371223294 0.6884213377672178 0.6209696867028062 0.6524949238495156 0.6168253995934311
0 0.7315066561743102 0.614560434769611 0.7294518744734625 0.6618476711973852 0.7477859715603938 0.663016432158801 0.7498407532612416 0.6157291957310268
0 0.7282655711121788 0.663016432158801 0.7282655711121788 0.6169736278300383 0.7128547340656592 0.6169736278300383 0.7128547340656592 0.663016432158801
0 0.7096125177706403 0.6647501420001595 0.7085851526300547 0.6199517074896365 0.6861425719546388 0.6207067995655293 0.687169988514901 0.6655052340760523
0 0.7091311267573188 0.3087022742446588 0.6716885008325874 0.3069580078125 0.6701697178417229 0.3547880834462691 0.707612395186131 0.3565323498784279
0 0.6685835236546968 0.3543113864198023 0.6708996201525642 0.3019461495535714 0.6169862433853728 0.2984478697484853 0.6146700954678286 0.3508130754743304
0 0.6183260344816238 0.20739577935666453 0.6183260344816238 0.256235831124442 0.6651293554522957 0.256235831124442 0.6651293554522957 0.20739577935666453
0 0.655768711826032 0.15942787637515943 0.655768711826032 0.12454212733677456 0.6226463157184604 0.12454212733677456 0.6226463157184604 0.15942787637515943
0 0.6203635905907751 0.20551142789879623 0.7125313042991785 0.22997953453842473 0.7211971652537911 0.18209002747827646 0.6290294515453876 0.15762190526845504
0 0.6658246009010372 0.2543529276945153 0.713372787308472 0.258852261913066 0.7155577636307393 0.22497726751833547 0.6680095772233046 0.22047793329978477
0 0.6710120749855202 0.3688536974848533 0.613984465498631 0.36777443399234694 0.6132856720921968 0.42194313516422194 0.670313281579086 0.4230223986567283
0 0.6536085712076137 0.42804814552774234 0.6536085712076137 0.472527484504544 0.680970472353491 0.472527484504544 0.680970472353491 0.42804814552774234
0 0.5283195926245261 0.4672946229272959 0.5283195926245261 0.5135182283362564 0.5780031353662068 0.5135182283362564 0.5780031353662068 0.4672946229272959
0 0.5394523125691081 0.4362798262615593 0.5763498899207561 0.43516254035794005 0.5755538104859941 0.39659433170240754 0.5386562331343461 0.3977116176060268
0 0.39222841977872264 0.3876125102140466 0.32163162038621523 0.3934426755321269 0.3240227896120735 0.43592077761280296 0.3946195890045809 0.43009061229472256
0 0.4241797841689922 0.44692021584024233 0.42247208528590985 0.49345893081353637 0.46843258633569396 0.49593309674944197 0.4701402852187763 0.44939438177614793
0 0.4174317228964827 0.44810744305046235 0.4710195616904486 0.4507748350805166 0.4723820802838037 0.4106165360431282 0.41879424148983785 0.40794914401307397
0 0.5199160748604675 0.4074799206792092 0.47304981620550757 0.404641630211655 0.4713727120300653 0.44526915258290817 0.5182389192653486 0.44810744305046235
0 0.5146386677614259 0.4463631454779177 0.471435546875 0.4463631454779177 0.471435546875 0.4733996021504305 0.5146386677614259 0.4733996021504305
0 0.7567002923928496 0.13101484337631536 0.7551357973093934 0.1812314714704241 0.7852535360283277 0.1826080477967554 0.7868180311117839 0.13239141970264667
0 0.9106668473896904 0.17425431232063138 0.9358686593368261 0.17425431232063138 0.9358686593368261 0.13064713770029496 0.9106668473896904 0.13064713770029496
0 0.9371114729228096 0.13066892040019132 0.9378885270771904 0.17866967648875956 0.9632640346922389 0.1780670166015625 0.9624869805378581 0.13006626829809073
0 0.9322553986546968 0.05371425784364039 0.9293752797230412 0.012723501361146266 0.9106668473896904 0.01465201475182358 0.9135470691606993 0.05564277026118064
0 0.7803375578368523 0.01029129612202547 0.7227334823544124 0.01029129612202547 0.7227334823544124 0.06523635241450096 0.7803375578368523 0.06523635241450096
0 0.7242416214721988 0.075546560482103 0.7249617026247894 0.1200258916738082 0.7551357973093934 0.11930926575952647 0.7544157161568029 0.07482993456782126
0 0.3211969698590196 0.03595190242845185 0.3711059364633793 0.03841929143788863 0.3722939366739943 0.00316510297814194 0.32238497006963457 0.0006977150026632815
0 0.4066117888453033 0.042038357014558755 0.4390141038002843 0.040294071119658804 0.4375931724541912 0.001569858740787117 0.4051908574992102 0.0033141462170347877
0 0.552488126168255 0.041852036300970584 0.5908760514295492 0.04276373337726204 0.591542758957719 0.0015836012606718103 0.5531547822767481 0.0006719057657280747
0 0.4785843731077559 0.0018339498918883655 0.477864343374842 0.04195256135901626 0.5009576914786489 0.0425606124255122 0.5016777212115627 0.002442002539732018
0 0.523689867773273 0.5583529725366709 0.5748938389354729 0.5610891536790498 0.5765630759003791 0.5152625259088011 0.5253590533185025 0.5125263447664222
0 0.5736828541293703 0.5344496746452487 0.5492011233348252 0.5344496746452487 0.5492011233348252 0.5571254185267858 0.5736828541293703 0.5571254185267858
0 0.5275842912476306 0.5995345757932079 0.5830133658250842 0.6018104397520727 0.5840910708291649 0.5633029859893176 0.5286619962517113 0.5610271843112244
0 0.5220019654657224 0.6496809356066645 0.5808482889177022 0.6524222237723214 0.5823234680227201 0.6059654391541773 0.5234770931510636 0.6032241509885204
0 0.7681614812322294 0.660475999481824 0.7688815109651432 0.6168688092912946 0.7508154646528802 0.6164311623086735 0.7500954349199663 0.6600383524992028
0 0.9477710804220199 0.5067615742586097 0.8988081330296968 0.5085319051937182 0.8997479818805286 0.5466639927455357 0.9487108264334984 0.5448936618104273
0 0.8984259819924179 0.5013082076092156 0.8667437481900274 0.5013082076092156 0.8667437481900274 0.5257282490632972 0.8984259819924179 0.5257282490632972
0 0.8681838076558551 0.5030525051817603 0.8393817956244735 0.5030525051817603 0.8393817956244735 0.547531813018176 0.8681838076558551 0.547531813018176
0 0.8973161396903959 0.5494750353754784 0.8980362208429865 0.5974429383569834 0.9466693624289174 0.5963718959263393 0.9459493841156803 0.5484039929448342
0 0.875787852286489 0.5635137441206951 0.8781051314369208 0.6018740907007334 0.9020722541069924 0.5997500049824618 0.8997548721172073 0.5613896584024235
0 0.8264208490746103 0.5562533008808992 0.8264208490746103 0.5946275983537946 0.8631434452664279 0.5946275983537946 0.8631434452664279 0.5562533008808992
0 0.8134599025247473 0.5013082076092156 0.8134599025247473 0.5484039929448342 0.8350614629679602 0.5484039929448342 0.8350614629679602 0.5013082076092156
0 0.7707032072714828 0.5028448610889669 0.7699677516355571 0.549168738540338 0.7983300740114259 0.5498294129663585 0.7990655810670282 0.5035055043746014
0 0.8057339932603201 0.18382342591577647 0.8042439024490575 0.2307491380341199 0.8343031255759004 0.2321494589046556 0.835793216387163 0.18522374678631218
0 0.8068779268079981 0.22812479758749202 0.8075979565409119 0.18626190496950734 0.7810575875697662 0.18559218426139987 0.7803375578368523 0.22745507687938457
0 0.9596131348067607 0.18197686331612722 0.9603503901313711 0.2248386460907605 0.9898896574873631 0.2240932542450574 0.9891524021627527 0.1812314714704241
0 0.9351485781842355 0.17774289189552775 0.9351485781842355 0.19693005620216836 0.9596303089787805 0.19693005620216836 0.9596303089787805 0.17774289189552775
0 0.9092267879238627 0.23007152323820154 0.9106856669913648 0.19384673760861768 0.8890653383661542 0.19256932784099967 0.8876063564592986 0.22879411347058354
0 0.9603503901313711 0.24228152839504943 0.9603503901313711 0.28327228779695474 0.9905925644679339 0.28327228779695474 0.9905925644679339 0.24228152839504943
0 0.9329967675534435 0.23998243370834663 0.9322683564132266 0.2885051493742028 0.9574618383727359 0.2890599776287468 0.9581902495129528 0.24053724639269772
0 0.9322683564132266 0.28937729816047514 0.9322683564132266 0.24228152839504943 0.9063465661528538 0.24228152839504943 0.9063465661528538 0.28937729816047514
0 0.9063642545216407 0.295130764708227 0.9070843356742313 0.2454185641541773 0.882584813671546 0.24489795918367346 0.8818647325189554 0.2946101597377232
0 0.8826034275945135 0.2958950120575574 0.8818834492812764 0.24618282707370057 0.8602632234954192 0.24664224118602518 0.8609833046480097 0.296354426169882
0 0.8574133393336668 0.29840953593351405 0.8566630234111732 0.24751438997229752 0.8307108441218671 0.24807571099728953 0.8314612114640375 0.29897087252869897
0 0.991316553515954 0.3428733981385523 0.9905925644679339 0.2885051493742028 0.9610664605491785 0.28908196274115117 0.9617904495971988 0.34345021150550065
0 0.9595438210825611 0.352245502082669 0.9609838805483888 0.2929397271603954 0.9344284970316449 0.29199371337890623 0.9329884375658172 0.35129948830117985
0 0.9323444575347515 0.35352057632134887 0.9315071395192712 0.29064408905652106 0.907066544466091 0.29112156459263394 0.9079038624815712 0.35399805185746175
0 0.8789802943344566 0.29844223333864794 0.8782602131818661 0.35600371068837694 0.907066544466091 0.3565323498784279 0.9077866256186815 0.29897087252869897
0 0.8573768827828823 0.2985755764708227 0.8566568530499684 0.35439278738839286 0.8775444512821188 0.3547880834462691 0.8782645324347094 0.29897087252869897
0 0.8566630234111732 0.3547880834462691 0.8566630234111732 0.3024594365334024 0.8314612114640375 0.3024594365334024 0.8314612114640375 0.3547880834462691
0 0.8292942320286173 0.30033067975725447 0.8300142617615311 0.248874197200853 0.8062593995169018 0.24838653875856984 0.805539369783988 0.2998430213149713
0 0.8026516921598568 0.30299143888512436 0.8033717733124474 0.2515349718989158 0.7774573874855202 0.25100296954719387 0.7767373063329297 0.3024594365334024
0 0.8285512177002159 0.358768385283801 0.8292712474331297 0.3046954719387755 0.8040992588984835 0.3042037341059471 0.803379177745893 0.3582766474509726
0 0.7760126488291123 0.3045379638671875 0.7752926190961984 0.3568665796396684 0.8019391182800653 0.35740449866470025 0.8026591480129791 0.3050758828922194
0 0.9560160199031171 0.3621353460817921 0.9574560793689448 0.41359184420838646 0.987712342696925 0.4123495607959981 0.9862721803917439 0.3608930626694037
0 0.9552784560604465 0.41816798618861606 0.9559985372130371 0.3649672216298629 0.9265079128712089 0.364381657814493 0.9257879345579718 0.41758242237324616
0 0.9012847103385636 0.36623030681999363 0.9027462632292544 0.4184545711595185 0.9265294062960721 0.41747807094029016 0.9250678534053812 0.3652538066007653
0 0.8789846135873 0.36961451939174106 0.8789846135873 0.4193267199457908 0.9020261820766639 0.4193267199457908 0.9020261820766639 0.36961451939174106
0 0.878246227029802 0.4215966983717315 0.8789663081823926 0.3666516362404337 0.851622661021746 0.3661259242466518 0.8509025798691554 0.4210709863779496
0 0.851622661021746 0.37135878582389986 0.8300211005785331 0.37135878582389986 0.8300211005785331 0.4210709863779496 0.851622661021746 0.4210709863779496
0 0.9329877176903433 0.23271605822504784 0.9344284970316449 0.17861504068180006 0.9113876484177549 0.17771478769730548 0.9099467662370998 0.23181580524055326
0 0.9454482479465038 0.4822284932039222 0.9886513688329297 0.48048419563137756 0.9869922615443345 0.4201988375916773 0.943789243497262 0.42194313516422194
0 0.9104041956810762 0.42416876968072387 0.9140139598251895 0.4864726786710778 0.9401984017941765 0.48424704415457587 0.9365886376500632 0.42194313516422194
0 0.9359339623262426 0.48219570237763076 0.9344284970316449 0.4201988375916773 0.8875810579783593 0.4218677442900989 0.8890864204336036 0.4838646090760523
0 0.8859966120603412 0.23495478727379623 0.8888768338313501 0.18698686872209822 0.8631434452664279 0.18472003547512755 0.8602632234954192 0.23268795402682557
0 0.8343414332350463 0.18559218426139987 0.8343414332350463 0.23617651803152903 0.8602632234954192 0.23617651803152903 0.8602632234954192 0.18559218426139987
0 0.9120388272035594 0.18163081577845983 0.9135470691606993 0.13413570170499842 0.8862531962471041 0.13286420861069037 0.8847449542899642 0.18035932268415178
0 0.8847857815132687 0.18175557973433515 0.8855058626658593 0.1294269406065649 0.8595431937625053 0.12890284012775033 0.8588231640295914 0.1812314714704241
0 0.7724601147851727 0.5482938805404974 0.7716969439435025 0.5039246539680325 0.714087880752422 0.5053783494599011 0.7148510001744155 0.5497475760323661
0 0.9502696653525169 0.6138147470902423 0.9013062037634267 0.6138147470902423 0.9013062037634267 0.6591662348533164 0.9502696653525169 0.6591662348533164
0 0.6875137804733572 0.5554288280253508 0.7140928170413858 0.5545090033083546 0.713002205698452 0.5082732842893016 0.6864231691304233 0.509193077865912
0 0.661529103948373 0.5109017819774394 0.661529103948373 0.5545090033083546 0.686730864475832 0.5545090033083546 0.686730864475832 0.5109017819774394
0 0.6084541764295492 0.5519917390784439 0.6614420504357098 0.5509038808394452 0.6608090742154591 0.5056689204001913 0.6078212002092986 0.5067567163584183
0 0.887625176060973 0.484737474091199 0.8861844995590249 0.42540607063137753 0.8609833046480097 0.4263038479551977 0.8624240325696346 0.4856352514150191
0 0.8588231640295914 0.4856096228774713 0.8580985579454508 0.4241734095982143 0.8357814927008741 0.4245595815230389 0.8365060987850147 0.48599579480229593
0 0.8120198430589195 0.4751438997229751 0.8120198430589195 0.42194313516422194 0.7860979499591934 0.42194313516422194 0.7860979499591934 0.4751438997229751
0 0.8339201518237942 0.4256602073202328 0.8087183398766586 0.4274045048927774 0.811299761906329 0.48212105887276785 0.8365015738534646 0.4803767613002232
0 0.7875380608446978 0.4751438997229751 0.7853068582330718 0.42289494105747766 0.7587359973936394 0.4245595815230389 0.760967251424942 0.47680854018853636
0 0.7608961380120577 0.4742717509367028 0.7601678297111942 0.4248712033641582 0.7342542665990943 0.42543169916892537 0.7349825748999579 0.47483224674147
0 0.9543615403854254 0.6588918257732781 0.9236277939395535 0.6617826500717474 0.9266825340933025 0.7094279386559311 0.9574162805391744 0.7065371143574617
0 0.9255795820279591 0.6602980010363521 0.8654745048902169 0.6664427465322066 0.8685913600134267 0.71116943359375 0.9286964371511689 0.7050246258171238
0 0.8667437481900274 0.6225361726721939 0.8667437481900274 0.6574219372807717 0.8991460631450084 0.6574219372807717 0.8991460631450084 0.6225361726721939
0 0.8260273342887795 0.6424125204280932 0.8275238011399537 0.6895392593072385 0.8617033343809235 0.6879469890983737 0.8602068675297494 0.6408203125
0 0.8648892461299494 0.6202743218869579 0.8180859251592776 0.6194021419602997 0.8177802351812605 0.6434676189811862 0.8645836075716091 0.6443397989078444
0 0.8162135804713827 0.6603888064014668 0.818373721089801 0.6246308618662308 0.7947386152722199 0.6225361726721939 0.7925784232341249 0.6582941172074298
0 0.7669024704480834 0.5553172831632653 0.7661674261695715 0.5998311568279655 0.7947276628810815 0.6005229716398278 0.7954626557399168 0.5560091602558992
0 0.7687971826953454 0.6054134446747449 0.7680771015427549 0.5530848289022641 0.7407347398740259 0.5536368233816964 0.7414547696069398 0.6059654391541773
0 0.7392946289885215 0.5527647057358099 0.7126527575755581 0.5527647057358099 0.7126527575755581 0.6068376190808354 0.7392946289885215 0.6068376190808354
0 0.7120053324261532 0.6043528031329719 0.7141654730445715 0.5563849001514668 0.6989717298731045 0.5553811209542411 0.6968115892546862 0.6033490239357462
0 0.6564887415589459 0.5562533008808992 0.6564887415589459 0.610326151945153 0.6838506941244998 0.610326151945153 0.6838506941244998 0.5562533008808992
0 0.6068051988172651 0.5492761105907207 0.6068051988172651 0.6085819166533801 0.6536085712076137 0.6085819166533801 0.6536085712076137 0.5492761105907207
0 0.8261067262696136 0.3687549824617347 0.7980247439711458 0.3678828336754624 0.7968987558906382 0.4210709863779496 0.8249807381891059 0.42194313516422194
0 0.8343362912673757 0.13467885231485172 0.8350614629679602 0.1812314714704241 0.858828305997262 0.1806883208605708 0.8581030828770009 0.13413570170499842
0 0.8048684458423283 0.1268964806381537 0.8040992588984835 0.18559218426139987 0.8343109413667597 0.1861730147381218 0.8350801283106045 0.12747731111487565
0 0.8098596510208246 0.1821036046865035 0.8098596510208246 0.13326356848891902 0.7868180311117839 0.13326356848891902 0.7868180311117839 0.1821036046865035
0 0.7232855240035277 0.13382990311603157 0.7201223911712826 0.18555173290019134 0.7526926942100621 0.1884739622777822 0.7558558270423072 0.13675213249362245
0 0.7572760899326032 0.19139510174186863 0.7580159676607255 0.23530438481544963 0.7810774355649748 0.23473432891222895 0.7803375578368523 0.19082504583864796
0 0.7227334823544124 0.193441476627272 0.7227334823544124 0.24402581039740115 0.7558558270423072 0.24402581039740115 0.7558558270423072 0.193441476627272
0 0.7515235650207982 0.25106553058235015 0.7522555755383846 0.3007151701012436 0.7753026973528327 0.3002166748046875 0.7745706868352464 0.250567035285794
0 0.7179030150852991 0.24708255067163584 0.7171267836457456 0.3034945740991709 0.7522555755383846 0.3042037341059471 0.753031806977938 0.247791710678412
0 0.7523579521147062 0.3041859529456314 0.7538219731498789 0.36004377092633927 0.776041186749684 0.3591894033003826 0.7745771657145114 0.30333158531967475
0 0.7536956350042123 0.3015872877471301 0.7205733417359941 0.3015872877471301 0.7205733417359941 0.3600209450235172 0.7536956350042123 0.3600209450235172
0 0.7753675889848357 0.4201734581772162 0.7976891277412858 0.42104560696348853 0.7990588965090565 0.36961451939174106 0.7767373063329297 0.36874237060546877
0 0.775337816992023 0.42058407530492664 0.7746177872591091 0.3673833107461735 0.7500954349199663 0.36787022181919643 0.7508154646528802 0.4210709863779496
0 0.7234535120873262 0.3722309346101722 0.7234535120873262 0.42368743273676657 0.7500954349199663 0.42368743273676657 0.7500954349199663 0.3722309346101722
0 0.7291771391408225 0.4205515336017219 0.7258529084614574 0.3735766352439413 0.6928496003251369 0.37700298075773275 0.6961738310045019 0.4239778791155134
0 0.7349954812388111 0.4847102573939732 0.7335342368661805 0.4263038479551977 0.7090313725845092 0.4272032134386958 0.7104926169571398 0.4856096228774713
0 0.8890653383661542 0.06610849341567682 0.8585146459693556 0.06710859026227678 0.8596625388321398 0.11855106743014589 0.8902132312289385 0.11755097058354592
0 0.8324312436650958 0.06719210099200813 0.8339163981873947 0.12025798875458386 0.8603082671322135 0.11917438117825255 0.8588231640295914 0.06610849341567682
0 0.8149119941949242 0.12494345684440769 0.8444340873788964 0.11796630547971142 0.8365015738534646 0.06872492420430086 0.8069794806694924 0.07570207556899713
0 0.9121069068555181 0.06174777673215282 0.9121069068555181 0.11582068618463011 0.9380287999552444 0.11582068618463011 0.9380287999552444 0.06174777673215282
0 0.9668308119866259 0.06174777673215282 0.9423490811920808 0.06174777673215282 0.9423490811920808 0.11756497597207828 0.9668308119866259 0.11756497597207828
0 0.8890653383661542 0.06436420752077686 0.8890653383661542 0.11756497597207828 0.9121069068555181 0.11756497597207828 0.9121069068555181 0.06436420752077686
0 0.7561303566962405 0.12193854195731027 0.7863725310328032 0.12106640095613441 0.7853779202262795 0.07046921399174905 0.7551357973093934 0.0713413549929249
0 0.8084284357393903 0.0724067143031529 0.7825065940593408 0.07415099630550462 0.7846578904933657 0.12105354776187818 0.8105797321734152 0.11930926575952647
0 0.5786168292076928 0.6524814527861926 0.5211763711365311 0.6524814527861926 0.5211763711365311 0.6919063023158483 0.5786168292076928 0.6919063023158483
0 0.9184728685104254 0.7672773711535396 0.965524238001527 0.7660647645288584 0.9648115612823821 0.7254987444196429 0.9177601917912805 0.7267113510443239
0 0.9854866934103833 0.7243738291214924 0.9854866934103833 0.7637986786511479 0.9988894378225042 0.7637986786511479 0.9988894378225042 0.7243738291214924
0 0.9676359412844882 0.7169883883729273 0.9655003792715354 0.7635489327566964 0.9815660459009057 0.7646300023915816 0.9837016079138584 0.7180693957270409
0 0.9985826680312764 0.7666381213129784 0.9748114543294545 0.7678899648238201 0.9755827494800442 0.7893767064931442 0.9993539631818661 0.7881248629823023
0 0.9991910656460615 0.8218705157844388 0.998458540931708 0.7899272685148278 0.978627205698452 0.790594482421875 0.9793597304128054 0.822537729691486
0 0.978627205698452 0.7932564248844068 0.9529870924270746 0.7932564248844068 0.9529870924270746 0.8243123579998406 0.978627205698452 0.8243123579998406
0 0.9338168085575506 0.7793405961017219 0.936747113093671 0.8148330377072704 0.9537196171414279 0.8127772739955357 0.9507893126053075 0.7772848323899872
0 0.9155465747090881 0.7802423593949298 0.9178399951295282 0.8145023268096301 0.9354052652103517 0.8127772739955357 0.9331118447899115 0.7785173065808355
0 0.9006083359111732 0.7808471056879783 0.9014631366167334 0.8160481355628189 0.9185560655473357 0.8154392164580676 0.9177013676811289 0.7802381865832271
0 0.9852203394850463 0.8988464978276467 0.9852203394850463 0.9503105319276148 0.998406607058235 0.9503105319276148 0.998406607058235 0.8988464978276467
0 0.981099052397062 0.9344740887077487 0.9752385461641744 0.8936577621771364 0.9463938558011268 0.899733811981824 0.9522544648733677 0.9405501385124362
0 0.9432127260820345 0.8895120426100127 0.9412658742825927 0.8411712646484375 0.9034229461747051 0.843407206632653 0.905369797974147 0.8917479845942283
0 0.9121978168439343 0.9585499666175064 0.9452067811446925 0.954649321886958 0.9402578429404486 0.8932089046556122 0.9072488786396904 0.8971094871053891
0 0.8753342278985888 0.9520851602359693 0.9090326272246209 0.9520851602359693 0.9090326272246209 0.893522612902583 0.8753342278985888 0.893522612902583
0 0.877625385853254 0.8954471510283801 0.9046371704204402 0.893522612902583 0.9024823774483993 0.849153977997449 0.8754705928812131 0.8510785161232461
0 0.9148610475792439 0.7840573680644133 0.9156257610112153 0.7284826784717794 0.8878201594750421 0.7279213418765944 0.8870554460430707 0.7834960314692283
0 0.841753682471567 0.7327243727080676 0.844317159034067 0.8056916528818558 0.8866052153538332 0.8035120749960141 0.8840417387913332 0.7305447948222258
0 0.8835829724357624 0.7922094228316326 0.8883154338010741 0.8323336231465243 0.9039046457060868 0.8296361806441327 0.8991721843407751 0.7895119803292411
0 0.8826599892388901 0.8083407032246492 0.8606827566376632 0.8083407032246492 0.8606827566376632 0.8376220080317284 0.8826599892388901 0.8376220080317284
0 0.8519568889203348 0.7619825090680804 0.8489615899128581 0.7311446209343112 0.8328099495840354 0.7334461445711097 0.8358052485915122 0.7642840949856505
0 0.8599501805036331 0.8251996721540179 0.8562632868444608 0.7760775196308992 0.8291820857137215 0.7790594606983419 0.8328689793728938 0.8281816132214604
0 0.770576200670019 0.7160603425940689 0.769810715942897 0.6622869374800702 0.7442035112646114 0.6628216801857462 0.7449689959917334 0.7165950852997449
0 0.7897374860961194 0.6630889892578125 0.7919352144982098 0.6852717808314732 0.8181934951229465 0.6814552151426977 0.8159957667208562 0.659272423569037
0 0.8130654621847356 0.673469387755102 0.7698435731163121 0.673469387755102 0.7698435731163121 0.7151730284398916 0.8130654621847356 0.7151730284398916
0 0.8621479089057235 0.6645962462133291 0.8306472379817817 0.6645962462133291 0.8306472379817817 0.7098491435148278 0.8621479089057235 0.7098491435148278
0 0.8328725273305866 0.7109505789620536 0.8321399511965565 0.6816693364357461 0.8137980383187658 0.682342529296875 0.814530614452796 0.7116237718231824
0 0.7925377502698505 0.790561411332111 0.7947743005278538 0.8375179991430166 0.831379814115812 0.8349600655691964 0.8291432124381318 0.7880035400390625
0 0.8105500116002791 0.7287142383808992 0.7805144929443977 0.7260522959183674 0.7779019105906434 0.7692990050023916 0.8079374292465249 0.7719609474649235
0 0.8088257555812974 0.7845298299984056 0.8332747834614574 0.7835086744658801 0.8318826985539964 0.734611666932398 0.8074336706738363 0.7356328224649235
0 0.7852103434998947 0.8354762486049108 0.7859429196339248 0.776026387117347 0.7573898302574769 0.7755102040816326 0.7566572541234468 0.8349600655691964
0 0.7822973159751474 0.7799467748525192 0.7822973159751474 0.8181011589205995 0.8094025815145851 0.8181011589205995 0.8094025815145851 0.7799467748525192
0 0.7529943734532961 0.7320319350884885 0.75524028209246 0.7773700324856505 0.7808322151267639 0.7755102040816326 0.7785863064876001 0.7301721066844706
0 0.7295520400036858 0.7790594606983419 0.7302911978563342 0.837253305863361 0.758122406391507 0.8367346938775511 0.7573832485388584 0.7785408487125319
0 0.7287011471935552 0.73150634765625 0.7295328090445977 0.7788523148517219 0.7559246779894166 0.7781721465441646 0.7550930161383741 0.7308262416294643
0 0.7295520400036858 0.7329192492426658 0.7046445542860151 0.7329192492426658 0.7046445542860151 0.7808340890066964 0.7295520400036858 0.7808340890066964
0 0.7302846161377159 0.7834960314692283 0.7053770790003686 0.7834960314692283 0.7053770790003686 0.8322981231066645 0.7302846161377159 0.8322981231066645
0 0.6768067126125474 0.7275953643176021 0.6752862841920282 0.7699519566127232 0.7031351810959878 0.7714185442243303 0.7046555580968302 0.7290619519292092
0 0.6765129519995261 0.7783931810028699 0.6789095202914385 0.8296761648995535 0.7053770790003686 0.8278615523357781 0.7029805107084562 0.7765785684390943
0 0.6521430075821398 0.7353764748086735 0.6543407874039069 0.7815166862643494 0.6768067126125474 0.7799467748525192 0.674608984210457 0.7338065633968431
0 0.6797370171486679 0.8314108089524872 0.6772234176725727 0.7745799784757653 0.6516958620735046 0.7762363978794643 0.6542094615495998 0.8330672283561862
0 0.653925933452243 0.7235972501793686 0.600360513637321 0.7250390500438456 0.6014069040582877 0.7820748465401786 0.6549723238732098 0.7806330466757015
0 0.6094099139604834 0.7817214031608737 0.6094099139604834 0.8331854372608418 0.6511666507608467 0.8331854372608418 0.6511666507608467 0.7817214031608737
0 0.863613009754107 0.8961845553651148 0.8643627086404801 0.8471527722417092 0.8350426947859625 0.8464951495735012 0.8342929958995893 0.8955269326969069
0 0.809460480070556 0.8479013248365752 0.8101930562045861 0.899365421217315 0.8350426947859625 0.8988464978276467 0.8343100672322556 0.8473824014469069
0 0.7639830154637479 0.8491570297552615 0.7639830154637479 0.9290150545081314 0.7991465670578402 0.9290150545081314 0.7991465670578402 0.8491570297552615
0 0.8341560138808446 0.9589216582629145 0.8357985640335405 0.9002310616629464 0.8020768201742839 0.8988464978276467 0.8004342700215881 0.9575370944276148
0 0.8411954704612469 0.895589524872449 0.8389699240140586 0.9643287502989477 0.8701783769152801 0.9658110949457909 0.8724039233624684 0.8970718695192921
0 0.5508039774971041 0.043478261208047674 0.5508039774971041 0.0008873114172293215 0.5222336111092829 0.0008873114172293215 0.5222336111092829 0.043478261208047674
0 0.5222336111092829 0.044365571469676734 0.5237212851957403 0.002021213818569573 0.5017215307761163 0.0008873114172293215 0.5002338566896588 0.04323166827766263
0 0.47754662119247576 0.001774622834458643 0.43578988439211247 0.001774622834458643 0.43578988439211247 0.04170363679224131 0.47754662119247576 0.04170363679224131
0 0.5801069200189554 0.7622005540497448 0.5801069200189554 0.6938775510204082 0.5236987633773431 0.6938775510204082 0.5236987633773431 0.7622005540497448
0 0.47164040286699666 0.4906866891043527 0.4247556845480992 0.4942359457210619 0.4269990222034278 0.5377107581313776 0.4738837405223252 0.5341615015146683
0 0.42480859539542964 0.5742675158442283 0.4716860121202348 0.5714285714285714 0.47021355825808236 0.535759127869898 0.42333614153327714 0.5385980722855549
0 0.42113841313118683 0.6140195262675383 0.46971679276142586 0.6149389150191327 0.4702208598521746 0.575865142199458 0.42164248022193557 0.5749457534478635
0 0.5094831252961773 0.5859022490832271 0.47138926916596463 0.5885641915457589 0.4731511643882951 0.6255545479910715 0.5112450205185078 0.6228926055285395
0 0.5133964712115627 0.6230318653340242 0.47192069152472094 0.6241482481664541 0.47241858825426497 0.6512865961814414 0.5138943679411068 0.6501702133490115
0 0.47215295420440184 0.620035101442921 0.4235915944871525 0.6161781155333227 0.4216594487152485 0.6518661810427296 0.4702208598521746 0.6557231669523278
0 0.42122546664385 0.6989355593311544 0.47212816992022955 0.700098839584662 0.4727736411219198 0.6586610755141901 0.42187098926521693 0.6574977952606824
0 0.4160269373288753 0.755567776426977 0.4694882837181445 0.7586512974330357 0.4717871032046388 0.7001790572185905 0.41832580823504634 0.6970955984933036
0 0.5509735081712037 0.7755507488639988 0.4413855278702875 0.7774072141063456 0.441948573330218 0.8261688232421875 0.5515365536311342 0.8243123579998406
0 0.3749862709463195 0.001774622834458643 0.3749862709463195 0.04525288562385403 0.4042892134681708 0.04525288562385403 0.4042892134681708 0.001774622834458643
0 0.3872058485974358 0.434324396873007 0.32855183473633637 0.4407828817562181 0.3310318057438658 0.4738243258729273 0.38968576818528855 0.4673658409897162
0 0.3354614052133793 0.4953120640345982 0.3862637887005055 0.4944202968052455 0.3859748615370946 0.4702750692562181 0.3351725294696451 0.4711668676259566
0 0.39754377459917334 0.4921519065389828 0.3447670812052443 0.4930783330177774 0.3450679891533277 0.5182264055524554 0.39784468254725674 0.5172999479332748
0 0.34477973044571397 0.4883225732920121 0.3250002776662542 0.49275911292251273 0.3295667048954823 0.5226264175103635 0.3493461576749421 0.5181898778798629
0 0.39402121822675334 0.5428384586256377 0.39255606595869313 0.5188810698840083 0.3508113099430023 0.5226264175103635 0.35227646221106257 0.5465838373923788
0 0.3859748615370946 0.5412599524673151 0.33922182901024117 0.5457542575135523 0.34055529548625735 0.5661046865035076 0.38730832801311077 0.5616103814572704
0 0.4016002728945082 0.6205628064213967 0.3934558074616944 0.5554552973533163 0.3324108300534436 0.5666582380022321 0.34055529548625735 0.6317657470703125
0 0.4006827916030434 0.7012700294961735 0.4040145809748842 0.6313198790258291 0.34901506637663227 0.6274767194475447 0.3456833284244682 0.6974268076371174
0 0.3497760261722041 0.7432033616669323 0.4031553067574505 0.7336953922193877 0.39842860439592986 0.6947648651745855 0.34504932381068343 0.7042728969029017
0 0.347844600275774 0.7069944420639349 0.3157398509898905 0.7158827801139988 0.32361914514993156 0.7576359340122768 0.3557239458554918 0.7487476582429847
0 0.25337899263505687 0.4046140086894133 0.2590649290655276 0.46856418531768174 0.3054121575038174 0.4625186530911193 0.29972616965367 0.39856847646285076
0 0.7179443565053707 0.11334367868851643 0.676187671124684 0.10713249517946827 0.6709461549599831 0.1588287509217554 0.7127028403406698 0.16503993443080356
0 0.3151340757786173 0.5227195272640306 0.3111994935367523 0.46362538240393814 0.2758170997985994 0.4670815292669802 0.2797516820404644 0.5261756741270727
0 0.24701827578717356 0.4699894496372768 0.24852117009793598 0.5255103909239477 0.2783085373940343 0.524327429946588 0.2768056430832719 0.4688065198003029
0 0.29953113481992416 0.5590062355508609 0.32098692047967564 0.5570071473413584 0.3187891920775853 0.5224019887496014 0.29733340641783385 0.5244010458187182
0 0.2738314261432445 0.5283866415218431 0.2764935770653433 0.56170654296875 0.2990160639183604 0.5590665856186224 0.29635391299626157 0.5257466841717156
0 0.2771660435973041 0.6293296969666773 0.33029928102951245 0.6193434111926021 0.3222707669676706 0.5566752531090561 0.2691375295354623 0.5666615388831314
0 0.2890192046322136 0.6235202711455676 0.2912169330343039 0.6536888278260523 0.33029928102951245 0.6495119678730867 0.3281015526274221 0.6193434111926021
0 0.3354896346158909 0.6928494200414541 0.3270685313223989 0.6464864302654656 0.2999008937151169 0.6537257603236607 0.3083220484282856 0.7000887500996492
0 0.26709478003896375 0.4704771392199458 0.26170563798243995 0.4052026242625957 0.23407095545163753 0.4085498109155772 0.23946009750816133 0.4738243258729273
0 0.2062017477753791 0.4787967604033801 0.2422569679832298 0.47077558867785396 0.23302600478161858 0.40990248699577486 0.1969707845737679 0.4179236898616869
0 0.20420064821701242 0.4169778940628986 0.15542121765085298 0.4261459039182079 0.16206607963221356 0.4780133305763712 0.210845510198373 0.4688453207210619
0 0.24443932190198506 0.47485124237683357 0.2136712271120735 0.47751318483936545 0.2167502887729044 0.5297249307437819 0.2475183835628159 0.52706298828125
0 0.26706613927903855 0.5682638362962372 0.26853129154709876 0.5265601956114477 0.24385555431234204 0.5252883599728954 0.2423904020442818 0.566992000657685
0 0.2749100052818292 0.6237337696308992 0.27250721520903537 0.5645579435387437 0.24075911280078455 0.56644916145169 0.24316185145390165 0.6256249875438457
0 0.23258585234901538 0.6248291638432717 0.23488636868484097 0.7070290701729911 0.2688685532066133 0.7056338563257334 0.2665680368707877 0.6234338877152423
0 0.2991808125625263 0.7138861831353636 0.2920272557195135 0.6196590501434949 0.26368807219816237 0.6228153773716518 0.27084168046085194 0.7170425103635204
0 0.3998096340728991 0.7283366923429528 0.3785650290253791 0.7301113206513073 0.38084688001856043 0.7701863191565689 0.40209148506608045 0.7684116908482143
0 0.4034508670591565 0.8116836859255421 0.3865235094875474 0.7597432662029655 0.3683930857400484 0.7684116908482143 0.38532044331165755 0.8203521105707908
0 0.3494333140269587 0.7727475536112882 0.3651776590965933 0.8347250179368623 0.3859748615370946 0.8269742381816008 0.3702304650477833 0.7649967738560268
0 0.3068568961602254 0.790594482421875 0.25777444943923755 0.790594482421875 0.25777444943923755 0.8269742381816008 0.3068568961602254 0.8269742381816008
0 0.33327462920242734 0.8011467135682397 0.34035804960641325 0.8326052918726085 0.35740449514927336 0.8269742381816008 0.35032102332561077 0.7955156598772322
0 0.27954847147812234 0.739167629942602 0.18842298319687237 0.7427863919005102 0.19067835305655012 0.8261041135204081 0.2818038413378001 0.8224853515625
0 0.15381229596672283 0.7605498021962691 0.15458585358308763 0.8270724549585459 0.18965988352003474 0.8264740613042092 0.18888632590366997 0.7599514708227041
0 0.11931802288463564 0.7453415851203763 0.11053657049678813 0.8240500936702806 0.15156381634372368 0.830765455596301 0.16034526873157118 0.752056884765625
0 0.07600270426363732 0.7296648297991072 0.07096810087800126 0.8251996721540179 0.11328495221672283 0.8284712810905612 0.11831955560235889 0.7329364387356505
0 0.3083935217789069 0.39297074298469387 0.30558826989653537 0.3623909463687819 0.27181839721988205 0.36693572998046875 0.27462364910225356 0.39751552659638073
0 0.2706011392132214 0.36278434286312183 0.21909050109914702 0.37253293407206634 0.22334347397917545 0.4055013228435906 0.2748541120932498 0.395752731634646
0 0.19037765078717356 0.3708961953922194 0.19037765078717356 0.40638863699776784 0.21308740810275378 0.40638863699776784 0.21308740810275378 0.3708961953922194
0 0.20063366524391849 0.5687666289660396 0.23946009750816133 0.5687666289660396 0.23946009750816133 0.5323868732063137 0.20063366524391849 0.5323868732063137
0 0.24010829395271693 0.5714324951171875 0.20201443782250422 0.5732071234255421 0.20356396978003896 0.6220053536551339 0.24165782591025167 0.6202307253467794
0 0.2050291220480992 0.6228926055285395 0.20665866302258845 0.6939459353077169 0.23506464070398062 0.6929902368662308 0.23343509972949136 0.6219369070870536
0 0.18385532189540332 0.4772289042570153 0.18606107176705983 0.527991905990912 0.21455256037081402 0.5261756741270727 0.21234681049915755 0.47541267239317603
0 0.29576793436052023 0.04054892014484016 0.3213999747426548 0.04169877499950175 0.32261327343420915 0.0020213687906459887 0.2969812330520746 0.0008715120505313484
0 0.25557672103714724 0.0008873114172293215 0.25956246585733467 0.04071515141701212 0.2971047431155223 0.03520336151123047 0.2931189982953349 -0.00462447672474141
0 0.18470364372169862 0.5207262623066805 0.18314449628461985 0.47729152757294324 0.1478883378527801 0.47914817965760526 0.14944748528985888 0.5225829455317283
0 0.15188256691962404 0.3921673521703603 0.19070899918386688 0.39128003801618305 0.19037765078717356 0.3700088812380421 0.15155121852293071 0.3708961953922194
0 0.11502777073899537 0.40927559988839285 0.15414107337958088 0.4104599621831154 0.15499032076005687 0.3693144506337691 0.11587701811947136 0.3681300571986607
0 0.09531140990285383 0.369889582419882 0.10027104339985257 0.409937893614477 0.11861223640216934 0.40660559206592795 0.1136526029051706 0.36655724973094705
0 0.09478456389532434 0.4845623405612245 0.1560521370840354 0.4967055963010204 0.1663218291747841 0.4206898903360172 0.1050543074057498 0.40854666573660714
0 0.18859549621222094 0.5112709512515944 0.1569083261208667 0.5085932517538265 0.1550276000256687 0.5412441954320791 0.18671477011702295 0.543921894929847
0 0.17607922702651116 0.6238862952407526 0.2082046984421072 0.6220333800023916 0.20689205693515691 0.5886447828643177 0.17476653409988416 0.5904977603834503
0 0.17288035751895536 0.5386615363919005 0.17885239303061815 0.5902000582948023 0.2057616981821293 0.5856255356146365 0.19978966267046652 0.5340870759925064
0 0.10393387265032646 0.41259983607700895 0.07829386221830244 0.41259983607700895 0.07829386221830244 0.4587400163922991 0.10393387265032646 0.4587400163922991
0 0.10920603494234414 0.5213905490174585 0.10751576732966513 0.4630399431501116 0.08342184373683656 0.46406390131736286 0.085112214188869 0.5224145071847098
0 0.13996677671848673 0.5782996975645727 0.06926857772351516 0.562646671217315 0.060712035001579616 0.6193434111926021 0.13141028541622787 0.6349964375398597
0 0.1488200109750158 0.6279266980229592 0.15558709752790648 0.567819898955676 0.13054581781144692 0.5636838951889349 0.12377878267823295 0.6237906942562181
0 0.16216202874894692 0.6574639145208865 0.1884987243806603 0.6598268469985651 0.19037765078717356 0.6291038046077806 0.1640409551554602 0.626740872130102
0 0.15880190713524114 0.6520533347616391 0.16474802712984415 0.7084693752989477 0.20617254139901012 0.7020641093351403 0.2002264214044071 0.6456481310786033
0 0.15791404357755898 0.6262748873963648 0.02681885794018534 0.6066844706632653 0.02192123657329402 0.6547662851761799 0.15301637079099095 0.6743567019092793
0 0.06377633921519588 0.7697945731026786 0.014370359888374052 0.7740688401825574 0.017490197352832772 0.8269742381816008 0.0668961766796546 0.822699971101722
0 0.06575476269613521 0.3631659682916135 0.06655125348831087 0.4104454196229273 0.08708467298731044 0.409937893614477 0.08628807935578138 0.36265844228316324
0 0.05704920575110573 0.41614906155333226 0.015466113198978518 0.42185092848174427 0.018004496959245997 0.44900954888791456 0.05958758951137321 0.44330768195950254
0 0.058486899911804974 0.4242743978694994 0.0599795102872262 0.46495118433115434 0.07905384504001685 0.46392436124840564 0.07756123466459562 0.4232475747867506
0 0.06290035360283278 0.5001174303950096 0.06364233953770009 0.45607807392976724 0.040941992022957036 0.455516986457669 0.04020000608808972 0.49955634292291135
0 0.0145598928167123 0.44720496352838013 0.0145598928167123 0.4942324891382334 0.03726970155196925 0.4942324891382334 0.03726970155196925 0.44720496352838013
0 0.07347028518586773 0.41070142473493304 0.06293274799915755 0.3612431117466518 0.047312889966828135 0.3661254260004783 0.05785032431418492 0.41558373898875955
0 0.05257312289385004 0.36563337676379143 0.008628530269323927 0.37389271016023595 0.015292520370419125 0.4259094861088967 0.05923711299494524 0.41765015271245215
0 0.415623704224147 0.8071401167889031 0.38778591397035594 0.8098019969706632 0.388905166073215 0.8269742381816008 0.4167429563270061 0.8243123579998406
0 0.10508958130397009 0.5167477043307558 0.060241750638426704 0.5134884581273916 0.05762088971672283 0.5663946657764668 0.10246882322161963 0.5696539431202169
0 0.12115041448373 0.563209377989477 0.15043731406644903 0.566943359375 0.15235202856794966 0.5449112872688138 0.12306518040490733 0.5411773058832908
0 0.003131869668807919 0.5756874551578444 -0.0028219118576242627 0.6574146504304847 0.05695603329691449 0.6638034742705676 0.06290981482334668 0.5820762789979272
0 0.015822451558550967 0.5290187913544324 0.08257547585825611 0.5317441356425383 0.08342184373683656 0.5013309712312659 0.016668819437131423 0.49860559580277425
0 0.05943394751737574 0.4679707741250797 0.05778173046545914 0.5039929136937978 0.07883932214879949 0.5054098946707589 0.0804915392007161 0.46938775510204084
0 0.38363639747985995 0.8181446308992347 0.40262552982834876 0.8659140450613839 0.42955139211575927 0.8502113809390944 0.41056225976727045 0.8024419044961735
0 0.36136576420334876 0.8222088872169961 0.3668169698096567 0.848619422134088 0.3896129579230729 0.8417166573660714 0.38416175231676497 0.8153061224489796
0 0.36663859495116363 0.8475509954958546 0.37312554710536017 0.8711224614357461 0.39612469436144165 0.8618367097815689 0.3896377422072452 0.838265306122449
0 0.4175501424119366 0.88875103386081 0.4123740320760057 0.8542694091796875 0.39435889124368156 0.8582367566167092 0.3995349501599358 0.8927183812978317
0 0.43218197135636055 0.8520408163265306 0.4121611546144429 0.8581032266422194 0.4182070287818555 0.8873949323381697 0.43822784552377314 0.8813325220224809
0 0.4227871336450874 0.8963695292570153 0.45178592877922286 0.9560804717394771 0.4901124589465301 0.9287734051139988 0.4611136638123947 0.869062462631537
0 0.47663412760965146 0.820348124601403 0.5020565813895325 0.871668663803412 0.5457901990805339 0.8398859763632015 0.5203676938809761 0.7885654371611927
0 0.5048143214906277 0.9276517284159758 0.5778118541688606 0.8732416269730549 0.5204811771074663 0.7604011379942602 0.4474836444292334 0.8148112394371811
0 0.5386757211918176 0.9699475969587054 0.5141464786159962 0.9138278883330676 0.48906396031881844 0.9299117730588329 0.5135932028946398 0.986031419403699
0 0.48784911903696293 0.881240159638074 0.4703518771884214 0.8953689263791454 0.49005250360349095 0.9311616858657525 0.5075497454520325 0.9170329814054528
0 0.4033093086891849 0.9379960663464605 0.41625441797862256 1.007682520029496 0.4494716833897167 0.9986299475845025 0.43652657410027906 0.9289435561822386
0 0.4667228306655434 0.8755102040816326 0.35214827295703455 0.8755102040816326 0.35214827295703455 0.9989795918367347 0.4667228306655434 0.9989795918367347
0 0.262550154752659 0.9067227110570791 0.3127013080343039 0.8915366036551339 0.3017493282533435 0.838475379165338 0.2515981749716986 0.8536614865672831
0 0.29482859970645536 0.7885792634925064 0.2424988461424547 0.8012558917610013 0.25124749277656383 0.8542386424784758 0.30357719492088775 0.8415620142099809
0 0.21006506234532962 0.8461126833545919 0.22376547526590143 0.9030073516222895 0.2571187971415596 0.8912245147082271 0.24341838422098777 0.8343297841597577
0 0.15838247683235046 0.823469387755102 0.15838247683235046 0.8806122448979592 0.2080876158382477 0.8806122448979592 0.2080876158382477 0.823469387755102
0 0.12973883740522324 0.8214285714285714 0.10362257792754845 0.8214285714285714 0.10362257792754845 0.8693877551020408 0.12973883740522324 0.8693877551020408
0 0.07582139848357203 0.8326530612244898 0.07582139848357203 0.8765306122448979 0.10362257792754845 0.8765306122448979 0.10362257792754845 0.8326530612244898
0 0.14490311710193765 0.8367346938775511 0.12805391743892164 0.8367346938775511 0.12805391743892164 0.8683673469387755 0.14490311710193765 0.8683673469387755
0 0.14470869930431235 0.8858712955397002 0.15064479246195767 0.943390889070472 0.1870390740180076 0.9378806600765306 0.18110298086036225 0.880361066545759
0 0.17795727929852043 0.8887154715401786 0.1885623819404223 0.9400960494060906 0.224639455510873 0.9291716906489158 0.21403440428864784 0.8777911127830038
0 0.2651682390118208 0.9231035505022321 0.2306750971626211 0.9350404077646683 0.24335966295018954 0.9888139997209822 0.2778528562190659 0.976877142458546
0 0.2756012914154644 0.9978589116310587 0.3304244879422915 0.9876430589325574 0.3179190683083667 0.8891883694395727 0.2630958717815396 0.8994042844188457
0 0.3523167752376 0.9108163016183036 0.35973041280539175 0.9377551020408164 0.37944399697899117 0.9297959308235013 0.37203030799152276 0.9028571304009885
0 0.34773775018757896 0.8908763651945153 0.35209870438868995 0.9120048055843432 0.3633976127283856 0.9085834113919005 0.35903660710759794 0.8874549710020727
0 0.3734590037087984 0.8803164112324617 0.36515904517362574 0.8561888402822067 0.34141066180826135 0.8681741519850128 0.3497106203434341 0.8923016606544961
0 0.2254287989679865 0.977257117446588 0.21833869400602884 0.9300245012555803 0.18838755503962196 0.9366204086615115 0.19547766000157962 0.9838530871332908
0 0.18776398862020852 0.9693500752351722 0.1823445089544282 0.9321531334701849 0.16081375340603937 0.9367552465322067 0.16623318165214301 0.9739521882971939
0 0.15332771693344566 0.9734693877551021 0.15332771693344566 0.9989795918367347 0.19292333614153329 0.9989795918367347 0.19292333614153329 0.9734693877551021
0 0.10119937424310235 0.8793078364158163 0.1031709074873631 0.9318430375079719 0.13874879883635216 0.9298843072385204 0.1367772655920914 0.8773490438655931
0 0.10446503791069923 0.9275510204081633 0.10446503791069923 0.9653061224489796 0.13984835720303285 0.9653061224489796 0.13984835720303285 0.9275510204081633
0 0.10587774210851937 0.9677708217075893 0.10953275556813395 1.0031867825255103 0.1382541415464406 0.9988382767657844 0.13459923092617945 0.9634223159478635
0 0.07834877843302443 0.8775510204081632 0.07834877843302443 0.9051020408163265 0.10109519797809605 0.9051020408163265 0.10109519797809605 0.8775510204081632
0 0.10200244675389637 0.9189952616788903 0.06726722106676496 0.9242543123206314 0.07118138969697768 0.9621821189413265 0.1059166153841091 0.9569230682995855
0 0.06823925863521482 0.9571428571428572 0.06823925863521482 0.9989795918367347 0.10783487784330244 0.9989795918367347 0.10783487784330244 0.9571428571428572
0 0.0 0.8275510204081633 0.0 0.8816326530612245 0.05560235888795282 0.8816326530612245 0.05560235888795282 0.8275510204081633
0 0.0 0.8755102040816326 0.0 0.9591836734693877 0.05897219882055602 0.9591836734693877 0.05897219882055602 0.8755102040816326
0 0.00761186042149326 0.9944297946229272 0.05515634461220514 0.9988595145089286 0.05930920338168703 0.9334693752989477 0.011764719190975147 0.9290395931321748
0 0.06935897351516428 0.7756269182477679 0.07375504735546545 0.7370228670081314 0.05248807474857835 0.7334698735451212 0.04809200090827717 0.7720739247847577
0 0.2459983150800337 0.9775510204081632 0.2459983150800337 0.9989795918367347 0.2796967144060657 0.9989795918367347 0.2796967144060657 0.9775510204081632
0 0.7249895206698873 0.858805193219866 0.7311675434064343 0.9377167370854592 0.7634091204520325 0.9340135846819196 0.7572311491351622 0.8551020408163266
0 0.7594187478609414 0.9617072280572385 0.7599804049896008 0.9052446637834821 0.7269025897417334 0.904761925522162 0.7263408811933972 0.9612244897959183
0 0.8010390168393271 0.931972768355389 0.7763268744734625 0.931972768355389 0.7763268744734625 0.9625850132533482 0.8010390168393271 0.9625850132533482
0 0.7005054759898904 0.8462584826411034 0.7005054759898904 0.8850339928451849 0.7319573496406382 0.8850339928451849 0.7319573496406382 0.8462584826411034
0 0.6829920883628633 0.8958343505859375 0.7048960479247841 0.8951540577168368 0.7038753159224936 0.8469387755102041 0.6819713563605728 0.8476190683793049
0 0.7271157757213563 0.8956175512197067 0.6894859307537384 0.8949373206313775 0.6887110362257792 0.957823150011958 0.7263408811933972 0.958503380600287
0 0.6767969942936499 0.896659010283801 0.6790435199689343 0.8572032072106186 0.6538893226424284 0.8551020408163266 0.6516427969671441 0.8945578438895089
0 0.6455533703335615 0.8972760881696429 0.646931211990575 0.9606944181481186 0.68952727217381 0.9593366973254145 0.6881494305167966 0.8959183673469387
0 0.6044650379106993 0.8965986602160395 0.6492530160725569 0.8993453668088329 0.6513009589564027 0.8503535679408483 0.6065129807945451 0.8476068613480549
0 0.6002655929141217 0.9720700010961416 0.6491227186117839 0.9698508749202807 0.6471917040727675 0.9074810417330995 0.5983345783751053 0.9097002301897321
0 0.540038548303233 0.9831986407844387 0.5696433243273483 0.9768707275390625 0.5655498038647851 0.9487741275709503 0.535944976420993 0.9551020408163265
1 0.644286595178233 0.05981893734056123 0.6220504645047915 -0.007977827714414012 0.589028953802917 0.007911175124499263 0.6112650844763584 0.07570793774663186
1 0.5959727697846462 0.13394728680046236 0.5965901658428548 0.16310957305285395 0.6138341143639428 0.16257397398656728 0.613216718305734 0.13341170330436863
1 0.5868309683024431 0.1751286253637197 0.5931413452868313 0.13511393021564094 0.5746786475884583 0.13084245020029497 0.5683682706040701 0.17085714534837373
1 0.5925311479833614 0.2201578101333307 0.5952559794913648 0.17147758639588648 0.5710585995090038 0.16949058065609057 0.5683337680010004 0.21817078882334184
1 0.5925256974976306 0.24610256272919323 0.626264769787937 0.1970639131507095 0.6081240621050968 0.17875353754783163 0.5743850412344671 0.2277922026965083
1 0.6014131772588458 0.22418268943319516 0.6061533515756634 0.2425553458077567 0.6163522387715881 0.2386950278768734 0.6116120644547705 0.22032235593211894
1 0.5924881611336352 0.2729457310267857 0.5884254924770956 0.23147090989716199 0.5678075390295914 0.2344338086186623 0.571870207686131 0.275908645318479
1 0.5681585297427865 0.2889892578125 0.5844592871340565 0.3098300233179209 0.6108582519942607 0.27953783930564413 0.5945574946029908 0.25869710494060905
1 0.5396891001803391 0.3931267563177615 0.5960524702835405 0.3903211632553412 0.5943535127454981 0.3402479210678412 0.5379901426422967 0.34305351413026147
1 0.4802469255146904 0.27141571044921875 0.523888193466328 0.2787214940908004 0.5265309591703086 0.2555614082180724 0.48288969121867104 0.24825562457649075
1 0.5003029647351517 0.13411441725127551 0.49781322398904804 0.17030264406788106 0.5182479177087721 0.17236516524334344 0.5207376584548757 0.1361769539969308
1 0.5138308646403749 0.23505695887974332 0.5306313184498737 0.1819230215890067 0.5009401059492155 0.168150080466757 0.4841396521397167 0.22128401775749362
1 0.6016485765388058 0.42751966203962055 0.5900482974739364 0.40744756581831953 0.5700467631107835 0.42440609056122447 0.5816470421756529 0.4444781867825255
1 0.6033036730926179 0.44791107177734374 0.5775114089978676 0.43515098727479273 0.5674443104333403 0.4650041541274713 0.593236523108414 0.4777642386300223
1 0.48618846915806657 0.35820041578643175 0.49253499417517904 0.41537291857661035 0.5336730494254159 0.40867343824736924 0.5273265244083035 0.3515009354571907
1 0.48815881974976305 0.35889226173867983 0.4539631407303075 0.36391271474410075 0.45611346019047494 0.38539989237882655 0.4903091392099305 0.3803794393734056
1 0.471722365831666 0.3276594823720504 0.4381686100562079 0.32894962855747767 0.4388900281203928 0.35647617262236925 0.4724437838958509 0.35518602643694197
1 0.4475473534086721 0.31117849544603 0.4520505858552285 0.32754180285395407 0.47337777090353833 0.3189312059052136 0.4688745384569819 0.3025678673569037
1 0.3785220935953296 0.20195862127810107 0.4396361276293966 0.21621146688655932 0.4499770873920598 0.1511612249880421 0.3888630533579928 0.13690837937958386
1 0.38539171098357206 0.1258996768873565 0.3185778572063237 0.12284584045410156 0.3161484831606729 0.20082212175641742 0.38296233693792125 0.2038759659747688
1 0.4486764780894587 0.25831734793526784 0.4531317873973252 0.23025615458585777 0.42759009138716303 0.2243068150111607 0.42313483349897324 0.2523680083605708
1 0.3928683376553286 0.21227571137097417 0.3827513620043966 0.25657839093889506 0.41746308889927336 0.2682074721978635 0.42758006455020536 0.22390480820013553
1 0.3151155646950032 0.2585534543407207 0.3829201728030223 0.26621856689453127 0.3875497433952454 0.2061384862783004 0.3197451352872262 0.19847335815429687
1 0.3030646435834825 0.26496170978156885 0.33213403793373525 0.22020374220244737 0.3036392070509952 0.19305298474370217 0.2745697612810657 0.23781095232282365
1 0.28406121656486943 0.056716798276317364 0.30582932534093304 0.057163682275888875 0.30611768688790014 0.036555769005600286 0.2843495781118366 0.03610888500602878
1 0.27988362493089197 0.09315363047074299 0.2737909588576769 0.1713773299236687 0.3170918799691976 0.17632516354930644 0.3231845460424126 0.09810144852618782
1 0.2548685692495524 0.050534894515057 0.2429568412028749 0.11480415499940211 0.276661513729465 0.12396870827188297 0.2885732417761426 0.059699443894989636
1 0.2655567660890112 0.1176330177151427 0.2579670161285015 0.13785733592753507 0.27195774454375526 0.14556001935686383 0.27954749450426497 0.125335693359375
1 0.20154852413187133 0.15488829320790817 0.24240531375052654 0.23423779545998086 0.2955194744826769 0.19411603966537788 0.2546626848640217 0.11476653741330517
1 0.2575663025879318 0.1887847121880979 0.24479535174349726 0.2970644269670759 0.28085160034488205 0.30330330984933035 0.29362260260899326 0.19502361064054527
1 0.19431213018968513 0.1611093015086894 0.2061028677370735 0.18916177555006378 0.2285508988982203 0.17531982733278859 0.21676016135083193 0.14726735329141422
1 0.19769420800534435 0.14799739292689731 0.18663476110006846 0.1311450413295201 0.17600091485888794 0.14138300370196907 0.18706036176416385 0.1582353552993463
1 0.21568219924836773 0.11824206138143734 0.20544896370840354 0.12986212749870457 0.21597359455626053 0.14345967818279656 0.22620683009622472 0.13183961206552933
1 0.18046424563632055 0.21256948977100606 0.21408669809985784 0.22801667816784918 0.22430399354004318 0.1953905845174984 0.1906815410765059 0.1799433961206553
1 0.2193146394699084 0.2455218879544005 0.24406570653103937 0.2332577608069595 0.23500057178680497 0.20641789339026625 0.21024950472567397 0.21868203610790019
1 0.06354032289911542 0.022216680098553092 0.07105705691870261 0.0993355420170998 0.12453300649615627 0.09168886457170759 0.11701637531592249 0.014570005572572046
1 0.04207096244471356 0.08558778568189972 0.07815811427179865 0.06168899925387635 0.06508311887900169 0.03272445834412867 0.028995967051916597 0.056623244772152026
1 0.0008641590867207245 0.05847440057871293 0.03516673961404802 0.06094751163404815 0.03700077664279697 0.02362723447838608 0.0026981961154696715 0.021154125369324976
1 0.0008443110915122157 0.018705591863515426 0.04081868763821609 0.01936433947816187 0.04101284833745788 0.0020824656194570112 0.0010384717907540018 0.0014237184913790956
1 0.011981710226674389 0.08291128508898676 -0.006187021179970514 0.10033304642657845 0.007569079250473884 0.12137929955307318 0.025737810657118786 0.10395753821548151
1 0.013780781875263269 0.3580519384267379 0.04658283339695661 0.37161846550143496 0.05532860052917018 0.34059557233537946 0.022526651846830243 0.32702901412029656
1 0.062156002362836985 0.3223548733458227 0.044592686229728305 0.2736045993104273 0.032055437815922495 0.28023105543486926 0.04961885678838458 0.32898132947026465
1 0.12218868059577717 0.34286309067083864 0.13348692047967564 0.3565478577905772 0.1441712094237047 0.3436068476462851 0.1328728667004528 0.3299220493861607
1 0.11007194229807288 0.35326883744220344 0.12553959808735257 0.34838150958625635 0.12282443347856993 0.3357745735012755 0.10735667484993681 0.3406619013572226
1 0.09375401073478307 0.34641642667809314 0.10685296769692502 0.3525580581353635 0.11035783570055813 0.34159141073421556 0.09725887873841617 0.335449810417331
1 0.07763034271008847 0.3445581864337532 0.0912226200505476 0.355991098832111 0.09738218312315712 0.3452478214186065 0.08378990578269797 0.33381487787986286
1 0.0537805597422599 0.3393302450374681 0.07199556885794019 0.35437291982222574 0.08050213165411753 0.33926151820591516 0.06228712253843724 0.32421884342115753
1 0.2362670384240733 0.3369841283681441 0.2645370624802548 0.3283206861846301 0.2589234221152327 0.30144693802814093 0.23065344947872787 0.310110380211655
1 0.25103296988534646 0.3416035866250797 0.2781935629969198 0.35622474514708224 0.28510267069687234 0.33739574198820155 0.25794202616562234 0.32277458346619897
1 0.28910435561683867 0.30228617142657843 0.2749222945845619 0.3534002810108418 0.2958717506877896 0.3619277642697704 0.31005381172006635 0.31081365468550703
1 0.3799078538825558 0.3307589783960459 0.30155552749183867 0.32232320357342154 0.2978034851022799 0.37344923992546236 0.37615581149299704 0.3818849836077009
1 0.369107922085615 0.36158711958904655 0.39360754692765376 0.3454924914301658 0.38384459575084245 0.3236898928272481 0.3593449709088037 0.33978455212651465
1 0.4287075952210141 0.3623802652164381 0.4015778024957877 0.33297894536232464 0.3867360784310499 0.35307047318439094 0.41386592257595306 0.3824717930385045
1 0.41705430246946085 0.37189863555285396 0.39032784568831613 0.41459176199776787 0.4126156017171704 0.4350608358577806 0.4393420584983151 0.3923677094128667
1 0.38839199769968935 0.3966504778180804 0.3854676578460668 0.4068338822345344 0.39524274406658066 0.41095207370057396 0.39816713533987996 0.4007686692841199
1 0.3869989358183709 0.4300736719248246 0.3975898466295019 0.440763605857382 0.40569785551153115 0.4289788382393973 0.3951069961200769 0.4182889043068399
1 0.3902156993734204 0.49886322021484375 0.40703425290911965 0.49243027044802296 0.4031072293597304 0.4773680083605708 0.38628867582403115 0.4838009892677774
1 0.40478042563974304 0.48219542211415817 0.4130435676863943 0.4968507104990434 0.42530448675758215 0.48670872279575894 0.4170413447109309 0.4720534344108737
1 0.4067090234539543 0.5655790367904975 0.4149023889993155 0.5783385607661033 0.4282219363745261 0.565790791414222 0.4200285708291649 0.5530312674386161
1 0.42722064101003054 0.6232606226084184 0.42150647517704826 0.6082649075255102 0.40830046244800444 0.6156473587970345 0.41401457686131005 0.6306431361607143
1 0.4073958874953928 0.6507957614198023 0.4079805806392165 0.6231796576052296 0.38689049172019796 0.6225245884486608 0.3863057471566976 0.6501406299824617
1 0.3489159806596198 0.6861327502192284 0.34199057292215146 0.6253180056202169 0.3276325023365101 0.6277167495416135 0.3345579100739785 0.688531494140625
1 0.29109851351885 0.7062867456552934 0.29802551526629634 0.7166905617227359 0.30659198198583615 0.7083228909239477 0.29966492881871315 0.6979190748565051
1 0.2258866397693766 0.7150091677295919 0.26346861301798125 0.734438588667889 0.27170645658369313 0.7110619992625956 0.23412443191541174 0.6916325783242985
1 0.030125040313026537 0.7119640116788903 0.030125040313026537 0.6738420136120855 0.0 0.6738420136120855 0.0 0.7119640116788903
1 0.039550678410646585 0.7112813521404655 0.07574498884398694 0.7122557348134566 0.07655454023404591 0.6681361607142857 0.04036033264005897 0.6671618403220664
1 0.08536674158856361 0.6659822425063775 0.0711145441172599 0.7114926085180165 0.13832931711378474 0.7423732835419324 0.15258151458508845 0.6968629175302934
1 0.004443071424810446 0.7808479776187819 0.046044366542491576 0.7690906758211097 0.03718753290859309 0.7231148856026786 -0.004413762209088037 0.7348721251195791
1 0.04509371955955139 0.7765389578683036 0.05403210480070556 0.7373396270129146 0.04140086121788121 0.7331141880580357 0.032462475976727044 0.772313456632653
1 0.16104935836470619 0.7252408397441008 0.18898623433550968 0.7333326067243303 0.19287638997670073 0.7136287144252232 0.16493946258622053 0.7055370097257653
1 0.11827276369655644 0.7536373839086415 0.148672025145456 0.7615274857501595 0.15178193861231046 0.7439492984693877 0.12138272858308762 0.7360591966278699
1 0.16453391559604044 0.7622193628427933 0.19670972687513164 0.7550179617745536 0.19412074615298547 0.7380474479830995 0.16194488345421756 0.7452488490513393
1 0.23491300407737467 0.7615815454599809 0.23664605286107307 0.7342925402582908 0.19817292519547705 0.7307081572863521 0.19643992783145536 0.757997162488042
1 0.28154113820950927 0.7446920589524872 0.2606829520324347 0.7400381282884247 0.25820313528393535 0.7563432965959821 0.2790613214610099 0.7609972272600446
1 0.299873075670019 0.7382948894889987 0.2914892002224621 0.7472187275789222 0.29838041387492104 0.7567167943837692 0.3067642893224779 0.7477929562938457
1 0.31511577037370997 0.7721314722177933 0.3321739396028591 0.801401628766741 0.35004973311131005 0.7861181142378827 0.3329915638821609 0.756847957688935
1 0.2787046745833772 0.7783971669722577 0.29448115695095306 0.818574555066167 0.3269506260037121 0.7998698331871811 0.31117419505581295 0.7596924450932717
1 0.345073542478412 0.8643963872169962 0.3360647636998473 0.814687612105389 0.3006247799237837 0.824110256895727 0.3096335587023484 0.8738190320073341
1 0.33218833711233675 0.9362979811065051 0.3337050118964564 0.9742617237324618 0.35782834754436077 0.9728478879344706 0.35631172417991785 0.934884145308514
1 0.321830151757977 0.9186181516063456 0.3320116076834983 0.937886888153699 0.34344765230096885 0.9290218431122449 0.3332661963754476 0.9097531065648916
1 0.33018512934722516 0.9879734584263393 0.3444076576650695 0.9790410255899235 0.33876645635333297 0.9658637221978635 0.32454397945516533 0.9747961550342793
1 0.4521348112856729 0.8250729307836416 0.43336364694674073 0.7545912762077487 0.40086666836694396 0.7672884571308992 0.4196378327058762 0.837770111706792
1 0.42271699720606043 0.8552022505779655 0.4465579874091723 0.8775583072584503 0.4624029093664438 0.8527688162667411 0.4385619191633319 0.8304127595862564
1 0.5542080115147168 0.9982721445511799 0.5530275185769008 0.968958702865912 0.5183691653064448 0.9710063077965562 0.5195496582442607 1.0003198117625958
1 0.5621184145791649 0.9412626305404974 0.5895869601345304 0.9548732212611607 0.600462118918492 0.9226741245814732 0.5729935733631266 0.90906353386081
1 0.5581526205935394 0.758093074876435 0.560771064790438 0.8215236741669324 0.5909272140078717 0.8196974150988521 0.588308769810973 0.7562667535275829
1 0.5596268741443766 0.7756270428093113 0.5310570219533225 0.777131497130102 0.5320365667945715 0.8044221216318559 0.5606064189856256 0.8029176673110651
1 0.5523792707126685 0.8241228998923789 0.5638063683063922 0.819023661710778 0.5596488817660067 0.8053555235570791 0.5482217841722831 0.8104548240194516
1 0.6070015705626053 0.8005974594427615 0.5818293763492524 0.8098152627750319 0.5904565697069819 0.8443781638632015 0.6156287639203348 0.8351603605309311
1 0.5699147173810025 0.8532733527981505 0.5912128503119735 0.8532733527981505 0.5912128503119735 0.8269032381018814 0.5699147173810025 0.8269032381018814
1 0.5519696615680286 0.8347436398875957 0.563519755028433 0.8456246512276786 0.5738029704941554 0.8296108323700574 0.562252877033751 0.8187298210299745
1 0.5600033690172178 0.8565980872329401 0.5645291747018482 0.9053249436981824 0.5995123460700558 0.9005580357142857 0.5949865403854254 0.8518311169682716
1 0.5740842361257371 0.6247206707389987 0.5848003024299705 0.6463534608179209 0.5975963974963142 0.6370541319555166 0.5868802283527275 0.6154213418765944
1 0.6296144532072715 0.6061625577965561 0.6277746571747315 0.5920491121253189 0.6161224956560657 0.5942775181361607 0.6179622916886057 0.608390963807398
1 0.5786154408764217 0.5303278708944515 0.5790651059492155 0.5717221007055165 0.6100330690224831 0.5712285255899234 0.6095833525300126 0.5298342957788584
1 0.6896659510418861 0.4943014028121014 0.7019594187684288 0.4800585688376913 0.6905209060064764 0.4655742411710778 0.678227386860257 0.4798170751454879
1 0.7046889808866892 0.9800110486088967 0.7243586526563817 0.975047644790338 0.7208491054621683 0.9546437166175064 0.7011793822727991 0.9596071827168368
1 0.7377381039549548 0.9779711664939413 0.6765377362836984 0.9783593002630739 0.6766245326979781 0.9984358806999363 0.7378249003692344 0.9980477469308036
1 0.7805398942646904 0.9837250378667092 0.7939758043682866 0.9846291055484694 0.7946918747860942 0.9690153160873725 0.7812560161021747 0.9681113106863839
1 0.8099929308228465 0.976814114317602 0.8207144990324874 0.9758151307397959 0.8199005255502316 0.9629997409119898 0.8091790087602675 0.9639987867705676
1 0.6029104154051707 0.979531362105389 0.6177300804286016 0.9848678277463329 0.620646913009425 0.9729844073860012 0.6058271451466407 0.9676479417450574
1 0.8728469552969671 0.944057729292889 0.8601918529841512 0.9701155681999363 0.8837385683774748 0.9868922642299107 0.8963936706902906 0.9608344253228636
1 0.8836574281276327 0.9695242122727997 0.8496493795084773 0.9682565494459503 0.8488961840840881 0.9979005774673151 0.8829042327032435 0.9991682402941645
1 0.9296060512320977 0.9659755161830357 0.8812089259622473 0.9669525146484375 0.8816486670374368 0.9989107715840242 0.9300457923072872 0.9979338353993942
1 0.9976945473752106 0.9537456278898278 0.9478798844579297 0.9594022166972258 0.9511243632187236 1.0013201032366073 1.0009390261360047 0.9956635144292092
1 0.8343784554022746 0.5952765639947385 0.830498378017718 0.6140752675581952 0.8433503662726411 0.6179669438576212 0.8472304950768744 0.5991682402941645
1 0.8780892941764954 0.6231883146324936 0.8969757414306023 0.6180529536033164 0.8942177956508003 0.6031728939134248 0.8753314512360467 0.608308254942602
1 0.9435677275300126 0.4772694490393814 0.9492326333127106 0.4918498759367028 0.9641795106163121 0.4833303334761639 0.9585147076729675 0.46874990657884247
1 0.9946223245313817 0.4792589771504305 0.9507544500645009 0.48943356883769135 0.9570216859401327 0.5290754668566645 1.0008895604070134 0.5189008440290178
1 0.9592046568950084 0.5533261046117666 0.9868140409448716 0.5476668377311862 0.9834193138887426 0.5233699876434948 0.9558099298388796 0.5290292545240752
1 0.9850466438171336 0.5738593276666135 0.9762559358874789 0.5456746626873406 0.9518792040727675 0.5568287752112564 0.960669912002422 0.5850134401905294
1 0.9655649623854781 0.5923996283083546 0.9732279339656171 0.6122889304647641 0.9867218968842144 0.6046616534797513 0.979058822464722 0.5847723513233418
1 0.9549275681866048 0.6244118203922194 0.9698973786660172 0.6444033252949617 0.9856761234993682 0.6270695277622768 0.9707063130199558 0.6070780851403061
1 0.9635405697135636 0.6465256048708546 0.9729058411107309 0.6596416239835778 0.980055849996051 0.6521517383808992 0.9706904757595304 0.639035719268176
1 0.9681803728214511 0.6776677345742985 0.9793795784080139 0.6705462397361288 0.973390420144008 0.656728814572704 0.9621912145574453 0.6638503094108738
1 0.9611691970632371 0.6693038006218113 0.9615342767678496 0.6834554866868623 0.9721270386873421 0.6830545230787628 0.9717618561433762 0.6689028370137118
1 0.9768110627171968 0.7033218072385204 0.9808488442502106 0.6844577711455676 0.9659653159883108 0.679783972915338 0.9619274316159435 0.6986480090082908
1 0.9793171549204929 0.6359906877790179 0.978484670354623 0.6733006068638393 0.9981305862336773 0.6739437181122448 0.9989631736389006 0.6366337990274235
1 0.9804475650931971 0.6725162428252551 0.9804475650931971 0.70475445182956 0.99850019086984 0.70475445182956 0.99850019086984 0.6725162428252551
1 0.9990051320950927 0.7233516770966198 0.9994170037055076 0.7098830242546237 0.9879356069331824 0.7093679622727997 0.9875237353227675 0.7228366151147959
1 0.8882748122564764 0.11638105742785396 0.881226100134267 0.13025447300502233 0.8939714953993787 0.13975447051379145 0.9010201046822346 0.12588106272171956
1 0.684555452213432 0.353217736069037 0.675704120484941 0.36291765485491073 0.6830188780144272 0.3727101228675064 0.6918702611625948 0.36301020408163265
1 0.6883865780657645 0.4055501821089764 0.683713197908988 0.37158713827327805 0.6727157117141428 0.37380722980110015 0.6773890404512426 0.40777027363679846
1 0.7677951160356993 0.00010971736390979922 0.7514745106492208 0.002745438108638841 0.7528766223936394 0.015482675785921059 0.7691972791997946 0.012846954501405054
1 0.30296154713168705 0.4898719631895727 0.3085766272476569 0.49950682970942284 0.3136951475456771 0.49513057786591197 0.3080800674297072 0.48549571134606184