0 0.7823323978719486 0.6799079358395451 0.892276031802399 0.9696895432156282 1.0235066526265257 0.8966716490268222 0.9135630186960754 0.606890041650739
0 0.8803648258299137 0.9136683535016883 0.7843517984204019 0.9121384304719355 0.7834303114149306 0.9969474955800841 0.8794433388244424 0.9984774186098369
0 0.525003503870081 0.876455013419024 0.525003503870081 0.9523999819818744 0.6915505149147727 0.9523999819818744 0.6915505149147727 0.876455013419024
0 0.5266860294020939 0.7609774932705785 0.7461059775818076 0.7459367757908065 0.7421823109841909 0.6619920332011341 0.5227624141808712 0.6770328128981906
0 0.55892975161774 0.8752099211184379 0.55892975161774 0.7544449894678581 0.5219192761764784 0.7544449894678581 0.5219192761764784 0.8752099211184379
0 0.5188408540154146 0.6381084974874172 0.4330044113827073 0.636792726351459 0.43247739233151833 0.687215044836264 0.5183138349642256 0.6885307537549376
0 0.4293931646379156 0.6884600127022809 0.4293931646379156 0.9536449498478912 0.5167789651889994 0.9536449498478912 0.5167789651889994 0.6884600127022809
0 0.4570676758634522 0.6862191949780199 0.4622079868509312 0.7322841881490507 0.4941614324396307 0.7270550120253568 0.4890211214521517 0.6809899566370413
0 0.5157883255570023 0.6911074825990698 0.4911146581373632 0.6898624525157684 0.49004916309908986 0.7208299860434187 0.5147228305187289 0.7220750161267202
0 0.21658312351213962 0.9299900004380097 0.16523207076872237 0.92728616168132 0.16312355786461621 0.9860149854063137 0.21447461060803347 0.988718699728434
0 0.32842621979890047 0.9667969994345693 0.32534204348169193 0.9057920185676287 0.2844355933192603 0.9088249245428772 0.2875197953246659 0.9698299054098178
0 0.028446637420140534 0.9847699553230123 0.028446637420140534 0.943684958050618 0.00274494661626591 0.943684958050618 0.00274494661626591 0.9847699553230123
0 0.03279467303343494 0.9855713139494139 0.06732868104671388 0.987772374828778 0.06914901091193511 0.9458860811472668 0.03461509922939519 0.943684958050618
0 0.08802949539338699 0.9394459077949796 0.08910261340414233 0.9810349895076771 0.10868112326471091 0.9802940438646789 0.107607896079118 0.9387049621519814
0 0.11497100675948943 0.9427447304448585 0.11291482071282487 0.9850747578005543 0.1610674231943458 0.988504983355632 0.16312355786461621 0.9461749559999363
0 0.008901164186522615 0.8870654247101172 0.007873120934072168 0.9418454418124045 0.029474679067078666 0.9424399901846011 0.03050282667782973 0.8876599730823139
0 0.03872727223919698 0.8727199231691195 0.03872727223919698 0.8191849361501338 0.005829178524338436 0.8191849361501338 0.005829178524338436 0.8727199231691195
0 0.38825094820273043 0.5775220522943744 0.38929856425583964 0.5178950287394082 0.34613918214534667 0.5167829881020642 0.34509156609223746 0.5764099805483881
0 0.38107399988656093 0.3348800861385863 0.38107399988656093 0.2813450680109582 0.35023195414430763 0.2813450680109582 0.35023195414430763 0.3348800861385863
0 0.31630565502025465 0.28757006288425396 0.3152425232961122 0.3287704421110474 0.34509156609223746 0.3299000591313073 0.3461548262573653 0.2886996799045139
0 0.3173064158018992 0.32756193357384045 0.31627832277856693 0.2864769363014462 0.28649170230133364 0.28757006288425396 0.2875197953246659 0.32865502904800586
0 0.2880520290798611 0.3395680963203205 0.2854636349661984 0.29255005878289053 0.25755572078203914 0.29480316442087157 0.26014406351930763 0.3418212330669438
0 0.3519917240849248 0.37938510533137426 0.39271532566057715 0.3831787109375 0.39546691689025676 0.33986008203722284 0.35474334100280147 0.3360664764310971
0 0.3504629681006024 0.33692243072478656 0.3145129014345933 0.332776146440574 0.31094121451329704 0.37819205778940496 0.3468913325557002 0.3823383420736175
0 0.26782745464080915 0.3846043889068075 0.26988358931107953 0.33729436565247517 0.25153741290673665 0.3361250540046031 0.24948127823646624 0.3834350772589354
0 0.2710706922743056 0.3361250540046031 0.2710706922743056 0.38219004717563393 0.28649170230133364 0.38219004717563393 0.28649170230133364 0.3361250540046031
0 0.2897360445273043 0.3343904983256084 0.29076408617424243 0.37921052363062246 0.31322147870304606 0.3784550502516565 0.31219338567971383 0.33363505605528476
0 0.2902177495988531 0.6906099309736558 0.3276850896250921 0.6923550635910423 0.32920485474043826 0.6445018834416412 0.2917374890260022 0.6427567508242545
0 0.3307921027495002 0.6449788411458334 0.3284744879212042 0.6973692789962411 0.3824234265671033 0.7008693123447056 0.38474109277179347 0.6484788122770132
0 0.38108275956176346 0.7919652474157428 0.38108275956176346 0.7431016585634875 0.3342485524187184 0.7431016585634875 0.3342485524187184 0.7919652474157428
0 0.34361536815913035 0.8399562388506626 0.34361536815913035 0.8748588289811098 0.37675961581143463 0.8748588289811098 0.37675961581143463 0.8399562388506626
0 0.3790438616717303 0.7938504933581805 0.2868153222080834 0.7693706049710117 0.2781437575215041 0.8172831404099771 0.37037227129695394 0.8417630910144305
0 0.3335528389773385 0.744985473508378 0.2859732887961648 0.7404839285287653 0.28378688927852747 0.7743753011316578 0.3313664394597012 0.7788767838939857
0 0.32836194792981904 0.6304295157802944 0.3854271988274674 0.6315092967555428 0.3861264315518466 0.5773144954327536 0.32906120634239533 0.5762347144575051
0 0.34577695287839333 0.5712065623805428 0.34577695287839333 0.5267058361803962 0.3183969825205177 0.5267058361803962 0.3183969825205177 0.5712065623805428
0 0.47114855833727903 0.5319411718152715 0.47114855833727903 0.48569528188909594 0.4214322639234138 0.48569528188909594 0.4214322639234138 0.5319411718152715
0 0.46000851204098275 0.5629709226275803 0.4230865838150384 0.5640887183637551 0.4238832004945286 0.6026755050052561 0.4608051030322759 0.6015577092690813
0 0.6073295516197128 0.6116616718630543 0.6779729155980376 0.6058286769917495 0.6755801627932976 0.5633301030119139 0.6049367988149726 0.5691631601005033
0 0.5753570967651778 0.5523253585706549 0.5770659270109953 0.5057642447717572 0.531075114754314 0.5032888989929759 0.5293662845084964 0.5498500439005161
0 0.5821095990010785 0.551137630606524 0.5284864123822864 0.5484688823983818 0.5271229856343381 0.5886465650086009 0.5807461722531303 0.5913152509994585
0 0.4795576410261469 0.5917846804122069 0.5264548356284197 0.5946243395013061 0.5281330455433239 0.5539772274783384 0.4812359023174453 0.551137630606524
0 0.4848385178280198 0.5528827010066258 0.5280701608368845 0.5528827010066258 0.5280701608368845 0.5258332387630607 0.4848385178280198 0.5258332387630607
0 0.2426172121606692 0.8683830051247133 0.24418272795500578 0.8181421744592572 0.21404512964113795 0.8167649326460563 0.2124796010027028 0.8670057633115125
0 0.08854907128947351 0.8251227049288035 0.06333063427446667 0.8251227049288035 0.06333063427446667 0.8687508959288991 0.08854907128947351 0.8687508959288991
0 0.06208699801152804 0.8687290576619839 0.06130943555221814 0.8207051532834798 0.035917185773753156 0.8213081632063902 0.03669475144408769 0.8693320053676096
0 0.06694628012300742 0.9457208320392139 0.06982829675128564 0.9867312930045872 0.08854907128947351 0.9848019350073267 0.08566695190840698 0.9437913496073841
0 0.21896434231639308 0.9891647354421509 0.27660642167935867 0.9891647354421509 0.27660642167935867 0.9341931513204002 0.21896434231639308 0.9341931513204002
0 0.27509729147760154 0.9238779610450115 0.27437673754965014 0.879377234844865 0.24418272795500578 0.880094164615985 0.24490328188295718 0.9245950152507009
0 0.6784078681509101 0.9634917684043706 0.6284659543021359 0.9610231732009747 0.627277155917903 0.996294338525739 0.6772190697666772 0.9987628715118502
0 0.592936660304214 0.9574023761029881 0.5605129665798612 0.9591475087203746 0.5619348596643519 0.9978903363117991 0.5943585533887048 0.9961452036944126
0 0.44696409694273465 0.9575887168705403 0.4085508404356061 0.9566766114774465 0.40788369226937343 0.9978765862918897 0.4462970258410932 0.9987887539022681
0 0.5209166144682502 0.9976261617211392 0.5216371170198074 0.9574881737385321 0.4985285286951547 0.9568798131291412 0.4978080261435974 0.9970177388944635
0 0.47578137330334597 0.44083892168984135 0.4245435926649306 0.4381014233821515 0.42287326902652833 0.4839501492717094 0.4741110753531408 0.4866876475793992
0 0.4257553819855456 0.46475375269774144 0.450253265072601 0.46475375269774144 0.450253265072601 0.44206709088900037 0.4257553819855456 0.44206709088900037
0 0.47188437105429293 0.39963748476920874 0.41641872418849957 0.3973605188025612 0.41534030798709753 0.43588655026559314 0.4708059291646938 0.4381634229063137
0 0.4774703722610217 0.3494669596354167 0.4185852153534038 0.3467243595103848 0.41710906879669085 0.39320353314538736 0.47599427708070285 0.3959461332704192
0 0.23114845969460227 0.3386666923001879 0.23042795714304504 0.3822949144089258 0.24850592308172875 0.3827327685497101 0.24922642563328598 0.3391045464409722
0 0.051420362710150005 0.49245518986724324 0.10041561190929477 0.49068401931622707 0.09947514132618503 0.4525335624920362 0.05047999487982856 0.45430473304305236
0 0.10079801283300123 0.49791117910215976 0.13250114620735348 0.49791117910215976 0.13250114620735348 0.4734793846760321 0.10079801283300123 0.4734793846760321
0 0.131060141104239 0.4961660464847732 0.15988115509752474 0.4961660464847732 0.15988115509752474 0.45166532028462664 0.131060141104239 0.45166532028462664
0 0.10190859065714107 0.4497211545736175 0.10118803030714041 0.4017301320300554 0.05252280700889099 0.402801700323729 0.05324325818405408 0.45079272286729105
0 0.1234510787809738 0.43567566477924313 0.12113226945151384 0.3972968394117132 0.09714933838507142 0.3994219640951516 0.09946825046731968 0.4378007894626816
0 0.17285065056900384 0.44293962608905135 0.17285065056900384 0.4045468329411156 0.13610382593842066 0.4045468329411156 0.13610382593842066 0.44293962608905135
0 0.18582014604048294 0.49791117910215976 0.18582014604048294 0.45079272286729105 0.16420433738014914 0.45079272286729105 0.16420433738014914 0.49791117910215976
0 0.2286050456140178 0.49637378999824794 0.22934098677201706 0.450027605809203 0.20095996021823048 0.44936660937699097 0.20022396768383707 0.49571282467467825
0 0.1935511502352628 0.8155489580346904 0.1950422344785748 0.768600603856078 0.1649631795658407 0.7671996572574222 0.16347209532252868 0.81414794921875
0 0.192406471329506 0.7712262354859518 0.1916859559338502 0.8131092938686608 0.21824383976483586 0.8137793118071484 0.21896434231639308 0.7718962534244393
0 0.03957049373023036 0.8173963758680556 0.038832751187411224 0.7745139834591616 0.009273997059574834 0.7752597198330785 0.010011738799637817 0.8181421744592572
0 0.06405118820241806 0.8216323774767457 0.06405118820241806 0.8024359809027778 0.039553308326387246 0.8024359809027778 0.039553308326387246 0.8216323774767457
0 0.08999008281463726 0.7692785856070018 0.0885302418410176 0.8055208383107161 0.11016483499546244 0.8067988435548866 0.11162477229982112 0.7705565908511722
0 0.038832751187411224 0.7570626572852956 0.038832751187411224 0.7160521963199222 0.008570626127198088 0.7160521963199222 0.008570626127198088 0.7570626572852956
0 0.06620442425763165 0.7593628925164054 0.06693331400553386 0.7108167984677625 0.04172320959945319 0.7102616336367545 0.04099431664052636 0.7588077899026822
0 0.06693331400553386 0.7099442632677115 0.06693331400553386 0.7570626572852956 0.09287220219570379 0.7570626572852956 0.09287220219570379 0.7099442632677115
0 0.09285450302791917 0.7041879823083906 0.09213394909996778 0.753924106360697 0.11664962768554688 0.7544449894678581 0.1173701944575968 0.7047088031982671
0 0.11663100374266756 0.7034233318799376 0.11735145491783065 0.7531595181495285 0.13898595174153647 0.7526998568504715 0.13826539781358507 0.7029636705808805
0 0.1418377140957097 0.7009076381920553 0.14258852871981534 0.7518273216504205 0.16855783173532196 0.7512656862218081 0.16780696573482218 0.7003460027634429
0 0.007846159565729725 0.6564223418785041 0.008570626127198088 0.7108167984677625 0.03811621104025279 0.7102397331525548 0.037391742873272106 0.6558452765632964
0 0.03963985507335727 0.6470457615594738 0.03819884354819352 0.706380083898764 0.06477174855241871 0.707326595450274 0.0662127536555332 0.6479922108936991
0 0.06685716134530527 0.6457699961375509 0.0676950332692978 0.708676834961933 0.0921517510205407 0.7081991306503249 0.09131387909654816 0.6452923540432276
0 0.12025653312503289 0.7008749119003249 0.12097708705298427 0.6432856599611366 0.0921517510205407 0.6427567508242545 0.0914311970925893 0.7003460027634429
0 0.1418741913355561 0.7007415180420171 0.14259469388711332 0.6448973987202153 0.12169332536382707 0.6445018834416412 0.12097277143587569 0.7003460027634429
0 0.14258852871981534 0.6445018834416412 0.14258852871981534 0.6968557375286697 0.16780696573482218 0.6968557375286697 0.16780696573482218 0.6445018834416412
0 0.16997537067040852 0.6989854973998152 0.16925486811885126 0.7504668162867928 0.19302540274982902 0.7509547242330848 0.19374590530138625 0.6994734053461072
0 0.19663549352575233 0.6963234686584162 0.19591493959780093 0.7478047875453937 0.2218464038990162 0.7483370564156473 0.22256698351516466 0.6968557375286697
0 0.17071887700244634 0.6405196661370731 0.1699983744508891 0.6946186528414883 0.1951869617808949 0.6951106671285678 0.19590752855294483 0.6410116804241527
0 0.2232921099421954 0.6947762492235283 0.22401261249375262 0.6424223951364998 0.19734853365605928 0.6418842156242036 0.19662803110450205 0.6942380697112321
0 0.043169981702810986 0.637151097911092 0.041728973388671875 0.5856698412413991 0.011452747916533088 0.5869127559370222 0.012893860588972817 0.6383940126067151
0 0.043908032503995026 0.5810914579152332 0.043187475365019004 0.6343179094195973 0.07269755918971617 0.6349037473719419 0.07341801036487926 0.5816772958675778
0 0.09793740089493569 0.6330541519336137 0.09647488192677096 0.5808047606675267 0.0726760517467152 0.5817816964712347 0.07413856429283065 0.6340311499546063
0 0.12025220466382576 0.6296683495197821 0.12025220466382576 0.5799321632501911 0.09719543585472236 0.5799321632501911 0.09719543585472236 0.6296683495197821
0 0.1209910871203901 0.5776610457083015 0.12027052034834017 0.6326326298300522 0.147632213553997 0.6331586147545553 0.1483527674819484 0.5781870928500892
0 0.147632213553997 0.6279232169023955 0.1692480222143308 0.6279232169023955 0.1692480222143308 0.5781870928500892 0.147632213553997 0.5781870928500892
0 0.06621347934710056 0.7666327333596139 0.06477174855241871 0.8207598422766947 0.08782779809200403 0.8216604996894113 0.08926963163947417 0.7675334529896152
0 0.053744727112227414 0.5170000953168801 0.010513102566754376 0.5187452279342667 0.012173304252752953 0.5790596280501402 0.05540482363716922 0.5773144954327536
0 0.08881190007784551 0.5750877388148254 0.08519975424615622 0.5127538589648637 0.058998037267614295 0.5149805844741495 0.06261018309930358 0.5773144954327536
0 0.06326528992315736 0.5170329149345375 0.06477174855241871 0.5790596280501402 0.11165008801803845 0.5773899027817597 0.11014373214156539 0.515363189666157
0 0.11323558922969934 0.7643929733291922 0.11035346342658355 0.8123839647641119 0.13610382593842066 0.8146519092244839 0.13898595174153647 0.7666609177895642
0 0.1649248399317064 0.8137793118071484 0.1649248399317064 0.7631705903375063 0.13898595174153647 0.7631705903375063 0.13898595174153647 0.8137793118071484
0 0.0871761912850017 0.8177426772744648 0.08566695190840698 0.8652606306941258 0.11297883569993555 0.8665327252962538 0.11448806865448101 0.8190147096593081
0 0.11444721157703336 0.8176178071841552 0.11372665764908196 0.8699716612711837 0.1397064542930937 0.8704960285462857 0.14042695684465092 0.8181421744592572
0 0.2268469967826047 0.4509028785697789 0.22761065550524778 0.4952934801760799 0.28525771837844593 0.4938390889299025 0.28449411103219696 0.44944848732360154
0 0.04892012727782381 0.38535043636714766 0.09791589345193472 0.38535043636714766 0.09791589345193472 0.3399770816410232 0.04892012727782381 0.3399770816410232
0 0.31184936934448654 0.4437645028490539 0.28525278624460754 0.4446847587064379 0.28634412360913825 0.4909427498944795 0.3129406810208202 0.49002252514573774
0 0.33785119361749 0.4883129808151758 0.33785119361749 0.4446847587064379 0.31263278229068026 0.4446847587064379 0.31263278229068026 0.4883129808151758
0 0.3909611300587253 0.44720322106348753 0.33793830229377103 0.4482916191326612 0.33857169616904725 0.49354837866733564 0.39159452393400146 0.4924600428154466
0 0.11160594285136521 0.5144899078586901 0.11304757731530803 0.5738499259365444 0.13826539781358507 0.5729516949979294 0.1368237119732481 0.5135917080287175
0 0.14042695684465092 0.5136173415499968 0.14115204473938606 0.5750831347357607 0.1634838348285919 0.574696827615316 0.1627587469338568 0.5132309722122674
0 0.18726116398769596 0.524088106145674 0.18726116398769596 0.5773144954327536 0.2132001549306542 0.5773144954327536 0.2132001549306542 0.524088106145674
0 0.16534639608980428 0.573595643894145 0.19056484594890966 0.5718504490594738 0.18798171791564736 0.5171075756761276 0.16276328090064052 0.5188527082935143
0 0.21175909845114557 0.524088106145674 0.2139917624117148 0.576362259891055 0.24058016382082545 0.574696827615316 0.23834742279566498 0.522422673869935
0 0.2384185791015625 0.5249607035630097 0.23914737894077492 0.5743849945846076 0.2650780469078809 0.5738242301979803 0.26434924706866847 0.5243999391763825
0 0.04482555389404297 0.3402516465182212 0.07557957581799439 0.33735941382358564 0.07252282165116333 0.28969117455283194 0.04176879651618726 0.2925833761388252
0 0.07362650219438854 0.33884478927752293 0.13377123489123 0.3326970682717731 0.13065231528747764 0.28794884171325497 0.07050758901268545 0.2940965938276472
0 0.13250114620735348 0.37662480438885704 0.13250114620735348 0.3417222453670521 0.10007745890504985 0.3417222453670521 0.10007745890504985 0.37662480438885704
0 0.17324442494196524 0.3567388847576612 0.17174697002577863 0.3095894443150325 0.13754489526202784 0.3111824867800714 0.1390423373341159 0.3583318650054154
0 0.13435687440814395 0.3788877403578141 0.18119106870709042 0.3797603377751497 0.18149696375785854 0.35568327519750254 0.1346627180825179 0.3548106777801669
0 0.18306465020484797 0.33875392093327916 0.1809030911737821 0.3745291084810621 0.20455379036540536 0.37662480438885704 0.20671540077286538 0.3408496479497165
0 0.23240828594374738 0.4438760895490889 0.23314381609059343 0.3993407705386723 0.2045647463814578 0.3986486032468463 0.2038292676110059 0.44318389114862067
0 0.23051234287043612 0.3937557737640163 0.23123289679838752 0.44610962785104485 0.2585932927500921 0.44555735612377356 0.2578727901985348 0.39320353314538736
0 0.26003434922960067 0.44642989132382455 0.286693791347722 0.44642989132382455 0.286693791347722 0.3923309357280517 0.26003434922960067 0.3923309357280517
0 0.2873416476779514 0.3948169517711519 0.28518008864688554 0.4428079432060716 0.300383853591251 0.443812223506387 0.30254541262231693 0.3958212009628249
0 0.34289486560757315 0.44293962608905135 0.34289486560757315 0.38884070160192086 0.31551486956150043 0.38884070160192086 0.31551486956150043 0.44293962608905135
0 0.39261118570963544 0.44992015655859774 0.39261118570963544 0.39058580311066515 0.34577695287839333 0.39058580311066515 0.34577695287839333 0.44992015655859774
0 0.17316498419251106 0.6305282546110474 0.20126549563423954 0.6314009142456677 0.20239221849024094 0.5781870928500892 0.17429170704851246 0.5773144954327536
0 0.1649299904152199 0.8647171627126338 0.16420433738014914 0.8181421744592572 0.14042181920523594 0.81868551800618 0.14114751077260232 0.8652606306941258
0 0.1944172791760377 0.8725033448012233 0.1951869617808949 0.8137793118071484 0.1649553575098314 0.8131982023684379 0.16418566206087568 0.8719222353625128
0 0.18942277439515598 0.8172695770419215 0.18942277439515598 0.8661332281114615 0.2124796010027028 0.8661332281114615 0.2124796010027028 0.8172695770419215
0 0.2760540226894597 0.8655665530827918 0.2792192452684396 0.813819815259461 0.24662744798242844 0.8108961628360729 0.24346222540344856 0.8626429006594036
0 0.24204102590027882 0.8079736303238086 0.24130066637238268 0.764043187754842 0.21822398278849695 0.7646134713860219 0.21896434231639308 0.8085439761722731
0 0.27660642167935867 0.8059263083548356 0.27660642167935867 0.7553175868851937 0.24346222540344856 0.7553175868851937 0.24346222540344856 0.8059263083548356
0 0.24779733985361427 0.7482744658272809 0.24706486660222013 0.6986008701460563 0.2240025170323022 0.6990996038998789 0.2247350159718934 0.7487731995811034
0 0.2814400669701573 0.7522593584750892 0.2822168266733086 0.6958201308255288 0.24706486660222013 0.6951106671285678 0.24628810689906883 0.7515498325608435
0 0.24696242207228536 0.6951283990546955 0.24549742419310291 0.6392437140632964 0.2232635446670481 0.640098455119935 0.22472854254623054 0.6959832023286188
0 0.24562383581090858 0.6977283349460054 0.2787679807104246 0.6977283349460054 0.2787679807104246 0.6392664855894814 0.24562383581090858 0.6392664855894814
0 0.22393760295829387 0.5790850127022809 0.20160133027869845 0.5782124775022298 0.2002306594591751 0.6296683495197821 0.22256698351516466 0.630540884719833
0 0.2239673755787037 0.5786742541889653 0.22468787813026095 0.6319006434760448 0.24922642563328598 0.6314134821371687 0.24850592308172875 0.5781870928500892
0 0.27588591912780147 0.6270506817023446 0.27588591912780147 0.575569362815367 0.24922642563328598 0.575569362815367 0.24922642563328598 0.6270506817023446
0 0.2701585043961753 0.5787067938288417 0.27348494609999735 0.6257042996623343 0.30651002620607115 0.6222763139295043 0.30318361019044615 0.5752788080960117
0 0.2643363259055398 0.5145171279207282 0.26579854945943815 0.5729516949979294 0.29031757393268626 0.5720518464099134 0.28885537606698497 0.5136173415499968
0 0.11016483499546244 0.9333206161203491 0.14073567759709726 0.9323200377484709 0.1395870298648924 0.8808527799678262 0.10901618726325757 0.8818533583397044
0 0.16683628583195234 0.9322364799351746 0.16535015941067577 0.8791449777212347 0.13894088179976852 0.8802291761236939 0.14042695684465092 0.9333206161203491
0 0.18436709317294034 0.8744572786259238 0.15482552525170323 0.8814378090954702 0.16276328090064052 0.9307029483029116 0.19230484882187762 0.9237223556160805
0 0.08710806618635904 0.9376834165551733 0.08710806618635904 0.8835844298507581 0.061169068821351535 0.8835844298507581 0.061169068821351535 0.9376834165551733
0 0.03234805482806581 0.9376834165551733 0.05684593791512126 0.9376834165551733 0.05684593791512126 0.8818392972333715 0.03234805482806581 0.8818392972333715
0 0.11016483499546244 0.9350657487377357 0.11016483499546244 0.8818392972333715 0.08710806618635904 0.8818392972333715 0.08710806618635904 0.9350657487377357
0 0.2431875158239294 0.8774636800379078 0.2129253939747409 0.8783362152379587 0.21392065748221142 0.9289578156855249 0.24418272795500578 0.9280852182681893
0 0.19085492991437816 0.9270193739647044 0.21679386948094223 0.9252742413473178 0.21464116003376868 0.878349094215883 0.18870222046720458 0.880094164615985
0 0.4208181618841409 0.34666509754674757 0.47829650467895096 0.34666509754674757 0.47829650467895096 0.30722126780907555 0.4208181618841409 0.30722126780907555
0 0.08073790065367213 0.23181387213999585 0.033655490939464634 0.23302706252787334 0.034368637033584545 0.2736126105476714 0.08145104995881668 0.27239943571411507
0 0.013679865634802616 0.27473809011850153 0.013679865634802616 0.23529422927218718 0.0002682790762246257 0.23529422927218718 0.0002682790762246257 0.27473809011850153
0 0.03154239590320523 0.28212707706183104 0.033679364907621134 0.23554410944169693 0.017603100349606087 0.2344625086108722 0.015466129739677866 0.2810455540026121
0 0.0005752512501546429 0.23245341916332188 0.024362148259223913 0.23120098522314603 0.023590343167083434 0.20970388678843335 -0.0001965527507391843 0.21095633628293037
0 -3.354774744121314e-05 0.1771944222950911 0.0006994602555779095 0.20915306161303038 0.02054387872869318 0.20848551681160804 0.01981087084169741 0.17652687749366877
0 0.02054387872869318 0.2058222903874793 0.04620090638748323 0.2058222903874793 0.04620090638748323 0.17475139839568998 0.02054387872869318 0.17475139839568998
0 0.06538384049027055 0.21974482327304729 0.062451603436710856 0.18423528797643507 0.04546790010599978 0.18629203586403384 0.04840013715955946 0.2218015867149672
0 0.08366612392643887 0.21884262598253537 0.08137119177616003 0.18456615949624905 0.06379433191986597 0.18629203586403384 0.06608927049219408 0.2205685179046413
0 0.09861422066736703 0.21823759399787365 0.09775885508116648 0.18301960889717125 0.08065465162900161 0.18362880943990506 0.08150991446241385 0.21884681009492865
0 0.013946395129065722 0.10018134627502628 0.013946395129065722 0.0486925107623459 0.0007514283813611426 0.0486925107623459 0.0007514283813611426 0.10018134627502628
0 0.01807040076464515 0.06453658559878911 0.023934773724488538 0.1053725776322391 0.05279849273989899 0.09929359894887631 0.04693401863277962 0.0584576069154263
0 0.05598172274502841 0.10952029291399878 0.05792985781274661 0.15788437029637328 0.09579775389597472 0.1556473478264765 0.09384961882825653 0.10728327822126259
0 0.08701709143641821 0.04044910551454192 0.05398635350493871 0.04435163025462299 0.058938556247287326 0.10582165421574366 0.09196929417876684 0.10191919169294725
0 0.1239050020673861 0.046917027775786824 0.09018436907116412 0.046917027775786824 0.09018436907116412 0.10550779134612322 0.1239050020673861 0.10550779134612322
0 0.12161233047844987 0.10358232970631451 0.09458272786252828 0.10550779134612322 0.09673894374860256 0.14989780188821994 0.12376854636452415 0.1479723480255718
0 0.08435210796317669 0.21502578222058963 0.08358688868256128 0.270627238577902 0.11141082815048269 0.2711888740065144 0.11217605385314736 0.2155873865405597
0 0.1575077069728864 0.26638352202591425 0.15494253498937946 0.19338107327802465 0.11262657345344723 0.1955616957793785 0.11519174543695418 0.26856414452726807
0 0.11565081920688 0.20686979614631115 0.11091523860841487 0.16672627082536953 0.09531573414401173 0.1694250077647171 0.10005132116452613 0.20956854863997992
0 0.11657441264451152 0.19073074138614138 0.13856614238083964 0.19073074138614138 0.13856614238083964 0.16143532849233086 0.11657441264451152 0.16143532849233086
0 0.14729776607218015 0.23711128507063903 0.15029503921868423 0.2679640277080944 0.16645733354870318 0.26566139711152525 0.16346006040219907 0.23480859225678516
0 0.13929919361666798 0.17386365106954002 0.14298851963646886 0.22300947307932753 0.1700875895593303 0.2200261076169884 0.1663982635395294 0.17088028560720087
0 0.22873215081314446 0.2830555767094323 0.2294981214735243 0.33685489386228973 0.2551222264967382 0.3363198874315112 0.2543562301481613 0.2825205702786538
0 0.209558210790358 0.3360524464334066 0.20735903139467593 0.31385898104015353 0.18108343516134653 0.3176773802342157 0.18328261455702863 0.3398708456274688
0 0.18621484518853904 0.32566704395228085 0.22946526626946548 0.32566704395228085 0.22946526626946548 0.2839433240355823 0.18621484518853904 0.2839433240355823
0 0.13710002706508445 0.33454445499649593 0.16862147424357507 0.33454445499649593 0.16862147424357507 0.2892697768838398 0.13710002706508445 0.2892697768838398
0 0.16639471856833307 0.2881678154466106 0.16712778264825995 0.31746316612313646 0.1854817939527107 0.3167896329080658 0.18474872987278382 0.2874942822315399
0 0.20675610372113057 0.20851860085272522 0.2045180837714712 0.1615393869009222 0.1678884101636482 0.1640985549164596 0.17012649433380025 0.21107770665097797
0 0.18873195455531883 0.27039557251847607 0.2187872992621528 0.273058814496926 0.22140158707846697 0.22979126598735347 0.19134626805983007 0.22712803956322472
0 0.19045735368824968 0.21455310195471777 0.16599219736426768 0.21557474087745285 0.16738520407114768 0.2644953207624554 0.19185036039512968 0.263473650731078
0 0.21408835003271648 0.16358212034515163 0.2133552859527896 0.223060631241638 0.24192720149903987 0.22357706581294598 0.24266026557896675 0.1640985549164596
0 0.21700330535169401 0.21913836029083844 0.21700330535169401 0.1809655830157763 0.18988015274407485 0.1809655830157763 0.18988015274407485 0.21913836029083844
0 0.24632556029040403 0.2670762803819444 0.24407817699291087 0.22171634903498502 0.21846935644695653 0.22357706581294598 0.22071673974444972 0.26893701271422654
0 0.2697833796542903 0.2200261076169884 0.2690437137077152 0.16180421477307116 0.24119416310731007 0.16232307581848082 0.24193380336568812 0.22054496866239806
0 0.2706348149463384 0.26760214087187817 0.26980262011389944 0.22023335339218592 0.24339332965889363 0.2209138393888172 0.24422555017952968 0.2682825490969037
0 0.2697833796542903 0.2661885330557945 0.29470727580163614 0.2661885330557945 0.29470727580163614 0.21825061296468845 0.2697833796542903 0.21825061296468845
0 0.26905031557436343 0.2155873865405597 0.2939742887863005 0.2155873865405597 0.2939742887863005 0.16676178134058836 0.26905031557436343 0.16676178134058836
0 0.3225635053332807 0.271514985904052 0.3240849144932397 0.22913800005276025 0.29621766472504996 0.22767069872001625 0.29469628125328806 0.2700477156799503
0 0.322857455372409 0.2206927036048197 0.32045930804628314 0.16938500205068172 0.2939742887863005 0.1712004868626959 0.29637243611242636 0.2225081884168339
0 0.3472434663612032 0.2637301414870827 0.3450442484332255 0.2175676849396343 0.3225635053332807 0.21913836029083844 0.32476267188486424 0.2653008168382868
0 0.31963124901357326 0.16764952866673835 0.3221465088301636 0.22450774306551033 0.3476909033778541 0.2228505234713462 0.3451756435612637 0.16599230907257423
0 0.3454593696979561 0.2755150284606747 0.39906013052070183 0.2740725518245094 0.3980130539197312 0.21700925370118182 0.34441229309698546 0.21845176144598943
0 0.39000475848162613 0.21736288119285965 0.39000475848162613 0.16587404956875956 0.34822046556055347 0.16587404956875956 0.34822046556055347 0.21736288119285965
0 0.13563395028162484 0.10284456492199445 0.13488376501834753 0.15189998521717316 0.1642231154522109 0.15255791744811575 0.16497331355958675 0.10350250493009763
0 0.1898222130155724 0.1511510602074175 0.18908914893564552 0.09966216636603274 0.1642231154522109 0.10018134627502628 0.16495623090853193 0.15167023233925045
0 0.23532967615609218 0.14989475324127166 0.23532967615609218 0.06999824827235043 0.20014292142206572 0.06999824827235043 0.20014292142206572 0.14989475324127166
0 0.1651103857791785 0.04007723669271829 0.1634667521775371 0.09879610954074684 0.19721074216694945 0.10018134627502628 0.19885437576859086 0.04146246564983714
0 0.15806628397418193 0.10343988323308885 0.16029329653139468 0.03466753711758768 0.1290642581002078 0.0331844792575039 0.12683724554299505 0.10195682537300506
0 0.44864934542363744 0.9559617348767202 0.44864934542363744 0.998573233228211 0.47723856197061765 0.998573233228211 0.47723856197061765 0.9559617348767202
0 0.47723856197061765 0.9550740186592125 0.47574993095012624 0.9974387632597477 0.49776420207938765 0.998573233228211 0.499252833099879 0.9562084264103912
0 0.5219550341468067 0.9976854547934187 0.5637393527560763 0.9976854547934187 0.5637393527560763 0.9577372295290202 0.5219550341468067 0.9577372295290202
0 0.4193270904849274 0.2368931357163051 0.4193270904849274 0.3052490421026854 0.4757724338107639 0.3052490421026854 0.4757724338107639 0.2368931357163051
0 0.5278651690242266 0.5085378291045489 0.5747808077519991 0.5049868709085914 0.5725359675860164 0.46149110939889143 0.525620328858244 0.465042067594849
0 0.5747278386896307 0.42491670972102763 0.5278194954098274 0.4277570220916157 0.5292929703940447 0.4634436744433295 0.5762013136738479 0.46060336207274144
0 0.5784004802254314 0.3851455548487672 0.5297900370074442 0.38422573451237574 0.5292856235696812 0.42331831656950814 0.5778960667876684 0.4242381680145419
0 0.48999747844657515 0.4132763846083397 0.5281164509680135 0.4106131737385321 0.5263534186263679 0.37360499515202916 0.48823439472853536 0.37626820602183675
0 0.48608151830808083 0.37612887041284404 0.5275847052885627 0.3750119457186544 0.5270864570180976 0.34786054045417625 0.4855833214140099 0.3489774651483658
0 0.5273522784814288 0.3791270902518954 0.5759456647365583 0.3829859306809856 0.5778791125775989 0.3472806753611589 0.5292856235696812 0.3434218349320687
0 0.5783133458609533 0.30018859925498537 0.5273770932798032 0.29902476272816325 0.5267311892525516 0.3404825037529466 0.5776673904573074 0.34164634027976876
0 0.5835153085214121 0.24352910686341264 0.5300187133378051 0.24044409391226268 0.5277183866661406 0.2989445024309538 0.5812149304733534 0.30202945316481905
0 0.4484797005701547 0.22353650014334864 0.5581399936868687 0.22167914309875925 0.5575766001486216 0.1728940413511006 0.4479163070319076 0.17475139839568998
0 0.6245830805614742 0.9976854547934187 0.6245830805614742 0.9541862402244202 0.5952607742463699 0.9541862402244202 0.5952607742463699 0.9976854547934187
0 0.6123553960010258 0.5649272207090978 0.6710481483125527 0.5584657068281728 0.6685665143459333 0.525408294708843 0.6098738647871949 0.5318698708070527
0 0.6641340159406566 0.5039102319062182 0.6132981014572811 0.5048024277682212 0.6135871964271622 0.5289592840134429 0.6644230595341435 0.5280670259341552
0 0.602010656286169 0.5070718965520674 0.654822198630182 0.5061450145538672 0.6545210815840699 0.48098484237624234 0.601709590616451 0.48191175548308485
0 0.654809508660827 0.5109030813981269 0.6746020076250789 0.5064644069846617 0.6700325911293928 0.476582720617514 0.650240092165141 0.48102139503097924
0 0.6055355393123948 0.4563609209750892 0.6070016674722485 0.4803298499119999 0.6487739640052872 0.476582720617514 0.6473078358454335 0.4526137294633187
0 0.6135871964271622 0.4579401823115762 0.6603711060803346 0.45344370804066325 0.6590367583714751 0.4330834749398732 0.6122528487183028 0.4375799492107862
0 0.5979515101371791 0.37859911437428323 0.6061013475411668 0.44373799828578936 0.6671865957754629 0.4325296788891278 0.6590367583714751 0.36739079497762167
0 0.5988696063006366 0.29785302460618945 0.5955355865786774 0.3678368617999809 0.6505714185310133 0.3716818899918769 0.6539053355001841 0.3016980839067278
0 0.6498099176169244 0.25589947403996244 0.596395421911169 0.2654120302346139 0.6011252355093908 0.3043613258851777 0.6545397312151463 0.2948487074732416
0 0.651742646188447 0.2921258302274465 0.6838685623323074 0.2832332381657747 0.6759840840041035 0.24145994662752454 0.6438581164838489 0.25035250758055394
0 0.7462705875486637 0.5946519639756944 0.7405808574021465 0.5306710059489679 0.6942030781447285 0.5367193970597605 0.6998928082912458 0.6007004173037717
0 0.2813987089728667 0.886062668733276 0.32318295051754525 0.8922768066903989 0.3284279152199074 0.8405557023883473 0.28664367367522886 0.8343415022139399
0 0.6844747524068813 0.4764895502337379 0.6884119309961595 0.5356121160446929 0.7238176647661511 0.5321543904497962 0.719880486176873 0.4730317313129141
0 0.7526354548907039 0.5292450480018794 0.7511316164575442 0.4736973318241909 0.7213245738636364 0.4748808601216074 0.7228284636731902 0.530428482973369
0 0.700087987212621 0.440185360223146 0.678618048979377 0.44218539705577853 0.6808172155309606 0.47680723168920425 0.7022871537642046 0.4748072259652141
0 0.7258046468098959 0.4708197201914501 0.7231407293968329 0.43748376128870414 0.7006033951987322 0.44012497834838493 0.703267312611795 0.47346093725113086
0 0.7224678013862584 0.3698280015609072 0.6692995527376631 0.37981910200050967 0.6773333308672664 0.442517450704001 0.7305016308922558 0.4325263813730409
0 0.7106068415272517 0.3756402469677784 0.7084076749756681 0.3454571489651026 0.6692995527376631 0.34963600399783384 0.6714987192892466 0.37981910200050967
0 0.6641057589238741 0.3062776804699446 0.6725324123395412 0.35266299933103973 0.6997179744219539 0.3454201918980154 0.6912912696298926 0.2990348730369202
0 0.7325457434862952 0.5287570778383027 0.7379384153218381 0.5940630773764016 0.7655913484618319 0.5907142942469419 0.7601986252498948 0.525408294708843
0 0.7934789175939079 0.5204334939534754 0.7573999475549769 0.5284584970892265 0.7666369608355692 0.58936094387105 0.8027159822508944 0.5813359096266565
0 0.7954813639322916 0.5822821723090278 0.8442929457333754 0.5731097269009621 0.8376437100497159 0.521217276196961 0.7888321282486321 0.5303897216050267
0 0.7552161425452442 0.524380900687277 0.7860045256438078 0.5217176898174695 0.7829234319102483 0.4694807731169566 0.7521350488116846 0.47214398398676416
0 0.7325744115142309 0.4309232908165297 0.731108283354377 0.47264704184187056 0.7558002921467277 0.4739194786390641 0.7572664203065814 0.4321957587223656
0 0.7247253315215961 0.3754266239209034 0.7271297467678083 0.43463097435254205 0.7588987511015098 0.4327388534001497 0.7564944386080861 0.3735345029685111
0 0.7670774106626157 0.3743307286689284 0.7647753885699442 0.292091206308534 0.7307707918212069 0.29348708219849007 0.7330728139138784 0.37572666677616906
0 0.7004385283499053 0.2852307863070209 0.7075968013468014 0.37950331817222543 0.7359546699909248 0.37634547988938266 0.7287963456176347 0.28207294802417815
0 0.5997433132595487 0.2707733247622802 0.6210019403836543 0.26899783010998024 0.6187185679220591 0.22890351866120348 0.5974599407979535 0.23067899775918227
0 0.5960996993864426 0.18738615792339608 0.6130381882792771 0.2393516050566227 0.6311805802162247 0.23067899775918227 0.6142420913233901 0.17871355062595565
0 0.6501528550478746 0.2263410531295792 0.6343981296526463 0.1643337206981476 0.6135871964271622 0.1720882341888459 0.6293420245751788 0.23409556662027745
0 0.6927573977897464 0.20848551681160804 0.7418722030691025 0.20848551681160804 0.7418722030691025 0.1720882341888459 0.6927573977897464 0.1720882341888459
0 0.6663222393202862 0.1979282079729708 0.6592341464777989 0.1664544746173388 0.6421764129741425 0.1720882341888459 0.649264557193024 0.2035619675444779
0 0.7200838339449179 0.2599371580538035 0.8112694326073232 0.25631664093359774 0.8090125703651094 0.17295877843578777 0.7178269717027042 0.1765792800016724
0 0.8459029277968487 0.23854467798324414 0.8451288910425874 0.17198997754204892 0.8100317238958596 0.1725886478093543 0.810805760650121 0.239143301587586
0 0.8804200040772306 0.2537602260329065 0.8892072170270412 0.1750137842394161 0.8481529056022464 0.16829518853828204 0.8393656412760416 0.24704169254905708
0 0.9237639045073127 0.269444519105186 0.9288017709648569 0.17386365106954002 0.8864570386482008 0.17059047749526154 0.8814190694378683 0.2661713610852287
0 0.6912197536892362 0.6063008439650229 0.6940268571127947 0.6368953848711455 0.7278190124717224 0.6323483590564475 0.7250119090481639 0.6017539425848942
0 0.7290370440242266 0.6365017983283958 0.780581695864899 0.6267484923507581 0.7763258808791035 0.5937642477581868 0.7247812804148254 0.6035175537358244
0 0.809313481905645 0.6283860512829702 0.809313481905645 0.5928764693233946 0.7865887266216856 0.5928764693233946 0.7865887266216856 0.6283860512829702
0 0.7990506875394571 0.4304202640700656 0.7601986252498948 0.4304202640700656 0.7601986252498948 0.46681756224714893 0.7990506875394571 0.46681756224714893
0 0.7595499982737531 0.4277531024026822 0.7976690221715856 0.42597763885902457 0.7961184312197496 0.3771558911307021 0.7579994586983112 0.37893135467435973
0 0.79465235443629 0.37626820602183675 0.7930217190623685 0.30518063419820335 0.764597009729456 0.3061367894288354 0.7662275937269833 0.3772243612524688
0 0.8158400821364689 0.5220020850256435 0.8136329008673979 0.47121464440581995 0.7851225984618319 0.4730317313129141 0.7873298311072969 0.52381920304138
0 0.7038536713982271 0.958892542287844 0.6782047258884417 0.9577420824772235 0.6769905989418928 0.9974385766078937 0.7026395444516782 0.9985890364185143
0 0.744071369620686 0.998573233228211 0.7400830201428346 0.9587261732686672 0.702515984223748 0.964240677859805 0.7065043337015994 1.0040876756020642
0 0.8149912413523254 0.47848376975025486 0.8165513883134733 0.5219394322199924 0.8518308389066446 0.5200819040778701 0.8502706405691025 0.47662621049949033
0 0.8478339609473643 0.6071046912828109 0.808981898657802 0.6079923452830339 0.809313481905645 0.6292737675004778 0.8481654928188131 0.6283860512829702
0 0.8847130155723906 0.5899881563176924 0.8455739647451074 0.5888032281313711 0.8447241478094749 0.6299685479182594 0.8838632500131524 0.6311535383218655
0 0.9044424757010207 0.6293931002524529 0.8994795160261468 0.5893255422360792 0.8811262239912142 0.5926593932172209 0.8860891836660879 0.6327271378854485
0 0.904969597504998 0.5146651117322885 0.8436616326020623 0.5025160047743056 0.8333851721150305 0.5785682981531919 0.894693085641572 0.5907174051111749
0 0.8110968079229798 0.48794365901344294 0.8428048798532197 0.49062264196491145 0.8446868485473222 0.4579559543932371 0.8129787766170823 0.4552769714417686
0 0.8236213452888258 0.3752740360302784 0.7914746730817287 0.3771278311353211 0.7927881619745634 0.4105325401376147 0.8249348855580545 0.408678651706645
0 0.8268223001499369 0.46053986933374746 0.8208463521116109 0.40897651695694764 0.793919264668166 0.4135532204164277 0.7998952640828861 0.46511651057594294
0 0.895814324067498 0.5866623313662717 0.9214711815419824 0.5866623313662717 0.9214711815419824 0.5404999059274656 0.895814324067498 0.5404999059274656
0 0.8905386876578283 0.4778191647155326 0.8922299985532407 0.5361978917797529 0.9163398100470854 0.5351734841878504 0.9146483963988847 0.4767947260149879
0 0.8597576000072338 0.4208826032010544 0.9305024323640047 0.43654316037923674 0.939064616707439 0.37981910200050967 0.868319732974274 0.36415854482232735
0 0.8508985114820076 0.3712316857200879 0.8441269999802715 0.4313674600117068 0.8691848086989689 0.4355054382884174 0.875956320200705 0.3753696951054409
0 0.8375476875690498 0.3416802486999076 0.8111936524259522 0.33931617853473817 0.809313481905645 0.37005400584742926 0.8356675170487426 0.37241807601259874
0 0.8409100670605798 0.3470934324429791 0.8349600127249053 0.2906501917785582 0.7935081507621791 0.2970585409897426 0.7994582050978535 0.3535017194368788
0 0.8417985190446128 0.3728843012351873 0.9729801267887206 0.3924841457915233 0.9778810237794613 0.3443791722911092 0.8466994160353535 0.32477929662613086
0 0.9359982679990004 0.2292954564459098 0.9854368473142887 0.2250191224824398 0.9823150121001684 0.1720882341888459 0.9328764327848801 0.17636456815231588
0 0.9340185300268308 0.6361199708524465 0.9332215794007787 0.5888177869759812 0.9126746180884364 0.5893255422360792 0.9134716714672769 0.6366277883298292
0 0.9427299114188763 0.5831114042789565 0.984340372310343 0.5774067014486175 0.9818003233835754 0.5502350444579829 0.9401898624921086 0.5559396850710372
0 0.9412912696298926 0.5749820938654753 0.9397976550991688 0.5342857057530581 0.9207107081557765 0.5353130375573395 0.9222043226865004 0.5760094878870413
0 0.9368748520359849 0.4991025467774433 0.9361323603877315 0.5431630545799885 0.9588477137915614 0.5437245033567469 0.9595902054398148 0.4996639022282747
0 0.9852472684198759 0.5520405278414883 0.9852472684198759 0.5049903239678899 0.9625224617595223 0.5049903239678899 0.9625224617595223 0.5520405278414883
0 0.926297993772359 0.5885615761977574 0.9368424849076704 0.6380437915113724 0.9524726225470854 0.6331591124928325 0.9419282341645623 0.5836769593965023
0 0.9472089054608586 0.6336514378663354 0.991182474977641 0.6253881114216998 0.9845141272753577 0.5733462147999491 0.9405405577585754 0.5816096034618693
0 0.5839188187210648 0.1919319082837586 0.6117749454999211 0.1892687440769145 0.6106549914838489 0.1720882341888459 0.5827988133285985 0.17475139839568998
0 0.8946578414351852 0.48246424497085244 0.9395352244778514 0.4857250839684474 0.9421577838936237 0.43279335574151057 0.8972802980981692 0.4295325167439156
0 0.8785863805700231 0.4359801872790042 0.8492801550662878 0.4322444126389685 0.8473641751992582 0.4542870944428517 0.8766703493265994 0.45802286908288736
0 0.996682831735322 0.42349610246041985 1.0026405411537247 0.34172952478935714 0.9428231081978641 0.335337632049965 0.9368653987794613 0.41710420972102763
0 0.9839838201349432 0.47018725038425396 0.9171868012810396 0.467460608992737 0.9163398100470854 0.49788840757597475 0.9831369316537774 0.5006151111847764
0 0.9403435806634048 0.5312647454964641 0.9419968730271465 0.49522519670616716 0.9209253587305345 0.49380751365793835 0.9192720663667929 0.5298470002309505
0 0.6159272370515047 0.1809220931338 0.5969255749224011 0.13312966816286792 0.56998194428004 0.14883989028852893 0.5889836064091435 0.19663239303106683
0 0.6382125700363005 0.17685588249494297 0.6327577327638363 0.1504326216671445 0.6099467165140994 0.15733870915559697 0.6154015024101694 0.18376196998339545
0 0.6329362657335069 0.1515015612805412 0.6264450124618581 0.1279187372579001 0.6034306998204704 0.1372089599858244 0.6099219017157249 0.16079172179118087
0 0.581991125036169 0.11028166915784675 0.5871706362123843 0.1447799169324589 0.6051976367680714 0.140810656377421 0.6000181769682502 0.10631241637996942
0 0.5673496233493792 0.14700958220844482 0.5873836427425294 0.14094425244190398 0.5813337640730218 0.11163842593007374 0.5612997446798716 0.11770375569661458
0 0.576750681456492 0.10265950738593829 0.5477327289003314 0.04291979277413433 0.5093809185606061 0.07024001686337283 0.5383988197403725 0.1299797314751768
0 0.5228681468000316 0.17871754808649495 0.4974289197311658 0.12737227506958382 0.45366645581794507 0.1591702771356954 0.47910573426320496 0.21051554237544598
0 0.49466933947219593 0.07136223002675841 0.42162366667981904 0.12579855107143142 0.4789921410557397 0.2386934084022203 0.5520378652245107 0.1842570951347079
0 0.4607856313788931 0.029045983799614553 0.4853310633187342 0.08519273577115587 0.5104301272819339 0.06910109835905645 0.4858846953420928 0.012954411521235007
0 0.5116457441439131 0.11779616391865363 0.5291545110118108 0.10366059127325433 0.5094409261889731 0.06785058537754443 0.4919321079446812 0.08198609580565909
0 0.5962413441051136 0.06101290968215429 0.5832876597189341 -0.008707121363959668 0.550048519866635 0.00034981273365312395 0.5630021528764204 0.07006978259538656
0 0.5327860000558975 0.12352888008141007 0.6474361227016256 0.12352888008141007 0.6474361227016256 0.0 0.5327860000558975 0.0
0 0.7370933763908617 0.09230133274401121 0.6869091200908828 0.10749476254897744 0.6978683214797716 0.16058155180360442 0.7480525777797506 0.14538812199863818
0 0.7047936025291982 0.21050171458393063 0.757157913362137 0.19781896997543164 0.748403478551794 0.14481069893404372 0.6960392704716435 0.15749342798822152
0 0.7896130494397096 0.15294056930308678 0.7759036182955861 0.09601848108445225 0.7425282796223959 0.10780699999203619 0.7562377621429135 0.1647291426507948
0 0.8413297608243897 0.17559476924355727 0.8413297608243897 0.11842437961901121 0.7915918112603904 0.11842437961901121 0.7915918112603904 0.17559476924355727
0 0.8699922401094277 0.17763656942851683 0.8961257677688341 0.17763656942851683 0.8961257677688341 0.1296542806362887 0.8699922401094277 0.1296542806362887
0 0.9239452631786617 0.1664066761883999 0.9239452631786617 0.1225079799889303 0.8961257677688341 0.1225079799889303 0.8961257677688341 0.1664066761883999
0 0.8548180165916982 0.16232307581848082 0.8716783106126368 0.16232307581848082 0.8716783106126368 0.13067518072876846 0.8548180165916982 0.13067518072876846
0 0.8550125276199495 0.11316279606717078 0.8490725430575284 0.05561549024358316 0.8126542319352378 0.06112837329673961 0.818594267874053 0.11867568300890752
0 0.8217420481672191 0.11031724966751083 0.8111299456972064 0.058911917528002754 0.7750290379379735 0.06984153848661681 0.7856410890315919 0.12124687451470519
0 0.7344735399239793 0.07591260002050682 0.7689894345472958 0.06396999223030549 0.7562964853614268 0.010170490369884246 0.7217805393617162 0.022113100104375717
0 0.7240335997507629 0.0011212202387118559 0.6691742457123316 0.011341995177040529 0.6816878912826179 0.10984412610348576 0.7365472966974432 0.09962328834028177
0 0.6472675053760258 0.08820577110111652 0.6398489595663668 0.06125398999446515 0.6201223765158091 0.06921699360605409 0.6275409737018623 0.09616877471270546
0 0.6518495604646728 0.10815531568303628 0.6474857009219802 0.0870166976882048 0.6361793492378209 0.09043973714690447 0.6405432601569077 0.11157836291889653
0 0.626111322781855 0.11872035501929233 0.6344167792837226 0.14285954933283163 0.658180827644939 0.1308684742778813 0.6498753711430714 0.10672933440446611
0 0.774239177254314 0.021732940829371338 0.781334000404435 0.06898831397629172 0.8113048823192867 0.062389229901826104 0.8042101105455598 0.015133793565475976
0 0.8119288486262364 0.029643792746385424 0.8173519352871159 0.06685865520823378 0.8388968830558186 0.062254327274365286 0.8334738477713332 0.025039462868226777
0 0.8463878695812289 0.02552249647912386 0.8463878695812289 0.0 0.8067660861545138 0.0 0.8067660861545138 0.02552249647912386
0 0.8985506308199179 0.11972941827336582 0.8965777772845644 0.06716890169818346 0.8609764022056503 0.06912857506739377 0.8629492557410038 0.12168915385986079
0 0.8952827838936237 0.07146299091926286 0.8952827838936237 0.03368969527467189 0.8598761253485374 0.03368969527467189 0.8598761253485374 0.07146299091926286
0 0.893869111032197 0.03122380846744891 0.8902117282854588 -0.004209218039789696 0.8614713623868897 0.00014138315917276584 0.8651286423808396 0.03557440848160957
0 0.921416208800242 0.12148707989645052 0.921416208800242 0.09392278517665727 0.8986548221472538 0.09392278517665727 0.8986548221472538 0.12148707989645052
0 0.8977470012626263 0.08002286827406266 0.9325050842079651 0.07476128472222222 0.9285883534235585 0.036815203900973974 0.8938302704782197 0.04207678745281441
0 0.9315324263139204 0.04185689212592977 0.9315324263139204 0.0 0.8919107456399937 0.0 0.8919107456399937 0.04185689212592977
0 0.9998166890256734 0.17151116887363818 0.9998166890256734 0.11740347952653143 0.9441776982060185 0.11740347952653143 0.9441776982060185 0.17151116887363818
0 0.9998166890256734 0.12352888008141007 0.9998166890256734 0.03981509582955052 0.9408056599523885 0.03981509582955052 0.9408056599523885 0.12352888008141007
0 0.9921998303345959 0.004551989587439674 0.9446239535656039 0.00012013518937866257 0.940468425301189 0.0655417797154729 0.9880441993173926 0.06997369577639208
0 0.9304120099103009 0.22346029952396312 0.9260130602904041 0.2620829388757486 0.9472939847695707 0.265637661217428 0.9516930371422558 0.22701500631132135
0 0.7536560983368845 0.021438896109204773 0.7536560983368845 0.0 0.7199354589186132 0.0 0.7199354589186132 0.021438896109204773
0 0.2743488915440209 0.1402419437326787 0.2681667957241688 0.06129237417051916 0.23590396148989898 0.06499731236884597 0.242086005933357 0.14394687415384494
0 0.23989696053142098 0.037290322306688405 0.2393349284676189 0.09378009761145356 0.2724345557216041 0.09426306706077583 0.2729966391618003 0.037773295644590976
0 0.19824922606599854 0.06703910866522522 0.22297768640999843 0.06703910866522522 0.22297768640999843 0.03641211366799264 0.19824922606599854 0.03641211366799264
0 0.29884908656881315 0.15279470087920488 0.29884908656881315 0.11400050514213414 0.26737647265296194 0.11400050514213414 0.26737647265296194 0.15279470087920488
0 0.3163740370008681 0.10319494156054887 0.2944556342230903 0.10387555976891007 0.295477022626986 0.15211407489368312 0.31739545109296086 0.1514334644624825
0 0.27222124093309397 0.1034118465691896 0.3098758992924032 0.10409240256026615 0.3106513232093066 0.04117627391756857 0.2729966391618003 0.04049571403791173
0 0.32257321547177503 0.10236988592585293 0.32032521565755206 0.14184470764844545 0.34549600106698497 0.14394687415384494 0.34774400088120794 0.10447206020841297
0 0.35383744673295453 0.10175251158734709 0.3524587098195497 0.03830362022469897 0.30983454129511256 0.03966199464632709 0.31121330389671453 0.10311088600897522
0 0.3949528960667877 0.10243026780061401 0.35013536652330596 0.09968223144033511 0.3480860649134575 0.1486976460214784 0.3929035944569392 0.1514456746045967
0 0.3991550997852878 0.026922556481473185 0.35026575981165825 0.02914275306445014 0.3521980516838305 0.09154263962056415 0.40108739165746 0.08932238470888283
0 0.45942189637257996 0.015788554659191135 0.429797573924466 0.02211951820614627 0.433893788141835 0.05022965488569938 0.46351813627814603 0.04389869231088932
1 0.35510505650581337 0.9396132100734264 0.37735586455374054 1.0074426804599899 0.4103991575915404 0.9915459775778861 0.3881483495436132 0.9237165071913226
1 0.40345075716474643 0.8654491490666412 0.4028329560250947 0.8362727267297401 0.38557762890953806 0.8368086042025038 0.3861954300491898 0.8659849643221202
1 0.4125986067132918 0.8242479299065049 0.4062840625493213 0.8642819528064475 0.42475893682100957 0.8685554714377867 0.43107348098498 0.828521448537844
1 0.40689467099379206 0.7791970784754078 0.4041680230034722 0.8279007689060908 0.4283813836197259 0.8298886733682148 0.43110800592184867 0.7811850451548165
1 0.40690011689157196 0.7532397784467381 0.37313878736913403 0.8023020893061926 0.3912914545849116 0.8206212843837601 0.4250527327309554 0.7715590357415902
1 0.3980067603114478 0.7751702513777395 0.3932634604097617 0.7567887767982289 0.38305784797026254 0.760650914743406 0.38780114787194864 0.7790324515402013
1 0.4069376730356955 0.7263836875238915 0.41100301004018047 0.7678785100503313 0.4316345625854903 0.7649141675227765 0.42756922558100535 0.7234193449963366
1 0.43128335355508207 0.710332436906696 0.4149718364882549 0.6894816205163736 0.38855545609085645 0.7197884064809505 0.4048669731576836 0.7406391606539883
1 0.4597715641111637 0.6061447407978148 0.4033710210010259 0.6089516735951835 0.4050710915716409 0.6590490312022171 0.4614716603699758 0.656242160622133
1 0.5192529440728904 0.7279144193783448 0.47558290629274513 0.7206051327766628 0.4729384091566709 0.743776405015609 0.5166084469368161 0.751085691617291
1 0.4991836804733533 0.8652819090054791 0.5016750759548612 0.829076240065144 0.4812269114484691 0.8270127416021598 0.4787355159669613 0.8632183483252103
1 0.48564687401357326 0.7642906881132135 0.46883533619068285 0.8174502560365698 0.4985461507983481 0.8312298291563137 0.5153576886212384 0.7780703234502421
1 0.3977712252324679 0.5717353470828554 0.4093791563502867 0.591817095617514 0.4293938839074337 0.5748503798738532 0.4177859527896149 0.5547685691219101
1 0.39611503010245686 0.5513340505741908 0.42192429565018674 0.564100228561417 0.4319980505741004 0.5342326966265291 0.4061888107145675 0.5214664875306607
1 0.5133075136126894 0.641087958815144 0.5069567747790404 0.5838879382087793 0.46579159309567025 0.5905905440677561 0.47214228055292506 0.6477906268914054
1 0.5113358417344013 0.6403957293060334 0.5455540615300136 0.6353728656982671 0.5434023667666246 0.6138753628512041 0.5091840955946181 0.6188982264589704
1 0.5277831209227694 0.6716435517010704 0.5613590330387206 0.6703528541308295 0.5606371433245213 0.6428129952495859 0.5270612312085701 0.644103817254396
1 0.5519741071193708 0.6881325009158384 0.5474678835884891 0.6717613290209289 0.5261266432225905 0.6803760586893157 0.5306328667534722 0.6967472928015099
1 0.6210448910491635 0.7974050290480058 0.5598905415647359 0.7831453251425522 0.5495427706426241 0.8482269069348879 0.6106971201270518 0.8624866108403415
1 0.614170729511916 0.8735005634397298 0.6810286807692814 0.8765559298547401 0.6834596576112689 0.7985420499251402 0.6166017063539037 0.7954867457274146
1 0.5508442374592277 0.7410191216113978 0.5463859994804819 0.7690938624888507 0.5719445225365636 0.7750460656775612 0.5764027091389152 0.7469713248001083
1 0.6066891962430293 0.7870829326540202 0.6168128633338594 0.7427589035423038 0.5820782080242529 0.7311242713111621 0.5719545409334228 0.7754483004228785
1 0.6844932479087753 0.7407828825815495 0.6166439377498948 0.7331141667263953 0.6120112769130103 0.793223094259684 0.6798606384482849 0.8008919345494075
1 0.6965521096380471 0.7343715780493438 0.6674635659163247 0.7791510999020451 0.6959772077875105 0.8063149797320973 0.725065802885627 0.7615353956621114
1 0.7155681057811185 0.9427168571013316 0.6937856449422611 0.9422697636937755 0.6934970637363216 0.9628875763530518 0.7152795245751788 0.9633346697606078
1 0.7197484488439079 0.9062624434569317 0.7258451314084859 0.8280010631689603 0.6825156677451599 0.8230508693496751 0.6764189338041877 0.9013122496376466
1 0.7447800042251946 0.9489017529346648 0.7566995845499264 0.8846014958030708 0.7229726772115688 0.875432534562946 0.7110530968868372 0.93973279169454
1 0.7340847747494476 0.8817712937412399 0.7416794902146465 0.8615371750764526 0.7276795769379998 0.85383081776408 0.7200848100964068 0.8740648742115825
1 0.7981352115721012 0.8444980384134493 0.7572514697758839 0.7651102764040202 0.7041022817695181 0.8052513752508601 0.7449860235657355 0.8846391372602892
1 0.7420804829709859 0.8105852630646343 0.754859847251815 0.7022533358419343 0.7187798496850011 0.6960115111931384 0.7060003826513837 0.8043433139812691
1 0.8053764060691551 0.8382740701253504 0.7935778685290404 0.8102080396677498 0.7711150301024569 0.8240566739734646 0.7829135676425716 0.8521226422137805
1 0.8019920888573232 0.8513922112918897 0.8130588210391677 0.8682527221306384 0.8236996942899043 0.8580098283400229 0.8126329621080598 0.8411493175012742
1 0.7839922150377473 0.8811619376552944 0.7942321982849326 0.8695362647131435 0.783700654000947 0.8559322065534213 0.7734606707537616 0.8675578172782875
1 0.8192334415936711 0.7867890182012933 0.7855887878623474 0.7713343691266883 0.7753647312973485 0.8039762320017839 0.8090093850286721 0.8194308188591042
1 0.7803573865280409 0.7538207634508792 0.7555900085654724 0.7660908208102383 0.764661127469355 0.7929435519997133 0.7894285054319234 0.7806735568576388
1 0.9362344966593014 0.9772335756323267 0.9287127870501894 0.9000775476235984 0.8752016009706439 0.9077279093797783 0.8827231050741793 0.984883875171222
1 0.9577180496369949 0.9138319227430556 0.9216070207281145 0.9377422741064603 0.9346906360150989 0.966720721043578 0.9708016649239793 0.942810431897458
1 0.9989520243121317 0.9409583477677433 0.9646267361111112 0.938484028574159 0.9627915713120792 0.9758223631817023 0.9971167567603114 0.9782966823752867
1 0.9989718556002736 0.9807463635241462 0.9589711198903094 0.9800872958277587 0.9587768143676347 0.997377479234359 0.9987775500775989 0.9980365469307467
1 0.9878270826757155 0.9165097546747579 1.006007852779093 0.8990795201603912 0.9922426782473169 0.8780231378615571 0.9740619081439394 0.8954533101586392
1 0.9860268538247053 0.6412365336909085 0.9532031948718961 0.6276633975216616 0.9444516371396254 0.658701236580976 0.9772751933396465 0.672274372750223
1 0.9376197069983692 0.676950748299726 0.9551946466619318 0.7257244953929345 0.9677401455965909 0.7190948081915775 0.95016510318024 0.670321061098369
1 0.8775474471275253 0.6564326077304727 0.86624176333649 0.6427413209376592 0.8555503870903041 0.6556884890059569 0.8668562250105218 0.6693799002333397
1 0.8896721733940972 0.6460218517058486 0.8741943153869424 0.6509115703244457 0.8769113046151621 0.6635245693568425 0.8923892653751052 0.6586349129555301
1 0.9060008244883733 0.65287757430237 0.8928932678017151 0.6467329952694955 0.8893861096314709 0.6577049512017393 0.9024936663181292 0.6638494680173292
1 0.9221351700599747 0.6547367512025357 0.9085338862255367 0.6432982900699222 0.9023702602193813 0.6540467615156728 0.9159715440538194 0.6654852848655708
1 0.9460006354232429 0.6599671716719228 0.9277736265651305 0.6449173082513061 0.9192614828295981 0.6600359217714704 0.9374884916877104 0.6750858474093718
1 0.7633938259548612 0.6623144431702345 0.7351051099372633 0.670982057530581 0.7407225021208176 0.6978688215747643 0.769011115385627 0.6892010827798484
1 0.748618129126552 0.6576928188312309 0.7214396056101379 0.6430646019487449 0.7145259356257891 0.6619026269630798 0.7417045105185974 0.6765308438455657
1 0.7105216080893572 0.6970290748837283 0.7247130525633944 0.6458903865833652 0.703749788329256 0.6373587792072821 0.6895583438552189 0.68849752972493
1 0.6196582421710596 0.6685425800164054 0.6980622673676873 0.6769824791149018 0.7018167514993687 0.6258317828785996 0.6234127263027409 0.6173919459973879
1 0.6304652666804766 0.6376996054926415 0.60594947892006 0.6538019987178262 0.6157189057732271 0.6756151298499617 0.6402346935336437 0.6595126744074924
1 0.5708263153178925 0.6369060240268222 0.5979739616214226 0.6663216096059505 0.6128254900074969 0.6462203870611939 0.5856777409511784 0.6168048636993502
1 0.5824872668744739 0.6273831086542749 0.6092313516019571 0.5846694495213749 0.5869289102779093 0.5641905058414565 0.5601848255504261 0.6069041649743565
1 0.6111684985433765 0.6026193227972095 0.6140947438249684 0.5924310557825242 0.6043132435191761 0.5883108405405836 0.6013868954847958 0.5984991697725535
1 0.6125624428694497 0.5691800832019305 0.6019645716606166 0.5584849319691323 0.5938512114964751 0.5702753562810589 0.6044490827053083 0.580970507513857
1 0.6093435576467803 0.5003573449744362 0.5925139353331492 0.5067934119859359 0.5964435615924873 0.5218629360685048 0.6132731839061185 0.5154268379483626
1 0.5947692562835385 0.5170331949123185 0.5865006366562763 0.502370820740555 0.5742316454749317 0.5125177132609423 0.5825002137257996 0.5271800563240635
1 0.5928393534136942 0.4336093976470916 0.5846406056824758 0.42084371739814286 0.5713122846301557 0.4333975477928294 0.5795110323613741 0.44616319693313583
1 0.5723142270688657 0.3759000041312277 0.5780321628557713 0.3909029557192119 0.5912468907006261 0.383516955205546 0.5855290062901147 0.36851394140027716
1 0.5921520400127578 0.3483515903733435 0.5915669656361795 0.3759810110358531 0.6126710011902883 0.37663640791244585 0.6132561269432607 0.34900704946722094
1 0.6506705235953283 0.3129975827340564 0.6576005312730167 0.3738416385942278 0.6719680426498054 0.37144173127309504 0.6650380863485111 0.31059767541292366
1 0.7085261489405776 0.2928338940355027 0.7015945999710648 0.282425066746703 0.6930224486071654 0.2907967445925714 0.6999541003294666 0.30120557188137104
1 0.7737810539476799 0.2841072665806575 0.7361743040759154 0.26466847146566 0.7279310130109691 0.28805632207250254 0.7655378142591277 0.3074951171875
1 0.9696717952638363 0.2871538914671732 0.9696717952638363 0.32529423798260704 0.9998166890256734 0.32529423798260704 0.9998166890256734 0.2871538914671732
1 0.9602399113202336 0.287836881709512 0.9240217112531566 0.2868620301848401 0.9232117110229903 0.33100286050187944 0.9594298083372791 0.3319776498092667
1 0.9143936722366898 0.33315781837331165 0.9286552454887416 0.28762549848488467 0.8613961473458543 0.2567299503555842 0.8471345227174084 0.30226223913536887
1 0.9953706786287353 0.21823672295588845 0.9537419277409511 0.22999969389095948 0.9626046639901621 0.27599761682912843 1.0042334148779462 0.26423472366566325
1 0.9546932130550294 0.22254782082716137 0.945748993844697 0.26176603513634045 0.9583885115806503 0.2659935129770324 0.9673328335437711 0.22677536088513794
1 0.838661116783065 0.2738706567357926 0.8107057821871054 0.2657749747646693 0.806813095555161 0.28548836586550713 0.8347684301511206 0.2935839856193457
1 0.8814659247093329 0.24546042470513985 0.8510466296263416 0.23756652894248534 0.8479346586798979 0.25515317771048357 0.8783539537628893 0.2630470890274592
1 0.83517425228851 0.2368743149876959 0.8029772312151463 0.24407918543139973 0.8055678858901515 0.2610578780023573 0.8377650097163036 0.2538530075586535
1 0.7647487242213805 0.23751243101347477 0.7630145654132471 0.2648145887586806 0.8015130553582702 0.2684006997204702 0.8032472141664037 0.2410985419752644
1 0.7180898647115688 0.2544100544625223 0.7389617817169086 0.2590662405031537 0.7414432615543456 0.24275321066075753 0.7205712931726115 0.2380970401744473
1 0.6997458204275832 0.2608103154267011 0.7081352259574916 0.2518821817411681 0.701239434958307 0.2423795336490985 0.6928500294283986 0.25130766733463145
1 0.6844930424031986 0.2269574242143699 0.6674236464580703 0.19767316376883443 0.6495360300597117 0.21296404139589703 0.6666054773812342 0.24224830184143253
1 0.7209281536063763 0.22068870614428038 0.7051412665884101 0.18049196949063456 0.6726503725405093 0.19920569992454287 0.6884372081820812 0.23940245213250988
1 0.6545155329335017 0.13464804988631657 0.6635302405566077 0.18438078309660902 0.6989936186408354 0.17495358901650898 0.6899789110177293 0.12522087136053772
1 0.6674092096913142 0.06271181485703961 0.6658915510081281 0.02472977827812918 0.6417523008404356 0.026144296022001027 0.6432699081472275 0.06412633260091145
1 0.6777742430818603 0.08040016166539246 0.6675860472399779 0.06112213990253289 0.6561424692070444 0.06999145881116207 0.6663306650489268 0.08926947668544136
1 0.6694137624618581 0.011011436687940001 0.6551818333892309 0.019948173857367125 0.6608267633200494 0.03313182788036163 0.6750586410162827 0.02419508876664437
1 0.5473836263020834 0.17399046544999522 0.5661671442616267 0.24450607377576294 0.5986855760567918 0.23180278190900547 0.5799020580972485 0.1612871580289166
1 0.5768208616109006 0.1438466265539389 0.5529641302346381 0.1214797926969849 0.5371087584832702 0.14628122001126878 0.5609654898595329 0.1686480538682228
1 0.44524309049150357 0.0007077881441689899 0.4464243365457965 0.03003535528309362 0.4811055604054872 0.027986763692655573 0.47992431435119426 -0.0013408657243127852
1 0.43732747806844485 0.057744771819352864 0.40984079893992004 0.0441276246983706 0.3989584566366793 0.07634223370255559 0.42644511007700703 0.08995938082353784
1 0.441295842128972 0.24100258736799982 0.43867569740372475 0.1775414236459528 0.40849964385883575 0.1793685586445193 0.4111198142722801 0.242829784583851
1 0.43982062034735375 0.22346017508939378 0.46840932313039246 0.2219549989846139 0.46742916428280196 0.194651223590007 0.43884046149976325 0.19615639969478688
1 0.4470730148983323 0.17494094335340213 0.43563837635798086 0.18004263626083078 0.4397986312506576 0.19371737325592508 0.45123326979100903 0.1886156025768906
1 0.3924146966902094 0.19847772658539595 0.4176034895257918 0.18925547624096106 0.40897061126400724 0.15467591825246083 0.3837817927402278 0.1638981685968957
1 0.42952599830499 0.1457764511808343 0.40821383697818026 0.1457764511808343 0.40821383697818026 0.17215927077360474 0.42952599830499 0.17215927077360474
1 0.44748289577085965 0.16431508662139238 0.43592521076651936 0.1534288349987656 0.42563518691143204 0.16945037686253664 0.43719292329216647 0.1803366284851634
1 0.43944387724905304 0.14245011293681512 0.43491509948113954 0.09369977509695941 0.39990884286385997 0.09846897883517297 0.40443764631997053 0.14721937889231332
1 0.42535374702427925 0.37443926672201516 0.41463059447831174 0.35279605099428196 0.4018260557643492 0.36209986819890416 0.412549311063105 0.38374308392663736
1 0.36978688866201076 0.39300630435301986 0.3716279103699758 0.40712654821491145 0.383287757334083 0.40489708514510064 0.38144673562611797 0.3907768412832091
1 0.4208195490467829 0.4688775454335499 0.4203695945868187 0.4274633565080275 0.38938120318582964 0.4279571750963621 0.38983120902218804 0.46937136402188456
1 0.3096957736545139 0.5049213561078459 0.2973941841510811 0.5191710741391119 0.3088402539391309 0.5336623507780645 0.32114189481895783 0.5194126638554408
1 0.29466283522069653 0.018977683375491765 0.274980178987137 0.023943478178905055 0.2784920380974458 0.04435723758740284 0.2981747457073995 0.039391380566704895
1 0.2615919016828441 0.021018548356891285 0.3228326405740346 0.020630226951855766 0.3227457887797243 0.000543973132375548 0.2615050498885338 0.0009322939298203961
1 0.2187618679470486 0.01526190478745829 0.20531710229738795 0.01435740156883372 0.20460055572818023 0.02997871422257263 0.21804527000144677 0.03088315522391254
1 0.18928941412004155 0.02217615732237712 0.17856076429990003 0.023175623560292034 0.17937527280865292 0.03599718659660503 0.1901038712524003 0.03499766202998574
1 0.3965085475934475 0.019457600289285486 0.38167911105685765 0.014118563995205785 0.37876034104061446 0.026007709639274137 0.39358988032999265 0.031346747877643986
1 0.12639391863787616 0.054948326523029355 0.13905736492940474 0.02887793102517162 0.11549512304440894 0.012093152231883323 0.10283166390878183 0.03816354578545091
1 0.1155763105912642 0.029469572683600717 0.1496068010426531 0.030737846755592588 0.15036049274483113 0.0010795342934362506 0.11633000229344223 -0.00018873935324214893
1 0.06959737270368069 0.03301998064544709 0.1180264251400726 0.0320425101619491 0.11758639916827783 6.885341274628946e-05 0.06915734030983665 0.0010462603194754908
1 0.001463957808234475 0.04525576016953961 0.05131148649787261 0.03959644484835906 0.04806486444441156 -0.002341639132796199 -0.0017826613352354928 0.003317675216239284
1 0.16488779755152436 0.40389756446706165 0.16877042725431396 0.38508977705307085 0.15590996533531934 0.3811962504877835 0.15202727141203703 0.400004006793132
1 0.12114811906910906 0.37597236283328556 0.10224920972830519 0.3811102039831008 0.10500897622670388 0.39599743142162014 0.12390777639267019 0.3908595902718049
1 0.055626487089728664 0.5219615193560462 0.04995784374198528 0.5073740859036538 0.035001106133766044 0.5158977294673006 0.04066964672872113 0.5304852251369776
1 0.004538207343130401 0.5199710328766087 0.048435021731187196 0.5097915384990602 0.04216365300445043 0.4701305393292877 -0.0017331629891186853 0.48031006481547844
1 0.03997924111106179 0.44586822478656984 0.01235164215267708 0.4515302154509907 0.01574860999881218 0.4758387885448522 0.043376209759953044 0.4701767978804313
1 0.014120206287011555 0.4253251039775261 0.022916713547626328 0.4535233461650261 0.047309528697620735 0.4423638673368215 0.03851301983149365 0.4141656251493215
1 0.033614739825829916 0.40677586048993375 0.025946713457203875 0.3868769996635289 0.012443847527809014 0.3945079496268954 0.020111976649223352 0.4144068415619425
1 0.04425915162571351 0.37474826886627166 0.029279464824432475 0.35474712282388826 0.013490310823074494 0.3720892576631785 0.028469997624355533 0.39209034148827726
1 0.035640469303837526 0.3526238024417049 0.026269018449365893 0.3395014927170935 0.019114292029178505 0.346994973590007 0.028485844030926123 0.3601173144232607
1 0.03099760383066505 0.3214666928477001 0.019791010654333866 0.3285915985262965 0.025784120013818194 0.34241568811321355 0.0369907147956617 0.33529075132597475
1 0.03801340366453434 0.3298346376564889 0.03764808539188269 0.3156761301645324 0.02704833573363847 0.31607730721601046 0.027413756759078416 0.330235814707967
1 0.022361220735492127 0.29580025862480885 0.01832077398846045 0.31467337418769115 0.033214122759372695 0.3193494386507709 0.037254670653680357 0.3004762919792463
1 0.01985347471654616 0.36316381487520705 0.0206865076264147 0.32583590166284404 0.0010276313381965714 0.325192481613548 0.00019449460937920644 0.3625203948259111
1 0.018722319041036998 0.32662064827424186 0.018722319041036998 0.29436692792948843 0.0006577828115084356 0.29436692792948843 0.0006577828115084356 0.32662064827424186
1 0.0001525084679375594 0.27576072451779116 -0.00025963487247826673 0.2892358684637009 0.011229336863816386 0.2897511831238851 0.011641479903198653 0.2762760391779753
1 0.11095587733618739 0.8830237898987003 0.11800923973622948 0.8691436736469482 0.10525544163353917 0.8596391745906601 0.09820218198628539 0.8735192286251274
1 0.31480965148720275 0.6460729943138379 0.32366681339764836 0.6363684044700879 0.31634721852312186 0.6265712353067661 0.3074900052362821 0.6362758251505161
1 0.31097599633213646 0.5937153449724452 0.3156524555450337 0.6276947550331294 0.3266572021073364 0.6254736601881052 0.3219807942708333 0.5914941879101363
1 0.2315150559550584 0.9993511359382964 0.24784642999822443 0.9967141807626146 0.24644339205038668 0.9839707743015736 0.2301119666308265 0.98660779169454
1 0.6966552734375 0.5093529377508601 0.6910364940913036 0.4997134271868629 0.6859146272293245 0.5040917819428516 0.6915334065755209 0.5137312925068489