0 0.7822677059758009 0.6801124804467801 0.8922022799152739 0.9699812074882241 1.0234220853644382 0.896941349128234 0.9134874547535109 0.6070726220867899
0 0.8802920370712918 0.9139431759262514 0.7842869665629353 0.9124127657260616 0.783365545387941 0.9972473762434969 0.8793706725677518 0.9987777864436868
0 0.5249600919619023 0.87671859621063 0.5249600919619023 0.9526864256714005 0.6914933540252147 0.9526864256714005 0.6914933540252147 0.87671859621063
0 0.5266424974248491 0.7612063705049564 0.7460442758204213 0.7461611015053783 0.7421209677126857 0.6621911442588231 0.5227191893171135 0.67723648191437
0 0.5588835678171425 0.8754731769368672 0.5588835678171425 0.7546719013638921 0.5218761447633763 0.7546719013638921 0.5218761447633763 0.8754731769368672
0 0.518797978053186 0.6383004462088723 0.4329686355236624 0.6369842426312922 0.43244164767039517 0.6874217321955849 0.5182709901999187 0.6887378671171963
0 0.4293577004718692 0.6886670828133789 0.4293577004718692 0.9539317762891943 0.5167362705468025 0.9539317762891943 0.5167362705468025 0.6886670828133789
0 0.4570298898850975 0.6864256027444812 0.4621697924373984 0.7325043994744798 0.4941206199766423 0.7272737071806454 0.4889806890886142 0.681194841794678
0 0.5157457101975975 0.6913153494973284 0.49107407593793523 0.6900699988795346 0.4900086525976381 0.7210468167797385 0.5146802868573004 0.7222922360535011
0 0.21656520209493965 0.9302697026152981 0.16521839931704096 0.9275650693809758 0.16311006537165593 0.986311510255554 0.2144568681495546 0.9890160748339075
0 0.32839906315285516 0.9670878389957115 0.32531511595432916 0.9060644915723425 0.2844120687982387 0.9090982615210208 0.2874960159967647 0.9701216089443898
0 0.02844429193211576 0.9850661596377601 0.02844429193211576 0.943968765378937 0.00274471475110634 0.943968765378937 0.00274471475110634 0.9850661596377601
0 0.03279192046977462 0.9858677867292955 0.06732306661933467 0.9880695149922666 0.06914333247872781 0.9461705622978769 0.03461218632916775 0.943968765378937
0 0.08802216652929507 0.9397284354348284 0.08909529010344128 0.9813300391284098 0.10867211103660704 0.980588897945374 0.10759898037852904 0.9389872942517927
0 0.11496146652802562 0.943028315918518 0.11290550409031888 0.985371060795135 0.1610540958500174 0.9888022801471105 0.16311006537165593 0.9464595352704935
0 0.00890040773977919 0.8873322597370641 0.007872423864451403 0.9421287167595261 0.029472273150969126 0.9427234147611432 0.030500257911788387 0.8879269577386811
0 0.03872412183047891 0.8729824757012795 0.03872412183047891 0.8194313692966113 0.005828663941988153 0.8194313692966113 0.005828663941988153 0.8729824757012795
0 0.38821884339455665 0.5776957628831553 0.38926635855530406 0.5180508213450857 0.34611059275620937 0.5169384230108444 0.34506307759546195 0.5765833988768982
0 0.38104248046875 0.3349808134029633 0.38104248046875 0.2814297069982951 0.35020300848349 0.2814297069982951 0.35020300848349 0.3349808134029633
0 0.31627953262824976 0.28765654590722545 0.3152164328175778 0.32886933368558424 0.34506307759546195 0.32999930794783466 0.34612617740613394 0.2887865373334681
0 0.317280180496315 0.3276604393872153 0.31625218865156396 0.2865630966203687 0.2864680241520137 0.28765654590722545 0.2874960159967647 0.328753888674072
0 0.28802821762382486 0.3396702220388955 0.28544006064298977 0.29263803419836193 0.2575344131738916 0.2948918380136565 0.2601225701547267 0.34192406018217447
0 0.35196262880288126 0.37949923160239735 0.39268288218322017 0.3832939843090903 0.39543422461662897 0.3399622845301076 0.35471399957201716 0.33616756615139903
0 0.35043400133109914 0.3370237747381187 0.3144869011867456 0.3328762333358233 0.31091552281003365 0.37830581922498946 0.3468626229543872 0.38245332629930046
0 0.26780532086017295 0.38472007176471107 0.269861304549675 0.3373958214329654 0.2515166131234767 0.33622612969277277 0.24946065776970172 0.3835503800245184
0 0.2710482881593837 0.33622612969277277 0.2710482881593837 0.38230499507874016 0.2864680241520137 0.38230499507874016 0.2864680241520137 0.33622612969277277
0 0.28971209654458274 0.3344910903776188 0.2907400883893338 0.3793245708178079 0.31319558542972376 0.37856890889737416 0.3121675935849727 0.33373539412920067
0 0.29019374723443303 0.6908176623796048 0.3276579988810788 0.6925633090419362 0.329177643927359 0.6446957497012092 0.2917133922807132 0.642950103038878
0 0.33076475633994895 0.6451728400282972 0.328447318896167 0.6975790394975042 0.38239185613067256 0.7010800819697343 0.3847092652387274 0.6486738825005273
0 0.38105126454416205 0.7922034419159519 0.38105126454416205 0.7433251980587388 0.3342209216501277 0.7433251980587388 0.3342209216501277 0.7922034419159519
0 0.3435869845617891 0.8402089310979682 0.3435869845617891 0.8751220016565312 0.3767284510195421 0.8751220016565312 0.3767284510195421 0.8402089310979682
0 0.37901253731248546 0.7940892840665424 0.2867916181559018 0.7696020343038175 0.2781207723095114 0.8175289810575436 0.3703416631303679 0.8420162994762374
0 0.3335252795489496 0.745209529778016 0.28594965035979575 0.740706659409273 0.2837634356683786 0.7746082215797244 0.3313390648575325 0.7791110919484674
0 0.3283347977237117 0.6306191477652208 0.3853953298641336 0.6316992434661488 0.3860945139312036 0.5774881472335489 0.3290339817907817 0.5764080515326209
0 0.34574837715623546 0.5713783495874051 0.34574837715623546 0.5268642223860202 0.3183706809551271 0.5268642223860202 0.3183706809551271 0.5713783495874051
0 0.47110962934148676 0.532101162373014 0.47110962934148676 0.48584138850929764 0.4213974013191301 0.48584138850929764 0.4213974013191301 0.532101162373014
0 0.4599704866400447 0.5631402512369059 0.4230516410693042 0.564258382344541 0.42384815835908485 0.6028567336675689 0.46076703226555243 0.6017386025599339
0 0.6072793462925081 0.6118456536927025 0.6779168570827531 0.6060108575295275 0.6755243016263347 0.5634995279215587 0.6048867908360899 0.5693343240847335
0 0.5753095054803563 0.5524915045104225 0.577018206498085 0.5059163594540916 0.5310311915150592 0.5034402819398551 0.5293224904973306 0.550015426996186
0 0.5820614558851265 0.551303378642611 0.5284427228412256 0.5486338629363224 0.5270794343372794 0.5888236596157902 0.5806981673811804 0.5914930723381258
0 0.47951797301169335 0.5919626791646161 0.526411277891423 0.5948031825611643 0.5280893763238451 0.5541438820391592 0.4811961281155699 0.551303378642611
0 0.4847984491063138 0.5530489909769579 0.5280264710096042 0.5530489909769579 0.5280264710096042 0.52599136472687 0.4847984491063138 0.52599136472687
0 0.24259717794292596 0.8686441736897146 0.24416258518853007 0.8183882791628585 0.21402744020481518 0.8170106284932157 0.21246204712707462 0.8672665230200717
0 0.08854175875777985 0.8253708658121837 0.0633254268153907 0.8253708658121837 0.0633254268153907 0.869012169682403 0.08854175875777985 0.869012169682403
0 0.06208191343004657 0.8689903370843293 0.06130440232924211 0.8209520303492337 0.03591418465531968 0.8215551730350112 0.03669168867219236 0.8695934797701068
0 0.06694071140129919 0.946005307381011 0.06982257527782613 0.9870280726017646 0.08854175875777985 0.9850980846632452 0.0856598948812529 0.9440752507865228
0 0.21894623907827734 0.9894622699750422 0.27658358744813427 0.9894622699750422 0.27658358744813427 0.934474125487732 0.21894623907827734 0.934474125487732
0 0.27507451162807567 0.9241558885949803 0.27435404742992686 0.8796417613935953 0.24416258518853007 0.8803588729875562 0.24488304938667885 0.92487306884491
0 0.6783517538228296 0.963781573506925 0.6284140017482011 0.9613122242776294 0.6272253179948643 0.9965939773885686 0.6771630700694928 0.9990633266178641
0 0.5928876871518106 0.9576903473003374 0.5604666282207521 0.9594359939626688 0.561888401665506 0.9981905032866986 0.5943094039251102 0.9964448566243672
0 0.44692715473936573 0.9578767482555891 0.4085170565209349 0.9569643790864033 0.4078500051684366 0.9981767034369727 0.44626010338686745 0.9990891412621274
0 0.5208735700658659 0.9979262464628444 0.5215939775925603 0.9577761672613189 0.49848732554259517 0.9571676007540073 0.49776686134444637 0.9973176112995641
0 0.47574201068506267 0.4409715204056524 0.4245085224799791 0.438233211418641 0.4228383297154277 0.484095707518982 0.47407187459196554 0.4868340165059934
0 0.42572018650802285 0.46489352557736924 0.45021605425226324 0.46489352557736924 0.45021605425226324 0.44220005031109394 0.42572018650802285 0.44220005031109394
0 0.4718453664965616 0.3997576856237697 0.4163843011457608 0.39748005818730664 0.41530595671388987 0.4360176489779598 0.4707670220646907 0.43829524208643844
0 0.4774308766937964 0.3495720948089497 0.4185505958210016 0.3468286366242794 0.41707458779451023 0.39332180645388076 0.47595492533875927 0.3960652303105667
0 0.23112934080671135 0.33876856320084014 0.23040887660856255 0.38240990139904385 0.24848537037742283 0.38284789215190873 0.2492058345755716 0.339206553953705
0 0.051416158012028854 0.4926033148749473 0.10040725948861493 0.49083161327246205 0.09946693838362132 0.45266967361501687 0.05047584044900113 0.4544413752175021
0 0.10078969262990004 0.49806094947360097 0.13249023777528726 0.49806094947360097 0.13249023777528726 0.47362179321701 0.10078969262990004 0.47362179321701
0 0.1310492952111261 0.4963153028112697 0.1598679623121228 0.4963153028112697 0.1598679623121228 0.4518011756098847 0.1310492952111261 0.4518011756098847
0 0.10190015560847913 0.4498564266380765 0.10117969141033034 0.40185097178404455 0.0525184213395681 0.4029228630967028 0.053238889079682786 0.4509282836227503
0 0.12344091162154712 0.4358067035138674 0.12112221323790767 0.39741634544827403 0.097141318998629 0.3995421058817843 0.09946002446620024 0.43793246394737767
0 0.17283637455025533 0.44307283931427516 0.17283637455025533 0.404668509759034 0.1360925587660312 0.404668509759034 0.1360925587660312 0.44307283931427516
0 0.1858047726205243 0.49806094947360097 0.1858047726205243 0.4509282836227503 0.1641907758367427 0.4509282836227503 0.1641907758367427 0.49806094947360097
0 0.2285861242891133 0.4965230901007979 0.22932203145855096 0.4501629412107178 0.20094336152851527 0.4495017499033324 0.20020744019121403 0.4958619331213969
0 0.19353515568328547 0.8157942506942492 0.19502611080584087 0.7688317829900169 0.16494954993797875 0.7674303773551744 0.16345859481542335 0.8143928450594067
0 0.19239056232137158 0.7714582170758929 0.19167009812322278 0.8133538742837809 0.21822577488012854 0.8140240938510616 0.21894623907827734 0.7721284366431735
0 0.039567212429772736 0.8176422634060391 0.03882955552918444 0.7747469752926393 0.009273227100142088 0.7754929223934899 0.010010884886221854 0.8183882791628585
0 0.0640458910135395 0.8218795038315523 0.0640458910135395 0.8026773905459084 0.03955002326929912 0.8026773905459084 0.03955002326929912 0.8218795038315523
0 0.08998269423800923 0.7695099666496766 0.0885229580028254 0.805763133062957 0.11015576262549327 0.8070415072017365 0.11161551302854066 0.7707883407884561
0 0.03882955552918444 0.757290371357389 0.03882955552918444 0.7162676061366353 0.008569952062466904 0.7162676061366353 0.008569952062466904 0.757290371357389
0 0.0661989599881398 0.7595912388392857 0.06692776197399823 0.7110305974936727 0.04171975719342103 0.7104753080181384 0.0409909552075626 0.7590360180197202
0 0.06692776197399823 0.710157774162507 0.06692776197399823 0.757290371357389 0.09286455811453619 0.757290371357389 0.09286455811453619 0.710157774162507
0 0.0928468270332811 0.7043998040284027 0.09212635575120053 0.7541508712167815 0.11663996874455954 0.7546719013638921 0.11736043294270833 0.7049207655195444
0 0.11662133800396791 0.7036349078801674 0.11734180928604848 0.7533860437245149 0.13897442972648996 0.7529262547015607 0.13825396552834116 0.7031751188572132
0 0.14182598145891365 0.7011184606562851 0.1425767648850975 0.7520534313703952 0.16854389442153406 0.751491688233795 0.16779311099535021 0.7005566488637163
0 0.00784555274021216 0.6566197810478769 0.008569952062466904 0.7110305974936727 0.038113022913175705 0.7104533381081272 0.03738862359092096 0.6560425216623312
0 0.03963657828980059 0.6472403458722933 0.03819564635153711 0.7065925383594629 0.06476636229562006 0.7075393041690101 0.06620729069191765 0.6481871116818405
0 0.06685168763057103 0.6459642373804837 0.06768944757119748 0.7088899730429205 0.09214409391638739 0.7084121275001758 0.09130633397576093 0.645486391837739
0 0.1202465967658281 0.7010857117591747 0.1209670609639769 0.6434791659343363 0.09214409391638739 0.642950103038878 0.0914236297182386 0.7005566488637163
0 0.14186244953973712 0.7009522445558563 0.14258292790574947 0.6450913453933492 0.12168323229946466 0.6446957497012092 0.12096276810131587 0.7005566488637163
0 0.1425767648850975 0.6446957497012092 0.1425767648850975 0.6970653555390537 0.16779311099535021 0.6970653555390537 0.16779311099535021 0.6446957497012092
0 0.16996133250003628 0.699195750250457 0.16924088246975105 0.7506925327571359 0.1930094429377394 0.7511806080392295 0.19372990713588817 0.6996838255325506
0 0.19661921622472 0.6965329285011248 0.1958987520265712 0.7480297110078037 0.22182811003873606 0.7485621380457326 0.22254857423688487 0.6970653555390537
0 0.17070476280502844 0.6407123303922947 0.1699843127747432 0.6948275828924705 0.19517084970004933 0.6953197775326913 0.19589129973033456 0.6412045250325155
0 0.2232736429906932 0.6949852169968012 0.22399412135670554 0.6426156111589567 0.1973322422944957 0.6420772797077123 0.19661177809634692 0.6944468855455568
0 0.043166412948565894 0.6373427641002882 0.04172548101030242 0.5858459815936093 0.011451819480959751 0.5870892725323397 0.012892752304714702 0.6385860550390186
0 0.043904374458220895 0.5812662851957958 0.0431839102600721 0.6345087143648059 0.07269149681098393 0.6350946930583873 0.07341196100913272 0.5818522638893772
0 0.09792932140240541 0.6332446206675337 0.09646689327314371 0.5809794405582115 0.07266999707801981 0.5819566896178994 0.07413242520728151 0.6342218697272216
0 0.1202422897353035 0.6298577530713935 0.1202422897353035 0.5801066172270458 0.09718735747129251 0.5801066172270458 0.09718735747129251 0.6298577530713935
0 0.12098108714890901 0.5778347912199452 0.12026062295076022 0.6328229357072553 0.1476200284400026 0.6333490463960559 0.14834050680601496 0.5783610392206834
0 0.1476200284400026 0.6281120377530933 0.1692340393916478 0.6281120377530933 0.1692340393916478 0.5783610392206834 0.1476200284400026 0.5783610392206834
0 0.06620804158868675 0.7668633477089778 0.06476636229562006 0.8210067491563554 0.08782055074679375 0.8219076527787542 0.08926223003986043 0.7677643199873453
0 0.05374024726775585 0.5171556161680961 0.01051224395978639 0.5189012628304275 0.012172286335582963 0.5792337938958803 0.055400288758060946 0.5774881472335489
0 0.08880457262696219 0.5752607416382522 0.08519274499976424 0.5129080773472652 0.058993131448078065 0.5151354829425618 0.06260496261724191 0.5774881472335489
0 0.06326004920895717 0.5171883993931911 0.06476636229562006 0.5792337938958803 0.11164090184005411 0.5775636001432438 0.110134595837323 0.5155182056405547
0 0.11322622201790274 0.7646228974796119 0.110344351057444 0.8126283180056595 0.1360925587660312 0.8148969171822272 0.13897442972648996 0.7668914966561797
0 0.1649112400348915 0.8140240938510616 0.1649112400348915 0.7634001346755483 0.13897442972648996 0.7634001346755483 0.13897442972648996 0.8140240938510616
0 0.0871689281977208 0.8179886327685602 0.0856598948812529 0.8655208763577404 0.11296952866578168 0.8667933460832045 0.1144785619822496 0.8192610338380554
0 0.11443773728337903 0.8178636789053711 0.11371728016916202 0.8702333533991845 0.13969490809250232 0.8707578163447343 0.14041535812278755 0.8183882791628585
0 0.2268282324490773 0.45103851078063484 0.22759185195965356 0.49544244515211966 0.2852341732496228 0.49398762517356226 0.28447058207477366 0.4495836564740931
0 0.04891608972292646 0.38546632781742124 0.09790782875337309 0.38546632781742124 0.09790782875337309 0.34007934295688624 0.04891608972292646 0.34007934295688624
0 0.311823597857547 0.4438979810751195 0.28522918616164694 0.44481852030459085 0.28632048002081883 0.49109041194679764 0.3129148633809918 0.4901699070453107
0 0.33782324264087166 0.48845985850279455 0.33782324264087166 0.44481852030459085 0.3126069390342096 0.44481852030459085 0.3126069390342096 0.48845985850279455
0 0.3909288156663475 0.4473377480952088 0.3379103466660863 0.44842646012021936 0.33854373517474756 0.49369683281777277 0.39156217583928155 0.492608189448731
0 0.11159669102179086 0.5146446614217168 0.11303824280408542 0.5740224969132276 0.13825396552834116 0.5731240305777208 0.1368124137460466 0.5137461607582255
0 0.14041535812278755 0.5137718380905512 0.14114038437300516 0.5752561416883436 0.1634703116385939 0.574869677240052 0.16274528538837627 0.5133853393142752
0 0.1872457010168219 0.5242457867205076 0.1872457010168219 0.5774881472335489 0.21318249715735985 0.5774881472335489 0.21318249715735985 0.5242457867205076
0 0.16533274814389654 0.5737681952048475 0.19054908008628568 0.5720224798865474 0.18796617938283428 0.5172631314152137 0.16274983327258152 0.519008778077545
0 0.21174156876106226 0.5242457867205076 0.2139740840306189 0.5765356143226237 0.24056023586205896 0.574869677240052 0.23832772059250232 0.5225797809819671
0 0.23839887160333972 0.5251185757236888 0.23912758149808497 0.574557773173861 0.2650561319420265 0.573996819580902 0.26432739371155406 0.5245576564587141
0 0.044821849883211466 0.34035396683202684 0.07557336068751089 0.33746090729137374 0.0725168424728521 0.28977830713055397 0.041765331668552695 0.29267140099919153
0 0.07362039153401012 0.3389466911118532 0.1337601742261853 0.33279714165978275 0.13064155826550894 0.28803544103495854 0.07050177557333377 0.29418505914299775
0 0.13249023777528726 0.3767380945057649 0.13249023777528726 0.34182502394720193 0.10006922843175124 0.34182502394720193 0.10006922843175124 0.3767380945057649
0 0.17323011364666754 0.3568461947017365 0.17173279715337017 0.30968256500896374 0.13753350133019238 0.3112760700444671 0.13903081782348972 0.3584396310812711
0 0.13434577453103239 0.37900171612459577 0.18117610325720318 0.3798745737837458 0.181481973263768 0.3557902659018209 0.13465163036973363 0.3549174082426708
0 0.18304951985677084 0.33885582493716604 0.18088812726232445 0.3746417531548791 0.2045368984438472 0.3767380945057649 0.20669830520615715 0.34095216628805186
0 0.23238910473156774 0.4440095813523798 0.23312455852937122 0.3994608858707115 0.20454785020238508 0.3987685247534976 0.20381241057244517 0.4433171859071815
0 0.23049330290756295 0.3938742123787261 0.23121378127357534 0.4462437838885862 0.2585719258229602 0.44569137796374086 0.2578514332890843 0.39332180645388076
0 0.2600128542192578 0.4465641669669221 0.2866701145579445 0.4465641669669221 0.2866701145579445 0.39244894879473075 0.2600128542192578 0.39244894879473075
0 0.2873178976159906 0.39493570231211333 0.2851565050215442 0.44294115716614524 0.30035899099422586 0.4439456969734252 0.3025203835886722 0.39594024211939327
0 0.34286652036364035 0.44307283931427516 0.34286652036364035 0.3889576554700682 0.3154887958268048 0.3889576554700682 0.3154887958268048 0.44307283931427516
0 0.392578748385997 0.45005549461956906 0.392578748385997 0.39070326780441506 0.34574837715623546 0.39070326780441506 0.34574837715623546 0.45005549461956906
0 0.173150674435643 0.6307179437043026 0.2012488773384909 0.6315907670354682 0.2023755058494008 0.5783610392206834 0.17427730294655291 0.5774881472335489
0 0.1649163829693666 0.8649772583968997 0.1641907758367427 0.8183882791628585 0.140410229356176 0.8189317598117618 0.1411358364887999 0.8655208763577404
0 0.19440120884745676 0.8727657974637936 0.19517084970004933 0.8140240938510616 0.1649417151094258 0.8134427837633577 0.16417208842469677 0.8721844873760897
0 0.18940710777913186 0.8175153871757241 0.18940710777913186 0.8663936996889061 0.21246204712707462 0.8663936996889061 0.21246204712707462 0.8175153871757241
0 0.27603121078335363 0.8658268760106158 0.27919616982576023 0.8140646008726449 0.2466070516970607 0.8111400625703037 0.24344209265465414 0.8629024063642435
0 0.24202099926735143 0.8082166227634632 0.2412807283959349 0.7642730266626828 0.21820596820686078 0.7648434891073186 0.21894623907827734 0.8087871538640677
0 0.27658358744813427 0.8061686838705708 0.27658358744813427 0.7555447933510264 0.24344209265465414 0.7555447933510264 0.24344209265465414 0.8061686838705708
0 0.24777686385612524 0.7484995238022005 0.24704447031685237 0.698811002201385 0.22398400550211814 0.6993099251265467 0.2247164132092546 0.7489984467273622
0 0.28141678408991994 0.7524856206938977 0.28219346637070564 0.6960294056260545 0.24704447031685237 0.6953197775326913 0.2462677880360666 0.7517759239445655
0 0.2469420083275302 0.6953374907726378 0.24547713624180303 0.6394359472766099 0.2232450947456041 0.6402909887118602 0.2247099809991948 0.6961925322078881
0 0.24560351358482765 0.6979381788702194 0.27874498004258064 0.6979381788702194 0.27874498004258064 0.6394588097142154 0.24560351358482765 0.6394588097142154
0 0.22391910251911415 0.5792591966043307 0.2015846557050473 0.5783863732731651 0.20021409908709087 0.6298577530713935 0.22254857423688487 0.6307305077465902
0 0.22394886920047005 0.5788482906311516 0.2246693475664824 0.6320906511441929 0.2492058345755716 0.6316033997337247 0.24848537037742283 0.5783610392206834
0 0.27586312324998546 0.6272392830778966 0.27586312324998546 0.5757425005712177 0.2492058345755716 0.5757425005712177 0.2492058345755716 0.6272392830778966
0 0.2701361894386171 0.5788808335603557 0.27346232209697074 0.625892527594207 0.306484693493573 0.6224635052332326 0.3031585324994922 0.5754518455273657
0 0.26431447261998026 0.5146718835133401 0.26577656780444814 0.5731240305777208 0.29029360233685875 0.572223916498963 0.2888315071523909 0.5137718380905512
0 0.11015576262549327 0.9336013021565663 0.14072406170206592 0.9326004354436164 0.13957551550621664 0.8811177274105385 0.10900722351357577 0.8821185941234885
0 0.1668224848301851 0.9325168811296048 0.16533648845987842 0.8794094295952264 0.13892936175248086 0.8804939192781567 0.14041535812278755 0.9336013021565663
0 0.18435187237951195 0.8747202955831693 0.1548127269125029 0.8817028822324944 0.16274983327258152 0.9309829008190382 0.19228897873959058 0.9240002455137444
0 0.08710083036148226 0.9379654874683633 0.08710083036148226 0.8838502349681876 0.061164027137012536 0.8838502349681876 0.061164027137012536 0.9379654874683633
0 0.03234535649404995 0.9379654874683633 0.05684122423829032 0.9379654874683633 0.05684122423829032 0.8821045883058563 0.03234535649404995 0.8821045883058563
0 0.11015576262549327 0.9353470174748664 0.11015576262549327 0.8821045883058563 0.08710083036148226 0.8821045883058563 0.08710083036148226 0.9353470174748664
0 0.24316737778007486 0.8777275643278966 0.21290779645064414 0.8786003876590621 0.2139029755233722 0.9292371855007382 0.24416258518853007 0.9283643621695725
0 0.19083915292497244 0.9272982036303079 0.21677597740123752 0.9255525569679767 0.214623439721521 0.8786132949811938 0.18868662941311948 0.8803588729875562
0 0.4207833661121025 0.3467693865232178 0.4782569764827066 0.3467693865232178 0.4782569764827066 0.30731365946200084 0.4207833661121025 0.30731365946200084
0 0.08073124934261112 0.23188359504073222 0.03365273506639174 0.23309714078098637 0.034365768220099235 0.27369492555495994 0.08144427541238684 0.2724813626507136
0 0.01367871542162882 0.27482071180311446 0.01367871542162882 0.2353650019058897 0.00026821010956193077 0.2353650019058897 0.00026821010956193077 0.27482071180311446
0 0.0315397398938929 0.28221193877864875 0.03367658312274221 0.23561494396025204 0.017601657821386084 0.2345330288761512 0.015464816363519724 0.2811300923505167
0 0.0005751998200943432 0.23252334852186446 0.02436012898536335 0.23127051440347302 0.02358840014387749 0.20976695006019755 -0.0001965284679593482 0.211019784178589
0 -3.355607639448224e-05 0.17724770716526644 0.0006994411363132374 0.2092159687467045 0.02054222978257203 0.20854822079430013 0.019809234109097535 0.17657997637685427
0 0.02054222978257203 0.20588419756551427 0.04619711023187239 0.20588419756551427 0.04619711023187239 0.17480396661232775 0.02054222978257203 0.17480396661232775
0 0.06537839274995284 0.21981092352164475 0.06244641005605487 0.18429069390313027 0.04546411455839789 0.18634807299173053 0.048396100794261765 0.221868302610245
0 0.08365919419539229 0.21890845797595612 0.08136445366904596 0.18462166716465128 0.06378902764705563 0.18634807299173053 0.06608376817340196 0.22063486380303537
0 0.09860605648965225 0.21830323844712282 0.09775077798572424 0.18307465938400766 0.08064794938876436 0.18368404976294467 0.08150322080876059 0.21891262882605983
0 0.013945259866386846 0.10021147926424968 0.013945259866386846 0.04870715747399861 0.0007513215282833344 0.04870715747399861 0.0007513215282833344 0.10021147926424968
0 0.018068867916294903 0.06455599738722845 0.023932842159005593 0.10540427346331464 0.052794081919040524 0.09932346579999034 0.04693010590534688 0.05847518972390414
0 0.055977076651768876 0.10955323947696236 0.05792505871729377 0.15793184810333766 0.09578987482862553 0.1556941612767154 0.09384189276310062 0.107315544068344
0 0.08700994351669496 0.04046127096204039 0.05398190851663148 0.04436497210919924 0.05893364413092285 0.1058534808850798 0.09196168267295221 0.10194984839388972
0 0.12389475079521385 0.046931139127476006 0.09017690731179637 0.046931139127476006 0.09017690731179637 0.10553952572182139 0.12389475079521385 0.10553952572182139
0 0.12160224879131122 0.10361348550150713 0.09457488843657512 0.10553952572182139 0.09673091849466109 0.14994290226355983 0.12375827176546542 0.14801684487925337
0 0.08434510297429927 0.21509046522382944 0.08357993916659413 0.27070864837268876 0.111401649127985 0.2712704258372733 0.11216680585175835 0.21565224268841396
0 0.15749468931802024 0.26646363265871065 0.1549296967941185 0.19343923905568933 0.11261728015782774 0.19562052500395458 0.11518225142993413 0.26864491860697587
0 0.11564121937021239 0.20693202496111326 0.11090605017645223 0.16677641895410047 0.09530788411004962 0.16947597164673264 0.1000430391359462 0.20963157765374543
0 0.1165647869765371 0.1907881231490351 0.13855469260043088 0.1907881231490351 0.13855469260043088 0.16148388479638287 0.1165647869765371 0.16148388479638287
0 0.14728559602048513 0.2371826000235078 0.1502826233760228 0.2680446251439029 0.1664435794869284 0.26574130321112205 0.16344655213139073 0.23487920943475815
0 0.1392876811899736 0.1739159531480684 0.1429767095057524 0.2230765618409027 0.17007352781162952 0.22009227568172632 0.16638451366371432 0.170931666988892
0 0.22871326669677056 0.2831407167243743 0.22947916723338121 0.3369562172648341 0.2551011392775795 0.3364210439881538 0.2543352529088324 0.28260554344769406
0 0.20954087451307887 0.33615352600578247 0.20734189457658717 0.3139533782032129 0.1810684841655423 0.3177729157146372 0.1832674782698976 0.33997309784519125
0 0.18619947513165913 0.3257650197289792 0.22944625528631327 0.3257650197289792 0.22944625528631327 0.28402871302464144 0.18619947513165913 0.28402871302464144
0 0.13708868708561833 0.3346450857156039 0.1686075506325441 0.3346450857156039 0.1686075506325441 0.2893567594822132 0.13708868708561833 0.2893567594822132
0 0.16638097169782237 0.28825448790336755 0.16711397445522863 0.31755864043605875 0.18546647237425284 0.3168849194143701 0.18473346961684656 0.28758074971768666
0 0.2067390378139145 0.20858133013524677 0.2045011529240657 0.16158798440905336 0.16787454787513784 0.16414792518916094 0.17011244693285021 0.21114120225938554
0 0.18871635359088468 0.27047691731404666 0.21876923995872505 0.27314094054283256 0.22138329579416202 0.22986037229660258 0.1913304377620488 0.22719634906781672
0 0.1904416026732605 0.2146176315668061 0.16597850519745241 0.2156395756621731 0.16737137620052808 0.26457487262944673 0.19183448784419974 0.2635529113700875
0 0.21407063802083334 0.16363132335203706 0.21333763526342706 0.22312772770163983 0.24190720298717502 0.2236443123747715 0.24264021991244486 0.16414792518916094
0 0.21698533592117863 0.21920427938145914 0.21698533592117863 0.18102002653415883 0.1898644464150998 0.18102002653415883 0.1898644464150998 0.21920427938145914
0 0.24630519119588556 0.26715661167964355 0.24405796968394555 0.22178303189701384 0.21845129893240048 0.2236443123747715 0.2206985062764769 0.2690179093213934
0 0.26976108108279656 0.22009227568172632 0.26902149026883126 0.16185287630061868 0.2411742143976323 0.16237189826064222 0.2419138052115976 0.22061129764174986
0 0.27061248467603877 0.267682619384491 0.2697803210415216 0.22029958237947309 0.24337318016626044 0.22098028914598566 0.24420534380077763 0.2683632574950348
0 0.26976108108279656 0.2662686153793764 0.2946829481487929 0.2662686153793764 0.2946829481487929 0.2183162659171998 0.26976108108279656 0.2183162659171998
0 0.26902806415752667 0.21565224268841396 0.29394995955925024 0.21565224268841396 0.29394995955925024 0.16681194841794678 0.26902806415752667 0.16681194841794678
0 0.3225368262444145 0.27159666183694814 0.32405814309859565 0.2292069047857055 0.2961931857336641 0.22773917748501651 0.2946718972152101 0.27012891737226696
0 0.32283075274199163 0.2207590796145599 0.32043278516169044 0.1694359452169309 0.29394995955925024 0.17125198141125914 0.29634792713955144 0.22257511580888814
0 0.3472147510355008 0.26380946156144547 0.34501575693114556 0.21763313902778755 0.3225368262444145 0.21920427938145914 0.32473582034876974 0.26538060191511703
0 0.3196048435505165 0.16769994471821392 0.32211989435534183 0.22457527014750597 0.3476621721669713 0.22291755461719628 0.34514714969787313 0.16604222918790423
0 0.3454308469979544 0.27559789736976237 0.39902716648169106 0.27415497203779704 0.39798013302830487 0.21707453690175935 0.34438381354456826 0.2185174622337247
0 0.3899725132112494 0.21742825245294045 0.3899725132112494 0.16592393495368743 0.3481917102356807 0.16592393495368743 0.3481917102356807 0.21742825245294045
0 0.1356227099065329 0.10287550249303554 0.1348726207056639 0.1519456655289915 0.16420956242383355 0.15260380164576595 0.16495965162470258 0.10353363860981
0 0.1898064998531076 0.1511965259255923 0.1890735112635649 0.0996921483523666 0.16420956242383355 0.10021147926424968 0.16494256518123984 0.1517158568374754
0 0.23531022067410923 0.14993984707294888 0.23531022067410923 0.07001930468530301 0.2001264000116063 0.07001930468530301 0.2001264000116063 0.14993984707294888
0 0.16509673987258444 0.04008928863216439 0.16345322519513114 0.09882583017424336 0.19719441731770834 0.10021147926424968 0.19883791782729804 0.041474937722170716
0 0.15805324317131644 0.10347099862028965 0.1602800771275824 0.034677964629955316 0.1290535674453778 0.03319446147493892 0.1268267476569754 0.10198749761077229
0 0.4486122804321176 0.9562492585155371 0.4486122804321176 0.9988735615201421 0.4771991471172818 0.9988735615201421 0.4771991471172818 0.9562492585155371
0 0.4771991471172818 0.95536126221527 0.47571061469939646 0.997738815668061 0.4977230543102948 0.9988735615201421 0.4992115867281801 0.9564960080673509
0 0.5219119044510213 0.9979855652198748 0.5636927074265901 0.9979855652198748 0.5636927074265901 0.9580252511160714 0.5219119044510213 0.9580252511160714
0 0.4192923968216835 0.2369643770267242 0.4192923968216835 0.3053408645269439 0.4757331132667421 0.3053408645269439 0.4757331132667421 0.2369643770267242
0 0.5278215470309598 0.508690781480684 0.5747332701333275 0.5051387619516311 0.5724886838440112 0.4616298954451983 0.5255769040701892 0.46518194930223566
0 0.5746803389950383 0.42504453712695095 0.5277758698388173 0.4278856927552025 0.529249214306958 0.4635830547731826 0.576153683463179 0.4607418991449311
0 0.5783526492318071 0.3852613897505976 0.5297462229609158 0.38434129678492335 0.529241903689357 0.4234456425978979 0.5778482732887941 0.4243657698915565
0 0.4899569682313428 0.4134006907888955 0.528072828259198 0.4107366675601097 0.5263098926597319 0.3737173691911558 0.4881940326318767 0.3763813924199417
0 0.4860413674413881 0.37624202080330776 0.5275410800037721 0.3751247478952826 0.5270428812492746 0.34796516753154877 0.4855431686868907 0.3490824061115896
0 0.5273086703698062 0.3792411194877496 0.575898038532962 0.38310112969277277 0.577831328523967 0.3473851275792674 0.529241903689357 0.34352511737424424
0 0.5782655452065923 0.30027889427639903 0.527333492466777 0.29911469501370924 0.526687607902449 0.3405849255110201 0.5776196606422644 0.34174909044572555
0 0.5834670779654132 0.24360234504073222 0.5299748922788997 0.2405164137197694 0.5276747112929434 0.2990344361861994 0.5811668969794568 0.3021203160151856
0 0.448442634433757 0.2236037366972195 0.5580938511018744 0.2217458203619323 0.5575304801749652 0.17294603311304838 0.4478792635068477 0.17480396661232775
0 0.6245314404160863 0.9979855652198748 0.6245314404160863 0.9544732659150028 0.5952115568056523 0.9544732659150028 0.5952115568056523 0.9979855652198748
0 0.6123048008429085 0.5650971523151891 0.6709926821284529 0.5586336391178641 0.6685112658317375 0.5255663499521056 0.6098234412176474 0.5320298631494306
0 0.6640791047361014 0.5040617900972828 0.6132474171418001 0.504954249035521 0.6135364982300371 0.5291183694811586 0.6643681291528841 0.528225876214936
0 0.601960900323526 0.5072244272993708 0.6547680414708101 0.5062972627689117 0.6544669460342677 0.4811294950435883 0.6016598048869836 0.48205669390203176
0 0.6547554037365076 0.5110567348209891 0.6745462656685237 0.5066167533196534 0.6699771863393686 0.4767260385176462 0.6501863244073526 0.4811660543469664
0 0.6054855247504642 0.4564982050583521 0.6069515019295497 0.480474345461456 0.6487203472282672 0.4767260385176462 0.6472543133777274 0.4527498637865579
0 0.6135364982300371 0.45807794457211404 0.6603165168726788 0.4535801204170768 0.6589822441533194 0.4332137392127742 0.6122022821821321 0.4377115633678114
0 0.5979020907686281 0.3787130177758542 0.6060512192069986 0.44387147987116843 0.6671314292631442 0.4326597542006468 0.6589822441533194 0.36750129210533256
0 0.5988200549849118 0.2979426003146091 0.5954863566874129 0.36794752157445165 0.6505176257290216 0.3717936632737802 0.6538512673550662 0.3017888449978909
0 0.649756244740889 0.2559764505907709 0.5963461193201601 0.2654918589125334 0.6010755788649025 0.3044528682266767 0.6544856476141772 0.29493739124894547
0 0.6516887413315343 0.2922137059832853 0.6838120484418524 0.28331841553558246 0.675928199080925 0.24153257354976623 0.643804891970607 0.25042781250549245
0 0.7462088497236247 0.5948308509165846 0.7405196591008009 0.5308306493426603 0.6941456914280119 0.5368808536078986 0.69983493872229 0.6008810895098073
0 0.2813754422640291 0.886329196033113 0.32315624523959785 0.8925451701349831 0.3284007916322104 0.8408085036733689 0.28661998865664173 0.8345924609155301
0 0.684418149645282 0.4766328723680048 0.6883550022305884 0.5357732268634877 0.7237578297281221 0.532314442140045 0.7198209771428157 0.47317401898859324
0 0.7525732807240889 0.5294042186071956 0.7510695036850047 0.4738398102458872 0.7212649657976439 0.4750237137716184 0.7227686861652739 0.5305880534769579
0 0.7000301152107997 0.4403177439428958 0.6785619482467212 0.4423184132012795 0.6807609140153493 0.47695064651952684 0.7022290809794278 0.47495004591711193
0 0.7257446175719592 0.47096130577061657 0.7230809458783078 0.43761534202755903 0.7005454854159413 0.4402573610183493 0.7032091571095926 0.47360335908939116
0 0.7224080857017467 0.36993923122890887 0.6692441977498259 0.37993334329302586 0.6772773763927576 0.4426505707782621 0.7304412643446785 0.4326564587141451
0 0.7105481104377032 0.3757532246335419 0.7083490879976208 0.34556104147259914 0.6692441977498259 0.3497411944600675 0.6714432201899083 0.37993334329302586
0 0.6640508823518744 0.30636981153112697 0.6724767941729051 0.35276909432341463 0.6996601072858635 0.3455241045613927 0.6912341387933786 0.29912482176910504
0 0.7324851770144208 0.5289161089971175 0.737877409216864 0.5942417827044081 0.7655280351417421 0.5908919893314117 0.7601358029392989 0.5255663499521056
0 0.793413337558757 0.5205900280226202 0.7573373098559366 0.5286174212049177 0.7665736234730444 0.5895381622829373 0.8026496511758646 0.5815107691006398
0 0.79541559670961 0.5824573289422806 0.8442231499717097 0.5732820766178641 0.8375744549566214 0.5213740448581623 0.7887669016945218 0.5305492628545944
0 0.755153702051416 0.5245386044273763 0.7859395628409355 0.5218746155265748 0.7828587325723944 0.4696219994595402 0.7520728717828749 0.4722860226883261
0 0.732513852770282 0.4310528955792147 0.7310478189197424 0.4727892022835524 0.7557378147305884 0.4740620152888604 0.7572037919096739 0.432325742912507
0 0.7246654230682742 0.3755395672586825 0.727069596172818 0.4347616910129886 0.7588360431355907 0.43286901759350394 0.7564319267025011 0.37364685951121346
0 0.7670140173441853 0.3744433030771056 0.764712192886055 0.29217906904703317 0.730710397081012 0.29357535981220123 0.7330122215391423 0.3758396624982424
0 0.7003806281554665 0.2853165788511055 0.7075382895013638 0.3796174571806454 0.7358938516459204 0.3764586647128093 0.7287361336285689 0.28215776921927727
0 0.5996937587954096 0.2708547482742636 0.6209505979065112 0.26907873850973707 0.6186674183568361 0.2289723588323432 0.5974105792457347 0.23074838576086193
0 0.5960504076717734 0.18744251779013463 0.6129875218525128 0.23942359950062395 0.631128394393425 0.23074838576086193 0.6141912802126857 0.1787673040503726
0 0.6500991070392294 0.22640912256573398 0.634345689523851 0.16438314053821887 0.6135364982300371 0.17213999487551848 0.6292899724168698 0.23416597690303362
0 0.6927001159724641 0.20854822079430013 0.7418108615149142 0.20854822079430013 0.7418108615149142 0.17213999487551848 0.6927001159724641 0.17213999487551848
0 0.6662671329140553 0.19798773131569003 0.6591796308285457 0.16650454131771125 0.6421233365794742 0.17213999487551848 0.649210895336438 0.20362320203748946
0 0.7200243143207404 0.2600153439224638 0.8112023937115541 0.25639374156904704 0.8089456797310237 0.17301079285560497 0.71776760034021 0.17663239520902171
0 0.8458330159731894 0.23861642843960912 0.8450589972507544 0.17204169669221034 0.8099647458217271 0.17264056554393103 0.810738764544162 0.23921522863536102
0 0.8803471783962976 0.2538365470276909 0.8891337473523097 0.1750664212170012 0.8480828160362988 0.16834580858056805 0.8392963037517409 0.24711598588323433
0 0.9236875231219533 0.269525568718583 0.9287250486921135 0.1739159531480684 0.8863837650338033 0.1706417843246889 0.8813462394636432 0.2662513998952035
0 0.6911626194180884 0.6064832105947694 0.6939694998766829 0.6370869519605947 0.7277588343996634 0.6325385626845472 0.7249519539410689 0.6019348899746907
0 0.7289768172948584 0.6366932099796119 0.7805171247533659 0.6269370595033043 0.7762617219236014 0.5939428546163175 0.7247213577936398 0.6036990737485939
0 0.809246548481749 0.6285750536065804 0.809246548481749 0.5930547896600815 0.7865237321915622 0.5930547896600815 0.7865237321915622 0.6285750536065804
0 0.7989846515566968 0.43054971598398833 0.7601358029392989 0.43054971598398833 0.7601358029392989 0.46695794190276996 0.7989846515566968 0.46695794190276996
0 0.7594872548166203 0.42788177936498173 0.7976030581730211 0.42610575243646304 0.7960526405270717 0.37726932006424 0.7579367804992165 0.3790453469927587
0 0.7945866633479863 0.3763813924199417 0.7929561689371518 0.30527241452606513 0.7645337911480096 0.30622886082721107 0.766164285558844 0.3773378387210876
0 0.8157726631412489 0.522159091533236 0.8135656500261143 0.4713563522150063 0.7850576983410226 0.47317401898859324 0.7872647114561572 0.523976758306823
0 0.7037954799754816 0.9591809370386319 0.6781486433307219 0.9580301256898551 0.6769346274373259 0.9977386097001547 0.7025814640820857 0.9988894210489314
0 0.7440098839549966 0.9988735615201421 0.7400218570464833 0.9590145149702967 0.7024579203117746 0.9645306787823397 0.7064459472202879 1.0043896566762163
0 0.8149238380991759 0.47862770586904174 0.8164838898923514 0.5220964429617196 0.8517603967183147 0.5202383378225183 0.8502003449251393 0.476769566401856
0 0.8477638690916609 0.6072872406452123 0.808915020474263 0.6081752369454795 0.809246548481749 0.6294630499068475 0.8480953970991469 0.6285750536065804
0 0.8846399277144267 0.5901656091816648 0.8455040381811455 0.5889803325365579 0.8446543063958043 0.6301580542788596 0.8837901959290855 0.6313433309239666
0 0.9043676576463846 0.6295824426365649 0.8994051650816794 0.5895028044590129 0.8810534180594243 0.5928376994867829 0.8860159106241295 0.6329174063203037
0 0.9048948155140146 0.5148199401100253 0.8435918866425836 0.5026671470753655 0.8333162752255977 0.5787423544713161 0.8946191474255745 0.590895078850007
0 0.8110297724618443 0.48809042073476167 0.842735184268367 0.4907702005083837 0.8446170165788939 0.45809370111695025 0.8129115481009169 0.4554139213433282
0 0.8235532571124942 0.37538691071208874 0.7914092082499129 0.3772412741009913 0.7927226258741005 0.4106559967967871 0.8248666747366817 0.40880156475191576
0 0.8267539475068187 0.4606783923738048 0.8207784526970172 0.40909953165644336 0.7938536180869893 0.41367761463899044 0.7998291128967908 0.46525640670038315
0 0.8957402221339659 0.5868387469022427 0.9213950494537778 0.5868387469022427 0.9213950494537778 0.5406624930245536 0.8957402221339659 0.5406624930245536
0 0.8904650164845926 0.4779628757953107 0.8921562626944057 0.5363591369011003 0.9162640726555246 0.5353344465669818 0.9145727697742572 0.4769381168052236
0 0.8596865229841284 0.42100917957765044 0.9304255323489729 0.43667448063132736 0.93898700228862 0.37993334329302586 0.8682479362523212 0.3642680765673334
0 0.8508282079670091 0.3713433487745184 0.8440572159536037 0.43149720268120784 0.8691129126588614 0.4356364367112802 0.8758838480008124 0.37548258280459085
0 0.8374784535130861 0.3417830064943054 0.8111265673057393 0.33941822030546964 0.809246548481749 0.3701653153341184 0.8355984346890959 0.3725301015229542
0 0.8408405442091748 0.3471978340964215 0.8348910049254294 0.2907376369823889 0.7934425800291609 0.29714790747592096 0.7993921193129062 0.3536080359339848
0 0.841728925926329 0.3729964471909273 0.9728997105675488 0.39260218891705917 0.9778002045612814 0.34448276515484394 0.8466294199200615 0.32487698910072765
0 0.9359209065981894 0.22936441874209082 0.9853554161588904 0.22508680860693195 0.9822338391147284 0.17213999487551848 0.9327992728825731 0.17641760501067738
0 0.933941372700499 0.6363113454812289 0.9331444020390842 0.5889948876019404 0.9125991297078111 0.5895028044590129 0.9133962137121344 0.6368192623383014
0 0.9426519452363336 0.5832867617011741 0.9842590502045613 0.5775804208555961 0.981719148967038 0.5504005526530863 0.9401121006702646 0.5561068934986643
0 0.9412133970411154 0.5751550457743075 0.9397199342067084 0.5344464159387303 0.9206346318803679 0.5354740584795065 0.9221280947147749 0.576182722643068
0 0.9367974439814009 0.4992526454517892 0.9360549912589949 0.5433264475973706 0.9587684567592271 0.5438880534220332 0.9595108528101788 0.499814182620483
0 0.9851657934728992 0.5522065479119798 0.9851657934728992 0.5051421947500703 0.9624429205112581 0.5051421947500703 0.9624429205112581 0.5522065479119798
0 0.9262214171853238 0.5887385948704654 0.9367650279095578 0.6382357036303079 0.9523939382399025 0.6333495269878374 0.9418503841871227 0.5838524868839637
0 0.9471306335959262 0.6338419962519334 0.9911005415070798 0.625576160890045 0.984432691540448 0.5735186994142822 0.9404627836292944 0.5817845004481862
0 0.5838705220483693 0.19198963693075963 0.6117243718082637 0.18932568235794256 0.610604487200412 0.17213999487551848 0.5827506374405177 0.17480396661232775
0 0.8945838411095636 0.48260937445075225 0.9394575453734332 0.485871150871766 0.9420799602483751 0.43292353043271936 0.897206142641597 0.4296617196837212
0 0.8785137435077182 0.43611133004736713 0.8492099545902971 0.4323744199943757 0.8472941194072076 0.4544237306335243 0.8765979083246286 0.45816064068651574
0 0.9966003928011838 0.42362349588503584 1.0025575827312558 0.34183230147989313 0.9427451697786096 0.3354384740908851 0.9367879798485376 0.41722966849602783
0 0.9839024734142874 0.4703286753462458 0.9171109708681523 0.4676012140023024 0.9162640726555246 0.4980381556919643 0.9830556885445683 0.5007656856918764
0 0.9402658503257022 0.5314245234726519 0.9419190133182451 0.4953741324631784 0.9208492466776926 0.4939560434279211 0.9191960836851497 0.5300064001094101
0 0.6158762925625291 0.18097651581394122 0.5968762241034122 0.13316970842359305 0.5699348414287372 0.1488846563246977 0.588934909887854 0.19669154095301075
0 0.6381597917392061 0.1769090787632259 0.6327054476228818 0.15047786957233372 0.6098963207078401 0.1573860331514957 0.6153506648241643 0.18381724234238786
0 0.6328839060323816 0.15154713479418588 0.6263932110318013 0.12795720996148674 0.603380803610289 0.13725023301835806 0.6098714986108693 0.1608400806130923
0 0.5819430125456999 0.11031484013869604 0.5871221034086292 0.1448234669671418 0.6051476495400998 0.14085300647233548 0.5999685586771704 0.10634438822588582
0 0.5673027357351149 0.14705379044111186 0.5873350747337802 0.1409866367335797 0.5812857370190634 0.11167200558365263 0.5612533413489438 0.1177391592911848
0 0.576702999869429 0.10269038025520247 0.5476874419684308 0.04293270132538975 0.5093388322778841 0.07026114104435066 0.538354333507428 0.13001882855615948
0 0.5228249382507835 0.17877130326055435 0.4973877859868268 0.12741058830201157 0.453628950907106 0.15921815200651188 0.47906613150678967 0.21057885838305856
0 0.4946284528783658 0.07138369617097423 0.42158880915593083 0.125836392757729 0.47895256191243035 0.23876520592396652 0.5519922056348654 0.18431250933721174
0 0.46074753728528317 0.02905472110709672 0.48529092404392987 0.08521835447296383 0.5103879342393512 0.06912188535332009 0.48584449080925024 0.012958307770427622
0 0.5116034802620125 0.1178315959711579 0.5291107659441736 0.1036917704699144 0.5093987906765031 0.06787099076604682 0.49189144832288767 0.08201075619331763
0 0.5961920296359969 0.06103126002377144 0.5832394854050603 -0.008709740719189124 0.550003037589949 0.00034991795086082914 0.5629556384923399 0.07009085707777128
0 0.5327419327051416 0.12356603427196113 0.6473826175501973 0.12356603427196113 0.6473826175501973 0.0 0.5327419327051416 0.0
0 0.7370324378336816 0.0923290960700225 0.6868523019491354 0.10752709027216324 0.6978106343757254 0.16062985603667218 0.7479907135888173 0.14543186183453144
0 0.7047353760445683 0.21056502420534837 0.757095322746199 0.19787846534136846 0.7483416232336642 0.14485424200514974 0.6959817332034877 0.15754080086912964
0 0.7895477776629236 0.15298657583573538 0.7758394629178273 0.09604736602748876 0.7424668902695566 0.1078394234381591 0.756175205014653 0.1647786847383823
0 0.8412601963280525 0.1756475939927675 0.8412601963280525 0.11846000405344839 0.7915264048173456 0.11846000405344839 0.7915264048173456 0.1756475939927675
0 0.8699203675393163 0.1776900060801726 0.89605168844664 0.1776900060801726 0.89605168844664 0.12969327911617248 0.8699203675393163 0.12969327911617248
0 0.9238689284470752 0.1664567224354524 0.9238689284470752 0.12254482822825857 0.89605168844664 0.12254482822825857 0.89605168844664 0.1664567224354524
0 0.8547473223871286 0.16237189826064222 0.871606286632428 0.16237189826064222 0.871606286632428 0.13071448515987505 0.8547473223871286 0.13071448515987505
0 0.8549418754896414 0.11319683748637865 0.849002367053302 0.05563221471247979 0.8125870473537604 0.06114675652726027 0.8185266124615541 0.11871137930115913
0 0.821674088360318 0.11035042967651504 0.8110628685911386 0.058929636454287206 0.7749650223784239 0.0698625459445743 0.785576185476149 0.1212833434578002
0 0.7344127998599989 0.07593543242550004 0.7689258855254758 0.06398923378291092 0.7562339733127321 0.010173549802284541 0.7217208876472551 0.02211975166312219
0 0.7239737479688951 0.001121557469577167 0.6691188971644324 0.01134540635099293 0.6816315575673166 0.1098771669196868 0.7364864083717793 0.09965325474604982
0 0.6472140199737407 0.0882323000106554 0.6397960666383763 0.06127241411412929 0.6200711136076775 0.06923781524761187 0.6274891236144963 0.09619770543513603
0 0.651795680365744 0.10818784389774765 0.6474322050726845 0.08704286967943704 0.6361267599886838 0.09046694022866282 0.6404902919531975 0.11161192302896952
0 0.6260595861805072 0.11875606575484217 0.6343643344323062 0.14290252445250984 0.6581263918509169 0.13090782894997013 0.6498216435991179 0.10676143890827124
0 0.7741751923202472 0.02173947912501538 0.7812693816373607 0.0690090664326139 0.8112378133704735 0.06240799671082985 0.80414362405336 0.015138345038260599
0 0.8118617660819986 0.029652710304217345 0.8172843741839311 0.06687877041416576 0.8388275174820102 0.062273053404182634 0.833404966051532 0.025046995439733242
0 0.8463178969359332 0.02553017254755387 0.8463178969359332 0.0 0.8066993932980792 0.0 0.8066993932980792 0.02553017254755387
0 0.8984763199461757 0.11976542864392928 0.8965036432944522 0.06718910826606879 0.8609051859367746 0.0691493691958244 0.8628778625884982 0.12172575393865562
0 0.8952087572358113 0.07148448313315084 0.8952087572358113 0.0336998273336713 0.8598050229950093 0.0336998273336713 0.8598050229950093 0.07148448313315084
0 0.8937952578233809 0.03123319859713886 0.8901381355363568 -0.0042104839071782285 0.8614001544183786 0.00014142569728589567 0.8650571633624942 0.03558510950901645
0 0.9213400781431349 0.12152362218455603 0.9213400781431349 0.09395103325859902 0.8985805387505803 0.09395103325859902 0.8985805387505803 0.12152362218455603
0 0.8976727753960655 0.08004693802617935 0.932428018185643 0.07478377145910961 0.9285116239953285 0.03682627640371248 0.8937563245342967 0.042089442970782216
0 0.931455422687442 0.041869482119788734 0.931455422687442 0.0 0.8918369757210423 0.0 0.8918369757210423 0.041869482119788734
0 0.9997340975365598 0.17156276981795732 0.9997340975365598 0.11743879800974585 0.9440996175356894 0.11743879800974585 0.9440996175356894 0.17156276981795732
0 0.9997340975365598 0.12356603427196113 0.9997340975365598 0.03982707003238365 0.9407278360209204 0.03982707003238365 0.9407278360209204 0.12356603427196113
0 0.9921177941112466 0.004553358788163107 0.9445459052380745 0.0001201713195801854 0.9403906408680072 0.06556149837807139 0.9879625297411792 0.06999474730346816
0 0.9303350847079561 0.22352751140787577 0.9259364731132486 0.2621617869665706 0.9472156974487871 0.26571754824592236 0.951614365714949 0.22708328985121978
0 0.7535938202726032 0.021445346227244665 0.7535938202726032 0.0 0.7198759484534587 0.0 0.7198759484534587 0.021445346227244665
0 0.2743262217458798 0.14028412311498173 0.26814464119262127 0.061310809964672384 0.2358844300166478 0.06501685915969488 0.24206602473776984 0.14399017231000422
0 0.23987711815227483 0.03730153876563159 0.23931513567599524 0.0938082974994947 0.27241205837069116 0.09429142096983971 0.27297404084697074 0.03778465794497856
0 0.1982328225421817 0.06705927553809803 0.22295924393026056 0.06705927553809803 0.22295924393026056 0.036423068481033376 0.1982328225421817 0.036423068481033376
0 0.2988243846840181 0.15284064757408253 0.2988243846840181 0.11403479216739754 0.2673543860985376 0.11403479216739754 0.2673543860985376 0.15284064757408253
0 0.31634787840210077 0.10322598263168764 0.294431298556102 0.1039068095461456 0.2954526031692491 0.15215983782361678 0.31736921135097496 0.15147901090915883
0 0.2721987470168146 0.10344295265704091 0.30985032615555363 0.10412371091553009 0.31062564832143685 0.04118865949632883 0.27297404084697074 0.04050789694684161
0 0.3225465737345491 0.10240067781291742 0.3202987288366121 0.1418873601340604 0.3454674284216864 0.14399017231000422 0.3477152733196234 0.10450348998886126
0 0.35380819138267466 0.10178311737369498 0.35242954491462103 0.03831514116079118 0.3098089559939357 0.03967392431201227 0.31118760246198934 0.10314189623391802
0 0.39492024286211697 0.10246106931946007 0.35010644032541205 0.09971221305924406 0.3480573138818767 0.14874236682939046 0.3928710880828546 0.15149121450761038
0 0.3991221478390494 0.026930655617815838 0.3502367846702356 0.029151517441087686 0.35216891289642815 0.09157017299107142 0.40105424772951487 0.08934924680282885
0 0.4593839087526114 0.015793303670979725 0.42976202296236654 0.0221261709962036 0.43385792398408485 0.05024476367791673 0.4634798381100569 0.043911898498191874
1 0.3550756767931755 0.9398958186867267 0.3773246630542015 1.007745697742372 0.41036522598762476 0.9918442201560742 0.38811623972659876 0.9239943411004289
1 0.40341741903689354 0.8657094743039933 0.4027996718496112 0.8365243025652067 0.38554576423949627 0.8370602997135124 0.3861635114267787 0.8662454027963301
1 0.41256447511352423 0.8244958454900169 0.4062504817073613 0.8645419108988329 0.42472384567048227 0.8688167061392716 0.43103783907664517 0.8287707093864244
1 0.4068610599556784 0.7794314406988189 0.4041346529621489 0.8281497848047314 0.428345973334494 0.8301383362846245 0.4310723519922963 0.781419992178712
1 0.4068664437438341 0.7534663025520247 0.37310793849197715 0.8025434427508085 0.39125912523756673 0.8208681327553783 0.4250176021536966 0.7717910612125632
1 0.39797387083260793 0.7754033950101941 0.3932309518174762 0.7570163653859674 0.3830262080540564 0.7608797054054767 0.38776912706918815 0.7792667350297033
1 0.40690407358947017 0.7266021831499578 0.41096903199715645 0.7681094535424283 0.4315988864739293 0.7651442709065663 0.4275338997305159 0.7236369318581272
1 0.4312476934718112 0.7105460923219559 0.41493756392540043 0.6896890269087458 0.3885233674540825 0.720004893797455 0.4048335253362204 0.7408619592106651
1 0.45973357162546424 0.606327086921752 0.4033376823007341 0.6091348414211896 0.4050375992430507 0.6592473136292534 0.4614334885677809 0.656439490473847
1 0.5192100361971913 0.7281333485658043 0.47554360392365946 0.7208218998259983 0.47289928553164173 0.7440000862318968 0.5165657461409007 0.7513116036276716
1 0.49914244755396936 0.8655421597080638 0.5016336113408194 0.829325586926146 0.4811871173543408 0.8272615138805891 0.47869595356749073 0.8634780180065382
1 0.4856066973871286 0.764520600086122 0.46879658393541085 0.8176961583415354 0.4985048936934192 0.8314798052587177 0.5153150638165912 0.778304315659273
1 0.39773831593293 0.5719072751709259 0.4093452814893802 0.5919950847818828 0.4293583521935933 0.5750232606422244 0.4177514149728702 0.5549354510312676
1 0.39608229103194637 0.5514998376972898 0.421889422885112 0.5642699165472969 0.4319623488458972 0.5343933792028438 0.40615521699273155 0.5216233346808211
1 0.5132650873012419 0.6412808018138357 0.5069148808357997 0.5840635353320093 0.4657530718195073 0.5907682026196921 0.4721032782849495 0.6479854691015186
1 0.511293600750058 0.6405884063686376 0.5455089912662489 0.6355640252610025 0.5433574028333914 0.61406001465393 0.5091420123172006 0.6190843957615649
1 0.5277394867651752 0.6718455465893912 0.5613126196901114 0.6705544710963864 0.5605907953770601 0.643006332277313 0.527017662452124 0.6442975450822553
1 0.5519284502488103 0.688339456530336 0.5474226729340761 0.6719633602318265 0.5260831501711931 0.6805807141538949 0.5305889841573816 0.6969568791083731
1 0.6209935548688487 0.7976449080339567 0.5598442623099467 0.7833808753031848 0.5494973582034877 0.8484820439925478 0.6106466507623898 0.8627460080673509
1 0.6141199875232126 0.873763300034273 0.6809724118826892 0.8768195891407129 0.6834031638992862 0.7987822628128515 0.6165507395398097 0.7957259737064117
1 0.5507987048079155 0.7412420386538596 0.5463408148720403 0.7693252134376758 0.5718972605472377 0.7752791963626617 0.5763550938116585 0.7471959529228769
1 0.6066390155306987 0.787319668232389 0.6167618407069696 0.7429823301506258 0.5820301165709145 0.7313441822579795 0.5719072913946437 0.7756815203397427
1 0.6844366812108287 0.7410057248093012 0.6165929597732417 0.7333346561049986 0.6119606917725743 0.7934616998558774 0.6798044132101613 0.8011328372161488
1 0.6964945531931871 0.7345924334531426 0.6674083826601671 0.7793854411997329 0.6959196779610608 0.8065574826218012 0.7250059051655351 0.7617644748752109
1 0.7155089595302344 0.9430003729392225 0.693728306167305 0.9425531479585559 0.6934397351221564 0.9631771950137092 0.7152204451565402 0.9636244199943758
1 0.719688932654364 0.906535059582396 0.725785137661763 0.8282500911751266 0.6824592441569464 0.8232984167384351 0.6763630391495473 0.9015833164897357
1 0.7447184471477484 0.9491871682543588 0.7566370206955083 0.884867579113646 0.7229129150163939 0.8756958282436376 0.7109943414686339 0.9400154173843503
1 0.7340240903551533 0.8820364815848214 0.7416181785703923 0.861796290051146 0.7276194226221564 0.8540875978759491 0.7200252777354631 0.8743277894096245
1 0.7980692375558553 0.8447520338644193 0.7571888873172006 0.7653404210093856 0.7040440976453691 0.8054935897295065 0.7449244478840239 0.8849052025845402
1 0.7420191291093605 0.810829051031707 0.7547974652898677 0.7024645982362556 0.7187204175008705 0.6962208184670275 0.705942024648909 0.8045852712624789
1 0.8053098092393512 0.8385261733030441 0.7935122859179143 0.8104517178272638 0.77105129174646 0.8243045013050126 0.7828488150678969 0.852378956780793
1 0.8019257866904597 0.8516483199609814 0.812991624865802 0.8685138646609604 0.8236315770622968 0.8582678538473706 0.8125657955584088 0.8414023091473918
1 0.7839274428570392 0.8814269538939469 0.7941665578574745 0.8697977999332115 0.7836358682248143 0.8561896376722441 0.7733966965529248 0.8678187229770107
1 0.8191656964513695 0.7870256833740509 0.7855238210524025 0.7715664188826983 0.7753006307306175 0.8042180304854472 0.8089425061295845 0.8196772949767998
1 0.780292875808815 0.754047475327791 0.7555275636352425 0.7663212401794502 0.7645978865627902 0.7931820640950155 0.7893632554078168 0.780908367899325
1 0.9361571132195915 0.9775275282972441 0.9286360178374535 0.9003482642672596 0.8751292109157381 0.9080009331719278 0.8826501929549675 0.9851801285459435
1 0.957638881332695 0.9141067830998664 0.9215308342582115 0.9380243256336122 0.9346133828052461 0.9670114935584224 0.9707213732082753 0.9430940196806454
1 0.9988694044872911 0.9412414070189469 0.9645470182654364 0.9387663593442421 0.9627119965761374 0.9761158929230526 0.9970342694550836 0.9785909405977573
1 0.9988892394962859 0.9810413407796682 0.9588918871866295 0.9803821061673932 0.9586975040984795 0.9976774372319671 0.9986949697510445 0.9983367405002109
1 0.9877454780713208 0.9167853957220191 1.0059246605153203 0.8993499378251547 0.9921606377306755 0.8782872477854331 0.9739814552866759 0.8957226370263287
1 0.9859453659978529 0.6414293733302868 0.9531243199425488 0.6278522435672104 0.944373567345636 0.6588993651794502 0.977194386715123 0.6724765635984955
1 0.937542220233432 0.6771543693757031 0.9551156415027274 0.7259428112257452 0.9676600945914577 0.7193111252328811 0.9500865599792537 0.6705226833828388
1 0.8774748990794742 0.6566300794431946 0.8661701340529248 0.6429346554459013 0.8554796875906743 0.655885711429626 0.866784509288678 0.6695812727388568
1 0.8895986232916957 0.6462162047859252 0.8741220458304317 0.6511073246581482 0.8768387620052809 0.6637241633858267 0.8923154528094533 0.6588330435136037
1 0.9059259526244777 0.6530739748839989 0.8928194320522864 0.6469275492785082 0.8893125457905351 0.6579027551365649 0.9024190663627263 0.6640491120860869
1 0.922058955540564 0.6549337277664511 0.9084588266016713 0.6434917986325928 0.9022956926067781 0.6542434606562851 0.9158958215456708 0.6656853897901435
1 0.9459224548623201 0.6601657245236924 0.9276969718401811 0.6451112556242969 0.9191854861232011 0.6602344491484463 0.9374110258167944 0.6752889180478416
1 0.7633307128452879 0.6625136900001758 0.7350443465463963 0.6711839090182087 0.7406612243935701 0.6980787176383225 0.7689475340210075 0.6894084299643208
1 0.7485562380309888 0.65789060303009 0.7213800088498143 0.6432580250588794 0.714466884829097 0.6621017541874649 0.7416432273531801 0.6767343321586755
1 0.7104628765704794 0.6972387118602362 0.7246531253626973 0.6460846599497329 0.7036916011998027 0.6375505170618321 0.6895013524075847 0.6887045689723355
1 0.6196070310686513 0.668743669919678 0.6980045640922412 0.6771860884332818 0.7017587645804317 0.626020021728241 0.623361231556842 0.6175776032146373
1 0.6304131439690692 0.6378914626028191 0.6058993963810063 0.6539986334715973 0.6156679682966284 0.675818324223144 0.6401817725561455 0.6597110160424283
1 0.5707791327544685 0.6370975936357565 0.5979245326645195 0.6665220314257593 0.6127748338846333 0.6464147578476519 0.5856293206316736 0.6169903887136178
1 0.5824391144563893 0.627571783934723 0.6091810136120299 0.584845252192597 0.5868803996561629 0.5643601648182649 0.5601385005005223 0.6070866965603909
1 0.6111179872475627 0.6028005730851026 0.6140439911030351 0.592609212422666 0.604263291496199 0.5884877946164933 0.601337174297818 0.59867915527893
1 0.612511821665361 0.5693512821090235 0.6019148264312035 0.5586528971171084 0.5938021377379294 0.5704468940588969 0.6043990763006325 0.5811452447228276
1 0.6092932230914868 0.5005078482011037 0.5924649747744023 0.5069458213780407 0.5963942333848363 0.5220198915565242 0.6132224817019208 0.5155818840516029
1 0.5947201019542131 0.5171887083450506 0.5864521901476903 0.502521939701385 0.5741841804128947 0.5126718664866599 0.5824520922194174 0.5273386351303255
1 0.592790382264827 0.4337398155735904 0.5845922896899663 0.4209702859713337 0.571265033803389 0.43352787459795067 0.5794631263782498 0.4462974042002074
1 0.5722669284434483 0.3760130874753937 0.5779843981219533 0.39102052703617124 0.591198027742717 0.3836322865952791 0.5854806147356661 0.36862477837853275
1 0.5921031275388812 0.34845636666022217 0.591518051444986 0.37609410151856015 0.6126203475002902 0.3767496973644896 0.6132054235941853 0.34911203116212036
1 0.6506167441025418 0.31309174579495924 0.6575461895020891 0.373954094971527 0.6719125165027274 0.3715534703669854 0.6649831277746344 0.3106911211904176
1 0.7084675880085016 0.2929219609572729 0.7015366124796889 0.2825099915031373 0.6929651683640901 0.2908842174757452 0.6998962572358113 0.30129616976588863
1 0.7737171169553737 0.284192714970077 0.7361134535312209 0.26474807447469945 0.7278708171933032 0.2881429562820761 0.7654745372889101 0.3075875967774536
1 0.9695916844388347 0.28724025044049667 0.9695916844388347 0.32539208050653823 0.9997340975365598 0.32539208050653823 0.9997340975365598 0.28724025044049667
1 0.9601605343619429 0.28792344598587777 0.923945378238887 0.2869482909332378 0.9231353731429898 0.33110240339830566 0.9593504725945915 0.3320774897949768
1 0.9143180882587628 0.3332579948502531 0.9285784963113684 0.2877120199300039 0.8613249513985608 0.25680717064907904 0.8470645433459552 0.30235316273332047
1 0.9952884486348074 0.2183023630835208 0.9536631521297586 0.23006886330981088 0.9625250941199512 0.27608065181427516 1.004150390625 0.2643142030799617
1 0.9546143258182451 0.22261474746686938 0.945670776933902 0.26184476803070517 0.9583093046367224 0.2660735122800812 0.9672528535210655 0.2268435603722142
1 0.8385917642322424 0.2739530205056155 0.8106387960988277 0.2658549288394615 0.8067463739336699 0.2855742447019562 0.834699455409993 0.29367226771214144
1 0.8813930500848711 0.2455342553463776 0.8509762338055652 0.2376379779004675 0.8478645742659007 0.25522991991418553 0.8782812772022981 0.2631261973600956
1 0.8351052230225743 0.23694556529127705 0.8029108499086003 0.244152605466553 0.8055013020833334 0.26113639290877216 0.8376957318687616 0.2539293527334962
1 0.7646855006310933 0.23758387699706482 0.7629514674733054 0.264894243032243 0.80144679955896 0.2684814315813062 0.8031807760452936 0.24117106554612802
1 0.7180304992165738 0.2544865817401487 0.7389007256666377 0.2591441511705568 0.7413819719489902 0.24282622364160047 0.7205117454989264 0.23816865421119235
1 0.6996879896413649 0.2608887679933563 0.7080766683169394 0.251957930917815 0.7011815091472261 0.2424524433835419 0.6927927738001973 0.25138326329509103
1 0.6844364545250116 0.22702568749340904 0.6673684859563602 0.1977326228996766 0.6494823516023968 0.21302810857749227 0.6665503768425023 0.2423211731712247
1 0.7208686056464717 0.22075509756837036 0.7050829987450673 0.18054624885756468 0.6725947841406975 0.19926562486268806 0.6883803343706476 0.23947445640950155
1 0.654461392231749 0.13468855009304256 0.6634753837337511 0.1844362445569548 0.6989358461002786 0.17500622709636882 0.6899218545982765 0.1252585326324566
1 0.6673540347355211 0.06273067547312201 0.6658364865330489 0.024737217563075613 0.6416992640871634 0.02615215915126393 0.6432167556181813 0.06414561920680935
1 0.6777182236355327 0.08042434846858743 0.6675309063443013 0.06114052599809301 0.6560882596695102 0.07001251203539133 0.6662755769607417 0.08929633021488768
1 0.6693584474016365 0.011014748477828516 0.6551276785196146 0.01995417291321556 0.6607721553650185 0.03314179161938559 0.6750028109041318 0.024202366111249034
1 0.5473383458101208 0.17404279505039896 0.5661203425132022 0.24457961126441227 0.5986360994443477 0.2318724899377812 0.5798541027412663 0.16133567372376792
1 0.5767731591298166 0.14388988310360132 0.5529183872120184 0.12151632748787261 0.5370643211938545 0.14632523046435603 0.5609190931116528 0.1686987860800847
1 0.4452062693589688 0.0007080010675874416 0.4463874441446147 0.030044388315138587 0.48106578377074627 0.02799518143232279 0.47988463732082753 -0.0013412690404027332
1 0.4372913073696466 0.0577621417050957 0.40980687048441855 0.0441408961910767 0.3989254412212744 0.07636520162610289 0.42640987810650244 0.08998644284912384
1 0.4412593859262564 0.24107508450176637 0.4386394362595752 0.17759483174344418 0.40846588219772806 0.17942252228847372 0.4110858318644092 0.2429028265387725
1 0.4397842846430333 0.2235273912599304 0.468370612949382 0.22202174870047983 0.46739050848349 0.19470976925003516 0.43880418017714135 0.19621539464549353
1 0.4470360772744748 0.17499356007012795 0.43560238468945855 0.1800967925579127 0.439762267783049 0.19377563613874438 0.45119596036806525 0.18867233499499086
1 0.3923822117825847 0.19853742532976834 0.4175689328901172 0.18931239742798264 0.4089368219827211 0.15472243902251476 0.3837501008751886 0.16394746692430048
1 0.4294905100249536 0.14582030014192562 0.40818008805383876 0.14582030014192562 0.40818008805383876 0.1722110538032111 0.4294905100249536 0.1722110538032111
1 0.4474459252317636 0.16436451760668588 0.43588914224807046 0.15347497723368075 0.4255999863535138 0.16950134002719874 0.43715676933720693 0.18039086323621167
1 0.439407561150766 0.14249295727072203 0.4348791435900505 0.09372796143401997 0.399875793173674 0.09849859866302113 0.40440423907011663 0.14726365457369586
1 0.4253186125830577 0.3745518824917393 0.41459631676350683 0.35290214959092026 0.4017928467930304 0.36220877511160715 0.41251517094830836 0.3838584736844418
1 0.36975633201492863 0.39312452352757665 0.37159719086401755 0.4072490130017927 0.3832560958083072 0.40501886116774466 0.3814152369592183 0.39089437169352853
1 0.4207847545627321 0.4690185821498875 0.42033483988727366 0.4275919481927552 0.38934904220708566 0.42808589356017995 0.3897989852182712 0.46951252751731226
1 0.3096701676024257 0.5050732298294256 0.2973695717814241 0.519327238788755 0.3088147120002031 0.5338228824302236 0.32111530782120473 0.5195689077988787
1 0.29463848939291726 0.01898339038758766 0.2749574567392787 0.02395067976617974 0.2784690183960074 0.04437058044364938 0.29815007938537313 0.03940323099108461
1 0.26157027078980966 0.021024869182917075 0.32280598731647514 0.02063643302102191 0.3227191383128047 0.0005441367358002807 0.26148342178613915 0.0009325743392026062
1 0.2187437661400302 0.01526649462224662 0.20530013542210712 0.014361719446858084 0.2045836382257573 0.029987732122397665 0.2180272547758168 0.030892444005564977
1 0.18927374567936833 0.022182827188944522 0.1785460377359346 0.02318259326089488 0.1793604348695378 0.03600801311274079 0.19008817114869864 0.03500818696681775
1 0.3964757892746779 0.019463454376323686 0.3816475332502757 0.014122810621229415 0.3787290383624942 0.026015533773381477 0.3935573227226236 0.031356176455726234
1 0.12638343520593953 0.05496485294989982 0.13904584992673513 0.028886616967526275 0.11548554288532963 0.012096789073622266 0.10282313524846579 0.038175027201494835
1 0.11556680975075441 0.029478435709452334 0.14959441940321785 0.030747090737650713 0.15034805056997882 0.0010798590255668649 0.11632044091751538 -0.00018879611996349254
1 0.06959156826235346 0.03302991028175311 0.11801663171171367 0.03205214630229937 0.11757664162468445 6.887412245549823e-05 0.06915157817532425 0.0010465750275902592
1 0.0014638370568816486 0.045269372895008 0.051307270896578674 0.0396083535708244 0.04806090331011164 -0.0023423434644769896 -0.0017825290906617458 0.0033186731778328277
1 0.16487414856807103 0.4040190242943265 0.1687564973822322 0.38520560677595966 0.15589707851852658 0.38131089097871557 0.15201472970436541 0.4001243084970824
1 0.12113806707724002 0.37608545086649325 0.10224080772010286 0.3812248307218434 0.10500027542326776 0.39611651631924916 0.1238975418643367 0.39097713646389903
1 0.05562183872460212 0.522118515855684 0.04995375113456251 0.5075266852019474 0.03499823935959443 0.5160528983254534 0.04066632694963404 0.5306447633071745
1 0.004537795358160191 0.5201274241049458 0.0484310422877858 0.509944885734498 0.04216020419405031 0.47027196551602923 -0.001733044949303984 0.4804545382144615
1 0.039975905706180724 0.4460023208463688 0.012350595097023796 0.45166602633533115 0.01574727220455584 0.4759819107999684 0.04337258015723835 0.47031820531100604
1 0.014119065903687543 0.4254530401412226 0.022914836887086888 0.45365976134086755 0.047305657006903944 0.4424969187201209 0.0385098860235046 0.41429019752047597
1 0.03361200600060026 0.406898215329285 0.025944545961909527 0.3869933395471562 0.012442826117867104 0.39462661314064257 0.020110285271066366 0.41453148892277136
1 0.04425547536922586 0.3748609716632101 0.02927699925839735 0.3548538328155758 0.01348919368166556 0.3722011707765045 0.028467667136019652 0.3922082752961544
1 0.03563756420309054 0.35272989176523833 0.026266824125468786 0.33960359142118957 0.01911274547807132 0.34709934710919926 0.02848348378471013 0.36022561312526363
1 0.030995056379029568 0.32156337742328106 0.01978941858091505 0.3286904505589145 0.025781967956486296 0.3425186895278227 0.036987609296566706 0.3353916163921893
1 0.038010295276411615 0.329933844481598 0.03764496274645282 0.31577107930478415 0.02704612037708279 0.3161723734423334 0.027411452907041587 0.3303351386191472
1 0.02235939819279266 0.2958892032721984 0.0183192530271624 0.3147680156008331 0.03321142382608483 0.31944547809819673 0.03725156722073214 0.300566665769562
1 0.019851831561897015 0.3632730456117302 0.020684838184296474 0.3259339134121907 0.0010275328281087353 0.3252902980328143 0.00019452602584381953 0.3626294302323538
1 0.018720814555246962 0.3267188914312957 0.018720814555246962 0.29445546067605805 0.0006576832401165834 0.29445546067605805 0.0006576832401165834 0.3267188914312957
1 0.00015249851132944544 0.27584366857402104 -0.0002595834025876214 0.2893228777616177 0.011228453371407484 0.2898383467752566 0.011640535423682593 0.27635913758765995
1 0.1109467473645507 0.8832893843591817 0.11799945317713774 0.8694050877917604 0.1052467254100293 0.8598977465463301 0.09819401959744226 0.8737819744577826
1 0.3147836329213092 0.6462673534826702 0.3236400494447104 0.6365598114322624 0.31632104446850334 0.6267597211359323 0.307464599609375 0.6364671945303711
1 0.310950290747229 0.5938939029105736 0.31562636578204795 0.6278835506889764 0.32663020538641774 0.62566177488312 0.32195413035159876 0.5916721271047174
1 0.23149589177293697 0.9996517769263217 0.24782594133552402 0.9970139459496274 0.24642301114931522 0.9842667295372258 0.2300929474188646 0.9869045605139202
1 0.6965976952399605 0.5095061397659765 0.6909794006064299 0.4998637522299459 0.6858579446124942 0.5042434194627039 0.6914762392460249 0.5138858069987345