0 0.2175216066615575 0.319703916623357 0.10755912976733766 0.02978546322671129 -0.02369401896284997 0.10283786135170081 0.08626851030321012 0.3927562860971868
0 0.1194723718878017 0.08583312791816154 0.21550186468078775 0.0873637547308795 0.2164235009462882 0.0025145900095992846 0.12039396760736133 0.0009839651154857848
0 0.4748946021783658 0.12306407388187784 0.4748946021783658 0.04708321616373349 0.30831901070499335 0.04708321616373349 0.30831901070499335 0.12306407388187784
0 0.4732117834505093 0.23859608531509857 0.2537542567831737 0.2536439199816004 0.2576785632421529 0.3376282458653266 0.47713608990948847 0.32258042757091604
0 0.44096254225427645 0.12430965439956075 0.44096254225427645 0.2451316604286816 0.4779793373560673 0.2451316604286816 0.4779793373560673 0.12430965439956075
0 0.481058287979545 0.3615230838628286 0.5669094521562223 0.36283949823338585 0.5674366034481566 0.3123934176858403 0.4815854392714792 0.31107697057110045
0 0.5705213386258581 0.31114782898211174 0.5705213386258581 0.04583762746000494 0.4831205626522365 0.04583762746000494 0.4831205626522365 0.31114782898211174
0 0.5428420844808736 0.3133897249279104 0.5377008591847043 0.26730295926204567 0.5057419539553809 0.27253457916652696 0.5108831251902957 0.318621361204483
0 0.4841113432621512 0.3084990538241014 0.5087892246837633 0.30974464252782996 0.5098549341923162 0.27876252268516966 0.48517705277070416 0.2775169339814411
0 0.7833678496422443 0.06950380055177877 0.8347277172483946 0.07220883840143424 0.8368365927224036 0.013452346744455492 0.7854767251162533 0.010747306848288606
0 0.6715055994484888 0.03267936747473197 0.6745902805649358 0.09371316279464526 0.7155037297940655 0.09067878395702705 0.7124190486776185 0.029644988637113776
0 0.9715365332982728 0.01469793442492833 0.9715365332982728 0.05580233299681046 0.9972426597791186 0.05580233299681046 0.9972426597791186 0.01469793442492833
0 0.9671878459920283 0.013896218696888936 0.9326478942925155 0.011694073165435135 0.9308272193658658 0.05360018848861236 0.9653670629428698 0.05580233299681046
0 0.9119435150714128 0.060043396356279755 0.9108701829259854 0.018434698489602542 0.8912883315918402 0.01917597971249036 0.8923617718597764 0.06078467962567898
0 0.8849973855977358 0.05674296694252112 0.8870539297774579 0.014392983759933276 0.8388930828408714 0.010961172406765524 0.8368365927224036 0.05331115558935337
0 0.9910854072672166 0.11244858999620691 0.9921136523264504 0.05764274024144774 0.9705083963615478 0.05704791760751618 0.9694800431798052 0.11185377554832099
0 0.9612541908284433 0.12680083180701784 0.9612541908284433 0.18036111332316254 0.9941579246014172 0.18036111332316254 0.9941579246014172 0.12680083180701784
0 0.6116706030468058 0.42213813225087177 0.6106227878134688 0.4817933176720091 0.6537896182496955 0.4829058995062701 0.6548373794217781 0.42325071408513276
0 0.6188487482873395 0.6648947261433744 0.6188487482873395 0.7184549749153366 0.6496961000643545 0.7184549749153366 0.6496961000643545 0.6648947261433744
0 0.6836282410803255 0.712227031396694 0.6846915178324291 0.6710072136743898 0.6548373794217781 0.6698770809582886 0.6537739404859112 0.7110968986805928
0 0.6826272969545781 0.6722163253587714 0.683655542013812 0.7133206870934482 0.7134472937368523 0.712227031396694 0.7124190486776185 0.6711226696620172
0 0.7118867075052591 0.6602044494366953 0.7144755387960862 0.7072447420701449 0.7423882294376938 0.7049905670558946 0.7397994522081212 0.657950274422445
0 0.6479360278039193 0.6203686628218884 0.6072054677985219 0.6165732191355955 0.6044533715193202 0.6599123713284603 0.6451839315247176 0.6637077495263881
0 0.6494650422629262 0.6628513581763009 0.6854212907059621 0.6669995876852535 0.688993604337356 0.6215622537637473 0.6530373018330657 0.6174140242547947
0 0.7321146989523362 0.6151468825442596 0.7300582628951229 0.6624792532859443 0.7484075716895483 0.6636491374396459 0.750464061808016 0.6163167666979614
0 0.7288709696253598 0.6636491374396459 0.7288709696253598 0.617562420890055 0.7134472937368523 0.617562420890055 0.7134472937368523 0.6636491374396459
0 0.7102023750622786 0.6653845136257712 0.7091741840642991 0.6205433202915437 0.6867129221967726 0.6212991215128756 0.6877412213172609 0.666140314847103
0 0.70972058116281 0.3089968636312198 0.6722468333079605 0.30725094381831747 0.6707267930171888 0.35512663878084766 0.7082005949332927 0.35687259133793253
0 0.6691392842808902 0.3546494905529104 0.6714573227482838 0.30223430584428645 0.617499109070527 0.298732675707903 0.6151810706031333 0.35114786041652696
0 0.6188400444253764 0.20759369682344755 0.6188400444253764 0.25648035204973346 0.6656822292439383 0.25648035204973346 0.6656822292439383 0.20759369682344755
0 0.6563138463414803 0.15958001787570414 0.6563138463414803 0.1246609749200518 0.6231639176158381 0.1246609749200518 0.6231639176158381 0.15958001787570414
0 0.6208792890036814 0.20570755004882812 0.7131235749453333 0.23019900342425564 0.7217966760545838 0.18226379590996344 0.6295523360516774 0.1577723261624447
0 0.66637805164969 0.25459566239123693 0.7139657952280779 0.25909928088536077 0.7161525729697188 0.22519195949570817 0.6685648834525852 0.2206883410015843
0 0.6715698782800045 0.3692056876907021 0.6144948170394154 0.3681253916204231 0.6137954806521257 0.42234579585652493 0.6708704878314604 0.4234260919268039
0 0.6541518827156222 0.4284566134342308 0.6541518827156222 0.472978420011987 0.6815365570852248 0.472978420011987 0.6815365570852248 0.4284566134342308
0 0.5287587492734167 0.4677405623407323 0.5287587492734167 0.5140082887313908 0.5784835883006255 0.5140082887313908 0.5784835883006255 0.4677405623407323
0 0.5399007197499169 0.4366961630628856 0.5768289895475808 0.435577818252498 0.5760322347798107 0.39697278722673013 0.5391040190434012 0.3980911647813003
0 0.39255447320118747 0.3879824134924893 0.32189898157246455 0.39381814719269714 0.32429213815288693 0.4363367629153534 0.39494762978160985 0.43050102921514555
0 0.42453238096144263 0.44734669959596296 0.42282326143330656 0.4939298506970058 0.4688219555296446 0.496406358710686 0.47053110208840787 0.44982324035382576
0 0.4177787246906831 0.4485350842127984 0.4714111111879982 0.451205012112728 0.4727747522697077 0.4110083846063573 0.4191423657723926 0.4083384567064277
0 0.5203482777381809 0.40786877415210904 0.47344305749695526 0.40502779064260325 0.4717645636694531 0.4456940679591101 0.5186697298494243 0.4485350842127984
0 0.5150664391192427 0.44678909891153096 0.47182743690835366 0.44678909891153096 0.47182743690835366 0.4738513799184382 0.5150664391192427 0.4738513799184382
0 0.7573293005079162 0.13113986985366233 0.7557635243958979 0.18140442483926536 0.7859062958439438 0.1827823164125369 0.7874720719559621 0.13251776142693383
0 0.9114238782938441 0.1744205982388345 0.9366465890375886 0.1744205982388345 0.9366465890375886 0.13077181705589458 0.9114238782938441 0.13077181705589458
0 0.937890430379484 0.13079361649541896 0.9386681555856953 0.17884017878847572 0.9640647273236824 0.17823694908567764 0.9632870021174712 0.13019038679262088
0 0.9330303236063441 0.05376551795926728 0.9301477775202059 0.012735643100329224 0.9114238782938441 0.014665996567885763 0.9143064243799823 0.055695869380312416
0 0.7809862351396424 0.010301117221684926 0.7233342321917903 0.010301117221684926 0.7233342321917903 0.06529860844427936 0.7809862351396424 0.06529860844427936
0 0.724843676476694 0.0756186538499824 0.7255643129982285 0.12014042768355603 0.7557635243958979 0.11942312543484275 0.755042833813109 0.07490134341522348
0 0.32146397768870405 0.03598621270175655 0.3714144143306438 0.03845595494871999 0.3726034105299214 0.0031681234744485357 0.3226529468573544 0.000698380843764211
0 0.40694979590795227 0.04207847251400927 0.4393790340508055 0.04033252404994719 0.43795692572243133 0.001571356866492734 0.4055276875795782 0.003317308784042817
0 0.5529473763424491 0.041891973929343816 0.5913671961498007 0.04280454201759699 0.5920344742132141 0.0015851124929256194 0.5536146003446081 0.0006725469628117115
0 0.47898217362571965 0.0018357000125835893 0.47826159116543954 0.04199259680228172 0.5013741289650686 0.042601229295198495 0.5020947654866031 0.0024443330171282198
0 0.5241252132175874 0.558885828108235 0.5753717143732009 0.5616246170240411 0.5770423693188109 0.5157542412884757 0.5257957600406886 0.5130154523726697
0 0.5741597151101638 0.534959686672227 0.549657640887954 0.534959686672227 0.549657640887954 0.5576570699143307 0.5741597151101638 0.5576570699143307
0 0.5280228674781333 0.6001066936443804 0.583497985893905 0.602384771911883 0.5845766160422664 0.5638405468330875 0.5291014435652402 0.5615625995423149
0 0.5224359071391995 0.6503009059398471 0.581331102693894 0.653044802948129 0.5828075155523417 0.6065436760243428 0.5239122118751384 0.6037997790160609
0 0.7688000174725974 0.6611062897121446 0.7695206539941319 0.6174575085292047 0.7514395971441818 0.6170193913668522 0.7507189606226472 0.6606682380381572
0 0.9485588783284433 0.5072451742933544 0.8995552704965678 0.5090171912197391 0.9004958822623726 0.5471856768039163 0.9494994360329938 0.5454136598775315
0 0.8991727871214847 0.501786588087614 0.8674642395614205 0.501786588087614 0.8674642395614205 0.5262299566309852 0.8991727871214847 0.5262299566309852
0 0.8689055126044896 0.5035325733888815 0.8400795111305636 0.5035325733888815 0.8400795111305636 0.5480543144782726 0.8689055126044896 0.5480543144782726
0 0.8980620445879927 0.5499993844093682 0.8987827351707817 0.5980130961012943 0.9474562449831155 0.5969409860766497 0.94673571658409 0.5489273398730888
0 0.8765158775741807 0.5640514848569944 0.8788350513279174 0.602448426602736 0.9028220839791852 0.6003223468305727 0.9005028021029395 0.561925405084831
0 0.827107837497924 0.5567841100078795 0.827107837497924 0.5951950662637473 0.8638609488312389 0.5951950662637473 0.8638609488312389 0.5567841100078795
0 0.8141361098040301 0.501786588087614 0.8141361098040301 0.5489273398730888 0.8357556379401019 0.5489273398730888 0.8357556379401019 0.501786588087614
0 0.7713438697997398 0.503324713318133 0.7706077717594386 0.5496928333724517 0.798993714622315 0.5503541348829801 0.7997298126626162 0.503985982084479
0 0.8064037826443479 0.18399884465426333 0.8049124488796778 0.2309693430626341 0.8349966719891774 0.23237099054033664 0.836487951692593 0.18540050850405715
0 0.8075486378293845 0.22834249013483268 0.808269274350919 0.18643966150897767 0.7817068716611769 0.18576928985988633 0.7809862351396424 0.2276721348578326
0 0.9604108352593557 0.18215051741047478 0.9611486632597985 0.22505320602220527 0.9907124927341674 0.22430709707890456 0.9899746647337245 0.18140442483926536
0 0.935925952516054 0.1779125033530043 0.935925952516054 0.19711798148093818 0.960428026738264 0.19711798148093818 0.960428026738264 0.1779125033530043
0 0.909982605250775 0.23029108006555124 0.9114426916103853 0.19403172767213486 0.8898044042190268 0.19275310008822594 0.8883442097369076 0.22901245248164231
0 0.9611486632597985 0.24251273159305425 0.9611486632597985 0.28354261668454933 0.9914160458993024 0.28354261668454933 0.9914160458993024 0.24251273159305425
0 0.9337723683846324 0.24021145407222372 0.933043298307407 0.28878047435580406 0.9582576836179695 0.28933581569164096 0.9589867536951948 0.24076679540806062
0 0.933043298307407 0.2896534342622552 0.933043298307407 0.24251273159305425 0.907099951042128 0.24251273159305425 0.907099951042128 0.2896534342622552
0 0.9071176831335807 0.2954124155985951 0.9078383196551152 0.2456527677216755 0.8833184592801981 0.2451316604286816 0.8825977686974092 0.29489129193350994
0 0.8833371104129761 0.2961773851910374 0.882616527952696 0.2464177536862091 0.8609783486838464 0.2468776129857665 0.8616989852053809 0.2966372444905948
0 0.8581260769001883 0.29869429952596904 0.8573751120149192 0.24775058926430896 0.8314013823246512 0.24831244669247082 0.8321523472099203 0.2992561896983134
0 0.9921405748311559 0.3432005853612024 0.9914160458993024 0.28878047435580406 0.9618652992485053 0.2893578197823062 0.9625899363028676 0.34377796353188705
0 0.9603414206086692 0.35258166268148133 0.9617826936517383 0.2932192757405948 0.9352052078720107 0.29227234672579133 0.9337640429514504 0.35163473366667786
0 0.9331195246761514 0.3538579326842476 0.9322814671099978 0.290921452731022 0.9078205875636626 0.29139938681934013 0.9086585370073074 0.35433586677256573
0 0.8797109517721712 0.29872704370850656 0.8789902611893822 0.3563434453481257 0.9078205875636626 0.35687259133793253 0.9085412240851971 0.2992561896983134
0 0.8580895855534488 0.29886050899652966 0.8573689490319143 0.3547309908232464 0.8782738955069476 0.35512663878084766 0.8789945860897365 0.2992561896983134
0 0.8573751120149192 0.35512663878084766 0.8573751120149192 0.3027480620683007 0.8321523472099203 0.3027480620683007 0.8321523472099203 0.35512663878084766
0 0.8299835718660042 0.30061726713385195 0.8307042083875388 0.24911169944402997 0.8069295824049214 0.2486235655428514 0.8062089999446412 0.3001291496047646
0 0.8033188852828831 0.30328058070890895 0.8040395758656721 0.251775013019087 0.7781036349922498 0.25124249437847873 0.7773829984707152 0.3027480620683007
0 0.8292399593113374 0.3591107544469219 0.829960595832872 0.3049862251772901 0.8047676728403178 0.30449404736956814 0.8040469822575288 0.35861854389501746
0 0.7766577126812998 0.3048285946825543 0.7759370761597653 0.35720713865091874 0.8026057092144597 0.35774555124438373 0.8033263457359943 0.3053670072760193
0 0.9568106800819309 0.3624809166904171 0.958251953125 0.4139865334965129 0.9885333916906555 0.41274307316464925 0.9870920105250776 0.36123745635855353
0 0.9560725277139615 0.4185670517033262 0.956793164235496 0.3653155150843281 0.9272780980126218 0.36472939421690587 0.9265574614910872 0.417980930835904
0 0.9020339249508691 0.36657980071628554 0.9034966603119464 0.41885389074235513 0.9272996143918845 0.4178764768936092 0.9258368249695527 0.365602354123357
0 0.8797152766725255 0.36996725188816054 0.8797152766725255 0.41972688339298886 0.9027760237904119 0.41972688339298886 0.9027760237904119 0.36996725188816054
0 0.8789762593244852 0.42199903496345226 0.8796969499072741 0.3670015130431867 0.8523306023029229 0.3664753140298082 0.851609911720134 0.42147280320589126
0 0.8523306023029229 0.3717131717010629 0.8307110741668512 0.3717131717010629 0.8307110741668512 0.42147280320589126 0.8523306023029229 0.42147280320589126
0 0.9337632860938884 0.23293813615397835 0.9352052078720107 0.17878549600363802 0.9121452716729407 0.17788437610020452 0.9107031336498007 0.23203703262263614
0 0.9462341362655005 0.48268867459931597 0.989473192537644 0.4809427220422311 0.9878127551691209 0.42059984329944006 0.9445738070194862 0.42234579585652493
0 0.9111609243523029 0.4245735463154674 0.914773729863264 0.4869369048417382 0.9409799229475753 0.4847091543827957 0.9373672255591231 0.42234579585652493
0 0.9367120031554473 0.48265586492841334 0.9352052078720107 0.42059984329944006 0.8883188550085807 0.4222703205157759 0.889825488108254 0.4843263421447492
0 0.8867330762324236 0.2351790006580271 0.8896157304410707 0.1871653053381924 0.8638609488312389 0.1848963135813439 0.8609783486838464 0.23291000890117858
0 0.8350350014185673 0.18576928985988633 0.8350350014185673 0.23640189764325711 0.8609783486838464 0.23640189764325711 0.8609783486838464 0.18576928985988633
0 0.9127969260338242 0.18180414944759254 0.9143064243799823 0.13426370579797312 0.8869899212522143 0.13299099672505785 0.8854804229060562 0.18053143218863163
0 0.88552123915315 0.18192903575979077 0.8862419297359388 0.1295504508611982 0.8602577121623117 0.1290258481267184 0.8595370756407772 0.18140442483926536
0 0.7731022121000333 0.5488171229546673 0.7723384346974645 0.5044055332953327 0.714681458114205 0.5058606192789364 0.7154452355167737 0.5502722089382712
0 0.9510595357132972 0.6144005116474986 0.9020554413301317 0.6144005116474986 0.9020554413301317 0.659795278131706 0.9510595357132972 0.659795278131706
0 0.688085267140445 0.5559588911195681 0.7146864317496124 0.5550381901949772 0.7135948809614426 0.5087583157125972 0.6869937704135297 0.5096789838930056
0 0.6620789925750111 0.5113893435236722 0.6620789925750111 0.5550381901949772 0.6873017033187555 0.5550381901949772 0.6873017033187555 0.5113893435236722
0 0.6089599717497509 0.5525185253487125 0.6619918998941264 0.5514295848142435 0.6613583560534765 0.5061514858524175 0.6083264819703554 0.5072402954101562
0 0.8883630230534488 0.4852000551673987 0.886921155336581 0.4258120295315853 0.8616989852053809 0.42671066087714593 0.8631409069835031 0.48609868651295934
0 0.8595370756407772 0.48607304781803246 0.8588118439126162 0.42457819598938773 0.8364762204003819 0.4249647410642436 0.8372014521285429 0.48645959289288826
0 0.812694836760961 0.47559733247552305 0.812694836760961 0.42234579585652493 0.7867513813731731 0.42234579585652493 0.7867513813731731 0.47559733247552305
0 0.8346133776952779 0.42606641908571957 0.809390612890279 0.42781237164280445 0.8119741461781721 0.48258114270386265 0.837196910983171 0.4808351901467778
0 0.7881927084774967 0.47559733247552305 0.7859596543020648 0.4232985205916376 0.7593667070035707 0.4249647410642436 0.7615998152402569 0.477263552948129
0 0.7615286165681743 0.4747243398248894 0.7607997086747121 0.4252766621470963 0.7348646327813607 0.42583770097069473 0.7355935406748229 0.4752853786484878
0 0.9551548919812888 0.659520619928581 0.9243955519264836 0.6624141578510595 0.9274528239869353 0.7101049464148002 0.9582121640417405 0.7072113430039565
0 0.9263490012940102 0.6609280958707752 0.8661939622661093 0.6670786976302642 0.8693134047691541 0.7118481157163694 0.929468443797055 0.7056974484685153
0 0.8674642395614205 0.6231302416887406 0.8674642395614205 0.6580492928304386 0.8998934777042737 0.6580492928304386 0.8998934777042737 0.6231302416887406
0 0.826714001259411 0.6430255415101931 0.8282116601908492 0.6901972692923485 0.8624196217269154 0.6886034789515155 0.8609219087342228 0.6414318166577253
0 0.8656082085743745 0.6208662434197291 0.8187659696945583 0.6199932180249128 0.8184600370557462 0.6440816723737594 0.8653022759355624 0.6449546977685756
0 0.8168920444322962 0.6610189937214994 0.8190540080581543 0.6252269171849852 0.7953992358766054 0.6231302416887406 0.7932372722507474 0.6589223182252548
0 0.7675399577543733 0.5558472334571151 0.7668042922041076 0.6004035524032658 0.7953882614419564 0.60109602637557 0.7961238729309676 0.5565397729177843
0 0.7694362643759688 0.6059912161765693 0.7687155737931798 0.5536126394640223 0.7413504695976805 0.554165164800161 0.742071106119215 0.6065436760243428
0 0.7399091965546114 0.5532922048937098 0.7132451587065434 0.5532922048937098 0.7132451587065434 0.607416701419159 0.7399091965546114 0.607416701419159
0 0.712597180510961 0.6049295188019715 0.7147591441368191 0.5569158725984107 0.6995527404298605 0.5559110846130633 0.6973908308652569 0.6039247963049893
0 0.6570344288017604 0.5567841100078795 0.6570344288017604 0.6109086065333289 0.6844191572326174 0.6109086065333289 0.6844191572326174 0.5567841100078795
0 0.6073095897745516 0.5498002997795399 0.6073095897745516 0.6091626867204265 0.6541518827156222 0.6091626867204265 0.6541518827156222 0.5498002997795399
0 0.8267934172421667 0.3691068984919863 0.7986881063510297 0.3682339058413526 0.7975611995024635 0.42147280320589126 0.8256665103936005 0.42234579585652493
0 0.8350298655993966 0.1348073738327354 0.8357556379401019 0.18140442483926536 0.8595422114599479 0.1808607568045031 0.8588163850579883 0.13426370579797312
0 0.8055375051033824 0.12701757373727954 0.8047676728403178 0.18576928985988633 0.835004456809815 0.18635067919293186 0.8357742890728798 0.12759896307032506
0 0.8105328731351029 0.18227738474571653 0.8105328731351029 0.1333907377054763 0.7874720719559621 0.1333907377054763 0.7874720719559621 0.18227738474571653
0 0.7238867382120516 0.13395761317961205 0.7207210192752159 0.18572880167817865 0.7533183879193424 0.18865382313216705 0.7564841609174324 0.13688263463360045
0 0.7579055934801262 0.19157774765604044 0.7586460704820361 0.23552893773680592 0.7817267121415522 0.23495833761190651 0.7809862351396424 0.19100714753114104
0 0.7233342321917903 0.19362607636676837 0.7233342321917903 0.24425868415013915 0.7564841609174324 0.24425868415013915 0.7564841609174324 0.19362607636676837
0 0.7521482861284876 0.2513051176275818 0.7528808701872509 0.30100214225539834 0.7759471856143434 0.3005031536577086 0.7752145474943257 0.2508061454019833
0 0.7184997504532495 0.2473183333106307 0.7177228902271092 0.3037841862363365 0.7528808701872509 0.30449404736956814 0.7536577844746457 0.24802817807177105
0 0.7529833703256477 0.3044762345342677 0.7544485925044287 0.36038735189151355 0.7766862570236381 0.35953217207618027 0.7752210348448572 0.3036210547189344
0 0.75432214323032 0.30187510216184954 0.7211723226271867 0.30187510216184954 0.7211723226271867 0.36036449645210233 0.75432214323032 0.36036449645210233
0 0.7760121131809123 0.4205744338137909 0.7983522237772642 0.4214473937202421 0.7997231090670671 0.36996725188816054 0.7773829984707152 0.3690942592375268
0 0.7759823254297221 0.42098543879300226 0.7752616889081876 0.36773390217400415 0.7507189606226472 0.3682212665868931 0.7514395971441818 0.42147280320589126
0 0.7240548687133248 0.3725861643516966 0.7240548687133248 0.42409174841360986 0.7507189606226472 0.42409174841360986 0.7507189606226472 0.3725861643516966
0 0.7297832532938441 0.4209528583313774 0.7264562696350476 0.37393312904456144 0.6934255459754207 0.3773627547235448 0.6967525296342172 0.42438248401036077
0 0.7356064613146314 0.4851728120075275 0.7341439962598262 0.42671066087714593 0.7096207840871346 0.4276108966876509 0.7110831950806853 0.48607304781803246
0 0.8898044042190268 0.06617158062979898 0.8592282777554805 0.06717263168531426 0.8603771334733448 0.1186641971440786 0.8909532058756366 0.11766315018158614
0 0.8331232332782053 0.06725622349030982 0.8346095934074679 0.12037274765865998 0.8610233817087855 0.11928810479814914 0.8595370756407772 0.06617158062979898
0 0.8155893844455824 0.12506268873746815 0.8451360224410429 0.11807887850912856 0.837196910983171 0.06879050946542634 0.8076502729877104 0.07577431969376593
0 0.9128651513369131 0.06180670333010956 0.9128651513369131 0.11593121213462732 0.9388084986021922 0.11593121213462732 0.9388084986021922 0.06180670333010956
0 0.9676345000761183 0.06180670333010956 0.9431324258539083 0.06180670333010956 0.9431324258539083 0.11767716469171222 0.9676345000761183 0.11767716469171222
0 0.8898044042190268 0.06442562807271408 0.8898044042190268 0.11767716469171222 0.9128651513369131 0.11767716469171222 0.9128651513369131 0.06442562807271408
0 0.7567589002124391 0.12205490636211608 0.7870262287906886 0.12118193008357363 0.7860307448516386 0.07053646202251124 0.7557635243958979 0.07140943830105369
0 0.8091004661377602 0.07247580990770856 0.7831570648112267 0.07422175427874782 0.7853101623913585 0.121169069805882 0.8112535096566376 0.11942312543484275
0 0.5790978322734445 0.653104135406887 0.5216095808652569 0.653104135406887 0.5216095808652569 0.6925665728524008 0.5790978322734445 0.6925665728524008
0 0.9192363782938441 0.7680095623491148 0.9663268664539969 0.7667958009908128 0.9656135822630647 0.726191049993294 0.9185230941029119 0.7274048768399611
0 0.9863058517631754 0.7250651085325577 0.9863058517631754 0.7645275459780714 0.9997197464570416 0.7645275459780714 0.9997197464570416 0.7250651085325577
0 0.9684403371346324 0.7176725854177843 0.9663029713795395 0.7642775768885797 0.9823819777942316 0.7653597066330807 0.9845193435493246 0.7187546496739203
0 0.9994127866543955 0.767369741022331 0.9756217260504318 0.7686227299113131 0.9763937207636736 0.7901300258390893 1.0001846732451285 0.7888769714617422
0 1.0000216245017715 0.8226548223536414 0.9992885538917183 0.7906811104311964 0.9794407211857838 0.7913489607782322 0.9801737917958371 0.8233226727006773
0 0.9794407211857838 0.7940134203996781 0.9537792493010961 0.7940134203996781 0.9537792493010961 0.8250989791149745 0.9794407211857838 0.8250989791149745
0 0.93459301822686 0.7800843071016631 0.9375258412796169 0.8156106318527026 0.9545124280336581 0.8135529219336776 0.95157971310341 0.7780265971826381
0 0.9163076638964238 0.7809869332374932 0.9186029966369574 0.8152795881672479 0.9361828515970992 0.8135529219336776 0.9338875188565655 0.779260267003923
0 0.9013569699229129 0.7815922421958825 0.9022124892742471 0.8168268817688774 0.9193196326256643 0.8162173815551234 0.9184641673355846 0.7809827419821285
0 0.9860393297788419 0.8997042414456478 0.9860393297788419 0.9512173894137272 0.9992365469649579 0.9512173894137272 0.9992365469649579 0.8997042414456478
0 0.9819145641884411 0.9353658651589324 0.976049242450454 0.8945105556766363 0.9471805325855293 0.9005923946527964 0.9530460705685341 0.9414477041350925
0 0.9439967571897143 0.8903608854236521 0.9420482814575952 0.8419739555391631 0.9041739397074291 0.84421208590397 0.9061224154395483 0.8925989503000938
0 0.9129560823668623 0.9594647321578259 0.9459924824582041 0.955560315832048 0.9410393903274469 0.8940613054922211 0.908002990236105 0.8979655908412688
0 0.8760618711594885 0.9529936958280244 0.9097883091023583 0.9529936958280244 0.9097883091023583 0.8943753222027562 0.8760618711594885 0.8943753222027562
0 0.8783549333273362 0.8963016624614405 0.9053891826457319 0.8943753222027562 0.9032325710840622 0.8499643219387071 0.8761983217656665 0.8518906621973914
0 0.9156215184552148 0.7848055598050228 0.9163869176954162 0.7291778433476395 0.8885581841819364 0.7286160186636601 0.8877928390029893 0.7842437351210435
0 0.8424533948737821 0.7334235850321889 0.8450189798252048 0.8064605319960435 0.8873422384473262 0.8042788526019313 0.884776599434649 0.7312419711264417
0 0.8843174572007861 0.7929654100933812 0.8890538718237931 0.8331279181615477 0.9046560039131698 0.8304278983578661 0.8999196433514172 0.7902653902896996
0 0.8833937125463629 0.8091120904095694 0.8613981883857396 0.8091120904095694 0.8613981883857396 0.8384213427105687 0.8833937125463629 0.8384213427105687
0 0.8526650792840733 0.7627096544519515 0.8496672746034931 0.7318423684574503 0.8335022026717505 0.7341460526756974 0.8365000073523307 0.7650134696469286
0 0.8606650096531776 0.8259871323221232 0.8569750587321469 0.7768181403819072 0.8298713407018102 0.7798029035969354 0.833561291622841 0.8289719610255164
0 0.7712167717905779 0.716743698447559 0.7704506156928145 0.6629189421690584 0.7448221211733281 0.6634541785768173 0.7455882772710917 0.7172789348553179
0 0.7903939746353243 0.6637217640365142 0.7925935108330104 0.6859257251919595 0.8188736056521257 0.6821055269036682 0.8166740694544398 0.6599015657482229
0 0.8137413545241917 0.6741120825509657 0.7704834849355071 0.6741120825509657 0.7704834849355071 0.7158555452404104 0.8137413545241917 0.7158555452404104
0 0.8628645999121181 0.6652304849911146 0.8313376981669343 0.6652304849911146 0.8313376981669343 0.7105265605091537 0.8628645999121181 0.7105265605091537
0 0.8335648596656333 0.7116290571351931 0.8328316809330713 0.682319870322559 0.8144745332567538 0.6829936801108167 0.8152077119893157 0.7123028669234509
0 0.7931965641261626 0.7913158236655042 0.7954349703657828 0.8383172162100992 0.8320708768994962 0.8357568830891229 0.8298324165986216 0.7887555560328929
0 0.8112237759667017 0.7294096721600054 0.7811632857478964 0.7267451470501944 0.7785485591161979 0.7700331528299357 0.8086090493350033 0.7726976124513815
0 0.8094980866640833 0.7852785167775952 0.8339674538273638 0.784256374375503 0.8325741871782274 0.7353127278995104 0.8081048740762012 0.7363348048132377
0 0.7858630468404008 0.8362735208012003 0.7865962255729628 0.7767669284804185 0.7580193924206986 0.776250290768341 0.7572862136881366 0.8357568830891229
0 0.78294763151157 0.7806910568040839 0.78294763151157 0.8188818411765693 0.8100754068001274 0.8188818411765693 0.8100754068001274 0.7806910568040839
0 0.7536203200253266 0.732730521664599 0.755868078861963 0.778111863033966 0.781481274046446 0.776250290768341 0.7792335152098095 0.7308688839106089
0 0.7301584924608338 0.7798029035969354 0.730898266666436 0.8380523157733705 0.758752625214515 0.83753318950342 0.7580128510089128 0.779283777326985
0 0.7293068655198184 0.7322043881395855 0.7301392466542571 0.7795955674331075 0.7565530349555746 0.7789147503897867 0.7557207078823904 0.7315236365846298
0 0.7301584924608338 0.7336186748717476 0.7052303074312167 0.7336186748717476 0.7052303074312167 0.7815792100112325 0.7301584924608338 0.7815792100112325
0 0.7308916711933957 0.7842437351210435 0.7059634321025243 0.7842437351210435 0.7059634321025243 0.8330923579793119 0.7308916711933957 0.8330923579793119
0 0.677369299348843 0.7282896901404908 0.6758476372204384 0.7706867267133852 0.7037196737987157 0.7721547139049088 0.7052412818658658 0.7297576773320145
0 0.6770753142472598 0.7791359700870104 0.6794738499224978 0.8304679117489271 0.7059634321025243 0.828651591943569 0.7035648423660319 0.7773196502816524
0 0.6526850927604628 0.7360782213988734 0.6548847370806576 0.7822624501240611 0.677369299348843 0.7806910568040839 0.675169763151157 0.7345068280788962
0 0.6803020683403455 0.8322042047721634 0.6777863819267604 0.775319177193703 0.6522375736963021 0.7769771461323095 0.6547532601098871 0.8338622391991349
0 0.6544694925853908 0.7242877616391161 0.6008595415086636 0.7257309287402763 0.6019068161294564 0.7828211968548819 0.6555167672061836 0.7813780297537218
0 0.6099164775243578 0.7824673632183812 0.6099164775243578 0.8339805111864605 0.6517079355866641 0.8339805111864605 0.6517079355866641 0.7824673632183812
0 0.8643309033159876 0.897039781824202 0.8650812194662035 0.8479612293161548 0.8357368246235607 0.8473029402704197 0.8349865084733448 0.8963815582668321
0 0.8101333604648749 0.8487104817009791 0.8108665391974369 0.9002236951574235 0.8357368246235607 0.8997042414456478 0.8350035918297443 0.8481910279892033
0 0.7646180550750111 0.8499673998918656 0.7646180550750111 0.9299015814654306 0.7998108504830048 0.9299015814654306 0.7998108504830048 0.8499673998918656
0 0.8348494091321136 0.9598367715598176 0.8364933037567814 0.9010901717157322 0.8027435654132529 0.8997042414456478 0.8010996167273307 0.9584508412897331
0 0.841894725870516 0.8964441651438438 0.8396673481267991 0.9652489920030848 0.8709017244242693 0.9667327618905914 0.873129102167986 0.8979279350313506
0 0.5512618545518712 0.043519752731650686 0.5512618545518712 0.0008881581955201636 0.5226677217981898 0.0008881581955201636 0.5226677217981898 0.043519752731650686
0 0.5226677217981898 0.04440791003182211 0.5241566228064105 0.002023142678543222 0.5021386091639448 0.0008881581955201636 0.5006496540944697 0.04327292299065979
0 0.47794360286688997 0.0017763163910403273 0.4361521448045837 0.0017763163910403273 0.4361521448045837 0.041743434038285024 0.47794360286688997 0.041743434038285024
0 0.58058911197686 0.7629279271727468 0.58058911197686 0.6945397372921137 0.5241340792633138 0.6945397372921137 0.5241340792633138 0.7629279271727468
0 0.47203243718514726 0.49115494494786077 0.4251087550255342 0.49470759052063773 0.4273539729832125 0.5382238887410307 0.4742776551428255 0.5346712431682538
0 0.42516170802424713 0.5748155454709295 0.4720781189451395 0.5719738743335904 0.4706044091494132 0.5362704035550228 0.42368805228977524 0.5391120419481793
0 0.421488489061462 0.6146054902301837 0.4701072618536869 0.6155257327362191 0.47061170741876107 0.5764147058576985 0.42199296165716343 0.575494397863298
0 0.50990661675155 0.5864613414322358 0.4717811064133082 0.5891258665420467 0.4735444764102635 0.6261514819231156 0.5116699867485053 0.6234870223016697
0 0.5138232465124003 0.6236264470309147 0.47231296103437775 0.6247438750041913 0.4728112976777015 0.6519081213955203 0.5143215290944697 0.6507906934222438
0 0.4725454244284212 0.6206268179570145 0.42394370796196856 0.6167661478591068 0.4220099639216812 0.6524882828217208 0.47061170741876107 0.6563488874312634
0 0.4215756087729739 0.6996025773077053 0.4725206103126384 0.7007669604387406 0.4731666423030613 0.6592896424649611 0.42222166779402404 0.6581252593339257
0 0.41637275364675597 0.7562887822097974 0.46987852868619906 0.7593752488557873 0.4721792675521756 0.7008472491743227 0.4186735465739869 0.6977608480166979
0 0.5514314987682684 0.7762908280663224 0.44175243124273417 0.7781490604253286 0.4423159387282717 0.8269572114739807 0.5519950332844331 0.8250989791149745
0 0.37529798563441097 0.0017763163910403273 0.37529798563441097 0.04529607142501635 0.40462527009002713 0.04529607142501635 0.40462527009002713 0.0017763163910403273
0 0.38752772261127105 0.4347388795517033 0.3288249580917156 0.44120353076591 0.3313069913744187 0.4742764976403232 0.39000970183271977 0.46781184642611656
0 0.3357402575132169 0.4957847431493931 0.38658486730340735 0.49489210398923683 0.3862956936534682 0.47072385206754624 0.33545113792453224 0.4716164912277025
0 0.3978742357901074 0.49262155688371784 0.34505366011992084 0.4935488721331813 0.3453548353683431 0.5187209297147432 0.3981753840079025 0.5177936144652796
0 0.3450663374840844 0.48878858836423683 0.3252704306130287 0.4932293543999799 0.3298406609399219 0.5231251532427743 0.34963654078035045 0.5186843872070312
0 0.3943487392050487 0.5433564738654272 0.39288238173992474 0.5193762390398672 0.35110292527610165 0.5231251532427743 0.3525692827412256 0.5471054535566993
0 0.3862956936534682 0.5417764688254426 0.33950381283215236 0.546275061087547 0.3408383959896064 0.5666448896023337 0.38763027681092227 0.5621462973402294
0 0.40193410084456654 0.6211549816213452 0.39378288005494355 0.5559853484190584 0.3326871481693562 0.5671989866592342 0.3408383959896064 0.6323686198615209
0 0.4010158704380951 0.7019392676619501 0.40435042267251164 0.631922316653534 0.3493051993519569 0.6280755300890223 0.3459706741481676 0.6980923501207081
0 0.3500667872737212 0.7439125945128084 0.4034904432676871 0.7343955633466336 0.3987598131989039 0.6954278904992623 0.345336157204938 0.7049449871538023
0 0.34813374602974145 0.7076691066758315 0.3160023043069088 0.7165659630247452 0.32388816542916854 0.7583589349181867 0.35601963418262844 0.7494622095460032
0 0.2535896132328111 0.40500012180835904 0.25928029008836634 0.4690113313208322 0.30566603573578666 0.4629600426669796 0.2999753318496042 0.3989488331545064
0 0.7185411613741419 0.11345183900497502 0.6767497573730902 0.10723473381075224 0.671503869488347 0.1589803245446201 0.7132952734893988 0.16519742973884288
0 0.3153960343691181 0.5232183431862761 0.31145818556590454 0.4640678111064076 0.2760463880162201 0.4675272667356827 0.2799842368194337 0.5266777988155512
0 0.24722360318693257 0.4704379626098109 0.24872774946890225 0.526011880375285 0.27853988228486215 0.524827785246362 0.2770357360028925 0.4692539002250704
0 0.29978011665986215 0.5595396639451449 0.32125373347023084 0.557538666950275 0.31905419727254486 0.5229005281505666 0.29758055343154893 0.524901492401254
0 0.27405904224216676 0.5288908798807169 0.2767234241360579 0.5622425652368898 0.2992646155682573 0.5596001097061092 0.29660026070499335 0.5262483916057538
0 0.27739643269244074 0.6299302915646795 0.33057383967248394 0.6199344749614405 0.32253866136549214 0.557206509962614 0.26936125438544894 0.567202326565853
0 0.2892594451498837 0.6241153176762003 0.291459008378197 0.6543126576959831 0.33057383967248394 0.6501318149812232 0.3283742764441707 0.6199344749614405
0 0.33576850451865586 0.6935105876349584 0.3273404090144763 0.6471033710266899 0.3001501929770538 0.6543495931338854 0.30857834254248784 0.7007568097421539
0 0.26731679289609167 0.4709261128830807 0.26192318263362213 0.40558932062893976 0.2342655259597819 0.4089396726419997 0.23965916325287864 0.4742764976403232
0 0.20637314883452584 0.47925367887439646 0.2424583468846878 0.47122483806037085 0.23321971099285874 0.41029364458992756 0.1971345129426968 0.4183225181481357
0 0.2043703956029603 0.41737581834261 0.15555040682175184 0.4265525719638546 0.16220079258123893 0.4784694884468046 0.2110207813624474 0.46929273482555994
0 0.2446425026554888 0.4753044030185421 0.21384884721943506 0.47796886263998795 0.21693046035969332 0.5302304443883282 0.24772412931106066 0.5275659520226998
0 0.26728814043124444 0.5688061366265423 0.26875449789636846 0.5270626739370976 0.24405826267887787 0.5257896456084026 0.24259187818312666 0.5675331082978474
0 0.27513853737059896 0.6243290062114405 0.27273373058984723 0.5650966791635931 0.2409592553300072 0.5669897513328193 0.24336398101887732 0.6262220128923015
0 0.23277919286114648 0.6254254124195279 0.2350816076260103 0.7077038155093214 0.2690920563690213 0.7063072106357297 0.26678961457353023 0.6240288075459361
0 0.29942950239426486 0.7145674545877482 0.29227000828650906 0.6202503908345628 0.2639072577017825 0.6234097460308812 0.27106680587079274 0.7177268097840666
0 0.4001419702602552 0.7290317388051569 0.3788797059240755 0.7308080452194541 0.3811634695561614 0.7709213060370842 0.4024257338923411 0.769144999622787
0 0.4037862394212937 0.8124582839114471 0.38684482084532773 0.7604683151572559 0.36869932298009855 0.769144999622787 0.38564074155606454 0.8211349683769783
0 0.34972379564499834 0.7734849790646795 0.36548121868772143 0.835521583393408 0.3862956936534682 0.8277634387364203 0.3705382165494907 0.7657268344076917
0 0.3071119850773638 0.7913489607782322 0.25798871265881035 0.7913489607782322 0.25798871265881035 0.8277634387364203 0.3071119850773638 0.8277634387364203
0 0.3335516687195527 0.801911251739371 0.34064096428843277 0.8333998258533396 0.35770158793041407 0.8277634387364203 0.35061223830027954 0.7962747991340866
0 0.27978085838027295 0.7398730102015155 0.1885796167662547 0.7434952371621848 0.19083684983772975 0.8268924434809214 0.28203810496706155 0.8232702165202521
0 0.15394015181265225 0.7612755902335367 0.15471434952201202 0.827861736772398 0.18981753840079024 0.8272627801854211 0.18904334069143047 0.7606766991349249
0 0.11941720237765723 0.7460528852601931 0.11062845748752699 0.8248365017477535 0.15168979803580326 0.8315582275390625 0.16047856319890388 0.752774545563137
0 0.07606588115303574 0.7303611526161816 0.07102709517635214 0.8259871323221232 0.11337911438582955 0.8292618780177039 0.11841790712016995 0.7336358983117623
0 0.308649865582097 0.39334574687122786 0.3058423024558514 0.3627367797327656 0.2720443414733725 0.36728589626852537 0.27485193163024524 0.39789486340698765
0 0.27082607110482176 0.3631305612719622 0.21927262366187583 0.37288842590070076 0.22352912301400577 0.40588827501550767 0.27508258397226526 0.39613041038676905
0 0.1905359043496388 0.37125013621579933 0.1905359043496388 0.4067764609668388 0.21326453966625608 0.4067764609668388 0.21326453966625608 0.37125013621579933
0 0.20080044715144763 0.5693094147121446 0.23965916325287864 0.5693094147121446 0.23965916325287864 0.5328949367539565 0.20080044715144763 0.5328949367539565
0 0.24030789830602303 0.5719778036354949 0.202182360937154 0.5737541100497922 0.20373318911232285 0.6225989345828863 0.24185869945056465 0.620822628168589
0 0.20519956009276047 0.6234870223016697 0.2068304529857382 0.6946081726336172 0.2352600367962522 0.6936515840849651 0.23362914390327447 0.6225304337530178
0 0.18400815654582317 0.4776843156937366 0.18621573435510547 0.5284957558300362 0.2147309106466937 0.5266777988155512 0.2125233193220978 0.4758663586792516
0 0.29601380421695084 0.040587617604006004 0.3216671398828471 0.041738567434155376 0.3228814367491973 0.002023297829689386 0.29722810108330106 0.000872343714656748
0 0.2557891764611243 0.0008881581955201636 0.2597782212722819 0.04075400716757058 0.29735171214155226 0.03523695622390943 0.29336266733039473 -0.004628890062094758
0 0.18485717503131227 0.521223174655898 0.18329673746816874 0.4777469880591135 0.14801126755477054 0.47960541688321484 0.14957171863322768 0.5230816362241819
0 0.1520088270135006 0.3925415824922881 0.19086752959961803 0.39165342928513946 0.1905359043496388 0.37036198300865075 0.15167720176352137 0.37125013621579933
0 0.11512338724465788 0.40966616781996046 0.15426920915304612 0.41085167094873254 0.1551191601951741 0.3696668895017436 0.11597333828678587 0.3684813536287889
0 0.09539063743408852 0.3702425649749363 0.10035439314728188 0.41032910653961574 0.11871083802729185 0.40699362038542786 0.11374708231409848 0.3669070460765659
0 0.09486335098901821 0.4850247428140927 0.15618185578879262 0.4971796125813104 0.16646008960328554 0.4210913662235113 0.10514163210710875 0.40893652920047613
0 0.18875226138227275 0.5117588616236085 0.1570387537021147 0.509078586561997 0.1551564624607299 0.5417606861294595 0.18686998365620155 0.544440961191071
0 0.17622559296546308 0.6244816595904306 0.20837776717936918 0.6226269636031384 0.207064038150811 0.5892065482078193 0.17491180987565047 0.5910612441951113
0 0.17302407196288197 0.5391755656623022 0.17900107073720523 0.5907632721340196 0.20593273882532245 0.5861843911363331 0.19995574005099923 0.5345967501529808
0 0.10402026653712149 0.4129935661610616 0.07835894332088339 0.4129935661610616 0.07835894332088339 0.4591777948862493 0.10402026653712149 0.4591777948862493
0 0.1092968139107825 0.5218881107706881 0.10760514265251328 0.4634818212157155 0.0834911876911606 0.4645067468733235 0.08518296707193866 0.522913036428296
0 0.14008313053154756 0.5788515934105083 0.06932615917060521 0.563183633043019 0.06076250507094567 0.6199344749614405 0.13151951697782882 0.6356024353289297
0 0.14894371607115672 0.6285258935756438 0.15571642893410237 0.5683617325811428 0.13065433417726555 0.5642218200945547 0.12388167537557435 0.6243859810890557
0 0.1622968323997315 0.6580913363608167 0.18865541064496374 0.6604565141538694 0.1905359043496388 0.6297041602400751 0.16417731258909296 0.6273389824470226
0 0.15893391152205352 0.6526755795458355 0.1648849744095646 0.7091454763780848 0.20634392872650714 0.7027340999488667 0.20039286583899607 0.6462642686049825
0 0.15804530668300903 0.6268725088225925 0.026841150964647398 0.6072633931565182 0.02193945926095238 0.6553911200920399 0.15314357274395898 0.6750002357581143
0 0.06382935273108807 0.7705291617070145 0.014382305770346927 0.7748075165973712 0.017504736847113043 0.8277634387364203 0.06695178211844 0.8234850838460636
0 0.06580942050876398 0.36351252216126273 0.06660657397828554 0.4108370997875034 0.0871570610810002 0.41032910653961574 0.08635980624662658 0.36300452891337515
0 0.05709662492344927 0.41654617898965596 0.01547896872588868 0.4222534900059516 0.01801946249759968 0.449438037790454 0.059637118695160266 0.44373072677415837
0 0.058535519271323486 0.4246792772808812 0.06002936688432448 0.46539490008047213 0.07911955814006795 0.46436709293480083 0.07762571052706696 0.4236514701352099
0 0.06295264136801788 0.500594699843247 0.06369524027416408 0.456513302520621 0.04097602513113098 0.45595167430173683 0.04023342284615637 0.500033071624363
0 0.014571996575652023 0.4476317377049524 0.014571996575652023 0.4947041196372888 0.03730068088528115 0.4947041196372888 0.03730068088528115 0.4476317377049524
0 0.0735313611499391 0.41109335576004224 0.06298506460536149 0.3615878518558879 0.04735221896581253 0.36647482286707017 0.057898414145538084 0.41598032677122454
0 0.0526168255599016 0.3659822848733403 0.00863570254708519 0.3742495033362393 0.015305232748296854 0.4263159297566557 0.05928635576111326 0.4180487112937567
0 0.41596918638244573 0.8079103789104413 0.3881082593919536 0.810574773043522 0.38922843561434345 0.8277634387364203 0.4170893896354628 0.8250989791149745
0 0.1051769408639075 0.5172408271756807 0.06029182751691901 0.5139784915252816 0.05766878896735219 0.5669351995247116 0.10255400367919273 0.5701975679192932
0 0.12125112231164194 0.5637468329826649 0.15056236409000637 0.5674843849542315 0.15247867337574042 0.5454312762477367 0.12316748565863042 0.5416937570203527
0 0.0031344730100133335 0.5762368394581545 -0.0028242574950252835 0.6580420236219152 0.05700337601721656 0.6644369624714994 0.0629621088451997 0.5826317783077387
0 0.015835604063697998 0.5295236284640725 0.08264411541083093 0.5322515790554587 0.0834911876911606 0.5018093780386601 0.01668267465461346 0.499081427447274
0 0.05948335497225144 0.468417351849601 0.057829763110070445 0.5044738704042885 0.07890486062576119 0.5058922174150852 0.08055844573028538 0.46983569886039767
0 0.38395530085736823 0.8189253909393441 0.40296021048425046 0.8667404109316322 0.4299084483468501 0.8510227448950509 0.4109035387199679 0.8032076594143978
0 0.36166614299331545 0.8229935281778098 0.3671218966677508 0.8494292819960435 0.3899368272617499 0.8425199320387943 0.3844811006179418 0.8160841782205607
0 0.366943359375 0.8483597915060018 0.37343571057247843 0.8719537432101663 0.39645396554438384 0.8626591760201515 0.38996164137753264 0.8390652243159872
0 0.41789722696039083 0.8895991902494635 0.41271680725476084 0.8550846607388345 0.39468670313710974 0.8590557442202589 0.39986706878148526 0.8935702737308878
0 0.4325412314375277 0.8528539305592812 0.41250377888168455 0.8589220824671405 0.4185546658754982 0.8882417474181867 0.4385921184313413 0.8821735955103273
0 0.42313857369976193 0.8972249174322693 0.4521614662623173 0.956992873818066 0.49051987248463796 0.9296597329332081 0.4614969799220826 0.8698917765474115
0 0.47703034609582595 0.8211309735867087 0.5024738970639117 0.8725005055701783 0.5462438889157993 0.8406875020956277 0.5208002298252048 0.789317970112158
0 0.5052339403475143 0.9285370004023605 0.5782921573986936 0.8740749768433141 0.5209138125207595 0.7611268006680861 0.4478556225002076 0.8155888242271325
0 0.5391234810949955 0.9708731982841 0.5145738870301428 0.9146999637456411 0.4894704894749225 0.93079916499715 0.5140201376010297 0.9869723995356089
0 0.4882546518628211 0.8820811259388412 0.4707428600220051 0.8962233383768107 0.4904598644922221 0.9320502547235447 0.5079716563330381 0.9179081077739405
0 0.40364457190406333 0.9388911693392905 0.4166004326197824 1.0086441367480887 0.4498453199388286 0.9995829046028366 0.4368894321924823 0.9298300681707685
0 0.4671108087044675 0.8763457204139283 0.3524409953844663 0.8763457204139283 0.3524409953844663 0.9999329399141631 0.4671108087044675 0.9999329399141631
0 0.2627684033159876 0.9075879927868495 0.3129612506227856 0.8923874228809013 0.30200016910360383 0.8392755074562432 0.2518073217968058 0.8544761428505566
0 0.2950736790024358 0.7893317881571889 0.24270043318201948 0.8020205518206813 0.25145635613305467 0.8550538157188842 0.30382954789221656 0.8423651175437568
0 0.21023967732783436 0.8469200952881907 0.22395147656422995 0.9038691049993294 0.2573325171525548 0.892074977891128 0.24362071791615922 0.8351259681799893
0 0.1585141393967283 0.8242552270193468 0.1585141393967283 0.8814526340992154 0.208260589410395 0.8814526340992154 0.208260589410395 0.8242552270193468
0 0.12984668606672803 0.822212448447559 0.1037087115278489 0.822212448447559 0.1037087115278489 0.8702173846985649 0.12984668606672803 0.8702173846985649
0 0.0758844245525458 0.8334476323598444 0.0758844245525458 0.8773670769556398 0.1037087115278489 0.8773670769556398 0.1037087115278489 0.8334476323598444
0 0.14502357232876856 0.83753318950342 0.12816036687264726 0.83753318950342 0.12816036687264726 0.8691960281568536 0.14502357232876856 0.8691960281568536
0 0.14482899235876606 0.8867166543723176 0.150770013368267 0.9442911434582886 0.18719455391247786 0.938775647863298 0.18125351938766332 0.881201158777327
0 0.17810520817475364 0.8895635645788627 0.18871912183330797 0.9409931493931062 0.2248261876608863 0.9300583606114203 0.21421232806358642 0.8786287757971768
0 0.26538867122626497 0.9239844457274343 0.23086685707761292 0.9359327324470226 0.24356195333259523 0.9897576197022532 0.27808382154250166 0.97780939847103
0 0.27583038627415024 0.9988111897087916 0.33069915366024966 0.988585574432504 0.31818335155558014 0.8900369144816256 0.2633145841694807 0.9002625952462782
0 0.35260963946765667 0.9116854688128688 0.3600294385154866 0.9386499756907188 0.3797594176867665 0.930683250590967 0.37233956457768214 0.903718743713117
0 0.3480268128684815 0.8917265143005633 0.352391394183528 0.9128751304528232 0.3636996841092781 0.9094504818895855 0.35933504873297717 0.8883018657373256
0 0.3737694306960668 0.8811564957123458 0.36546259458557073 0.8570058929050429 0.34169445595348485 0.8690026410147867 0.3500013190946081 0.8931531783337245
0 0.22561618477185286 0.9781896894070212 0.21852018560742362 0.9309120014501744 0.18854415258334947 0.9375142109752213 0.19564015174777874 0.9847919644204333
0 0.1879200694622246 0.9702750930458691 0.1824960902900797 0.9330426654078929 0.160947436458564 0.9376491824956411 0.16637136156945445 0.9748816101336172
0 0.15345516829917238 0.974398371487728 0.15345516829917238 0.9999329399141631 0.19308370314835446 0.9999329399141631 0.19308370314835446 0.974398371487728
0 0.1012834966235503 0.8801469270763479 0.10325667159128654 0.9327323160458021 0.13886413033606207 0.9307716598838184 0.13689096212598262 0.8781862709143643
0 0.10455187788254608 0.9284361483201449 0.10455187788254608 0.9662273226889417 0.13996460123121263 0.9662273226889417 0.13996460123121263 0.9284361483201449
0 0.10596575538493343 0.9686943348896861 0.10962380340819447 1.0041441037419527 0.13836906439863125 0.9997914850456009 0.13471111774022226 0.9643417161933342
0 0.07841390334366696 0.8783884334973511 0.07841390334366696 0.9059657804955741 0.10117923273672774 0.9059657804955741 0.10117923273672774 0.8783884334973511
0 0.10208723880845536 0.919872234819273 0.06732313563276753 0.9251363205807404 0.07124056279712065 0.9631003187449705 0.10600465921515169 0.9578362329835032
0 0.06829598142152554 0.9580562738901556 0.06829598142152554 0.9999329399141631 0.10792451627070762 0.9999329399141631 0.10792451627070762 0.9580562738901556
0 0.0 0.8283407186745574 0.0 0.8824739906409268 0.05564857732943458 0.8824739906409268 0.05564857732943458 0.8283407186745574
0 0.0 0.8763457204139283 0.0 0.9600989869735783 0.05902121909642452 0.9600989869735783 0.05902121909642452 0.8763457204139283
0 0.007618187802148351 0.99537874803011 0.05520219355161682 0.9998127032758852 0.059358507262805164 0.934360160336474 0.011774498979215394 0.9299261396023337
0 0.06941663067989164 0.7763671220116349 0.0738163585679736 0.7377261706176234 0.052531706114803615 0.7341698249522197 0.048131978226721654 0.7728107108578661
0 0.24620279155018268 0.9784838631429386 0.24620279155018268 0.9999329399141631 0.27992920246242525 0.9999329399141631 0.27992920246242525 0.9784838631429386
0 0.7255921545442593 0.8596247726243964 0.7317753564582872 0.9386115995087849 0.7640437083079605 0.9349048925571687 0.7578606145164415 0.8559180656727803
0 0.7600500412595493 0.9626250041912554 0.760612170183099 0.9061085451314378 0.7275068419923605 0.9056253064855485 0.7269446590075564 0.9621417655453661
0 0.8017048865319143 0.9328621139853809 0.7769721869983116 0.9328621139853809 0.7769721869983116 0.963503596097103 0.8017048865319143 0.963503596097103
0 0.701087755688109 0.8470660688539431 0.701087755688109 0.8858785997644515 0.7325657860592892 0.8858785997644515 0.7325657860592892 0.8470660688539431
0 0.6835598535934732 0.896689222605955 0.7054820166318369 0.8960082745859039 0.7044604211068977 0.8477470168739941 0.6825382580685341 0.848427964894045
0 0.7277202217635905 0.8964722596524611 0.6900590435396369 0.8957913771207752 0.6892835348448572 0.9587372219102065 0.7269446590075564 0.9594181044418925
0 0.6773595683230459 0.8975147034477267 0.6796079758947354 0.8580212245171673 0.6544328931161426 0.8559180656727803 0.6521844855444531 0.8954115446033396
0 0.6460899981489426 0.89813232421875 0.6474689926269098 0.9616111788115276 0.6901004544605293 0.960252164259489 0.688721459982562 0.8967733096667114
0 0.6049674940489371 0.8974542576867623 0.6497927075260186 0.9002035902293455 0.6518423318651738 0.8511650511123592 0.6070171724493467 0.848415718569776
0 0.6007645558846324 0.9729976408471366 0.6496623117803366 0.970776406480519 0.647729675995765 0.9083470684264351 0.5988319741613153 0.9105683682814176
0 0.5404874465442316 0.9841368843045869 0.5701168523202226 0.9778029806112527 0.5660199282758526 0.9496795261366685 0.5363904684386072 0.9560134953183678
1 0.6448221536100808 0.059876020374216236 0.6225675679182352 -0.00798544095821135 0.5895185715546114 0.007918724686291085 0.6117732113077115 0.07578018908848579
1 0.596468199872675 0.13407511567864808 0.5970860659495405 0.16326522827148438 0.6143443645683403 0.1627291241428883 0.6137264444302203 0.1335390197360976
1 0.5873187650506533 0.1752957520055157 0.5936344170380314 0.13524287146048483 0.5751563343355569 0.13096731619773505 0.5688407364094331 0.1710201967427659
1 0.5930236870467505 0.2203679064312718 0.5957508070264061 0.17164122290877312 0.5715333112475088 0.16965232488935086 0.5688061912678531 0.21837899203975825
1 0.5930182268600531 0.2463374158343532 0.6267853729275078 0.19725197067588185 0.6086295493626827 0.17892411850041073 0.5748625114177369 0.22800958003097338
1 0.6019130872349701 0.22439661967396224 0.6066572326173605 0.24278681677298483 0.6168645921272974 0.23892280676845828 0.612120446744907 0.2205326096694357
1 0.5929806542882252 0.27320619509455474 0.588914599220134 0.23169179433405143 0.5682795265272088 0.23465753317902527 0.5723455815953 0.27617193393952855
1 0.5686308165584865 0.2892650227689948 0.5849450975524524 0.31012568658001943 0.6113660219393545 0.2798046062944273 0.5950517409453886 0.25894397522758517
1 0.5401377242893324 0.39350190387774947 0.5965479402229573 0.3906936318065987 0.5948475515874114 0.3405726027591034 0.5384373356537865 0.34338087483025415
1 0.4806461249757806 0.2716747169330908 0.5243236720825952 0.27898747521920264 0.5269686189555193 0.25580528161044797 0.4832910718487046 0.24849253969642737
1 0.5007188525001384 0.13424240570723242 0.49822706116101084 0.1704651664766631 0.5186787040176595 0.1725296544414733 0.5211705494180414 0.13630691004413392
1 0.514258007120516 0.23528127711218313 0.5310724087792017 0.18209663685810923 0.5013565049961249 0.16831055014941826 0.4845421033374391 0.22149519040349216
1 0.6021486861817704 0.42792763116533666 0.5905387614869353 0.4078363901555794 0.5705206358295505 0.42481110535977734 0.5821305605243855 0.44490234636953463
1 0.6038051770787201 0.44833852088502546 0.5779914687015612 0.4355662595560622 0.5679160186524302 0.4654479129120004 0.5937296729683348 0.47822017424096364
1 0.4865925926566652 0.35854224994970496 0.4929444116232562 0.41576929051476996 0.5341166520773362 0.4090634456519917 0.5277648871719995 0.3518363723427441
1 0.4885645850344608 0.35923475666619165 0.45434051324457486 0.36426000636023004 0.4564925836608725 0.38576766247401423 0.49071670951201285 0.38074244552415837
1 0.47211450216937 0.3279721501559147 0.43853284026586026 0.32926354797101326 0.43925485534938274 0.3568163695765156 0.47283649022226526 0.35552497176141695
1 0.4479193877498062 0.31147543452839993 0.45242636640901795 0.3278543693313271 0.4737712633725919 0.31923554383633984 0.4692642847133802 0.30285660903341266
1 0.3788367542574319 0.20215135173224585 0.44000157642617915 0.21641779559876273 0.4503511440658907 0.15130548108800798 0.3891862948665163 0.13703902903544546
1 0.3857120753812832 0.12601982575117773 0.3188426826145926 0.12296307445084076 0.3164112776966619 0.20101376971461743 0.3832806704633525 0.2040705210149544
1 0.4490494301511293 0.258563864384598 0.45350845647766275 0.23047588823179319 0.4279455382597985 0.22452086747460098 0.4234865659945195 0.25260884362740577
1 0.393194909851777 0.2124782775093046 0.3830695342341812 0.2568232491292667 0.41781010724887896 0.26846341309117655 0.42793548286647476 0.224118474215397
1 0.3153775183894763 0.2588001955220628 0.38323847565427094 0.2664726159091671 0.3878719035875913 0.2063352069117992 0.3200109192921695 0.19866275378051235
1 0.30331656064894263 0.265214568043983 0.33241013830166355 0.22041387926355452 0.3038916102123007 0.19323720645495238 0.2747980055289526 0.2380378952353809
1 0.28429735182026405 0.05677092228836256 0.3060835508037395 0.057218232379962444 0.3063721568105071 0.03659065393930853 0.28458595782703167 0.03614334384770864
1 0.2801162814333758 0.09324252247298737 0.27401855036259964 0.1715408783613868 0.31735545750525906 0.1764934359701918 0.3234531885760352 0.09819506370970107
1 0.2550804334155641 0.05058311904448808 0.2431587915276932 0.11491371122040973 0.27689150057607675 0.12408701033039667 0.2888131154333204 0.059756414061452184
1 0.26577750679874335 0.11774527259139032 0.25818144103084867 0.1379888968406317 0.2721838195097985 0.14569892392138042 0.27977985824706597 0.12545529967213906
1 0.20171606910239287 0.1550361076649678 0.2426068261199762 0.23446133003726027 0.2957651224465788 0.194301277782784 0.25487437894430914 0.11487605541049155
1 0.25778041464549656 0.18896486012209127 0.2449988474140556 0.2973479242283899 0.28108505911273807 0.303592763745222 0.29386668040543346 0.1952097160110146
1 0.1944736585456571 0.1612630524860431 0.20627418970829411 0.1893422859421104 0.22874087121657716 0.1754871417524477 0.21694034005394017 0.14740789192428916
1 0.19785854180794674 0.14813862747388848 0.18678990542307905 0.13127019170016177 0.17614721766185507 0.14151791748570783 0.18721585404672275 0.15838636144548016
1 0.21586148014524745 0.11835489559582886 0.2056197511928075 0.1299860549075409 0.21615312709757667 0.1435965836815568 0.22639486956533023 0.13196542436984476
1 0.18061425856935756 0.2127723366405831 0.2142646593578734 0.22823427061154608 0.22449045375557047 0.1955770402507209 0.19084005296705464 0.18011512265184917
1 0.21949695083712772 0.24575619022222037 0.24426858798923273 0.23348036344470896 0.23519592014849977 0.20661487497485248 0.21042426948108114 0.21889071812445512
1 0.06359313883751869 0.022237882082042776 0.07111612054708259 0.09943033799593029 0.12463651915584865 0.09177636076964023 0.1171136523264504 0.014583909972031229
1 0.04210593575814638 0.08566946430779322 0.07822308063084726 0.06174787022013521 0.06513722287119755 0.03275568802469278 0.02902007124083986 0.056677278019327974
1 0.000864877438946463 0.05853020172774024 0.03519597150669149 0.06100567420664775 0.03703153355127948 0.023649782581902368 0.002700439061180905 0.02117431214950627
1 0.0008450129372129618 0.018723442830752918 0.04085261680258387 0.01938281857404586 0.041046939981627825 0.002084452962670715 0.0010393350075788472 0.0014250770914708084
1 0.011991669795912277 0.08299040896698129 -0.006192164256363659 0.10042878998195665 0.007575371288640822 0.12149512818954533 0.02575920618562386 0.10405674717456997
1 0.013792237314742894 0.35839362410516695 0.04662155408158146 0.371973095022046 0.055374591513161535 0.3409206079311125 0.022545377800589225 0.327341104270051
1 0.06220767052433362 0.32266248449235513 0.04462975501169453 0.2738656956750436 0.0320820837975393 0.2804984882665806 0.04966010405385885 0.32929527708389217
1 0.12229024719832955 0.3431902709437031 0.1335978883890265 0.35688811208045534 0.14429105584657329 0.3439347426778769 0.13298332004868108 0.3302369015411246
1 0.11016344284990173 0.3536059661996211 0.12564395063212744 0.3487139525843281 0.12292653464764172 0.33609499951800564 0.10744591874290717 0.3409869803891161
1 0.0938319433464003 0.3467470095392972 0.10694179078770275 0.35289450060144517 0.11044956879662243 0.3419173735917382 0.09733972811297678 0.3357699152737728
1 0.07769487514445167 0.34488700899443403 0.09129845050713782 0.3563308060936662 0.09746312968386708 0.3455772891065082 0.08385955432118095 0.3341334265189109
1 0.05382526353780309 0.33965406295055994 0.07205541456981081 0.35471108236026355 0.0805690484938102 0.33958526742304856 0.06233889746180248 0.32452824801334496
1 0.23646344031983504 0.3373057156673317 0.2647569654682656 0.32863400831754624 0.2591386496017632 0.3017345968745809 0.23084517851458702 0.31040630422436627
1 0.2512416518610911 0.3419295871718247 0.2784248129048107 0.3565646977895319 0.2853396528056494 0.3377177029720192 0.25815643770067537 0.32308259235431197
1 0.2893446727174906 0.3025746488775818 0.2751508363059815 0.353737532325057 0.2961176829173356 0.36227315485221634 0.3103115463594719 0.3111102714047411
1 0.3802236416785457 0.33107462870716536 0.3018061973227137 0.3226307881236588 0.2980510485288419 0.3738056231977602 0.37646849288467393 0.38224939829290167
1 0.3694147425905807 0.3619321896794528 0.3939347381186337 0.34582218284770655 0.3841636799625637 0.3239987745817127 0.3596436844345106 0.3401088141576415
1 0.4290639574914194 0.36272607238507576 0.4019116113627242 0.33329671442252884 0.38705755188150465 0.3534074054767134 0.4142099520714543 0.38283679618344285
1 0.4174009716753626 0.37225354894548013 0.3906523009334865 0.4149873921799557 0.4129585962151932 0.4354760165889887 0.4397072669570693 0.3927421406103306
1 0.3887148536972708 0.39702900898814714 0.38578808550501 0.4072221092911749 0.3955712804126993 0.41134424168664496 0.39849810266621455 0.4011511086394347
1 0.3873206409761819 0.4304841004727736 0.3979203500401351 0.44118421169821287 0.40603510651364594 0.4293882181716068 0.39543542448032 0.418688074201985
1 0.3905400697692925 0.49933928788475723 0.40737260897883915 0.49290017713292983 0.40344230172061835 0.4778235439578863 0.38660978954169894 0.48426268745389617
1 0.4051169031378017 0.48265557023077055 0.4133869235340318 0.4973248657750469 0.4256580173705298 0.4871731868629292 0.4173880240049269 0.4725039240628353
1 0.40704710616592393 0.5661187560773203 0.41524727942143214 0.578890493499363 0.42857789275285096 0.5663307419150684 0.42037771949734276 0.5535590044930258
1 0.4275757592795062 0.6238553943552173 0.42185686244913917 0.6088453955916376 0.40863985884390225 0.6162348407532524 0.41435872864364204 0.6312449704935622
1 0.40773454907723927 0.651416827680727 0.4083197080951755 0.6237743852476194 0.38721208597728907 0.6231186502481223 0.38662687289809844 0.6507610271928648
1 0.3492060239807075 0.6867875520763479 0.3422748575810313 0.6259147414833691 0.32790483554133915 0.6283158069004828 0.33483600194101526 0.6891885520050965
1 0.29134047907786204 0.7069607190308141 0.29827324028454383 0.7173744823799625 0.30684684165501824 0.7089988479286816 0.29991402638708203 0.6985850845795333
1 0.2260744079643905 0.7156914968858973 0.26368763385566596 0.7351394456855217 0.2719323265541962 0.7117405838209161 0.2343190466016663 0.6922925695329265
1 0.03015008323270732 0.7126434064218414 0.03015008323270732 0.6744850387900684 0.0 0.6744850387900684 0.0 0.7126434064218414
1 0.0395835558854974 0.7119601008206478 0.07580795490815642 0.7129354190417114 0.07661817768593611 0.6687737329835032 0.040393883406957556 0.6677984802508047
1 0.08543770370280669 0.6666177905168656 0.07117365523710834 0.7121715627514753 0.1384443041494824 0.7430817436251006 0.15270835261518076 0.6975279059021258
1 0.004446764558263328 0.7815931590329935 0.04608264108798058 0.7698246378755365 0.0372184469596383 0.7238049814117825 -0.0044174312594931564 0.7355734370808744
1 0.04513120355597632 0.7772800298207819 0.05407702004202073 0.738043265281317 0.04143527548750277 0.7338137647113063 0.03248945900145836 0.7730504637624062
1 0.16118323813506838 0.725932960346533 0.18914332698149636 0.7340324303622922 0.19303672391825594 0.7143096923828125 0.1650765674952599 0.7062102878554185
1 0.1183710765585211 0.7543565479982565 0.1487956152646493 0.7622541828728541 0.15190811089649994 0.7446592273630298 0.12148362625162616 0.7367615924884321
1 0.16467068911232285 0.7629467223335233 0.1968732484153565 0.7557384834780714 0.19428210600590262 0.7387517839030646 0.16207950615692815 0.7459600227585166
1 0.23510828685507085 0.7623083417507712 0.236842761111534 0.7349932756546741 0.19833765967532108 0.7314054955740343 0.19660322596479876 0.7587204961817664
1 0.2817751780561476 0.7454027167717274 0.2608996409035236 0.7407443328988399 0.2584177698045837 0.7570650812893978 0.2792932799265805 0.7617234651622854
1 0.300122351431023 0.7389994608997787 0.2917315041311448 0.7479318119425631 0.2986284497567676 0.7574389543656116 0.3070192970566458 0.7485065378344622
1 0.3153777076038668 0.7728683406191322 0.33245006253805914 0.8021663944097036 0.3503407156499114 0.7868683123281586 0.33326836071571914 0.7575701930492221
1 0.278936340494215 0.77913996487728 0.2947259570139504 0.8193557149862527 0.32722239329605846 0.8006331153182001 0.31143285786820474 0.7604174306975925
1 0.34536037664692204 0.865221277326985 0.33634412172518546 0.8154650512171405 0.30087466784765277 0.8248966855552575 0.30989094980001664 0.874652911665102
1 0.3324644698623644 0.9371914843121312 0.33398240176421334 0.9751914355887875 0.3581258065939161 0.9737762975078795 0.3566079017226943 0.9357762807428581
1 0.32209768371311726 0.9194947598829801 0.3322875814378737 0.9387819347463452 0.34373313288861823 0.9299083922553983 0.3335432351638618 0.9106212828803983
1 0.3304596082418761 0.9889162906761333 0.34469393653295227 0.979975295169159 0.3390480494266912 0.9667854145361119 0.32481374816624226 0.9757264100430861
1 0.45251064790467227 0.8258602813589726 0.4337238754394099 0.7553113683610515 0.4011998949481704 0.7680206953711776 0.41998666741343277 0.8385696083690987
1 0.4230683751608863 0.8560183938480753 0.4469292018136902 0.8783957681942396 0.46278725988153235 0.8535826195974718 0.43892648728998285 0.8312052452513077
1 0.5546686866834588 0.999224814222606 0.553487232029174 0.9698833416459898 0.5188000715338519 0.9719329310077455 0.5199815261881366 1.0012744035843615
1 0.5625856870882695 0.9421608724307604 0.5900770783741143 0.9557844170173351 0.600961230728244 0.9235546455874464 0.5734698935036536 0.9099310355125068
1 0.5586165638493689 0.7588165021249664 0.5612371831578 0.8223076685303782 0.5914184462189991 0.8204796263076717 0.588797826910568 0.7569884599022599
1 0.5600920576664914 0.7763671875 0.5314984655253543 0.7778730924549021 0.5324788123131643 0.8051897957601261 0.5610724044543014 0.803683890805224
1 0.5528384429147752 0.824909324809717 0.5642750472279119 0.8198052271241282 0.5601141146582983 0.8061240527762875 0.5486775103451617 0.8112282159502414
1 0.6075061564956543 0.8013614769145655 0.5823130172580824 0.8105880671816322 0.5909474105091619 0.8451839332416845 0.6161404956854795 0.8359573429746178
1 0.5703884560624723 0.854087600380566 0.5917043221324181 0.854087600380566 0.5917043221324181 0.8276923183719488 0.5703884560624723 0.8276923183719488
1 0.5524284964224424 0.8355402475774544 0.5639881982119131 0.8464316175730955 0.5742799473400133 0.8304025543605821 0.5627202455505426 0.8195111188765759
1 0.5604688646098593 0.8574155226285877 0.5649984408734223 0.9061888993553849 0.6000106716916243 0.9014174170760126 0.5954811494893157 0.8526440403492154
1 0.5745614442918235 0.6253168327102334 0.5852864403129152 0.6469702986688572 0.5980931730582927 0.6376620444105419 0.5873680689146922 0.616008643940283
1 0.6301378194371402 0.6067409924683141 0.6282964931112988 0.5926141043077723 0.6166346696122121 0.5948446380222304 0.6184759959380536 0.6089715261827723
1 0.5790964266808293 0.5308339524166779 0.5795464325626938 0.5722677206276824 0.6105401822167017 0.5717736764015557 0.6100900682123284 0.5303399081905512
1 0.6902392297006477 0.4947731116298954 0.7025429224735662 0.480516687483235 0.6910949112357452 0.46601854578108237 0.6787911644015722 0.48027496992774277
1 0.7052747457823572 0.9809462911581277 0.7249607731537865 0.9759781473184348 0.7214483053310452 0.9555547493210166 0.7017622238983614 0.9605229586490746
1 0.738351367446994 0.9789044294234509 0.6771001283630426 0.9792929718934416 0.6771870047989095 0.9993886661120239 0.738438243882861 0.9990001891303983
1 0.7811887485987323 0.9846638036899812 0.7946357828415633 0.985568721918589 0.7953524728915246 0.9699400545701449 0.7819054386486936 0.9690352018299021
1 0.8106662422497786 0.9777462676870976 0.8213966984575676 0.9767463258407658 0.8205820494145815 0.9639187268433141 0.8098516472680469 0.964918734178011
1 0.6034116111464792 0.980466130465397 0.6182435866052646 0.9858076889627482 0.6211628402831598 0.9739129062374262 0.6063307567018655 0.9685713477400751
1 0.8735725125768102 0.9449586663634992 0.8609068797054916 0.971041372405613 0.8844732076747952 0.9878340299549021 0.8971387864848593 0.9617513239127884
1 0.8843919536093888 0.9704494230736991 0.8503556365561338 0.9691805205120038 0.8496018604856345 0.9988528403089794 0.8836381775388895 1.0001217428706746
1 0.9303788353216342 0.9668973341520252 0.8819414110073904 0.9678752719076917 0.8823815236796945 0.9998640461541041 0.9308188939326838 0.9988861738868026
1 0.9985239115090788 0.9546557905336306 0.9486678658173716 0.9603177836012943 0.9519150010033769 1.002275655197995 1.0017710466950842 0.9966136621303313
1 0.835072033377851 0.5958446453569273 0.8311887594109831 0.6146612863172277 0.84405139149344 0.6185566652486253 0.8479347735828167 0.5997400242883248
1 0.8788192113803698 0.6237830297118093 0.8977213505625831 0.6186427824486991 0.894961145095217 0.6037485016262071 0.8760590599742581 0.6088887488893173
1 0.9443520477538198 0.47772491848008314 0.950021667750775 0.49231922984634857 0.96498095746374 0.48379156415554586 0.9593114455892936 0.4691972200450979
1 0.9954491236021922 0.47971632142946957 0.9515447895330491 0.48990064629157726 0.9578171925168845 0.5295803741324101 1.0017215265860275 0.5193960165261199
1 0.9600020240533658 0.5538541605544193 0.9876343530295062 0.5481894824637875 0.9842368194336802 0.5238694285118529 0.9566044904575398 0.5295341066024846
1 0.9858654687845992 0.5744069635612259 0.977067432116364 0.5461953944914331 0.9526704529727635 0.5573601456670803 0.9614684896409986 0.5855716819926905
1 0.9663676286398362 0.5929649254794797 0.974036974438109 0.6128732574855821 0.9875421245294509 0.6052386893734911 0.9798726706086692 0.5853304228557538
1 0.9557213458051926 0.6250076621387138 0.9707036656125443 0.6450182869710636 0.9864954986437112 0.6276679305047947 0.9715131788363596 0.6076574366491752
1 0.9643415209463574 0.6471425985573699 0.9737145531166962 0.6602711165923417 0.9808705332429141 0.6527740740469086 0.9714973929500664 0.6396455560119367
1 0.9689851664567648 0.6783144054494702 0.9801936863374667 0.671186127887775 0.9741995906914305 0.6573555090908328 0.9629910708107285 0.6644837866525282
1 0.9619681237544287 0.6699425038349986 0.9623335778343667 0.6841077026891095 0.9729350979503433 0.6837063244995641 0.9725696438704052 0.6695411911338184
1 0.9776230736893822 0.7039929827907054 0.9816641524579274 0.685110918953695 0.9667683306576617 0.6804326921061896 0.9627270356440988 0.6993147559432001
1 0.9801311915273472 0.636597596524611 0.9792979994740921 0.6739431225690719 0.9989602939548273 0.6745868731977602 0.9997935941305912 0.6372413471532994
1 0.981262585460031 0.6731580480485515 0.981262585460031 0.7054269815207551 0.9993301810576284 0.7054269815207551 0.9993301810576284 0.6731580480485515
1 0.9998355456640279 0.7240419838049893 1.000247816790301 0.7105604834822626 0.9887568809164636 0.7100448935840263 0.9883446097901905 0.723526393906753
1 0.8890132177604628 0.11649211998149561 0.8819586024862988 0.13037877226080505 0.8947146257750221 0.13988783021853204 0.9017690788654229 0.12600118612526823
1 0.6851244944191486 0.35355481978649744 0.6762658010234445 0.3632639938158027 0.6835866679756698 0.3730658011375067 0.692445361371374 0.36335662710820144
1 0.688958788889504 0.40593719482421875 0.6842815172788419 0.371941726095175 0.6732749161834312 0.37416394278726867 0.6779521337328388 0.40815941151631235
1 0.768433374045062 0.00010982206962650937 0.7520991985094664 0.002748058077603451 0.7535024664906721 0.015497451176459185 0.7698366960875221 0.012859214528947428
1 0.3032133847448655 0.490339451081763 0.30883313323461026 0.49998349693200106 0.31395589661239204 0.49560307842467477 0.30833614812264726 0.4859590325744367