0 0.6712779572651363 0.019819168817429317 0.8076496959478329 0.03295961440938865 0.7958534383901642 0.08865581786079246 0.659481645163092 0.07551536996943754
0 0.392179296525916 0.059971000574812104 0.48392626342227996 0.07901210681439308 0.4714827277598581 0.10629001132259173 0.3797357608634942 0.08724890968180192
0 0.33192936110645666 0.06410600824338834 0.31103717439189565 0.12344003485368633 0.2158267487363159 0.10818785885287165 0.2367189354508769 0.04885383684136481
0 0.28988481100592045 2.2087679561755254e-05 0.28251024779727996 0.05175319991246845 0.1865390917357853 0.045528892438910396 0.19391365494442583 -0.006202220054474705
0 0.40603291338527703 0.011726887560954217 0.37249870402563673 0.08654328956167119 0.30526070684274464 0.07283215468155468 0.33879491620238494 -0.001984251486816774
0 0.49508489722966936 0.03375527426160337 0.4128686327077748 0.03375527426160337 0.4128686327077748 0.0 0.49508489722966936 0.0
0 0.6237712243074174 0.028933092224231464 0.5531724754244861 0.028933092224231464 0.5531724754244861 0.0 0.6237712243074174 0.0
0 0.9204117925812667 0.07887762896334859 0.8618456965796749 0.06261168164327391 0.8803348217402536 0.03232502721748559 0.9389009177418454 0.048590974537560276
0 0.9430567628044012 0.0885210180943669 1.0089329505627234 0.09510378294353243 0.9962034932836238 0.15305978178331262 0.9303273055253016 0.14647701693414708
0 0.8801699340929401 0.1869989709009098 0.8940208237335232 0.1421550822013685 0.9988327503630474 0.1568834007037843 0.9849818607224643 0.2017272802057433
0 0.9179696227100089 0.24121323689557903 0.8998666717283847 0.2824237402696937 0.8579381375146615 0.2740442093199028 0.8760411430406613 0.23283370594578812
0 0.9059936414348749 0.22735915778989602 0.9423228136868856 0.18753993590241674 0.994277531382652 0.20910523123163427 0.9579483591306412 0.24892445311911354
0 0.20631377328390305 0.5124761892988999 0.18997926004663762 0.5940070540305719 0.0750099707118521 0.5835276966428383 0.09134448394911751 0.5019968319111664
0 0.2773905490742292 0.5124774033797657 0.24049629709143208 0.6037232696183695 0.17682681113508156 0.5920109579259908 0.2137210631178787 0.5007650548970577
0 0.38275931923383044 0.5560810440918852 0.34472847155314457 0.6279064360119048 0.23620392745685323 0.6017635959397604 0.27423482968191465 0.5299381672294116
0 0.17828418230563003 0.497588908981314 0.16219839142091153 0.5084388185654009 0.15192135835567472 0.5015069318866787 0.1680071492403932 0.49065702230259195
0 0.31161359935279825 0.510863558796244 0.18556640188644996 0.5099870659918437 0.18641538509201855 0.4544384515450761 0.3124626371027424 0.45531494434947634
0 0.10752441842605004 0.3442874699202268 0.11731764288008266 0.2829503386476228 0.17869419237670353 0.28740864593340304 0.16890102246704647 0.34874579560117164
0 0.2457551385165326 0.3411693791440627 0.17158176943699732 0.3411693791440627 0.17158176943699732 0.2899336949969861 0.2457551385165326 0.2899336949969861
0 0.3335180205889745 0.2332957740861871 0.3279021316814678 0.2875894336114094 0.23065534630878576 0.2830131581348421 0.23627123521629245 0.22871949860961988
0 0.1606764942540773 0.22181750407342526 0.17505542799444257 0.17861456523249133 0.23072069047070487 0.18704335843316758 0.2163417567303396 0.23024627887893687
0 0.23546294211489052 0.16280324060993068 0.3070632348218275 0.17185848114216018 0.30015344423732127 0.1967154624161769 0.2285530969860087 0.1876602218839474
0 0.3042632538469057 0.1640251026303025 0.23970982174025357 0.15313973636638695 0.25327233526725873 0.11654788173057 0.3178257673739109 0.12743324799448558
0 0.2527848721828921 0.15687449744410226 0.18577492503421023 0.14358085462168946 0.20107238605898123 0.10849909584086799 0.26808227866328754 0.12179272946569847
0 0.4265017266567527 0.18902600767240244 0.43419139272299484 0.11987011284624115 0.5013516096263405 0.12326758938284076 0.4936619435600983 0.19242350260416666
0 0.49517871355563003 0.21587338254996422 0.43328846512999886 0.21081336942906118 0.43866817689133714 0.18087709690160678 0.5005584253169683 0.18593712841767443
0 0.872215727805239 0.5030003985128466 0.8020207163901921 0.48306493316521626 0.8253693090580317 0.4456618241763675 0.8955643204730787 0.46559728952399787
0 0.6638266501200849 0.4656106076231917 0.6857084354404044 0.39734880057640143 0.7557845946611093 0.40756860219117313 0.7339028638851653 0.4758304092379634
0 0.6168378705526698 0.42435271830498417 0.5624505282513684 0.39656152432046793 0.5895365560768543 0.3724456842294869 0.6439238438337802 0.40023687821400317
0 0.6783040910027089 0.3460664295014881 0.6605021704297922 0.3868918117088608 0.5791226166289656 0.3707474794209614 0.5969245917462578 0.3299220972135888
0 0.7184548058394772 0.34702849661175783 0.6061898811892594 0.3384791231069168 0.612026074829647 0.3036127441111927 0.7242909994798649 0.31216211761603374
0 0.7511754312932865 0.31460473794689947 0.6530179184819035 0.3089939184114112 0.6582967231484584 0.2669789944879257 0.7564542359598414 0.2725897956282493
0 0.7348887534733858 0.16074583342163012 0.6619107243842158 0.15117450734805887 0.6715475155691466 0.11774549892395644 0.7445255992026921 0.12731680660236305
0 0.5371004297224083 0.42910003202230257 0.47297724365016197 0.42369361955620854 0.48162509076184096 0.37702972246552896 0.5457482768340873 0.382436134931623
0 0.3676316003057976 0.41108318234582203 0.37517830556370085 0.3639981463560503 0.4718911560440404 0.37105037420179704 0.4643444507861372 0.4181354101915687
0 0.48661371935042447 0.34612577230259195 0.4035745983788539 0.3356238624430191 0.41501675385039655 0.2944624557633081 0.49805587482196717 0.30496434722771626
0 0.5768589159545353 0.4189723901823388 0.635747751026307 0.43182317861381103 0.6209062264368298 0.4627652067675369 0.5620173913650581 0.4499143815457354
0 0.505568162578893 0.4287800665286882 0.49340067600117293 0.46981500645155216 0.45078024638348974 0.4640654873747363 0.4629476784168342 0.42303054745187235
0 0.4624423247772844 0.423363757464022 0.45754025811271226 0.4674497193928006 0.4166176312730395 0.4653795275650806 0.4215196979376117 0.421293565636302
0 0.419124218051832 0.47860156720916214 0.35924932975871315 0.47860156720916214 0.35924932975871315 0.45147679324894513 0.419124218051832 0.45147679324894513
0 0.3757647666897062 0.42304566827720014 0.42379376204339814 0.4305795551136792 0.4141373348832663 0.45858667154064947 0.3661083395295744 0.45105278470417043
0 0.3563424418076966 0.4659130609200761 0.29168275725745646 0.46217479556349833 0.2962408670897565 0.42630639515992313 0.3609004970956211 0.4300446605165009
0 0.28980953976764967 0.4534542734469183 0.1865046196904323 0.45077431870196655 0.18866283154253238 0.4129251637611136 0.2919678061641253 0.4156051185060654
0 0.20815568230213918 0.44998936023677666 0.09988776949285076 0.4490156673824593 0.10053270218945487 0.41639136463277954 0.2088006149987433 0.4173650574870969
0 0.2924595782541611 0.41959900307037373 0.3015646163217717 0.352043975039086 0.36393005534726874 0.35586814581449666 0.35482501727965815 0.4234231738457844
0 0.2491165447490784 0.3871851042137583 0.17716144087913316 0.38371838827748267 0.18176580434190684 0.3402392092492654 0.2537209082118521 0.343705925185541
0 0.25261840274868747 0.34734176626544605 0.30091150196883376 0.35199519106248117 0.2930295124343722 0.3892103750494462 0.2447363586698503 0.3845569502524111
0 0.10894300854557641 0.3449381436836008 0.17945274100759606 0.3484610384526635 0.17500033817512847 0.3890038709312839 0.10449060571310881 0.3854809761622212
0 0.17551032808660075 0.4259930519255764 0.10697199299039321 0.42450175592883516 0.10883364707258154 0.3855759320020532 0.17737192762441353 0.38706719120846517
0 0.18057057344029268 0.38453748816823013 0.24516120481107573 0.3869578503498908 0.24290644941423703 0.41433301929108274 0.17831581804345398 0.4119126571094221
0 0.24337694919780495 0.3886191912484931 0.29899290355856234 0.39213605240355637 0.29560084338695264 0.4165410644825573 0.23998488902619527 0.41302420332749396
0 0.4079414756304457 0.3074629808348874 0.34780090168398126 0.30070215079208107 0.3564959296805183 0.2655132493748587 0.4166364490826072 0.272274079417665
0 0.39632276001522004 0.35482738418992993 0.29029378473385836 0.34815247796112114 0.29721088426468945 0.2981639675809505 0.4032398595460512 0.30483887380975927
0 0.4224536067359249 0.22452847306594712 0.3526459694760947 0.20285420478144778 0.3663259170436774 0.1828089386961272 0.4361335543035076 0.2044832069806265
0 0.44446438950444034 0.13288081964144438 0.42459829158288653 0.17101853952988436 0.39400544221961575 0.1637684165030233 0.41387154014116956 0.12563069661458334
0 0.33548636346975536 0.0944146172981653 0.3553337526704926 0.09515834300183186 0.3547755455310266 0.10193536078951458 0.33492815633028933 0.10119163508584803
0 0.36345639198991847 0.15290026811320354 0.31501340482573725 0.1274864376130199 0.34821614801510836 0.09869244962373794 0.396659080634914 0.12410627092633929
0 0.3494653778485255 0.12748510396358406 0.3366012505061718 0.16978492299931247 0.3044753223790773 0.16533998899821994 0.31733944972143097 0.12304017916007384
0 0.3740018924716544 0.1493964123395353 0.3640895431014019 0.1711255625977151 0.33432358647159854 0.16494795124957617 0.34423593584185097 0.14321881018897867
0 0.36261520863005475 0.1589057099179664 0.42584206697874777 0.1718851357357124 0.41687000809874886 0.1917693337595125 0.35364309520568027 0.1787899079417665
0 0.29773031035313335 0.19968950065810542 0.18403457764326409 0.17821682498281155 0.1965179306998436 0.14814526521706883 0.3102136634097129 0.16961793169478037
0 0.2902983664614053 0.24074449131041856 0.15859546269339253 0.22170864148913125 0.17269338381088026 0.1773328085560767 0.30439634212326855 0.196368658377364
0 0.3717605004468275 0.19891500904159132 0.34137622877569257 0.19891500904159132 0.34137622877569257 0.17781796262808922 0.3717605004468275 0.17781796262808922
0 0.36341892000390974 0.22252884508975662 0.413938575178731 0.22611575503173975 0.4097567669934093 0.25291188098063594 0.35923711181858803 0.2493249710386528
0 0.5950236111692918 0.30218286956915874 0.5125610787917505 0.2931282544725268 0.518137695748855 0.27002218015370705 0.6006002281263964 0.27907679525033907
0 0.6030695610966823 0.33219125114197184 0.5283738750767984 0.3267654501723553 0.5332404333528821 0.296284809537937 0.6079361193727658 0.3017106105075535
0 0.5779924571673928 0.36636074772076554 0.5278297403862265 0.3566936104322069 0.5402397858020554 0.32739658827088985 0.5904025025832216 0.3370636887691192
0 0.5380229387462299 0.3205688182239866 0.5263062614325011 0.3498096615525166 0.482639452514103 0.3418493012192021 0.4943561298278318 0.3126084578906721
0 0.5701519213583557 0.4050632911392405 0.5317247542448614 0.4050632911392405 0.5317247542448614 0.3604581072935503 0.5701519213583557 0.3604581072935503
0 0.5269252855507149 0.3796369059391953 0.47546653986190235 0.3769669949541328 0.4790674504475257 0.3453923202983725 0.5305261961363382 0.34806226807376434
0 0.5352692659461573 0.5117839056731276 0.47940938913790215 0.5066923448448802 0.48460850447176607 0.48074195498511907 0.5404683267356457 0.48583355260369576
0 0.5409977344448168 0.546175946953643 0.4930242107210679 0.5436868236465868 0.49706147631115954 0.5082863594409283 0.5450349454905329 0.5107754459576552
0 0.6201608230004468 0.5667751834218656 0.5378373787805798 0.5588426733678044 0.5440750735694537 0.5293912054042345 0.6263985723336963 0.5373236786679664
0 0.6245877536095286 0.5262883458243859 0.5422003288371313 0.5155327298542043 0.5484872771971347 0.4936231322285639 0.6308747565139075 0.5043787114084162
0 0.6068692313868409 0.4979125167175256 0.5251870653904156 0.48647771447878996 0.5343630111462523 0.4566569451900618 0.6160452316870532 0.4680917106384682
0 0.606923339407395 0.5055023248544869 0.6152422293900804 0.4684691426263939 0.6632107350312779 0.4733714172105749 0.6548919541373436 0.5104045994386679
0 0.6661935487530719 0.47083645315325495 0.7126636113089254 0.47867249896398434 0.6994165279057752 0.5144133472959991 0.6529464653499218 0.5065773014852697
0 0.8109160858781557 0.5066589392259079 0.7849495268166331 0.567959795233857 0.7138954960309148 0.5542666186332128 0.7398620550924374 0.4929657626252637
0 0.6951742845523347 0.5806509872169794 0.628686327077748 0.5657022302591923 0.65210010027438 0.518324306458145 0.7185880032045912 0.5332730634159321
0 0.6714600263907506 0.5671800242050934 0.6686445548131702 0.6118069879257083 0.5913977192596627 0.6095898187325761 0.5942131908372431 0.5649628550119613
0 0.5933869526362824 0.6088004822182037 0.5344057193923145 0.6088004822182037 0.5344057193923145 0.5780590717299579 0.5933869526362824 0.5780590717299579
0 0.580610259927949 0.5807179824065702 0.5315185219608747 0.5737469140271813 0.5372170455973525 0.5554894555973101 0.5863088381088025 0.5624605239766991
0 0.52101463883769 0.5670422444219975 0.46602599934023126 0.5649816916605448 0.46794803404616286 0.5416460272919492 0.5229366735436215 0.5437065800534019
0 0.4702628428004915 0.6359690366702456 0.47971680123855004 0.5811292247070902 0.522737204762204 0.5845033393846067 0.5132832463241455 0.6393430777671036
0 0.5946529275929959 0.6501209518864903 0.5190509322288316 0.64512158762338 0.5245452417232183 0.6073211062881442 0.6001471825430071 0.6123204705512545
0 0.5862731115428117 0.6501531066342676 0.5779382400580876 0.7063721144608951 0.5091887091397174 0.7017349141990658 0.5175235806244415 0.6455159063724382
0 0.6440447141700179 0.613843774134456 0.6395958567219616 0.6603553592619801 0.5920839965929401 0.6582878163379672 0.5965327994966209 0.611776231210443
0 0.6489888890925212 0.7035513999161769 0.5777249715496537 0.7013664958418099 0.5806141325786137 0.658493842181849 0.6518780501214813 0.6606787462562161
0 0.9991063449508489 0.09523809523809523 0.9562109025915997 0.09523809523809523 0.9562109025915997 0.047619047619047616 0.9991063449508489 0.047619047619047616
0 0.9129604308918398 0.09600601058325328 0.8541811754705653 0.07798475526484328 0.8639134738570989 0.06354298284069611 0.9226927292783735 0.08156423356031495
0 0.8936466493171917 0.013101173065167152 0.9592234975424486 0.03329394192778971 0.9459980137120196 0.052834435498017446 0.8804211109423872 0.032641665485697094
0 0.7489297302627904 0.0335461902216014 0.7865832399533623 -0.018264425598475645 0.8437303094804234 0.0006306131896374813 0.8060768543342269 0.05244122965641953
0 0.775692582663092 0.02652200120554551 0.7050938337801609 0.02652200120554551 0.7050938337801609 0.0 0.775692582663092 0.0
0 0.7858981080519716 0.13023507990270872 0.6811796159377793 0.12014466987596067 0.6900982758741063 0.07803496486670716 0.7948168225326743 0.0881253748934552
0 0.6605801688868409 0.0776762315636302 0.5997149729110813 0.0708339431330409 0.609134568392538 0.03271264092903528 0.6699997643682976 0.03955492476083343
0 0.5594967866817471 0.026753837764802075 0.6060012121942024 0.03530857346013341 0.5928645266071828 0.06779802355728931 0.5463601010947274 0.059243287861957976
0 0.6514745308310992 0.13682941531042797 0.5933869526362824 0.13682941531042797 0.5933869526362824 0.07836045810729356 0.6514745308310992 0.07836045810729356
0 0.5937850174891086 0.21737600996811898 0.5968336117278262 0.13718268524960914 0.6648670295394884 0.13835931356015013 0.6618184898451464 0.2185526566738246
0 0.9024128577238326 0.13164556594122023 0.7933869417274073 0.09487642790625941 0.8164432310866286 0.06377335928375999 0.9254691470830541 0.10054249731872081
0 0.8105107666233803 0.21048361770786242 0.7678902824613215 0.20473408023588194 0.7800921319956434 0.16358325077583447 0.8227125616133266 0.1693327698526503
0 0.769364453299542 0.20510045672986363 0.7777717051706322 0.16351526224735344 0.8598031188037589 0.1710602965535997 0.8513958669326687 0.2126455094312745
0 0.7919132617885668 0.1124000572310362 0.8588362106582328 0.12529711869914104 0.8409631096752123 0.16749121152614527 0.7740401608055463 0.15459415925562273
0 0.903166988260305 0.13237880640104638 0.8796626168558702 0.1746554659245027 0.8409783821003687 0.16487072834844974 0.8644827535048034 0.12259406882499341
0 0.9311885612153709 0.15551537070524413 0.8900804289544236 0.15551537070524413 0.8900804289544236 0.13562386980108498 0.9311885612153709 0.13562386980108498
0 1.0161872434232573 0.2766010084376413 0.9987199525943923 0.31489173930549275 0.9503659273067471 0.30485638600648923 0.9678332181356122 0.2665656551386377
0 0.9567574372346962 0.2449857356535375 0.942767677613941 0.2846174004424258 0.9024151485876061 0.27813694949894513 0.9164048536639857 0.2385052847100569
0 0.8669141235897007 0.2758380873796809 0.959716796875 0.2883572109928327 0.9456588567847967 0.335767602259456 0.8528562925882485 0.32324847864630424
0 0.921048434532786 0.3625773038398508 0.8739065489031781 0.35171966828661844 0.8876708220753742 0.3245306584115054 0.9348127077049821 0.3353882939647378
0 0.9696157283288651 0.028330319469559977 0.902591599642538 0.028330319469559977 0.902591599642538 0.0 0.9696157283288651 0.0
0 0.7165166259983803 -0.05178550642035394 0.8819690803207384 0.0076845449593643455 0.8340817912547476 0.068297088972555 0.6686293914767649 0.008827039317383401
0 0.5043096602016309 0.18599788764645495 0.5547244265422532 0.18891260148244424 0.551154878972576 0.21700209145663804 0.5007401126319537 0.21408739601581336
0 0.4236204200178731 0.21582424906523132 0.5063347292329926 0.21866107777416743 0.5042298617801888 0.24658206804032926 0.4215155525650693 0.24374523933139317
0 0.4239678131458054 0.24235081227160563 0.5127971468491678 0.2509101927460066 0.5068989907981457 0.27875828297473065 0.41806971163915885 0.2701989208954943
0 0.5124083545401865 0.25390336195915275 0.5541649648821493 0.25578101159866634 0.5521680952929513 0.275984568075648 0.5104114849509886 0.27410691843613433
0 0.5148592515115338 0.21676356135685088 0.5814905516050882 0.22469467337840002 0.5730338279853664 0.2570178472830489 0.5064025278918118 0.24908673526149977
0 0.5656836461126006 0.2326702833031947 0.5812963190837243 0.19054710383584803 0.6019029659922364 0.19402191364456187 0.5862902930211126 0.23614509311190854
0 0.6067917783735478 0.19168173598553345 0.6067917783735478 0.23688969258589512 0.5647899910634495 0.23688969258589512 0.5647899910634495 0.19168173598553345
0 0.5134118619617125 0.16013708223845313 0.5848942297286919 0.1647289936049578 0.5813276275552949 0.1899885530569526 0.5098452597883154 0.18539664169044792
0 0.5055580718694147 0.12509004433087514 0.5933433716802111 0.13166909335678495 0.5878288807668678 0.16514503704344674 0.5000435809560713 0.1585659880175369
0 0.580153996226402 0.09526128234311426 0.5686052065006423 0.13420966793931774 0.5307967362391086 0.12910928662962912 0.5423455259648682 0.09016089183584332
0 0.546861909349866 0.11602911969277427 0.4997868951246928 0.1120600961934665 0.5058225030021224 0.07949181591767443 0.5528975172272956 0.08346083941698218
0 0.5476173489513516 0.05503152177016228 0.4944327646754915 0.04905267017587543 0.5022824639396224 0.017284916423041106 0.555466993671107 0.02326376916702574
0 0.38199924336042224 0.5909692029625339 0.4841114415773012 0.612577046307546 0.46561397112726205 0.6523461045810729 0.36350177291038316 0.6307382612360609
0 0.366187210696632 0.6376514584275166 0.3397094617473749 0.7028768124387809 0.28945363771713023 0.6935952745912447 0.3159313866663874 0.628369994160639
0 0.2071757925952301 0.6207217261904762 0.36007273165214476 0.6344722589144439 0.3469449913427167 0.7008825558506631 0.1940479977414265 0.6871319495460367
0 0.2322073519709283 0.6094755847602095 0.22352099653010502 0.6504882665338683 0.17385163362586573 0.6457022125998343 0.182537989066689 0.6046895676165047
0 0.07597966062053173 0.5826740138425821 0.1876220703125 0.596861542097555 0.17595977374120308 0.6386131576344937 0.06431741859361037 0.6244256293795208
0 0.06719539802558087 0.6312524428778632 0.20887894072204535 0.6381886708154385 0.20414279804792226 0.6822022661665537 0.062459309895833336 0.6752660382289783
0 0.17391905047405606 0.6850092947087855 0.26488903274058867 0.6923140145842752 0.25296530497723974 0.7598717283095991 0.1619953227107071 0.7525670084341094
0 0.1361435250153597 0.8142235533453888 0.2517632560286807 0.8185561296809072 0.24599709736651026 0.8885630492060352 0.1303774208975648 0.8842305464511754
0 0.3527711488180016 0.8756650219917872 0.24367950684902814 0.8724658085395947 0.24714787460204424 0.8186586275382384 0.3562395711153932 0.8218579145710895
0 0.3470426257749665 0.8256086886396172 0.4452265926084953 0.830836962331412 0.4412300171225704 0.8649822140832203 0.34304605028904156 0.8597539403914256
0 0.35944688948698617 0.8609182807319922 0.4314932460972408 0.8623067477584389 0.4300660379663762 0.8960000671055606 0.358019626811746 0.8946116000791139
0 0.41728389082048706 0.9191029222705697 0.4375606533456211 0.8683037185898885 0.49505533417811665 0.8787445932932113 0.4747785716529826 0.9295437969738924
0 0.26005361930294907 0.9361060880048222 0.16979445933869527 0.9361060880048222 0.16979445933869527 0.8860759493670886 0.26005361930294907 0.8860759493670886
0 0.13315460232350312 0.8921036769138035 0.02323503127792672 0.8921036769138035 0.02323503127792672 0.8324291742013261 0.13315460232350312 0.8324291742013261
0 0.03633735390834451 0.8063337200732745 0.12179829969908959 0.8135391796404083 0.11708255662142537 0.838985505198915 0.031621665375055855 0.8317800456317812
0 0.1315255254586964 0.8212530815579792 0.041313110024296246 0.8182106684891124 0.046215994854501785 0.7520710012149638 0.13642835574452636 0.7551134142838306
0 0.12957998212689903 0.753465943339361 0.05093833780160858 0.753465943339361 0.05093833780160858 0.6805304400241109 0.12957998212689903 0.6805304400241109
0 0.18960983099097967 0.6854387850126206 0.18103387336628687 0.7567811934900542 0.11523933853817582 0.7531829521266576 0.12381529616286863 0.681840543649224
0 0.25058329755222297 0.7739165836676839 0.2425088754607909 0.8188479505726342 0.17394654083933758 0.81324242884456 0.18202096293076966 0.7683110619396097
0 0.3245412708926776 0.7955155237530138 0.25539100244707885 0.7894317277444997 0.26162002468023904 0.7572203964408153 0.3307702931258378 0.7633041188686709
0 0.40264347134369416 0.803164969013713 0.3343774217702748 0.7994314863999398 0.33888529623268543 0.761931471683808 0.4071512912617292 0.7656648807169228
0 0.41833845177753576 0.7408213279130877 0.4101842858090371 0.7701547725003768 0.3451666810663818 0.7619320603290762 0.3533208470348805 0.7325986157417872
0 0.3489028617033903 0.7629688118077531 0.29850947675798706 0.7612256860071956 0.3017794120727212 0.7182173496129068 0.35217274247374886 0.7199604754134644
0 0.30849687918900803 0.7190210711460217 0.2979589058310992 0.7581145486032626 0.2538409058380809 0.7527040156202909 0.2643789337403653 0.7136106117437085
0 0.4374701096821939 0.702600296324028 0.3474537812779267 0.6931133948585367 0.3554659682368465 0.6585260705102848 0.4454823511854893 0.668012971975776
0 0.4911622839170018 0.7768780580121685 0.4163088010186271 0.7735121107877486 0.4195156830352156 0.7410664250866486 0.49436916593359026 0.7444323723110684
0 0.41731901739834676 0.7698252047308243 0.5013940996949006 0.777926435234893 0.4944236012203977 0.8108378865044831 0.41034851892384383 0.8027365824197559
0 0.43189878352951855 0.8242680490412145 0.46297184157520666 0.7968602838682941 0.49481561164753685 0.813285252787824 0.46374255360184874 0.8406929443800859
0 0.34895015167699955 0.7982203487605485 0.44760614553661193 0.8048746891952984 0.4433679384669627 0.8334616580018083 0.34471194460735033 0.8268072439863999
0 0.46178822862558644 0.8760288047675557 0.4718806835239332 0.8377372829076251 0.5016613125907619 0.8413082994273658 0.4915688576924151 0.8795998212872965
0 0.4748878240372263 0.9265753324668475 0.4945090722568979 0.8798132051970313 0.5329120762120196 0.8871441933676161 0.513290827992348 0.9339063942180907
0 0.5115711529197386 0.9551101325864603 0.5358899809400134 0.9012140661496006 0.5875596497291108 0.911821012399224 0.563240821708836 0.9657170052554249
0 0.531243945574313 1.0079726850936181 0.4018872681209506 0.9609157201250753 0.4338501631095007 0.9209417029272152 0.5632068405628631 0.967998667895758
0 0.668397359703139 0.9182220146266576 0.5939368690306636 0.8987805330300633 0.6157922548732127 0.8606984217243068 0.6902526910013126 0.8801398297402426
0 0.554901859395945 0.889216886937726 0.5852184960413874 0.8227587625734629 0.6281718645274799 0.8316732800962553 0.5978552278820375 0.8981314044605184
0 0.5431635279651196 0.8852320527944169 0.48525469168900803 0.8722121760096444 0.5009829987363159 0.8403857451307264 0.5588918895568029 0.8534056954961573
0 0.5630499163943812 0.8525211088193189 0.4862789259732462 0.8361687640097574 0.5033641334513237 0.7996759949282324 0.5801351784168343 0.8160282661571353
0 0.5387454335448782 0.7812636860024864 0.5940908478028653 0.7982321216659132 0.57820703474084 0.8218022140125829 0.5228616750272286 0.8048337783491561
0 0.49721452782897674 0.7453310864743445 0.5551994535089924 0.7516979472762206 0.5481990101723079 0.7807034428684448 0.4902140299479167 0.7743365820665687
0 0.5453930293160746 0.7068016047647303 0.5352167397124944 0.7514172370639316 0.4696751271538483 0.7446159560540988 0.4798514167574285 0.7000003237548975
0 0.5341238340594281 0.7541415609459765 0.5469258899023961 0.7052097607981088 0.5873023093652256 0.7100157550906043 0.5745002535222576 0.758947555238472
0 0.6296625623114946 0.7270485738302441 0.6181395175309986 0.7685011207805907 0.5728160322937612 0.7627691139005048 0.5843391316186327 0.7213165669501582
0 0.6421274793691354 0.7821774106201025 0.6480635983055463 0.709106298151183 0.7269091840510501 0.7120203129709162 0.7209731196590148 0.7850914990204942
0 0.7999651570528932 0.8126876306792495 0.7168421468317135 0.8006733071739376 0.7352819638767873 0.7426307498869801 0.8184049195535914 0.7546449998116335
0 0.8524217375481736 0.7569594058450121 0.7283733732685433 0.7479139147500377 0.7348877171302503 0.7072700192369273 0.8589360814098804 0.7163155839125602
0 0.7644190238564008 0.8591531543145343 0.6952709371858244 0.850861497066192 0.7077863623352324 0.8033768813102773 0.7769344490058088 0.8116685385586196
0 0.8211037207118521 0.8147395009229957 0.8089129436857685 0.8585940884710292 0.7611074711831155 0.8525481129209991 0.773298248209199 0.8086935989536241
0 0.6929951276600201 0.8858904525269364 0.7023097797629021 0.8544767355617089 0.7712243074173369 0.8637733574442436 0.7619096553144549 0.8951870744094711
0 0.8037823360876061 0.8814981286966923 0.82049609636813 0.8138572688272303 0.9549790724139857 0.8289754452512809 0.9382653666778373 0.8966163051207429
0 0.8173717945361372 0.9399344160874398 0.83587695574313 0.8816859801179174 0.937797266846794 0.8964171958587628 0.9192919965510501 0.9546656318282851
0 0.7739599260290997 0.8929828186219108 0.8389617674472185 0.901378445340755 0.8340763368171917 0.9185869746929626 0.7690744953990728 0.9101913479741185
0 0.7747463468359026 0.8687374029912598 0.8380381675358858 0.8794099831882911 0.82973242274771 0.9018189727433695 0.7664406565921024 0.8911463189656796
0 0.8400883269800045 0.9998581364903556 0.7738526917867515 0.9886891811708861 0.7941439631157842 0.9339431845473554 0.8603795437646615 0.9451122134474834
0 0.6962283000656277 0.9375903570486739 0.7653464964183981 0.9543033942463457 0.7493900847925045 0.9843254066361513 0.6802719429841096 0.9676124430191381
0 0.5866977395065348 0.8975661578416968 0.6622101184616566 0.9095504604383288 0.6467279156368688 0.9539323269853828 0.5712155366817471 0.9419480243887508
0 0.6020344179373325 0.9780201328454642 0.5764297608076407 1.0132806466386 0.5336996969950849 0.9991639765577909 0.5593043541247766 0.9639034627646549
0 0.9214374450192694 0.9550173473760548 0.9027791232057082 1.0085040110288577 0.8413630290368074 0.9987569283548071 0.8600214053947441 0.9452701911213457
0 0.9309516204479446 0.9209067521144138 1.0050065191437667 0.9256638888496459 0.9990179830624442 0.9680760747485307 0.924963084366622 0.9633189380132987
0 0.9991063449508489 0.921036769138035 0.9785522788203753 0.921036769138035 0.9785522788203753 0.8800482218203737 0.9991063449508489 0.8800482218203737
0 0.9991063449508489 0.8746232670283303 0.9571045576407506 0.8746232670283303 0.9571045576407506 0.8330319469559976 0.9991063449508489 0.8330319469559976
0 0.8250938599614611 0.8005063526597348 0.8368722269639466 0.7448945324272905 0.896550482783177 0.7506449344720088 0.8847721157806915 0.806256754704453
0 0.873639935995448 0.7454036370036543 0.9464687316730898 0.7627412268309223 0.9150065540521671 0.8228682505933544 0.8421777583745252 0.8055306607660865
0 1.0062555853440571 0.701627486437613 0.9872260345104446 0.7529695682169228 0.9357094172391645 0.7442824885096444 0.954738968072777 0.6929404803109931
0 0.9052369473127514 0.6296457356182188 0.9782122491831434 0.642406976388261 0.9593650947413985 0.6914407593288502 0.8863897928710065 0.678679518558808
0 0.8640233807738494 0.7202470720784359 0.7851989037016868 0.706646128833258 0.7968404734102714 0.6759509269985684 0.8756648959380585 0.6895518702437462
0 0.8944594150573895 0.700849738876959 0.8408544572790997 0.6891862479515145 0.8534127543076966 0.662927297600211 0.9070177666303619 0.6745907885256555
0 0.6672463642901028 0.6570874950553798 0.7423133884187891 0.6655263136207806 0.7304301325821045 0.7136177490675859 0.6553631084534183 0.705178930502185
0 0.799367568874274 0.6739370243746232 0.7918470994610143 0.7145175669407399 0.728053906860897 0.7091389679635699 0.7355743217297811 0.6685584253974532
0 0.7381030535250502 0.6639012847771625 0.6658026292134439 0.6583953912607369 0.6718541640485366 0.6222426384022754 0.744154588360143 0.6277486054993595
0 0.6300268096514745 0.5768535262206148 0.5978552278820375 0.5768535262206148 0.5978552278820375 0.567209162145871 0.6300268096514745 0.567209162145871
0 0.6620885390485366 0.6626596847451401 0.5176167424178955 0.653800941361513 0.524194630477128 0.6049961046399375 0.6686663725633937 0.6138548848138939
0 0.7316784351611372 0.6320120160158604 0.6659962072023011 0.6216746692990883 0.6770110074913427 0.5898337798207693 0.7426932354501787 0.6001711265375415
0 0.8126167249636953 0.5846569022189572 0.8010604081141086 0.6251896909376884 0.7563470562618688 0.6193898426904385 0.7679033731114555 0.5788570539717074
0 0.7929587138348972 0.6128483749858725 0.8185484258056859 0.5809831303095803 0.8755504618381368 0.60180914236739 0.8499606953229725 0.633674350253353
0 0.7419039783358468 0.667808859229016 0.752569040088807 0.626085976939233 0.8031441123491957 0.6319675732981088 0.7924790505962355 0.6736904555878918
0 0.8033739078034238 0.6053469004294756 0.8999033255487601 0.6112659125532135 0.8926295603461517 0.6652338305031269 0.7961001426008154 0.6593147815890597
0 0.896929402560182 0.6304086934665084 0.9117426186187444 0.5754550890149375 0.9497265581364499 0.5801133333451063 0.9349132875335121 0.6350669377966772
0 0.8729222411018488 0.5880650847413729 0.8238606116300826 0.5770343506889504 0.8433422807926999 0.5376130346076327 0.8924039102644661 0.548643768660055
0 0.8457357970809596 0.49652184227132307 0.8867473312527927 0.5011322223831186 0.8769654520288762 0.5407197571720539 0.8359539178570431 0.5361093402699292
0 0.8441275016232406 0.5231017882454604 0.796678422070487 0.5157161296455884 0.8041489833801105 0.49388084848506253 0.8515980629328642 0.5012665070849345
0 0.8364939071750727 0.5504587091833371 0.7919751696548257 0.5414503027402614 0.8025022341376229 0.517781796262809 0.8470210262022453 0.5267902027058846
0 0.8074506635214198 0.48536068650165765 0.7328005765995029 0.4723065579203398 0.7481822541401363 0.43228879702098405 0.8228323410620532 0.4453429256023018
0 0.8224254945647621 0.44715102312434074 0.750512498952748 0.4350246362760888 0.7612363595425603 0.40609154405185727 0.8331493551545744 0.4182179309001092
0 0.8198397093526586 0.418300893092601 0.7597764247863605 0.4074315582146624 0.7711503997884551 0.3788366426970313 0.8312137388991286 0.3897059775749699
0 0.6809735472869192 0.3717800000117729 0.7262717784782731 0.388754322127882 0.709199607105954 0.4094817361032625 0.6639013759146001 0.3925074139871534
0 0.6651244244477491 0.39447492400589584 0.7098684302390528 0.40554090319375374 0.6920758912987321 0.4382712724627034 0.6473318855074285 0.4272052932748455
0 0.8116078721933646 0.3278269247522981 0.79945898524771 0.3769936311525203 0.746709174189427 0.37106365551066156 0.7588580611350816 0.32189694911043926
0 0.760418848441689 0.3284161218754709 0.7458237553409852 0.3653328259211121 0.7049973993241734 0.3579894761998945 0.7195925469692527 0.32107277215425334
0 0.8361517503071939 0.3566791886231352 0.8266996463779044 0.3885565741080847 0.7778923573293678 0.38197246641190097 0.7873444612586573 0.35009504413662224
0 0.9398294811913539 0.44457272005914705 0.8320753218554513 0.42475078966762736 0.8447171263230284 0.3934854113099947 0.9524713402033065 0.41330737849184374
0 0.9945290900427279 0.41645718253183395 0.9071340006946772 0.4038254069304739 0.919374904001899 0.3652950054626281 1.0067699388055742 0.37792674427365885
0 0.918237108327748 0.36361309876996684 0.9416464634299598 0.3294020659094334 0.9986573356512511 0.34715005185964815 0.9752479805490393 0.3813610847201816
0 0.9216264958249554 0.3810126435117164 0.8787309989213304 0.3713682794369726 0.8868632925952301 0.3549125905925068 0.9297587349544795 0.3645569546672506
0 0.937970499783568 0.46841222798702153 1.0156328543900803 0.488056019604242 0.9905859680448503 0.5331071022406193 0.9129237225270889 0.5134633106233989
0 0.8749093472478218 0.5442399662470803 0.8868737651153373 0.5079246737139278 0.9337117840287087 0.5149452250861777 0.921747366161193 0.5512605176193301
0 0.966041108132261 0.5599758890898131 0.9285075960679178 0.5599758890898131 0.9285075960679178 0.5207956600361664 0.966041108132261 0.5207956600361664
0 0.9802846081881144 0.5819724590538351 0.9169313159768767 0.5766309815188931 0.9208909103761729 0.5552649977984667 0.9842442025874106 0.5606064753334087
0 0.9991063449508489 0.5623869801084991 0.966041108132261 0.5623869801084991 0.966041108132261 0.5310427968655816 0.9991063449508489 0.5310427968655816
0 0.9368019410816019 0.4769456344889617 0.9164567799095175 0.5085082787070524 0.8727017181914656 0.4956766212467978 0.8930469884523011 0.46411394023837776
0 0.9317247324271113 0.4678722195340755 0.9478105233118298 0.4353224907818151 0.9888293118856122 0.44454490657022305 0.9727435210008937 0.4770946353224834
0 0.9577354178884607 0.40818351575450196 1.0071492403932083 0.4165159734779988 0.9945854889270554 0.45041307445891726 0.9451716664223079 0.44208061673542043
0 0.8383840334213025 0.42066198605381633 0.9036221065299653 0.4386225097361927 0.8877079667951295 0.46492115685277274 0.8224698936864667 0.4469606331703963
0 0.868269333144828 0.36891193631329117 0.914268459562109 0.37718567667128167 0.902595308660076 0.4067115346806246 0.8565961822427949 0.3984377943226341
0 0.827052439399017 0.3929168535615393 0.8403392311075737 0.3615499338951364 0.9159964253798034 0.37613019891500904 0.9027096336712467 0.407497118581412
0 0.16868491765108357 0.4588058315320788 0.15901692708333334 0.501658655204566 0.09981364368646671 0.49558192293927067 0.10948163425421693 0.45272909926678345
0 0.5100839459757596 0.702439154681849 0.45146881458054067 0.7012763595351115 0.45297418480158064 0.6667531239404385 0.5115893161967996 0.6679159926678345
0 0.42716711349419123 0.9993972272453285 0.2966934763181412 0.9993972272453285 0.2966934763181412 0.9572031344183243 0.42716711349419123 0.9572031344183243
0 0.42744785339519104 0.8977019877373418 0.4222559379189008 0.9502312198613623 0.3699415546107015 0.9478788462081826 0.3751334700869917 0.8953496140841621
0 0.7488829311885612 0.9993972272453285 0.6532618409294012 0.9993972272453285 0.6532618409294012 0.9686558167570826 0.7488829311885612 0.9686558167570826
0 0.6534929454486428 0.944181197375113 0.6903331439552614 0.8862006685832957 0.7353085815320599 0.8992018558808017 0.6984684375698168 0.9571823846726191
0 0.172725783169962 0.2829931993812161 0.17820269300854558 0.22610274965034471 0.24110839407394996 0.22885795901380726 0.2356314842353664 0.28574840874467866
0 0.20427904989806747 0.23547140699757949 0.1916101368758378 0.26965216141712817 0.13168272234905606 0.2595468513070279 0.1443515808269102 0.22536609688747927
0 0.29222520107238603 0.34900542495479203 0.2511170688114388 0.34900542495479203 0.2511170688114388 0.295961422543701 0.29222520107238603 0.295961422543701
0 0.9991063449508489 0.270042194092827 0.9794459338695264 0.270042194092827 0.9794459338695264 0.23930078360458107 0.9991063449508489 0.23930078360458107
0 0.8887797637748548 0.17453552945110007 0.882745410418063 0.21523760886994237 0.8521310705708222 0.21317267805930717 0.858165423927614 0.17247059864046488
0 0.7640750670241286 0.2109704641350211 0.6648793565683646 0.2109704641350211 0.6648793565683646 0.17781796262808922 0.7640750670241286 0.17781796262808922
0 0.7062198478691912 0.22132609564543776 0.7704021600445431 0.22751054999481993 0.760643462180239 0.2735865008335217 0.6964610954605116 0.26740204648413957
0 0.6684539767649688 0.2435201928872815 0.6085790884718498 0.2435201928872815 0.6085790884718498 0.21820373719107897 0.6684539767649688 0.21820373719107897
0 0.2821932904309093 0.06305659629265324 0.2853923726017929 0.02853202474914882 0.3221678814789991 0.030082348529799578 0.3189687993081155 0.06460691777390841
0 0.6666666666666666 0.03556359252561784 0.5478105451295799 0.03556359252561784 0.5478105451295799 0.0 0.6666666666666666 0.0
0 0.7422447715943364 0.9816273510492013 0.751803127967214 0.9311249717450272 0.7928507705156669 0.9346594186774789 0.7832924141427893 0.9851618715623116
0 0.9412361806370085 0.7254614390257685 0.9330241976304178 0.7586953943216923 0.8999830694258266 0.7549810426791366 0.9081950524324174 0.7217470873832128
0 0.9010545391392984 0.7528873050406871 0.8590169707188338 0.7488366162079942 0.8652011029309093 0.7196383392904234 0.9072386168069985 0.7236889545424579
0 0.9054441613954982 0.7214852138195073 0.914194824655105 0.6890223102443114 0.9513923433660076 0.6935840903311483 0.9426416801064008 0.7260469939063442
0 0.9991063449508489 0.6986136226642555 0.9588918677390528 0.6986136226642555 0.9588918677390528 0.6582278481012658 0.9991063449508489 0.6582278481012658
0 1.0083451803717047 0.5881493713857181 0.9987077346542672 0.6379867654884342 0.9380387893417672 0.6326492245187236 0.9476763441479558 0.5828117936256781
0 0.4367327788133937 0.5365449009780929 0.4465701296672531 0.5000506234930681 0.49178910788092045 0.5055961401941117 0.481951757027061 0.5420904176791366
0 0.4805538392258713 0.5406706420824857 0.35002140321296915 0.5314028270277652 0.3612692170743968 0.45932935791751434 0.49180165308729895 0.4685971729722348
0 0.382436034719895 0.5860906213503994 0.3959133499322777 0.531547817715397 0.47011088217018543 0.5398888843759418 0.4566335669578027 0.5944316880109441
0 0.36058539423801944 0.4918327308549013 0.31342518169822386 0.4950136963037786 0.3086649304101039 0.4629055986640107 0.3558251429498995 0.45972463321513335
0 0.5371581922161249 0.4595780605433431 0.4933690948077245 0.45535865126064273 0.498909767021336 0.42919829899176837 0.5426988644297364 0.4334177082744688
0 0.621296000544571 0.750162245352057 0.676304494194733 0.7582785598911241 0.6682649259592829 0.7830681044915988 0.6132563777647453 0.7749517163718731
0 0.6204183815418343 0.8600467178317134 0.6540772247996258 0.7976135290696579 0.7125561588890751 0.8119569011593957 0.6788973701756591 0.8743900899214512
0 0.6093986722589924 0.7991554117691381 0.5678992386477882 0.7874922887469862 0.5832077721807976 0.7627108380189497 0.6247072057920018 0.7743739610411016
0 0.3376769746809372 0.9318153790640069 0.33931336049206884 0.8931833259164029 0.3742905958514857 0.8938573983291893 0.3726541554959786 0.9324894514767933
0 0.4013478242466767 0.022266767339723666 0.5116642056244415 0.043912941609038296 0.4950254984046861 0.08249149701910036 0.38470911702692134 0.060845327348576894
0 0.18617135355576966 0.045710061816582846 0.2359507324655105 0.04723625803942275 0.2345300696597129 0.06831714430079537 0.18475074529434762 0.06679094807795546
0 0.3125058907925603 0.17141438507760698 0.3613310158519046 0.17873275416525392 0.34760028747067695 0.2204091702691757 0.2987751624113327 0.2130908011815288
0 0.3583191299779379 0.266212688719673 0.2909644623757261 0.26028690717535036 0.2992864068434428 0.21725252322794228 0.3666410744456546 0.2231782863771003
0 0.13637801128588584 0.262174563784424 0.17992907703934874 0.2660912622379351 0.17556612698279714 0.2881622222477302 0.13201511577370978 0.284245523794219
0 0.5042642792811662 0.2971769014419455 0.5139285062870029 0.18962083371595276 0.6068792675519437 0.1934205757127317 0.597215040546107 0.30097662504355976
0 0.7825269383762008 0.13226777318732577 0.7739218540549598 0.16244940961822824 0.7344454713332216 0.15732883961535563 0.7430506101988382 0.1271472123820355
0 0.7712243074173369 0.17962628089210367 0.7319034852546917 0.17962628089210367 0.7319034852546917 0.15792646172393007 0.7712243074173369 0.15792646172393007
0 0.5640456239702022 0.36753215180455096 0.7607571872032786 0.39018524519430003 0.7387324410746202 0.47719742750244876 0.5420208778415437 0.4545442973223704
1 0.8197044393012735 0.2278239668098252 0.7631199404637232 0.21978894050326817 0.7681021873603664 0.20382644441775918 0.8246866316535411 0.21186147072431624
1 0.8596064863298705 0.3274047189336573 0.7520260508301218 0.3208080657351944 0.7647361448558981 0.22650540140898132 0.8723165803556467 0.23310207300260888
1 0.9370328819677167 0.28607477575558504 0.9565017332020778 0.2502150578697163 0.9770437995699285 0.25528897773508136 0.9575750574243186 0.29114869562095014
1 0.6598793827496648 0.28156464929103564 0.585035445117013 0.2725899979750603 0.5939853044361595 0.23863337024139164 0.6688292420688114 0.24760802155736703
1 0.6605206609731066 0.2588281890151729 0.667821480185992 0.23092312896158265 0.6828066201163148 0.23270681610015445 0.6755058009034294 0.2606118761537447
1 0.3753810470076519 0.547947070194771 0.31751208267007375 0.521925380676895 0.3358434109521615 0.5033784927266991 0.39371232074536416 0.5294001822445751
1 0.2655011297231066 0.5238803819836875 0.2856815123366287 0.5042190413794078 0.30584667706936997 0.513635452574028 0.28566629445584785 0.5332967931783077
1 0.4694488225396559 0.6096692858437877 0.4184808125977435 0.5988647019453549 0.4318215486937277 0.5702337319050444 0.4827895586356401 0.5810383158034772
1 0.23882642103370755 0.07219321703321607 0.21588451123003238 0.10572108567084369 0.17980204318867293 0.09448830832768233 0.20274400753672364 0.06096043509126356
1 0.1602467391190516 0.1325776489331393 0.1683976869693923 0.1137280777465011 0.18429639064594505 0.11685587197200874 0.17614544279560435 0.13570544315864697
1 0.8289073845230116 0.6628707140738019 0.8276359551287422 0.6371417652058846 0.8669131417909406 0.6362586501422167 0.86818457118521 0.6619875990101342
1 0.870792283236288 0.7240562691898358 0.8721059299772397 0.6965877999736287 0.908292577775916 0.6973751130198915 0.9069789310349643 0.7248435822360986
1 0.9398047180448503 0.5942941289698237 0.9616011959617963 0.5772400822101982 0.9781926132079424 0.586887499882271 0.9563961352909964 0.6039415466418965
1 0.7620201622193364 0.5049897619871723 0.7417910714784406 0.5417252000805267 0.7218709200807082 0.5367345919157813 0.7421000108216042 0.49999915382242693
1 0.762830855273263 0.5613300307390559 0.7518466543789097 0.5817043311341547 0.7279056007037533 0.5758321898898998 0.738889747053731 0.5554578894948011
1 0.715530463688282 0.5774158296130952 0.694678803444761 0.5646299393224458 0.709926465454647 0.5533168762832467 0.730778125698168 0.5661028033642255
1 0.16858537416568922 0.8106406903396248 0.15288897557808312 0.8312579172788578 0.1283515337005697 0.8227589833154385 0.14404787774380026 0.802141682795547
1 0.28502910706057305 0.9049359230193263 0.2628010194998324 0.88319622313423 0.2844826269618521 0.8731105222696278 0.30671071452259274 0.8948501485740658
1 0.3271108018808646 0.9312992107444243 0.2877973977532953 0.9219077433930455 0.3010660261847911 0.896637864253692 0.3403794848567359 0.9060292580244123
1 0.36084098918188673 0.9622953574724985 0.3078294742096738 0.9471676891434976 0.32601298723399796 0.9181780133928571 0.3790245022062109 0.9333056081411996
1 0.4466158378539712 0.9951118896925859 0.4106590400538986 0.9852127893780138 0.4265035266211461 0.9590291856210443 0.4624603244212187 0.9689283595162749
1 0.25986527757414546 1.0048155597781043 0.20196200482434093 0.9726518351604883 0.23885440229836907 0.9424355698321655 0.2967576750481736 0.9745992944497816
1 0.14558690184455989 0.8873169607538427 0.11241235809735255 0.9118245442708334 0.0804718263027815 0.8921540060842374 0.11364631550561327 0.8676464961479053
1 0.14378061030356346 0.9239108296601869 0.12587794626899018 0.9007661806811332 0.15091697822413985 0.8919546024996232 0.1688196968030887 0.9150992514786769
1 0.1363159943308758 0.9637468095426461 0.09023854219029268 0.9428485780684901 0.11864585296930853 0.9143530700205319 0.1647232505655161 0.935251301494688
1 0.18643196658218833 1.0012513862596066 0.12258155693211015 0.9703312483517933 0.15138905979459896 0.9432670312735458 0.21523946944467717 0.9741871691813593
1 0.0657556446883378 0.9427325413699894 0.018523269939678285 0.9095467078247438 0.0605289844448168 0.8823471023348026 0.10776130464910076 0.9155329358800482
1 0.09652156335525582 1.0012513126789482 0.031227854983523234 0.9528065429098854 0.07269936187444147 0.9273768465802065 0.1379931247905496 0.9758216163492691
1 0.03235016005501564 0.9933963566389767 -0.004119191242180518 0.957928566130764 0.03455277102882037 0.9398377311021323 0.07102212232601653 0.9753055951910036
1 0.03950485488577971 0.8052545861352848 0.020489921944816802 0.8591223240186107 -0.004117445822162645 0.855170527590981 0.014897487118800267 0.8013027897076552
1 0.10035897835330093 0.2512315746672977 0.12068990344336461 0.18070594828986777 0.1531042076840371 0.18495716281221744 0.13277328259397342 0.255482807584812
1 0.07753221172642985 0.33506177979251434 0.10807558934106903 0.25154182751398624 0.13784863673969505 0.2564953878171621 0.10730525912505585 0.3400153400956902
1 0.11592261593079758 0.4621343262013073 0.09840863511645442 0.4993914879539632 0.055419376431244415 0.4901975478804061 0.0729334663343387 0.45294038612775017
1 0.5499321031613047 0.02080468976260525 0.49422396880585345 0.019170983000071813 0.49540032735352435 0.0009218879030582918 0.5511084071646001 0.00255559595900174
1 0.7830603278247877 0.9190045449301161 0.7264401024212467 0.9299161151060503 0.7139121866098358 0.9003406637328587 0.7705323574690014 0.8894290935569243
1 0.5107220060810433 0.6645383461187085 0.489750293666918 0.6699789000103602 0.4836841409391756 0.6593406819808619 0.504655853353301 0.6539001280892104
1 0.19125325302655832 0.6719577782408453 0.19829913182808312 0.6512197318603075 0.2156081348790773 0.6538951981850889 0.2085622560775525 0.6746333181462855
1 0.4656415705812947 0.6735113602650317 0.44365887816619193 0.6662878734365582 0.4549624909238159 0.6506377088513412 0.47694518333891867 0.6578611956798146