0 0.9799551357451679 0.3279725041684342 0.9668096035931142 0.19154080582240407 0.9110920189113365 0.20334223636494864 0.924237488972692 0.33977394621836116
0 0.939787793862856 0.6071937986808305 0.9207394232221198 0.5154064978229874 0.893451058124841 0.5278555063100961 0.9124994287655773 0.6196428071679393
0 0.9356513115542345 0.6674702041648991 0.876294404783666 0.6883715691429817 0.8915524487577886 0.7836238349005468 0.9509093555283571 0.7627224699224642
0 0.9997598331796795 0.709533231110954 0.9480088506564726 0.7169110742629383 0.9542354921358406 0.8129243922629148 1.0059865367497456 0.80554659514046
0 0.9880505209657935 0.5933340771705317 0.9132053379124809 0.6268830680559483 0.9269217940337297 0.6941505765842996 1.0017669770870423 0.6606016317284125
0 0.9660136629339394 0.5042429560090262 0.9660136629339394 0.5864953778987556 0.9997819374682095 0.5864953778987556 0.9997819374682095 0.5042429560090262
0 0.9708377376335199 0.37550008782434247 0.9708377376335199 0.44612984635711256 0.9997819374682095 0.44612984635711256 0.9997819374682095 0.37550008782434247
0 0.9208739116742434 0.07872911456123916 0.9371461451114255 0.13732098885790794 0.9674444809813708 0.11882371168870193 0.9511722475441887 0.060231843145724336
0 0.9112268799076488 0.05607419711612109 0.904641540465253 -0.009830926518274828 0.8466632334649987 0.0029041554952998327 0.8532485108166964 0.06880928488338695
0 0.812710984192205 0.11898868152278941 0.8575721344894456 0.10513169876950179 0.8428381980981371 0.0002737184635294688 0.7979770478008965 0.014130716050552206
0 0.7584758770186928 0.08117232747027597 0.7172494540985821 0.09928327879754666 0.7256321950700979 0.14123024228471437 0.7668586179902085 0.12311929095744367
0 0.7723352659270092 0.09315364141449849 0.8121698016674085 0.0568084889407611 0.7905962644249109 0.00483092787039226 0.7507616665938136 0.04117608106334105
0 0.4871084808939471 0.7931409924997643 0.40554623298218145 0.8094826722756411 0.4160296264524256 0.9245025496677036 0.4975918743641913 0.9081608698918269
0 0.4871072701253338 0.722033010169212 0.39582627569064727 0.758943491571809 0.4075431008790056 0.8226409497843609 0.4988241263590412 0.7857305144112934
0 0.4434868472032363 0.6166179306007259 0.37163378384688134 0.6546654794730392 0.3977866963476761 0.7632377244768099 0.46963979074938006 0.725190129574967
0 0.502001493653834 0.8211829184047417 0.4911473876704762 0.8372757625435991 0.4980819562444367 0.8475573785704186 0.5089360311824453 0.8314644423725018
0 0.48872172141244913 0.6877949111961491 0.4895985662512716 0.8138975485777243 0.5451685613436228 0.8130481196384803 0.5442917165048003 0.6869454822569052
0 0.6553619788355163 0.8919737572763481 0.7167227387064471 0.8821762798418646 0.7122627017699326 0.8207727032369438 0.6509018798083036 0.8305701806714272
0 0.6584812292368706 0.7536823163384946 0.6584812292368706 0.8278883161587952 0.7097366658983978 0.8278883161587952 0.7097366658983978 0.7536823163384946
0 0.76639635274272 0.6658808505373304 0.7120818315663149 0.6714992149203431 0.7166598408292536 0.7687887476580175 0.7709743620056587 0.7631703832750047
0 0.7778790339084753 0.838798327323718 0.8210986303288721 0.8244130866739725 0.8126665893430506 0.7687233857259851 0.769447055013352 0.7831086724052602
0 0.8369160494023398 0.7639790300510229 0.8278572649097151 0.6923472777031485 0.8029907474925293 0.699260084517581 0.8120494698944557 0.7708919289245145
0 0.8356936698284906 0.6951484967860341 0.8465832606458228 0.7597302743212669 0.883189204265482 0.7461618276742789 0.8722996755388479 0.6815800041095164
0 0.8428470770679679 0.7466495105403941 0.8561457869722787 0.8136888506905166 0.8912410639067269 0.7983846765118306 0.8779422919117179 0.7313453823912377
0 0.8106831640823691 0.572856275923831 0.8798656754673194 0.5651632225531439 0.8764668927430379 0.4979735039298171 0.8072843813580874 0.5056665573005044
0 0.7838254600672367 0.5041491017981712 0.7888874042313072 0.5660665520715498 0.8188352381103764 0.5606845032935049 0.8137732318556078 0.4987670530201263
0 0.4965879298663212 0.12694637016653115 0.516531058512287 0.1971722540992058 0.5539485586016976 0.1738134070579103 0.5340053989103828 0.10358753463261808
0 0.5339921115009855 0.33542703251673267 0.602280206379546 0.3135356644160068 0.5920564762088314 0.24342868626567213 0.5237683813302708 0.2653200773811628
0 0.5752658475330621 0.3824365077874599 0.6030677647944748 0.43684771553603413 0.6271928571854336 0.40974980925362936 0.599391002014719 0.3553386475345848
0 0.6535822731553599 0.32094324264411295 0.6127411851077695 0.33875303426659126 0.6288917207766404 0.42016831710148 0.6697328088242307 0.4023585254790017
0 0.6526198673345308 0.2807748831954657 0.6611725505467956 0.39308914483762253 0.696052310668076 0.38725039106688347 0.6874996274558113 0.2749361294247266
0 0.6850561101220752 0.24803987851150075 0.690669109231943 0.3462405427728483 0.7327001655089649 0.3409593907236873 0.7270872284897952 0.24275872646233973
0 0.8389742318635555 0.26433371059135796 0.8485492384203331 0.337343840217878 0.8819911021545969 0.3277027711249764 0.8724160955978192 0.25469261848369157
0 0.5705167163061101 0.4622089736961491 0.5759252507470752 0.5263603291000896 0.6226070865852301 0.5177087107754761 0.6171986142349631 0.45355730934200605
0 0.5885405283372012 0.6317523018447162 0.6356436495620867 0.6242022622224972 0.6285887802605227 0.5274469021758342 0.581485596944939 0.5349969417980533
0 0.6535229144479591 0.5127178669695042 0.66402884684162 0.5957934809666053 0.7052061560195193 0.5843463051912472 0.6947002236258584 0.5012706911941459
0 0.5806482417901195 0.4224330620168741 0.5677925490168807 0.36351830207744157 0.5368385974655073 0.37836636964731807 0.5496943523294443 0.43728108355722095
0 0.5708367938549085 0.4937550816600679 0.5297860876104717 0.5059279129695748 0.5355377973399351 0.5485670915376367 0.5765885656750699 0.5363943062576593
0 0.5762552007168744 0.536899894610789 0.5321523020250508 0.5418041108420532 0.5342232751700788 0.5827447077088047 0.5783261738619023 0.5778404914775406
0 0.5209961558406981 0.5802370189361803 0.5209961558406981 0.6401382377244768 0.5481313431857198 0.6401382377244768 0.5481313431857198 0.5802370189361803
0 0.5765734155447292 0.6236155698382118 0.5690366603350712 0.5755654359475161 0.5410187295349059 0.5852261136200273 0.548555546835262 0.6332762014811935
0 0.5336895435290565 0.6430464294341535 0.5374292041860058 0.707734535182763 0.5733114186284016 0.7031743896852611 0.5695717579714522 0.6384863299661812
0 0.5461531335436801 0.7096085354213801 0.5488340857070193 0.812958914410115 0.586697800598455 0.810799761235624 0.5840168484351157 0.7074493362173595
0 0.5496193467661178 0.7912983383708051 0.550593425638193 0.8996138306584653 0.5832302834713569 0.8989685887125283 0.5822562045992815 0.790653096424868
0 0.5800214361926183 0.7069573726049915 0.6476024422010109 0.6978483128152102 0.6437767859271681 0.6354554695601197 0.5761957799187755 0.6445644833203714
0 0.612447806559162 0.7503194449354261 0.6159158204118451 0.8223061309860482 0.6594117825295651 0.8176997718408276 0.6559437065861838 0.7457130397606759
0 0.6523064955811292 0.7468160453784879 0.6476513075804298 0.6985017019878865 0.6104217249888734 0.706387158792303 0.6150769750802708 0.754701548212434
0 0.654710957865749 0.8905545748197116 0.6511867519312691 0.8200138604119532 0.610628300741512 0.8244682300504337 0.61415256876669 0.8950089444581919
0 0.5736249145631994 0.8239580387443439 0.5751167677668807 0.8925264798677884 0.6140575699985694 0.8906640330411011 0.6125657788855862 0.8220955919176565
0 0.6150964094687817 0.8188955269607843 0.612675120604972 0.7542765115361049 0.5852893972930443 0.7565322806932268 0.5877107482475521 0.8211512500883767
0 0.6110131388884473 0.7560615366940046 0.6074949557516849 0.7004211333722191 0.5830805207074962 0.7038147064715309 0.5865987659349567 0.7594551097933163
0 0.6922006383917217 0.5914246802236519 0.6989640539563199 0.6515917195453903 0.7341664994357198 0.6428928749234069 0.7274030838711215 0.5827258816311982
0 0.6448179227532108 0.6030485173336161 0.6514954668823117 0.709124074622337 0.7015031909651577 0.702203949112698 0.6948257089267549 0.5961283918239771
0 0.7751670984867752 0.5769061840857136 0.7968496049044698 0.6467444878717713 0.8169026030407553 0.6330585278357136 0.7952199724416645 0.5632202240496559
0 0.8668500370557286 0.5548857491839885 0.8286976004180443 0.5747605635929252 0.8359504769559066 0.605366840621465 0.8741028515028929 0.5854920262125283
0 0.9053309955771554 0.6639116612314998 0.9045869627416073 0.6440555348115808 0.8978073415048003 0.6446140110942213 0.8985513122496503 0.6644700914846107
0 0.8468228686498601 0.6359293435673549 0.8722464017198627 0.6843936051358644 0.901051518390768 0.651176257011218 0.8756278611393693 0.6027120414722379
0 0.8722477677152213 0.6499265092530402 0.8299316530431396 0.6627962736702253 0.8343782783888606 0.6949363466841063 0.8766943930609423 0.6820665362373916
0 0.8503280127400178 0.6253791912648473 0.8285904939637907 0.6352958851809954 0.8347705053288721 0.6650749195035587 0.8565080241050992 0.6551582255874104
0 0.8408150968813581 0.6367709014570372 0.8278306280002226 0.5735162473192402 0.8079388173162513 0.582492235738947 0.8209232241066887 0.6457469359062735
0 0.8000155475108087 0.7016843217530402 0.8214965075224122 0.8154299636771776 0.8515796991233787 0.8029411396469646 0.8300987391117752 0.6891954516932975
0 0.75894478597088 0.7091195176989065 0.7779879409929743 0.8408803350065988 0.8223809274264051 0.8267761506645928 0.8033376482229145 0.6950153333569005
0 0.8007903773326234 0.6276215658288555 0.8007903773326234 0.6580191909997172 0.8218955023485186 0.6580191909997172 0.8218955023485186 0.6276215658288555
0 0.777167474508043 0.6359668116044495 0.7735791909731052 0.5854249611879007 0.7467727117839204 0.5896085851332721 0.7503609953188581 0.6401504815793505
0 0.6974827561713187 0.40426037358302697 0.706540857666264 0.4867590994856476 0.7296557964895409 0.48118004432091344 0.7205976949945956 0.3986812723887632
0 0.6674628349917345 0.39621086753511503 0.6728906796398143 0.47093934854590874 0.7033830489413785 0.46607066711149603 0.6979552042932986 0.3913421400711727
0 0.6332801671382248 0.42129894043705224 0.6429510417328967 0.47148373979249153 0.6722593414213505 0.45906824080293174 0.6625884668266785 0.4088834874770221
0 0.6790896907585199 0.4612860816276631 0.649837645242561 0.4730078695766167 0.6578010877296859 0.5166938977363782 0.6870531332456448 0.5049720637578949
0 0.5945627051476666 0.4291429706648284 0.5945627051476666 0.46758701790511875 0.6391850546199453 0.46758701790511875 0.6391850546199453 0.4291429706648284
0 0.6199989047200852 0.4723885882853742 0.6226698602810274 0.5238699474305948 0.6542566402276195 0.5202674462964272 0.6515856846666772 0.4687860871512066
0 0.48780104054075535 0.46404094897424114 0.4928945578248188 0.5199253548324377 0.5188549270707496 0.5147239719580741 0.5137613787413371 0.45883961212940705
0 0.45339574648914355 0.4583099503322964 0.4558858318464681 0.5063045726102942 0.4912999134704031 0.5022655274173973 0.4888098591584276 0.4542709511689291
0 0.43278858887215477 0.37911204802684295 0.44072415263582465 0.4614717187205411 0.47018693398119593 0.4552312652449802 0.4622514323082242 0.37287159455128205
0 0.47329100320686035 0.37468317874776114 0.4840507623744278 0.4571068304876037 0.505968778810084 0.4508171254153705 0.49520908173321465 0.3683934276459983
0 0.5016777527538466 0.3924094728035445 0.5131169704309194 0.47412758391367366 0.5429491914300928 0.46494759261877827 0.5315100358437183 0.3832294815086491
0 0.49408502277983535 0.39235538810626414 0.5311324623084626 0.384032857903528 0.52622829060831 0.3360432068147271 0.48918085107968273 0.34436571400269844
0 0.5287642609915437 0.33305911241073954 0.5209251861727492 0.28656862008625567 0.485170568114986 0.2998215573225985 0.4930096429337805 0.3463120496470824
0 0.4929279626204063 0.18827297389057787 0.4316035258078745 0.21425098171780732 0.44530194458131994 0.28533620244597235 0.5066264124392008 0.25935819461874293
0 0.418907437174148 0.30406566406986474 0.43386195077052075 0.3705828222214366 0.4812581090451742 0.3471587628440799 0.4663035954488015 0.28064160469250804
0 0.432383571248331 0.3277903192902762 0.38773942794101285 0.3306070042951075 0.3899574629045333 0.40788782272223795 0.43460160621185145 0.40507113771740666
0 0.39074710135784907 0.4058976899804393 0.39074710135784907 0.4649048772153092 0.42150034472755593 0.4649048772153092 0.42150034472755593 0.4058976899804393
0 0.41884041026552965 0.41867999829138386 0.42581415807000256 0.4677933222567873 0.444078664692348 0.46209228883861236 0.43710488584252605 0.4129789188436793
0 0.43252141259815297 0.4783018178350066 0.4345827616849727 0.5333146545502215 0.4579274050459372 0.531391770951169 0.4558660559591175 0.476378934235954
0 0.3635680779799561 0.5290759332579186 0.4184290283451488 0.5196178315451782 0.4150535917233596 0.4765785182763009 0.3601927655395632 0.4860366199890413
0 0.34941071581137145 0.404631187473487 0.35441202840872965 0.4802664041878771 0.3922270641928408 0.47476969585159784 0.38722575159548256 0.3991344791372078
0 0.34937855282974634 0.41301468378817874 0.2931379161070225 0.4213532552819806 0.2977768984355131 0.4901329719462905 0.3540175351582369 0.4817944464820183
0 0.3857018595915724 0.35521770494555993 0.33917239432659907 0.3596685072954963 0.34124072861695703 0.40720124625871984 0.3877701938819303 0.40275046692354827
0 0.2959597210190425 0.35027134867994675 0.29814546881954157 0.42156660215167796 0.3410346185445543 0.4186761318108974 0.3388488707440552 0.347380901353931
0 0.9045071761945257 0.0 0.9045071761945257 0.042914297066482844 0.9521445878767166 0.042914297066482844 0.9521445878767166 0.0
0 0.9037389900774098 0.08618376373705282 0.9217671484573691 0.144988841061139 0.9362144741861648 0.13525229521646398 0.9181863158062055 0.0764472121386866
0 0.9866757087280646 0.10550603391897624 0.9664751830930506 0.03990033525147589 0.9469271686045587 0.053131684638436205 0.9671277563302708 0.11873738330593656
0 0.9662228464958991 0.25028653382176186 1.0180533672033951 0.21261654216599501 0.9991510959753306 0.15544432212864112 0.9473205131771363 0.19311433679917278
0 0.9732497128926119 0.2235119619700344 0.9732497128926119 0.2941417435175693 0.9997819374682095 0.2941417435175693 0.9997819374682095 0.2235119619700344
0 0.8694967151537067 0.2133019218617435 0.8795909862188453 0.31806646608838846 0.9217169791732897 0.3091438489082532 0.9116226460174529 0.20437932769637301
0 0.9220758013177136 0.33867499119915395 0.9289206798782427 0.399566880538273 0.9670567245716238 0.390143162884144 0.9602117839203967 0.3292512275154954
0 0.9730178041351412 0.43980276530684387 0.9644597811228383 0.3932778659089838 0.9319577842859867 0.4064204013185803 0.9405158072982897 0.4529452546869108
0 0.862899826841461 0.3477846033432904 0.862899826841461 0.4058976899804393 0.9213913134616607 0.4058976899804393 0.9213913134616607 0.3477846033432904
0 0.7823222442657999 0.4054994424903375 0.8625464686784715 0.40244957188855107 0.8613693532235503 0.33438621279341063 0.7811451288108787 0.3374361064099618
0 0.8680857040389751 0.09673597010731877 0.9048689786924593 0.20580981040252638 0.9359839935147508 0.18274336594801682 0.8992007188612665 0.07366954291388281
0 0.7892172921104081 0.18867848253897412 0.7949690639305697 0.23131769562918317 0.8361356935083927 0.21911048026106475 0.8303839837789293 0.1764712786782381
0 0.7946024804488809 0.22984284045649508 0.83620374491353 0.2214318875273968 0.8286557512875127 0.13936446982451334 0.7870545489135617 0.14777539973884687
0 0.8873386014393121 0.20728415925038884 0.8744365890052772 0.14033176888168128 0.8322262768827886 0.15821273366430405 0.8451282893168235 0.22516511252562924
0 0.867352164531409 0.09598154611716983 0.8250592717804235 0.11949622613092713 0.8348477461573309 0.15819747487524155 0.8771407009990145 0.13468278335410186
0 0.8442066770846579 0.06794763510403411 0.8442066770846579 0.10907384029520763 0.8641058765617052 0.10907384029520763 0.8641058765617052 0.06794763510403411
0 0.7230744308518248 -0.01708839525824039 0.6847690027339777 0.0003866152795731212 0.6948081993498856 0.048761848231066766 0.7331136895584308 0.03128684088475384
0 0.7547018802056842 0.04236750653066966 0.7150549825549974 0.056363383389526185 0.7215379344361966 0.09673366863083875 0.7611848320868833 0.08273779177198223
0 0.7238377118037894 0.1322503068328443 0.711313707539897 0.039406878556241455 0.6638851068754769 0.053470939532664026 0.676408986957973 0.14631435342503887
0 0.6370650919141022 0.07809224423599818 0.6479268660986776 0.12525480796848487 0.6751263794069494 0.11148447580466983 0.664264543131676 0.06432190631849194
0 0.9714407004029438 0.029503579233206956 0.9714407004029438 0.09655716839958639 0.9997819374682095 0.09655716839958639 0.9997819374682095 0.029503579233206956
0 1.051587311442968 0.2827139001446432 0.9920944260435212 0.1171887312899168 0.9314585129824199 0.1650970712146788 0.990951522563263 0.33062224006940516
0 0.8137124450621503 0.4950141734127545 0.8107966037878306 0.4445772242941648 0.7826963407219608 0.448148333289145 0.7856121199055824 0.49858528240773475
0 0.7838745738094481 0.57573887521505 0.7810366563612665 0.4929881836673973 0.7531049695407871 0.4950939886170814 0.7559428869889687 0.5778446341352046
0 0.7573378166128878 0.575391306237038 0.748775136798226 0.4865229219692685 0.7209163444573372 0.49242367751637917 0.729479024271999 0.5812920157546192
0 0.7457808128814852 0.4869119175239206 0.7439024450820193 0.44513689734457484 0.7236911156655328 0.44713467098828713 0.7255694834649987 0.4889096451381033
0 0.7829349552748284 0.48445992448211256 0.7750008195972151 0.4177993613310709 0.7426651637406219 0.42625981901925436 0.7505993615089331 0.492920382170296
0 0.7670221027983533 0.43361317446149134 0.8091614452528929 0.41799365197551375 0.8056853596094544 0.39737794625813067 0.7635459550642166 0.4129974687441082
0 0.8080264272912958 0.3924869865313914 0.762801052958895 0.3924869865313914 0.762801052958895 0.43450725204444757 0.8080264272912958 0.43450725204444757
0 0.8395831553399987 0.48590796745380843 0.8349895613118324 0.41439418879029977 0.809720261535955 0.41796235189538555 0.8143139797455176 0.4894761305588942
0 0.8746437235741988 0.4937652081565799 0.8680621716643884 0.4059413259745004 0.8345733673623474 0.4114582412742741 0.8411548571814598 0.4992821234563537
0 0.9044840163641277 0.41913647313643004 0.865520613118324 0.43069034536140177 0.8706229783268693 0.46851543351715685 0.9095863815726729 0.45696160732171476
0 0.8837081583203522 0.4524432106075603 0.8876786721929044 0.49953892220199375 0.9202595242163657 0.4935006304204374 0.9162889482531155 0.44640496485553355
0 0.9447292820725776 0.45168745176105296 0.9507103548408888 0.5048953785615808 0.9824903610400242 0.4970422344869438 0.9765092261810148 0.44383435371594554
0 0.40858526220156727 0.6173783384297229 0.3869690996948118 0.5152212749958758 0.34718473323849186 0.5337268489877922 0.36880086469989826 0.6358839124216393
0 0.3618850164714204 0.6331973068674586 0.296634553771538 0.6596867027685474 0.3059196588588028 0.709964619862368 0.37117005946798703 0.6834752239612792
0 0.3788212788796255 0.7922785832331731 0.36506545725576994 0.6393144932627498 0.2986295899927677 0.6524480068845446 0.31238547370732134 0.8054121889140271
0 0.39007174083441953 0.7672360795655402 0.34904326305990907 0.7759262246064291 0.3538311699278357 0.8256174032864347 0.394859585611648 0.8169272122160162
0 0.41688362191434064 0.9235324313018477 0.4026906507303853 0.8118409491951829 0.36092295214943093 0.8235083302401489 0.37511595437873535 0.9351998123468137
0 0.3682865053566887 0.9323205732112556 0.36134759043386 0.7905747541654883 0.317317058450693 0.7953129418834841 0.32425597337352174 0.9370586688701923
0 0.3145089445376081 0.8255500160550999 0.3072014281854018 0.7345400158636171 0.23961770570896648 0.7464689827253017 0.24692523758384727 0.8374789368872549
0 0.1852449589804012 0.8633421010381316 0.18091071779827378 0.7476715502156391 0.11087684204474106 0.7534402470423266 0.1152110133748331 0.8691107058057598
0 0.12377983240727126 0.6466192875512585 0.12698028191908936 0.7557588465073529 0.1808081750103319 0.7522889564479638 0.17760766340781567 0.6431493054328101
0 0.17385544490717192 0.6523503322227329 0.16862515733782904 0.5541231779671003 0.13446675142460898 0.5581215330558305 0.13969703899395186 0.6563486412819335
0 0.13853224854260712 0.6399405869243732 0.13714324858035828 0.5678625782870239 0.10343696384682174 0.5692904142952253 0.10482596380907061 0.6413684689621041
0 0.08032521493316061 0.5820781540906627 0.1311439677148239 0.5617924801005137 0.12069907823875016 0.5042725529965592 0.06988031769574962 0.5245582269867082
0 0.06331550310975052 0.7393775353064904 0.06331550310975052 0.8296763792656485 0.11336490169303948 0.8296763792656485 0.11336490169303948 0.7393775353064904
0 0.10733485488658762 0.8663323633990856 0.10733485488658762 0.9763002237403375 0.16703232913633329 0.9763002237403375 0.16703232913633329 0.8663323633990856
0 0.19313781986644044 0.963192118418882 0.18592958654052485 0.8776936480722096 0.16047347137668488 0.8824114907381222 0.16768170470260046 0.9679098690257353
0 0.1782127217383011 0.8679621769831731 0.18125629910132407 0.9582142089107277 0.24742143539785733 0.9533091181184012 0.24437784251215985 0.8630571782499057
0 0.24602594695765514 0.8699084896127922 0.24602594695765514 0.9485847392592854 0.31898953349519965 0.9485847392592854 0.31898953349519965 0.8699084896127922
0 0.3140793079519805 0.8098522893983314 0.24270943440837997 0.8184320095977092 0.24630904949572419 0.8842555257529695 0.31767892303932477 0.8756757134945324
0 0.22556743447196084 0.7488520235317685 0.18061878285839744 0.756930021858503 0.18622645769090157 0.8255224903963989 0.2311751248271395 0.8174444920696644
0 0.2039601819803853 0.6748615339690563 0.2100463277325868 0.7440422138657146 0.24227004958314788 0.7378104599712482 0.23618399696699358 0.66862978007459
0 0.19630779836815712 0.5967250265866563 0.200042724609375 0.6650210649539263 0.23755716380122235 0.6605112297322775 0.2338223151733771 0.5922152373945372
0 0.25867543652244407 0.5810231572722238 0.2293307051168696 0.5891808787442261 0.23755657393959023 0.654227094233126 0.26690130534516465 0.6460693267315941
0 0.23651942644090157 0.6504892662819335 0.23826322817487125 0.700904811669259 0.2812881236886445 0.6976334009415064 0.27954430643200023 0.64721794761324
0 0.28048408019336535 0.6909129975608032 0.24137555546338538 0.7014556010204562 0.24678817236775177 0.7455929947474783 0.2858966194843591 0.7350503452582956
0 0.2969111678316537 0.5618830662147671 0.306401731038991 0.6519389663166949 0.341002362426882 0.6439232459435096 0.33151183026489384 0.5538672998120522
0 0.22260482337928375 0.5081672956141591 0.22597206402892134 0.5830537039410115 0.25843024035557605 0.5798453996983409 0.25506299970593843 0.5049590374010181
0 0.22966039120120169 0.5820430335595776 0.22155604939737253 0.49793101867399603 0.18863192894936578 0.5049045384379713 0.1967363483665676 0.5890165993530826
0 0.17519658846384634 0.5674568740131268 0.20261490939228605 0.5363701407546192 0.18618361510920015 0.5045123668457768 0.15876537179413308 0.5355991001042845
0 0.2012543159244262 0.6504419479255044 0.19459741695244945 0.5517425767257023 0.16599945037314026 0.5559826789038933 0.17265642695848962 0.6546820040741658
0 0.12341591106426437 0.5375542964331165 0.1617221774065361 0.5274573969085832 0.15814978909031663 0.4976636791660775 0.11984352274804488 0.5077605786906109
0 0.07284992951463949 0.5244489068539074 0.11963005492791519 0.5048190616015036 0.11229624316505595 0.4663991798642534 0.06551604013840762 0.48602902511665724
0 0.04430414240576122 0.4877494708445277 0.098220957138046 0.46341996459040347 0.08760992847648302 0.4117275600519655 0.03369318747690226 0.43605711233561933
0 -0.008578759365139996 0.46806802648944196 0.038496322088542326 0.5974815679351668 0.07848572367205382 0.5655046235741893 0.03141064609904013 0.43609108212846437
0 0.0812064604502122 0.3308543439724147 0.10065542475253131 0.40534754504265647 0.13875220484069017 0.3834825978919212 0.11930330262906917 0.3089893968216794
0 0.1102227553467542 0.444399734428026 0.1767064634926564 0.41406977266567685 0.16778851622603796 0.3710975014066624 0.10130480808013574 0.4014274861837764
0 0.11420912563133821 0.4561432022854214 0.12723400779561134 0.5140774872148378 0.15907268970446814 0.49834229252097473 0.14604773768815965 0.44040796156202866
0 0.14693265431773747 0.4362480428244014 0.1632913024840253 0.5130528238564055 0.19979811830413913 0.4959600802460407 0.18343954775122392 0.4191552992140366
0 0.21821751017293997 0.46056323389481996 0.20124254973713282 0.40519353023661386 0.17766337428670206 0.4210842587109964 0.19463835024518375 0.4764540083987321
0 0.25416394191986424 0.502112387172417 0.2477946315388956 0.44410201543057126 0.21877797185950215 0.45110554644784595 0.22514728224047081 0.5091159642192213
0 0.29270824847604593 0.45391274936957954 0.2480754522438088 0.4640935146970447 0.25487935094357994 0.5296639144690328 0.29951214717581703 0.5194831491415677
0 0.2453500741859661 0.46518690014317027 0.29430071965602744 0.45237918353188633 0.28949288167400494 0.4119850492405496 0.2405422362039436 0.42479271982230393
0 0.2724534866162258 0.36960612163284784 0.23098498758682764 0.381134263350773 0.23671920326209625 0.4264776767828526 0.278187717814169 0.41494953506492743
0 0.21730344196059576 0.35713573242923974 0.29040266562817907 0.3511970255349736 0.28748753839688773 0.2723167730132919 0.21438822159325724 0.27825543387802837
0 0.1867814709187039 0.19922873840792327 0.19880041392142994 0.2823882872522507 0.25686532192288436 0.26394036524615855 0.24484644101085642 0.18078082790921357
0 0.2425311409687341 0.14674907931734893 0.2515801151310561 0.27085195227805664 0.2922396499773493 0.26433474625577397 0.28319061372432924 0.14023188480244864
0 0.14029806142905965 0.23479046253417232 0.14859291301738936 0.3039689790429393 0.1960958052021077 0.2914480264010652 0.18780095361377797 0.22226953290706306
0 0.18472881452962073 0.17808082776191908 0.1408573433923576 0.1902769960429334 0.14690564486405613 0.23810348395668363 0.19077703838794666 0.2259073386904341
0 0.11355046750570241 0.30624576068032383 0.1449762850787608 0.29692703638321316 0.13567607642917887 0.2279821887814621 0.10425026661745772 0.23730091307857276
0 0.11794448650744294 0.19540985245510464 0.18561138723534462 0.17868875126673264 0.17048738155578427 0.04414663415508932 0.10282048858921987 0.060867741097152504
0 0.05948570228180832 0.18181444401115313 0.11775656124825153 0.1633011025361166 0.10301967554878243 0.06133604553130597 0.04474881658233922 0.0798493754989601
0 0.10645537119309512 0.22524538802525218 0.09805651768541773 0.1602149376502404 0.08084135938394106 0.1651025257139364 0.08924022065295571 0.2301329875963306
0 0.13071012448439884 0.2244586052757942 0.12003343490957608 0.16113896894958404 0.09761581343285065 0.1694483692290017 0.10829258062104606 0.23276797103306468
0 -0.0004610866762978136 0.1590879276327418 0.010712167617627102 0.22535263682922088 0.06547923587709817 0.20505248655201264 0.0543059099727099 0.13878777735553355
0 0.06183066227428789 0.3030111275467218 0.045111193419230436 0.23386262229125424 0.015077621987731871 0.24982600837811086 0.031797019050419636 0.31897453664834324
0 0.10187026806789642 0.41258987725949753 0.08988135367904772 0.33704430305400407 0.04548240265792893 0.35253330880879996 0.057471317046777645 0.42807890602905824
0 0.021385322873492936 0.3972464398920626 -0.013888763629529144 0.4228623794394561 0.0002333404816543098 0.46561120034702586 0.035507427227218176 0.43999526079963236
0 0.04439696411877901 0.07770301853369803 -0.009110289696880663 0.09636955779062677 0.0006405453473359862 0.15781263348563584 0.054147873623325044 0.1391460827213247
0 0.07852068849643153 0.06818470444254926 0.07376172365516515 -0.005902724747923884 0.03133320929681539 8.840023414941215e-05 0.0360921780187504 0.07417583321733892
0 0.07839062400654884 0.0 0.07839062400654884 0.02056309971874116 0.11939494849949135 0.02056309971874116 0.11939494849949135 0.0
0 0.12482199372983294 0.0 0.12482199372983294 0.042020248251982584 0.16642931979888576 0.042020248251982584 0.16642931979888576 0.0
0 0.19896743789936738 0.1740889973590097 0.2546006723677518 0.1623054377813325 0.24884804680049116 0.10260092618778281 0.19321482785478128 0.11438448576546004
0 0.2540913578937643 0.12552157210728343 0.23674709750822578 0.05266079104324272 0.17659693550117625 0.0841367730188154 0.19394119588671477 0.1569975425754737
0 0.29788437743395535 -0.007152382604676674 0.2465225173158539 0.011885577557133693 0.25521294874189343 0.06342480804765566 0.30657471572394773 0.04438684500899969
0 0.36989381621352047 0.09391064881199625 0.35712765822696785 0.02090325218879619 0.30807501326257314 0.039758696635204566 0.32084117124912576 0.11276608750471342
0 0.27925760263344035 0.13514236519239606 0.2928637856748315 0.21400147865260888 0.32357080251978954 0.20235478788119815 0.3099646194783984 0.12349568592836774
0 0.298662404926723 0.10469292227858691 0.31033039578101157 0.15832145541321999 0.33659944893263605 0.14575760324975845 0.32493145807834756 0.09212905860774298
0 0.34244150062786116 0.33200586471442545 0.3339994319942936 0.25690585635546287 0.2858894790540755 0.26879427120156957 0.2943315476876431 0.34389427956053215
0 0.32558549044697355 0.19982656993837197 0.28498931915810977 0.2073503266991893 0.29037000592096895 0.27117158133160113 0.3309661461644837 0.26364782457078384
0 0.33562509065241924 0.26111799559442167 0.3411330943917695 0.3334502023089885 0.37729977736759285 0.32739603033972003 0.37179168049219546 0.255063846639918
0 0.42270636340245105 0.36924175187653185 0.42270636340245105 0.4014274861837764 0.4323544196655646 0.4014274861837764 0.4323544196655646 0.36924175187653185
0 0.33686715297757186 0.33716595910073766 0.3457293272746058 0.4817012366845777 0.39455295069899227 0.47512044086715216 0.38569074535660924 0.3305851862980769
0 0.3675266393931205 0.2675454440339838 0.3778679693460707 0.3332565790927248 0.409721118387589 0.3222368795587646 0.39937978843463884 0.25652579052955315
0 0.41489997933621564 0.18657158438796193 0.37435158683955366 0.1981329824410233 0.38015365212519076 0.24286597526630846 0.42070204462185273 0.2313046002280119
0 0.3866976391626399 0.2062382302492812 0.41857515880316953 0.18063726180639023 0.3977411217752575 0.1236102189053957 0.365863664225426 0.14921118734828667
0 0.3317160155256549 0.25731545012461116 0.3734549661133806 0.2466456900894372 0.367571096332973 0.19604837408972003 0.3258321457452473 0.20671811111012914
0 0.39420201407322925 0.19581845658936653 0.38828073464720564 0.09924663929198482 0.3342920344091747 0.10652359722246771 0.34021334488054744 0.2030954260272318
0 0.3691305663069049 0.10222184999675953 0.42410532892174785 0.0874021193560432 0.41944529784659523 0.04940150909653976 0.36447053523175227 0.06422124549094728
0 0.4114904859665088 0.12623955221737132 0.42252546215348424 0.1753227843777986 0.461961965473598 0.15583253518129006 0.45092698928662256 0.1067493145282452
0 0.5030689569358787 0.15343794096289357 0.49845679778897506 0.11240839203018949 0.4588540466246503 0.12219459222992081 0.46346623681690297 0.1632241296552425
0 0.4764788017389369 0.15504697221436653 0.48386728436148907 0.20251690388445043 0.505710978231498 0.19504306614848463 0.49832246456359675 0.14757314598578314
0 0.44911133309225587 0.16268389257370616 0.4581232080624523 0.20722224953307644 0.48180081279207465 0.19669053205717382 0.4727889378218782 0.15215217509780354
0 0.5142344167249492 0.19173992956745498 0.5272935807159207 0.26642280682179725 0.5673267445995994 0.25103437558917796 0.5542675806086279 0.17635150984221815
0 0.5524588164817523 0.1767585144503264 0.5645898487172558 0.2487030719739819 0.5935340485519456 0.23797450921474358 0.581403016316442 0.1660299401837057
0 0.5813200010530583 0.17934539702862815 0.5921935724702759 0.23943514126278517 0.6207994400909207 0.2280561122060002 0.609925930764401 0.16796637947922557
0 0.6278588420134473 0.3182725863219386 0.6108779674386444 0.27295448913113923 0.590142592530042 0.29003418336986236 0.6071234050141467 0.33535228056066174
0 0.6051551919745041 0.3341287005900617 0.5940849172256485 0.28936500606853316 0.561341946389401 0.30716540766697303 0.5724122211382566 0.3519291021885016
0 0.6718288045206002 0.18758089689827254 0.6226432233715349 0.19973513227782097 0.6285754307604272 0.25250810303839083 0.6777610119094927 0.2403538676588424
0 0.6712394396140641 0.23879238491144655 0.6343084511897571 0.25339394133554866 0.6416546500468909 0.2942381753820819 0.6785856384711979 0.2796366419727446
0 0.6429655088655583 0.16302619117057882 0.6110757884028484 0.17248246320951757 0.6176623696592065 0.22131122111554957 0.6495521522126144 0.2118549375692284
0 0.5550380640815743 0.059302880933022245 0.5748676598860313 0.16710441900054793 0.6061450418839013 0.15445708077777384 0.5863154460794443 0.04665554271024816
0 0.5831644673313517 0.004579269328628011 0.5958011041216302 0.09201278801597261 0.6343463265156091 0.07976651083829715 0.6217096897253306 -0.007667005691413246
0 0.6360288602532108 0.08090478658316541 0.6702530667837614 0.057485094257429536 0.6524982937476157 0.0004492045168063939 0.6182740872170651 0.023868895943528028
0 0.6186226023056015 0.0775139464871736 0.6282706896140641 0.12042824355365644 0.6447326722246948 0.11229240912297912 0.6350845849162322 0.06937811205649627
0 0.5311893994786369 0.061162669554375236 0.5115380350231276 -0.016533761002898755 0.46646962597556907 0.008524072655725263 0.4861209904310783 0.08622050105536505
0 0.4553324795448404 0.1242516173856111 0.49166174701368576 0.11228189137546545 0.4846384818774638 0.06542326062692956 0.4483092144086184 0.07739298663707521
0 0.4395905006695861 0.03307976873751679 0.4395905006695861 0.07062977579384368 0.4787858126728605 0.07062977579384368 0.4787858126728605 0.03307976873751679
0 0.41758546412051756 0.018830023200263803 0.42292898960055314 0.08221113915536918 0.44430318465674273 0.07824982057689361 0.43895965917670715 0.014868703183365443
0 0.43717846331979593 0.0 0.43717846331979593 0.03307976873751679 0.4685347315496249 0.03307976873751679 0.4685347315496249 0.0
0 0.5226527356664865 0.062331762069310896 0.49107790817928215 0.08268591649212269 0.5039145080628497 0.12646016024536316 0.5354893665954031 0.10610599431516897
0 0.5317295885522635 0.06741120696607218 0.5642918754569876 0.05131834556614112 0.5550658807143312 0.01028154985937058 0.5225036559003052 0.026374411259301647
0 0.5914412815718781 0.04138915463270645 0.5831056053495358 -0.008046430699965534 0.5491954535700662 0.004522830292829741 0.5575311297924085 0.05395841526589602
0 0.5789580088059512 0.16079295346819616 0.5609905751287513 0.09552618748821644 0.5346818149756803 0.11144732997428237 0.5526492486528802 0.17671408444687972
0 0.6307279910827823 0.13089453005323223 0.6224511147515577 0.08487518448635464 0.5929138245684448 0.09655345151507118 0.6011907629903674 0.14257279708194875
0 0.6067138547693604 0.17212950877654246 0.6380928792400496 0.15883687107091934 0.6235069670730544 0.08314644768946491 0.5921279426023652 0.09643908539508803
0 0.5407994872798512 0.8307864274014894 0.4979301755328872 0.8404586124564009 0.5040092584681778 0.8996879382011218 0.5468785391697927 0.8900157531462104
0 0.29707238632931715 0.48923732935932784 0.29823562451320895 0.5478782135976386 0.3327721472552931 0.5463721734186463 0.3316088469807032 0.4877312891803356
0 0.0 0.5721905968667516 0.0 0.702721597202583 0.04221033540650035 0.702721597202583 0.04221033540650035 0.5721905968667516
0 0.10173439033640244 0.5719097246771304 0.04918493307740376 0.5771039269448766 0.05153821322343114 0.6294412972520739 0.10408766660176119 0.6242471410138575
0 0.0 0.250333391882895 0.0 0.3459965172216723 0.030753243369706893 0.3459965172216723 0.030753243369706893 0.250333391882895
0 0.05523728596715452 0.34576531089449003 0.11324013043517135 0.3089089372039381 0.10023393757103176 0.2639136911337552 0.04223109310301493 0.30077001879477755
0 0.7166798340340476 0.8267437458757542 0.7735921058383138 0.8212644827311935 0.7708358997488556 0.7583311147100066 0.713923503763193 0.7638104238840969
0 0.7642198875015895 0.7951766024168081 0.7300259812317205 0.8078511095694287 0.7401351540644074 0.8678048480509992 0.7743291224249745 0.8551304329574377
0 0.650642154418076 0.7071918470287755 0.650642154418076 0.7483180349588754 0.7037066035692714 0.7483180349588754 0.7037066035692714 0.7071918470287755
0 0.729635803284747 0.0 0.729635803284747 0.019669052342663702 0.7603890156091048 0.019669052342663702 0.7603890156091048 0.0
0 0.8251792310091874 0.11037507208224336 0.7844614550880595 0.11641210955911811 0.7865272126144456 0.14703988237798124 0.8272449885355735 0.14100285640848886
0 0.7887302526743706 0.23513457929746417 0.7887302526743706 0.3343738768794777 0.8218955023485186 0.3343738768794777 0.8218955023485186 0.23513457929746417
0 0.7783706680561737 0.2930152168101315 0.7721838267142993 0.2288047134606547 0.7260901139687183 0.23856771477746747 0.7322769553105926 0.3027782411417091
0 0.7561680278603446 0.33079770463624153 0.7561680278603446 0.39069887739500847 0.7814942027156981 0.39069887739500847 0.7814942027156981 0.33079770463624153
0 0.9367010789873156 0.7172281716923549 0.9712389677247584 0.7140276464401867 0.9696880041764687 0.6772359672534879 0.9351501775297241 0.6804364925056561
0 0.9642046504442714 0.33258579075785966 0.9642046504442714 0.45149417376626133 0.9997819374682095 0.45149417376626133 0.9997819374682095 0.33258579075785966
0 0.017776716276927493 0.2569744403545673 0.06829853387718161 0.24741192065392864 0.06476272862415954 0.2063462385404883 0.014240835350867084 0.21590878125589177
0 0.2740412389031504 0.05789563738562582 0.24079449518772253 0.06611121222264446 0.24451026644857102 0.0991668240876579 0.27775702568667343 0.09095124349694805
0 0.2466048185362093 0.09809492292447328 0.25065705929015925 0.1401509303672641 0.27986658820058175 0.13396412430845234 0.2758143940146554 0.09190811686566153
0 0.2780189863420333 0.09370336057913249 0.3104944083600903 0.08494884899478872 0.3059308662298131 0.047735001346824034 0.2734554442117561 0.05648951580801341
0 0.30089937755316953 0.0 0.30089937755316953 0.040232153499827665 0.341300708231339 0.040232153499827665 0.341300708231339 0.0
0 0.41140616679846453 -0.009242925888452774 0.36154957147483785 0.0003988317594628888 0.36688918524089204 0.06109437323983079 0.41674581160986773 0.0514526194576764
0 0.4630304842975108 0.5626207354561416 0.4995388213397285 0.5527790696732419 0.49399117268962994 0.5075401893028846 0.45748283564741227 0.5173819011153139
0 0.45890316036686163 0.5187804163131599 0.4681745434098423 0.6493702423878205 0.5402757522412258 0.6381174493159644 0.5310043691982451 0.5075276692708334
0 0.4134657152550388 0.6169413340756976 0.46802949953903866 0.6034580880879996 0.459685223755007 0.5292279687941883 0.4051214394710071 0.5427112147818863
0 0.507759878133345 0.6388015862144136 0.5045776988094481 0.6859825444976668 0.5366981483063644 0.6907448977187028 0.5398803586756104 0.6435639394354497
0 0.540026954813867 0.4621512066365008 0.5442480046533252 0.5059595352564102 0.5704184267309893 0.500416429154294 0.566197376891531 0.45660810053438444
0 0.24933092615975488 0.3779764304873091 0.24121148079360855 0.32294373203007165 0.21641239387457878 0.33098683997336914 0.2245319168540978 0.3860195384306066
0 0.13940415717092924 0.37885439773490526 0.20186137667992593 0.345180758883331 0.18751248023032172 0.28667609903787233 0.12505526072132503 0.32034973788944665
0 0.2003189040346039 0.3898789073547087 0.21198650682202919 0.4313966224635888 0.23677750642762907 0.41608140119779885 0.22510988811752924 0.37456373211844834
0 0.0676078602353287 0.6617200572386407 0.1062547871928249 0.6600829709888764 0.10558045892725156 0.6250903559666053 0.06693353196975538 0.6267275342754289
0 0.9775065890648843 0.5980212641697303 0.9558520855520409 0.4876563991356759 0.9172586807763224 0.5043023801317402 0.9389131842891658 0.6146672451657946
0 0.9540542493880341 0.8132922602634803 0.9525275012120105 0.7634910249782004 0.9314385197776259 0.7649123247931985 0.9329653300443477 0.8147135600784785
0 0.8283015859454476 0.6869022144990808 0.8209804096396554 0.6380556316577112 0.779287933939471 0.6517924082944476 0.7866091723359614 0.7006389911358173
0 0.7334667993586279 0.6410688627539357 0.7393948466707464 0.7084531021693533 0.7824458047550547 0.7001275110028987 0.776517695352238 0.6327432715874811
0 0.7375064201781854 0.8631075345552884 0.7335882487641467 0.8195372706624717 0.7115087965133837 0.8239021588954091 0.7154269679274224 0.8674723307291666
0 0.7024906193373284 0.4950595585289404 0.8100881489223042 0.48539110186592666 0.8062868942928217 0.3923994843956212 0.6986894888892421 0.40206794105863497
0 0.8674632447903421 0.2166745975546168 0.8372700284723106 0.22528347746099642 0.842392511067046 0.26477715907952726 0.8725857894757757 0.2561683021879124
0 0.8200864898588505 0.2279821887814621 0.8200864898588505 0.2673202905899439 0.8417947018255658 0.2673202905899439 0.8417947018255658 0.2279821887814621
0 0.6321083293926437 0.43525191777432126 0.6094464663935338 0.23845390676553074 0.5224008337042217 0.26048831162948954 0.5450626967033316 0.4572863456530449
1 0.7718702686888034 0.17948076987518263 0.7799084062857642 0.23609012931720164 0.7958770162091493 0.23110570663060898 0.7878389407028866 0.17449634718858997
1 0.672251207539897 0.13956116551187783 0.678850393207973 0.2471888845682504 0.7731893234796223 0.23447322701616705 0.7665901378115463 0.1268455079597945
1 0.7135970308724886 0.062100688077026185 0.7494705526171478 0.04262338468571774 0.7443947001366988 0.02207224113729025 0.7085211783920397 0.0415495445285987
1 0.7181089135419316 0.3393760669644961 0.7270869801270028 0.4142529241639564 0.7610566768859677 0.40529907594798736 0.7520786103008965 0.3304222417632919
1 0.7408541022579158 0.33873450738092714 0.7687699559503751 0.33143047257965685 0.7669855934678599 0.3164387468478978 0.7390697397754006 0.3237427816491681
1 0.45162392632764814 0.6239994561150782 0.47765563778571657 0.6818938334423312 0.49620967333338634 0.6635544720818015 0.4701779618753179 0.6056600947545484
1 0.4756999049763956 0.7339276390018147 0.4953688100541232 0.7137383968761783 0.485948781879848 0.6935643444953101 0.46627984575677134 0.7137536326504761
1 0.3898779557655932 0.5298903337251367 0.4006867044939757 0.5808807419076405 0.4293287089009251 0.5675341115637962 0.4185199601725426 0.5165437033812924
1 0.9275609556801564 0.7606140873191224 0.8940201814637907 0.783566113870428 0.9052572318277912 0.8196644042232277 0.938798068134855 0.7967123316423925
1 0.867153288025337 0.839228335189244 0.886010046771681 0.8310737437252546 0.8828811102214204 0.8151680556537518 0.8640242272936801 0.8233226471177413
1 0.33665604460397064 0.1702737477390295 0.36239490528436547 0.17154578529691625 0.3632783627825375 0.13225133098987793 0.3375395021021427 0.1309793049393736
1 0.275446941263193 0.12837046627545248 0.30292598689439215 0.12705621963892227 0.30213836638876523 0.09085366089419541 0.2746593207575661 0.09216791328441683
1 0.4052590324580366 0.05932772537162401 0.4223196625345721 0.037521684511394704 0.4126685327819017 0.02092289960582152 0.3956079027053662 0.04272894478131923
1 0.4945977988102429 0.23719035014847284 0.4578482083604877 0.25742836056072066 0.4628407351240622 0.27735730569646727 0.4995903255738174 0.25711927226945464
1 0.4382358368633965 0.23637933285168033 0.4178536959363873 0.24736837671892675 0.4237280968853319 0.2713199575202677 0.44411023781234105 0.2603309596825509
1 0.422143852722851 0.28370052009686086 0.43493466071655645 0.3045613100446008 0.4462520564439217 0.2893069628317072 0.4334612174048671 0.2684461498692025
1 0.18882919109728669 0.8308860353035445 0.16820402717784366 0.846589285503865 0.176706246175213 0.8711374780531203 0.19733147218535416 0.8554343199118589
1 0.09449766514138797 0.7143910956059106 0.11624573157495788 0.7366289279759379 0.12633531479238858 0.7149377883289734 0.10458732597219131 0.6926999559589461
1 0.06812422976488984 0.6722908767999387 0.07751931300119612 0.7116215908689196 0.10279891983296112 0.6983471348274887 0.0934039142100275 0.6590163747289781
1 0.03711615064743213 0.6385458921774839 0.052249644561798626 0.6915807019171851 0.08125048275517786 0.6733891874057315 0.06611706257351539 0.6203543776660304
1 0.0042869872503581395 0.5527333163208192 0.014189897694398525 0.5887059460578101 0.04038358049984502 0.5728544807721767 0.03048059729326778 0.5368818970647153
1 -0.0054204185035682285 0.739565980200674 0.026755687057790047 0.7974947415865384 0.056983582971054804 0.7605861013651254 0.024807478864947267 0.7026573860087906
1 0.11212341370684448 0.8538945400876696 0.08760639706802756 0.8870836721106712 0.10728450709175118 0.9190382921497926 0.13180144611719544 0.885849160126791
1 0.07551545213949644 0.8557016594197775 0.09866901137700279 0.8736122096825509 0.10748398122079253 0.8485622032015931 0.08433042974462344 0.8306515608797606
1 0.03566414026859939 0.8631695823611897 0.05657041594310307 0.9092672356652998 0.08507689187873538 0.8808474993813631 0.06417062008490033 0.834749846077253
1 -0.0018548727763147829 0.8130315490078243 0.029077167064709437 0.8769100413602942 0.0561518043370601 0.8480898481688348 0.025219763040785145 0.784211355816365
1 0.05668649838390331 0.9337609292515083 0.08988511016628385 0.9810140158076451 0.11709518665457305 0.9389898838141025 0.08389657099152388 0.8917367972579657
1 -0.0018547991648816627 0.9029814431030826 0.046608619263067856 0.9683038817991139 0.0720481057618181 0.9268141526442307 0.023584685999888732 0.8614917139481995
1 0.006003180452426355 0.9671811295131033 0.04148462320756573 1.0036664361507823 0.05958242406680164 0.9649775118130185 0.02410090612370752 0.9284921131162802
1 0.19421737531194366 0.9600232614830788 0.14032890498334977 0.9790465295944099 0.1442822197325232 1.0036646870286576 0.19817069006111712 0.9846414189173266
1 0.748453631163371 0.899142396216299 0.8190064221650878 0.8788024994402809 0.8147535197974949 0.8463739593643947 0.7442007908864764 0.8667138561404129
1 0.6645912022944748 0.9219792108550151 0.7481433018541772 0.8914224155707956 0.743187781146681 0.8616362466711445 0.6596357436776767 0.8921930419553639
1 0.5374697494118769 0.8835718951793458 0.5001982245537417 0.9010935879760558 0.5093956886206129 0.9441017392533937 0.5466671824333991 0.9265799543976244
1 0.978969197549752 0.4493716600973322 0.9806035489056142 0.505104260566907 0.9988597043290628 0.5039274235836161 0.9972253529732007 0.4481948231140413
1 0.08042362868967765 0.2161409772179605 0.0695078588817515 0.2727860670823317 0.09909469744196259 0.28531951674149225 0.11001046724988874 0.22867447290665063
1 0.33498779172693605 0.4885989918428309 0.32954513844735506 0.5095799418775924 0.3401874530594322 0.5156487512372737 0.3456301063390132 0.49466780120251225
1 0.32756550071925866 0.8082081146010087 0.3483115241825884 0.8011591524380185 0.3456350425495136 0.7838425672252074 0.3248889259501367 0.7908915293881976
1 0.32601130845466686 0.533699231270032 0.3332375791283857 0.555691588158701 0.34889377970419 0.5443830072969693 0.34166750903047116 0.5223906504083003