0 0.32801949404140207 0.9798236993642954 0.1915682488371769 0.966679939856896 0.20337137096493427 0.9109698075514573 0.33982261616915943 0.9241134936992939
0 0.6072808195987912 0.9396617595966046 0.5154803542954824 0.9206159298236554 0.5279311453807375 0.8933312342717097 0.6197316106840464 0.9123770640446589
0 0.667565874449922 0.9355258208054763 0.6884701978714071 0.8761768341064453 0.7837361218457554 0.8914328355055589 0.7628317440257353 0.9507817488450271
0 0.7096349270798519 0.9996257928701547 0.7170137619589739 0.9478816986083984 0.8130408846333278 0.9541075046245868 0.8056619953556706 1.0058515988863432
0 0.5934190937117034 0.987917973445012 0.6269728716681985 0.9130828563983624 0.6942500422132631 0.9267974266639123 0.660696318655303 1.0016326170701246
0 0.504315218185996 0.9658841353196365 0.5865794027127896 0.9658841353196365 0.5865794027127896 0.9996478740985577 0.504315218185996 0.9996478740985577
0 0.3755538858831885 0.970707526573768 0.4461937834659787 0.970707526573768 0.4461937834659787 0.9996478740985577 0.3755538858831885 0.9996478740985577
0 0.07874039022680272 0.9207503979022686 0.13734066125118372 0.9370204485379733 0.11884073947627702 0.9673147201538086 0.060240468451896026 0.951044669518104
0 0.056082234238133286 0.9111046424278846 -0.009832334603430328 0.9045201815091647 0.002904571526403308 0.8465496943547175 0.0688191378180356 0.8531340819138747
0 0.11900573023287796 0.8126019697922927 0.10514675827162363 0.8574570875901443 0.00027375767893969696 0.8427250935481145 0.014132740238346092 0.797869975750263
0 0.08118395881856827 0.7583741408128005 0.09929750139913032 0.7171532557560847 0.14125047435522503 0.7255348792442908 0.12313693177466299 0.7667557643010066
0 0.09316699050114542 0.7722316888662485 0.05681662806002639 0.8120608696570764 0.004831620078673337 0.7904902238112229 0.04118198251979236 0.7506609696608323
0 0.7932546686998663 0.48704312397883487 0.8095987085352607 0.40549182891845703 0.9246349640708557 0.41597381004920375 0.9082909786339962 0.49752514178936297
0 0.7221364719982453 0.4870419135460487 0.7590521882137088 0.39577319071843076 0.8227588021181484 0.40748841945941633 0.7858430315041499 0.49875721564659703
0 0.6167062905595477 0.44342734263493466 0.6547592625473485 0.3715839385986328 0.7633470613476214 0.3977333582364596 0.7252940349612856 0.46957679895254284
0 0.8213005949894162 0.5019341615530161 0.8373957615272671 0.49108153123121995 0.8476787709934827 0.4980151469890888 0.8315836044556317 0.508867777310885
0 0.6878934646035261 0.4886561907254733 0.8140141288226939 0.4895328741807204 0.8131646413004122 0.5450954437255859 0.6870439226827094 0.5442187235905573
0 0.8921015938335561 0.6552740977360652 0.8823026769301471 0.71662660745474 0.8208903212385806 0.7121671529916617 0.8306891837434548 0.650814569913424
0 0.753790272323418 0.6583929061889648 0.8280069007805537 0.6583929061889648 0.8280069007805537 0.7096414566040039 0.753790272323418 0.7096414566040039
0 0.6659762404606729 0.7662935256958008 0.6715954459287266 0.7119863216693585 0.7688988670308322 0.7165637383094201 0.7632797159613135 0.7708709423358624
0 0.8389185397170231 0.7777747374314529 0.8245312151849377 0.8209885083712064 0.7688335343903187 0.8125575872567984 0.7832208045238692 0.7693438896766076
0 0.7640885133794285 0.8368038030771109 0.6924464587859291 0.8277462445772611 0.6993602949880237 0.8028830748337966 0.7710023495815229 0.8119404866145208
0 0.695248092134581 0.8355815594012921 0.7598391174207609 0.8464696590717022 0.7462686956885026 0.8830707256610577 0.6816776704023229 0.8721826259906476
0 0.7467564873516879 0.8427340434147761 0.8138054560425022 0.8560309776893029 0.7984991226604278 0.8911214975210336 0.7314501539696134 0.8778245632465069
0 0.5729383716821246 0.810574458195613 0.5652441884957108 0.8797476841853216 0.49804486225420563 0.8763493024385892 0.5057389910420844 0.8071760764488807
0 0.5042213263146168 0.7837203099177434 0.5661476937632297 0.7887816062340369 0.5607647955311386 0.8187253658588116 0.4988384824810606 0.813664069542518
0 0.12696456229198 0.4965212895320012 0.1972004963539926 0.5164617758530837 0.1738383111256754 0.5538742725665753 0.1036023838634797 0.5339337862454928
0 0.33547508525338404 0.5339204714848444 0.31358057249888593 0.6021994077242337 0.24346358083361186 0.591977046086238 0.26535809358810997 0.5236981098468487
0 0.38249130385019775 0.5751887101393479 0.4369103198807932 0.6029868859511155 0.4098085345643939 0.6271087206326998 0.35538954573306597 0.5993105815007136
0 0.32098924497444575 0.653494614821214 0.338801555667544 0.6126590141883264 0.42022851954169455 0.628807361309345 0.40241618164932874 0.6696429619422326
0 0.280815110912085 0.65253235743596 0.3931454745205966 0.6610838083120493 0.3873058733880626 0.6959589444673978 0.27497550977955104 0.6874074202317458
0 0.24807543423086564 0.6849642533522385 0.34629013959099264 0.6905764799851638 0.34100823223909593 0.7326018260075495 0.24279349967970143 0.7269896727341872
0 0.2643716033554757 0.83886168553279 0.3373921712239583 0.8484354752760667 0.32774973170642546 0.8818727640005258 0.25472910943940785 0.8722990476168119
0 0.46227521437374663 0.5704402189988357 0.5264357840526125 0.5758479558504545 0.5177828810856729 0.6225236012385442 0.45362231140680703 0.6171158277071439
0 0.6318427917154078 0.5884615824772761 0.624291676675997 0.6355584217951848 0.5275225035859514 0.6285044596745417 0.5350735642268271 0.5814075836768517
0 0.5127913259142436 0.6534352669349084 0.5958788322679924 0.6639397694514348 0.584430007798574 0.705111576960637 0.5013425014448251 0.6946070744441106
0 0.42249356574128233 0.5805703676663913 0.36357037821343025 0.5677163784320538 0.37842057987967914 0.5367666024428147 0.4373437402082637 0.5496206283569336
0 0.49382582067805814 0.5707602500915527 0.5060004304012088 0.5297150245079627 0.5486456723136698 0.5354659740741436 0.5364711713875892 0.5765111996577337
0 0.5369768057702484 0.576177927163931 0.5418817584739862 0.5320809070880597 0.5828282429360239 0.5341516274672288 0.5779232902322861 0.5782486108633188
0 0.5803201984806706 0.520926255446214 0.6402299578389594 0.520926255446214 0.6402299578389594 0.548057849590595 0.5803201984806706 0.548057849590595
0 0.6237048796791443 0.5764960875877967 0.5756479083110517 0.5689602998586801 0.5853099585004456 0.540946153494028 0.6333669298685384 0.5484819412231445
0 0.6431385387073864 0.5336179366478553 0.7078359131294564 0.5373571469233587 0.7032751399565508 0.5732345581054688 0.6385778199330158 0.5694953478299655
0 0.7097102146522671 0.5460798556988056 0.8130753733045064 0.5487604874830979 0.8109158602627841 0.5866191203777606 0.7075507016105448 0.5839384885934683
0 0.7914116463346702 0.5495456548837515 0.8997426840498273 0.5505195764394907 0.8990973542293338 0.5831520740802472 0.7907663709127116 0.5821781158447266
0 0.707058612463096 0.5799436202416053 0.6979482722154913 0.6475155170147235 0.6355465159696692 0.6436904760507437 0.6446568562172739 0.5761184692382812
0 0.75042691970254 0.6123656492966872 0.8224239791353332 0.6158332091111404 0.8178169128091578 0.6593233255239633 0.7458199077748997 0.6558556923499475
0 0.7469230556658033 0.6522189653836764 0.6986017618162321 0.6475644478431115 0.706488352620878 0.6103398616497333 0.754809646470449 0.6149944525498611
0 0.8906821728602663 0.6546231783353366 0.8201313528785094 0.6510993517362155 0.8245863209008746 0.6105464054987981 0.8951371952811664 0.6140701954181378
0 0.8240760626427418 0.5735479501577524 0.89265433734751 0.5750396435077374 0.8907916227126504 0.6139752314640925 0.8222133480078821 0.6124835747938889
0 0.8190128646007409 0.6150139295137845 0.7543845763180983 0.6125929539020245 0.756640646759414 0.5852109102102426 0.8212689350420566 0.5876318858220027
0 0.7561698818376783 0.610931213085468 0.7005214861157532 0.607413438650278 0.7039155195103609 0.58300231053279 0.7595639152322861 0.5865200482881986
0 0.5915094331411542 0.692107787499061 0.6516850381399009 0.6988702920766977 0.6429849716431317 0.73406799022968 0.582809366644385 0.7273054856520432
0 0.6031349440521947 0.6447314482468826 0.7092256869011809 0.6514080487764798 0.7023045612953989 0.7014091198260968 0.5962137640478776 0.6947325192964994
0 0.5769888321983623 0.7750630745520959 0.6468371494993594 0.7967427327082708 0.6331492269315396 0.8167930749746469 0.5633009096305426 0.7951133434589093
0 0.554965204521084 0.8667336977445163 0.5748429187903855 0.828586431650015 0.60545357280874 0.8358383912306565 0.5855759129379735 0.873985583965595
0 0.6640067959001783 0.9052096146803635 0.6441477947269106 0.9044656753540039 0.6447063588841077 0.8976869583129883 0.6645653056588402 0.8984308242797852
0 0.6360204360064339 0.8467092514038086 0.6844916522184158 0.8721294403076172 0.651269596528242 0.9009306981013372 0.60279838031626 0.8755104358379657
0 0.6500196269914216 0.8721307607797476 0.6628912451432988 0.8298203394963191 0.6950358834496156 0.834266369159405 0.6821642652977384 0.8765767904428335
0 0.6254688065744763 0.8502140045166016 0.6353869106680314 0.8284793266883264 0.665170217367842 0.8346584760225736 0.655252113274287 0.8563931538508489
0 0.636862090139678 0.8407023503230169 0.5735983891070633 0.8277196150559646 0.5825756705381016 0.807830443749061 0.6458394803677863 0.8208131056565505
0 0.7017848376921791 0.7999082712026743 0.8155468075458167 0.8213863372802734 0.8030561967329546 0.851465445298415 0.6892942268793171 0.8299873792208158
0 0.7092211174242424 0.7588429817786584 0.8410007524405358 0.7778835296630859 0.8268946139357731 0.8222706134502704 0.6951149245209447 0.8032299188467172
0 0.6277114949761865 0.8006829481858474 0.6581134762143493 0.8006829481858474 0.6581134762143493 0.8217852665827825 0.6277114949761865 0.8217852665827825
0 0.6360579165970366 0.7770632230318509 0.5855088395443404 0.7734754268939679 0.5896930660580993 0.7466725569504958 0.6402421975093304 0.7502603530883789
0 0.4043182808235155 0.697389162503756 0.48682886351451093 0.7064460607675406 0.4812489881872493 0.7295579176682693 0.3987383782969864 0.7205010927640475
0 0.396267651236631 0.6673732904287485 0.47100683202080545 0.6728004308847281 0.46613745595894607 0.7032887385441706 0.39139819357696914 0.6978615980881911
0 0.421359301888369 0.6331952168391302 0.4715513069574421 0.6428648141714243 0.45913402536973597 0.6721691718468299 0.40894207469919786 0.6624995745145358
0 0.46135212563363415 0.6789985803457407 0.4730756627047126 0.649750489455003 0.5167679132199755 0.6577128630418044 0.5050444305474321 0.6869609539325421
0 0.4292044410093583 0.594482972071721 0.46765397831717914 0.594482972071721 0.46765397831717914 0.6390993411724384 0.4292044410093583 0.6390993411724384
0 0.47245628098540554 0.6199157421405499 0.5239449839328487 0.6225863236647385 0.5203420057653744 0.6541689359224759 0.4688532484193962 0.6514982810387244
0 0.4641074114304813 0.48773560157189 0.5199998389803364 0.4928284425001878 0.5147977070799911 0.5187853299654447 0.4589053339286709 0.5136924523573655
0 0.4583756009950145 0.45333491838895357 0.5063770858574254 0.4558246685908391 0.5023375050481841 0.49123400908250076 0.4543360473850407 0.4887442955603966
0 0.3791663565950173 0.4327305280245267 0.4615378422320633 0.44066502497746396 0.4552964807194185 0.4701238778921274 0.3729249950823724 0.4621894176189716
0 0.3747368470870237 0.47322750091552734 0.4571723054012088 0.48398582751934344 0.45088171321440507 0.5059009331923264 0.36844620050168503 0.49514264326829177
0 0.3924657104274593 0.5016104624821589 0.4741955109458556 0.5130481353172889 0.46501423500863415 0.5428763903104342 0.38328438009170285 0.5314387541550857
0 0.39241158388515207 0.494018738086407 0.38408787365265706 0.531061209165133 0.33609136625619707 0.5261577092684232 0.34441504928942457 0.48911523818969727
0 0.33310684503293503 0.528693309197059 0.28660969725692126 0.5208553167489859 0.2998645258884804 0.4851054778465858 0.3463616736644942 0.49294350697444034
0 0.18829994405654663 0.4928618577810434 0.21428166353766293 0.4315456243661734 0.28537708085276015 0.44524222153883714 0.2593953613716438 0.5065584549537072
0 0.3041092435731395 0.41885122886070836 0.37063593192959 0.4338037417485164 0.3472084956585617 0.48119354248046875 0.2806818073021112 0.46624106627244216
0 0.3278372861484793 0.43232558323786807 0.3306543686810662 0.38768742634699893 0.4079462551178142 0.3899051592900203 0.4051291725852273 0.4345433161808894
0 0.4059558671213514 0.39069469158466047 0.46497147776013814 0.39069469158466047 0.46497147776013814 0.42144379248985875 0.4059558671213514 0.42144379248985875
0 0.4187399852297098 0.41878425157987154 0.4678603663589015 0.42575704134427583 0.4621585295162099 0.44401909754826474 0.4130380939884832 0.437046271104079
0 0.4783703809115976 0.4324633891765888 0.5333910719383634 0.4345244627732497 0.5314679205311386 0.4578659717853253 0.4764472295043728 0.45580493486844575
0 0.5291517397086676 0.363519338461069 0.5196922696635472 0.41837288783146787 0.47664681772922235 0.41499794446505034 0.48610628777434267 0.36014443177443284
0 0.40468917003502397 0.3493638772230882 0.48033520159661874 0.3543644685011644 0.4748376856513202 0.39217442732590896 0.39919168128899285 0.3871738360478328
0 0.41307386102523397 0.34933170905480015 0.4214136188255487 0.2930985964261569 0.4902032046394552 0.29773695652301496 0.48186347403840796 0.3539700508117676
0 0.35526861778980057 0.3856501212486854 0.3597200227081244 0.3391268803523137 0.4072596096100017 0.34119495978722203 0.4028081774924103 0.38771820068359375
0 0.35032153342071914 0.29592000521146333 0.42162699707901624 0.29810545994685245 0.41873612293372603 0.3409888560955341 0.34743068647469644 0.338803401360145
0 0.0 0.904385860149677 0.04292044410093583 0.904385860149677 0.04292044410093583 0.9520168304443359 0.0 0.9520168304443359
0 0.08619611063530526 0.903617785527156 0.1450096171169995 0.9216435505793645 0.13527166737167168 0.9360889288095328 0.07645816768979431 0.9180631637573242
0 0.10552114938882158 0.9865433619572566 0.03990605128215171 0.9663455669696515 0.053139300694865124 0.946800158574031 0.11875439540162656 0.966998026921199
0 0.25032239291757186 0.9660932834331806 0.21264700116108234 1.0179168261014497 0.15546659309808797 0.9990171285775992 0.19314199845421123 0.9471934391902044
0 0.2235439796923741 0.973119148841271 0.2941838772751643 0.973119148841271 0.2941838772751643 0.9996478740985577 0.2235439796923741 0.9996478740985577
0 0.21333249070002647 0.8693800706129807 0.318112024861436 0.8794730259821966 0.3091881355924827 0.9215932992788461 0.2044086150307069 0.9115004172691932
0 0.33872352096911207 0.9219521009005033 0.3996241224428337 0.9287961079524114 0.39019903227182207 0.966927014864408 0.329298403598833 0.9600830078125
0 0.4398657650871073 0.9728872592632587 0.39333423743698476 0.964330453139085 0.40647863704253007 0.9318328270545373 0.45301016469265265 0.9403896331787109
0 0.3478344324013341 0.8627840922429011 0.4059558671213514 0.8627840922429011 0.4059558671213514 0.9212677295391376 0.3478344324013341 0.9212677295391376
0 0.4055575338489444 0.7822173191950872 0.4025072175976214 0.862430792588454 0.33443411488796515 0.8612538117628831 0.3374844311392881 0.781040411729079
0 0.09674983441085952 0.8679692195012019 0.20583929650073807 0.9047475961538461 0.18276955779648507 0.9358584330632136 0.07368009570660651 0.8990801297701322
0 0.18870551233410623 0.789111430828388 0.23135082224473597 0.7948624537541316 0.21914187344637784 0.836023550767165 0.1764965635357481 0.8302726012009841
0 0.2298757787694268 0.7944958760188177 0.2214636165190508 0.836091555081881 0.13938442781009777 0.8285446166992188 0.14779657646084002 0.7869490109957181
0 0.2073138503892324 0.8872195757352389 0.14035187855548825 0.8743192966167743 0.15823539693087818 0.8321146598229041 0.22519736876462232 0.8450149389413687
0 0.09599529273157238 0.8672358439518855 0.11951335016206412 0.824948604290302 0.15822013814181568 0.8347357970017654 0.13470208751114082 0.8770230366633489
0 0.06795736982648173 0.8440934694730319 0.10908946208987856 0.8440934694730319 0.10908946208987856 0.8639899767362155 0.06795736982648173 0.8639899767362155
0 -0.017090843323080297 0.7229774181659405 0.00038667068336949205 0.6846771240234375 0.048768837396686304 0.6947150597205529 0.031291322487135835 0.7330153538630559
0 0.04237357562876003 0.7546005982619065 0.0563714610489082 0.7149590712327224 0.09674752927293964 0.7214411222017728 0.08274964385279147 0.7610827225905198
0 0.13226926263003425 0.7237405776977539 0.039412523973434366 0.7112183204064002 0.0534785979571827 0.6637960580679086 0.14633532301414884 0.6763182419996995
0 0.07810343098087957 0.6369796166053185 0.12527275425440063 0.64783998636099 0.11150045275900666 0.6750357701228216 0.06433112268566873 0.6641754737267127
0 0.02950780531939338 0.9713103954608624 0.09657099922710562 0.9713103954608624 0.09657099922710562 0.9996478740985577 0.02950780531939338 0.9996478740985577
0 0.28275439148493203 1.051446327796349 0.11720551951471285 0.9919613324678861 0.16512072830064198 0.93133361522968 0.3306696002708612 0.990818610558143
0 0.4950850923643605 0.8136032544649564 0.4446409228863776 0.8106878720797025 0.4482125674977022 0.782591306246244 0.4986566825771502 0.7855067619910607
0 0.5758213308405749 0.7837694608248197 0.49305885573334446 0.7809319129356971 0.49516494941371436 0.7530040007371169 0.5779274245209447 0.7558415486262395
0 0.5754737786005738 0.7572361872746394 0.4865926650756183 0.7486747594980093 0.4924942533387645 0.72081969334529 0.5813753124651849 0.7293811944814829
0 0.48698166899927586 0.7456808090209961 0.44520068381134414 0.7438026574941782 0.44719874200123944 0.7235940786508414 0.48897967279063614 0.7254721568180964
0 0.48452932864374443 0.7828299449040339 0.4178591913505459 0.77489684178279 0.4263208834670232 0.7425655218271109 0.4929909663616867 0.7504986249483548
0 0.4336753206032058 0.766919209406926 0.4180535573160372 0.8090529075035682 0.39743488060174353 0.805577278137207 0.4130566710881796 0.7634435800405649
0 0.3925432283398089 0.8079180350670447 0.3925432283398089 0.7626987603994516 0.43456949652197524 0.7626987603994516 0.43456949652197524 0.8079180350670447
0 0.48597758084057485 0.8394705699040339 0.41445354386871935 0.8348775276770959 0.41802222375988746 0.8096116139338567 0.4895462335324755 0.8142047295203576
0 0.49383593880556487 0.8745263906625601 0.4059994675471396 0.8679457444411057 0.41151719254818403 0.8344614322368915 0.4993536366073418 0.8410420784583459
0 0.4191965249345477 0.904362678527832 0.4307520521303337 0.8654045691856971 0.46858256130932485 0.870506213261531 0.45702706131280635 0.9094643226036658
0 0.4525080390154997 0.8835895978487455 0.49961050648952765 0.8875595973088191 0.49357134433141153 0.9201360849233774 0.4464689040566511 0.9161660854633038
0 0.45175217137192236 0.944602526151217 0.5049677286131071 0.950582871070275 0.49711345053824085 0.9823585656973032 0.44389792049632354 0.9763782207782452
0 0.6174667820785985 0.40853045536921573 0.5152950728853332 0.3869171876173753 0.5338033040364584 0.3471381480877216 0.6359750132297237 0.36875141583956206
0 0.6332880519928141 0.3618364700904259 0.6597812264998328 0.2965947664701022 0.7100663074622605 0.3058786392211914 0.6835731329552418 0.37112026948195237
0 0.7923921255291889 0.3787704614492563 0.6394060920266544 0.36501646041870117 0.6525414886746602 0.29858952302199143 0.8055275765757297 0.3123435974121094
0 0.7673460064512311 0.39001941680908203 0.7760374235809381 0.348996455852802 0.8257357075465129 0.35378371752225435 0.8170442904168059 0.394806641798753
0 0.9236647118009136 0.4168277153602013 0.8119572658164829 0.4026366380544809 0.8236263499540442 0.36087454282320464 0.9353337415399399 0.375065620128925
0 0.9324541006921234 0.3682370919447679 0.7906879826238024 0.3612991479726938 0.7954269109987745 0.3172744971055251 0.9371929746685606 0.32421247775738055
0 0.825668253363135 0.3144667698786809 0.7346452519217914 0.3071602124434251 0.746575938614082 0.23958556468670184 0.8375989400554256 0.24689212212195763
0 0.8634658242291945 0.18522011316739595 0.7477786902225378 0.18088645201462966 0.7535481988427474 0.1108619708281297 0.869235278450869 0.1151955586213332
0 0.6467119240718304 0.12376323113074669 0.7558671539905024 0.12696324861966646 0.7523967450527796 0.18078391368572527 0.6432414607355726 0.1775838411771334
0 0.6524437889058322 0.17383212309617263 0.554202591459169 0.16860253994281477 0.5582014821642436 0.13444872085864729 0.6564426796109069 0.13967830401200515
0 0.6400322735628342 0.13851367510282075 0.5679439333883411 0.1371248593697181 0.5693719493301582 0.10342309108147255 0.6414603983017213 0.1048119068145752
0 0.5821615888898173 0.0803144436616164 0.5618730024857954 0.13112638546870306 0.5043448109890263 0.12068289059859055 0.5246333973930482 0.0698709487915039
0 0.7394834576231061 0.06330701021047738 0.8297952526180927 0.06330701021047738 0.8297952526180927 0.11334969447209285 0.7394834576231061 0.11334969447209285
0 0.8664564924869096 0.10732045540442833 0.97644010329629 0.10732045540442833 0.97644010329629 0.16700992217430702 0.8664564924869096 0.16700992217430702
0 0.963330165162656 0.19311191485478327 0.8778193672710561 0.18590464958777794 0.88253789619541 0.16045194405775803 0.9680485852899399 0.16765920932476336
0 0.8680864901891154 0.17818881915165827 0.9583515024440173 0.1812319938953106 0.9534457337622549 0.2473882528451773 0.8631808303044229 0.24434507810152495
0 0.8700331961619875 0.24599295396071214 0.9487206770137032 0.24599295396071214 0.9487206770137032 0.31894676501934344 0.8700331961619875 0.31894676501934344
0 0.8099683465804646 0.31403717627892125 0.8185492802856228 0.242676881643442 0.8843821697269106 0.24627601183377779 0.8758012360217524 0.31763630646925706
0 0.748959301627256 0.2255371900705191 0.7570384632457386 0.18059455431424654 0.8256407277044341 0.1862014807187594 0.8175616204844864 0.2311441164750319
0 0.6749582545642547 0.2039328355055589 0.7441488391787823 0.21001815795898438 0.7379161814317347 0.24223756790161133 0.668725596817207 0.23615231880774865
0 0.5968105159766321 0.19628146978525016 0.6651163628182096 0.20001589334928072 0.6606058538916276 0.23752529804523176 0.5923000614485852 0.23379096618065467
0 0.5811064205067681 0.2586407478039081 0.5892653303775346 0.22929994876568133 0.6543208103553921 0.23752471116872934 0.6461619004846256 0.26686551020695615
0 0.6505824342343471 0.23648770038898176 0.7010051978888147 0.23823127379784217 0.6977333980023117 0.28125038513770473 0.6473106887463792 0.279506830068735
0 0.6910119694184492 0.2804464560288649 0.7015560918525791 0.24134318645183855 0.7456997958096591 0.24675506811875564 0.7351556733755292 0.2858582826761099
0 0.5619635760465408 0.29687135036175066 0.652032372785762 0.3063606298886813 0.644015497489834 0.3409566512474647 0.5539467007506127 0.3314673717205341
0 0.5082401268834948 0.22257496760441706 0.5831372266147226 0.22594176805936372 0.5799284746302641 0.25839558014502895 0.5050313748990363 0.25502879802997297
0 0.5821264474362188 0.2296295899611253 0.4980023225998496 0.2215263293339656 0.5049769219655191 0.18860662900484526 0.5891009924033533 0.19670996299156776
0 0.5675381747159091 0.175173099224384 0.5364469640395221 0.20258773290194 0.5045846541297627 0.18615863873408392 0.5356758104076148 0.15874407841609076
0 0.6505351619074476 0.20122733482947716 0.5518216219815341 0.19457131165724534 0.5560623141746045 0.16597718458909255 0.6547757997019831 0.17263326278099647
0 0.537631274544619 0.12339935852931096 0.527532948104668 0.16170048713684082 0.4977349538004122 0.15812857334430402 0.5078332802403632 0.11982744473677415
0 0.5245240563377339 0.07284015417098999 0.5048913530699922 0.11961400508880615 0.4664659687117034 0.11228118493006779 0.4860986719794452 0.06550725606771615
0 0.48781935203946636 0.04429819950690636 0.4634863433565898 0.09820778553302471 0.4117865740934158 0.08759817710289589 0.4361195827762923 0.03368866672882667
0 0.4681350789605615 -0.00857760814520029 0.5975671451996992 0.038491157385019154 0.565585648099794 0.07847520021291879 0.43615358186065617 0.03140643239021301
0 0.3309017460188976 0.08119556537041298 0.40540559874073917 0.10064192918630746 0.38353752367424243 0.1387335887322059 0.30903367095240086 0.11928729827587421
0 0.4444634204667307 0.1102079703257634 0.4141291110060857 0.1766827656672551 0.37115067806685886 0.16776600250831017 0.4014849875275039 0.10129121633676383
0 0.45620855375619707 0.11419380628145658 0.5141511260931929 0.12721694432772124 0.49841368432138483 0.15905136328477126 0.4404710575858539 0.14602814270899847
0 0.43631054883334724 0.14691295073582575 0.5131263120926638 0.1632693914266733 0.4960311372862355 0.19977131256690392 0.4192153468276515 0.18341493606567383
0 0.460629223502256 0.2181882491478553 0.4052515692889372 0.201215542279757 0.4211446180700618 0.17763953942518967 0.47652224508411317 0.19461224629328802
0 0.5021843731722092 0.2541298499474159 0.4441656156869708 0.24776139626136193 0.4511701614461481 0.2187486245081975 0.509188946130654 0.22511707819425142
0 0.45397775143438057 0.29266900282639724 0.4641599604152741 0.24804217998798078 0.5297397878718249 0.25484516070439267 0.5195575788909313 0.29947198354280913
0 0.4652535341640207 0.24531716566819411 0.45244401193982564 0.2942612354572003 0.4120440695587539 0.28945403832655686 0.4248535645836815 0.24050996853755072
0 0.3696590974369151 0.2724169401022104 0.38118886692638704 0.2309540051680345 0.4265387767988943 0.23668745847848746 0.41500898011015486 0.2781503934126634
0 0.3571869005281445 0.21727428069481483 0.3512473420875808 0.2903637152451735 0.27235578513187947 0.2874489747560941 0.27829531637317567 0.21435946684617263
0 0.19925729136203488 0.18675640913156363 0.28242873465526125 0.1987737508920523 0.26397816595121715 0.25683085735027605 0.1808067362576245 0.2448136072892409
0 0.14677010330499388 0.24249861790583685 0.2708907781862745 0.25154638290405273 0.26437263692764035 0.2922004552987906 0.14025197564599348 0.28315263528090256
0 0.23482411430481284 0.14027923804063064 0.3040125229779412 0.14857297677260178 0.29148978983017215 0.19606949732853815 0.2223013811570438 0.187775758596567
0 0.1781063521822081 0.18470402864309457 0.19030425807796486 0.14083844881791335 0.23813758346911207 0.14688593607682449 0.2259396911729891 0.19075144254244292
0 0.306289645652295 0.11353523914630596 0.2969695718530665 0.14495683633364165 0.2280148592862216 0.13565787902245155 0.23733490588618258 0.10423628183511588
0 0.19543784782423268 0.11792866083291861 0.17871435100807012 0.18558648916391227 0.044152958507843836 0.17046451568603516 0.06087646212382325 0.10280669652498685
0 0.18184048521752452 0.05947772356180044 0.16332450227516432 0.11774076865269588 0.06134483351001978 0.10300585856804481 0.07986081645237995 0.044742813477149375
0 0.22527766100225602 0.10644109432513897 0.1602378886013745 0.0980433592429528 0.16512618175377394 0.08083051901597244 0.23016594055502174 0.08922824492821327
0 0.22449075899447138 0.1306925920339731 0.1611620517125529 0.1200173359650832 0.16947263829848347 0.0976027250289917 0.23280133198076816 0.10827805445744441
0 0.1591107101576426 -0.00046102480533031316 0.22538493491324085 0.010710731148719788 0.20508187849891377 0.06547045707702637 0.1388076537433155 0.05429862554256733
0 0.30305453757763756 0.06182236854846661 0.2338961296965519 0.04510514094279362 0.24986180052187779 0.01507559991799868 0.319020235602231 0.031792755310352035
0 0.4126490084670232 0.10185660765721248 0.3370925984918115 0.08986929746774527 0.3525838052950228 0.04547629906580998 0.428140242469502 0.057463609255277194
0 0.39730337214342415 0.021382455642406758 0.4229229605771641 -0.01388690104851356 0.4656778971354167 0.0002333091822667764 0.44005830870167667 0.03550266531797556
0 0.07771414826473025 0.04439100852379432 0.09638336508031835 -0.009109067229124216 0.1578352413075493 0.0006404594303323672 0.13916601769214432 0.05414060904429509
0 0.06819447264101841 0.07851015604459323 -0.00590357040976458 0.07375183013769296 8.841289901265911e-05 0.03132900595664978 0.07418646446948808 0.03608733644852272
0 0.0 0.07838010787963867 0.020566046131698417 0.07838010787963867 0.020566046131698417 0.11937893353975736 0.0 0.11937893353975736
0 0.0 0.12480524870065543 0.04202626818216633 0.12480524870065543 0.04202626818216633 0.16640699826754057 0.0 0.16640699826754057
0 0.17411393490279634 0.19894075393676758 0.16232869629341437 0.2545665227449857 0.10261562843798741 0.24881467452416053 0.11440086704736938 0.19318890571594238
0 0.1255395518692207 0.2540572789999155 0.052668338578440076 0.23671535345224234 0.084148828571068 0.17657323983999398 0.15702003846194018 0.19391518372755784
0 -0.007153407350155972 0.29784440994262695 0.011887280061283213 0.24648945148174578 0.06343389364912336 0.25517870829655576 0.04439320623768417 0.3065335933978741
0 0.09392410251121044 0.36984421656681943 0.02090624606970585 0.35707976267888 0.03976439409714969 0.3080336864177997 0.11278225223860851 0.32079814030573917
0 0.1351617279324727 0.2792201592372014 0.2140321374576997 0.29282450675964355 0.20238377916196662 0.3235274094801683 0.12351338323637338 0.3099230619577261
0 0.10470791849010556 0.29862235142634463 0.15834413960230753 0.3102887593782865 0.14577848601043755 0.33655430720402646 0.0921422580984187 0.3248878992520846
0 0.3320534446022727 0.34239556239201474 0.25694266742563504 0.3339546276972844 0.2688327728108289 0.2858511484586276 0.34394354998746657 0.29429208315335786
0 0.1998551992596577 0.32554182639488805 0.20738003980667197 0.28495109998262846 0.2712104239778298 0.2903310518998366 0.2636855834308155 0.3309217599722055
0 0.2611554259709921 0.33558005553025466 0.3334979704994569 0.34108734130859375 0.3274429511683935 0.3772491675156813 0.2551003794406612 0.3717418083777794
0 0.36929465445180204 0.4226496769831731 0.4014849875275039 0.4226496769831731 0.4014849875275039 0.4322964594914363 0.36929465445180204 0.4322964594914363
0 0.33721426081529915 0.3368219962486854 0.48177023494944854 0.34568295112022984 0.4751885018034202 0.3945000355060284 0.3306325548685383 0.3856390072749211
0 0.26758378244763814 0.3674773436326247 0.33330431171492036 0.37781726397000825 0.3222830325311943 0.40966613476093 0.2565625304631796 0.39932621442354643
0 0.18659831708340296 0.4148443295405461 0.19816136487665023 0.3743013602036696 0.24290077359068626 0.380102671109713 0.23133773939707275 0.42064564044658953
0 0.20626778016115893 0.3866457939147949 0.1806631377249053 0.4185190200805664 0.12362791935177836 0.3976878019479605 0.149232561788032 0.365814575782189
0 0.2573523155933183 0.33167153138380784 0.24668103658366755 0.37340486966646635 0.1960764594256559 0.36752179952768177 0.2067477248356729 0.3257884612450233
0 0.19584651681828627 0.39414915671715367 0.09926085718600296 0.3882286365215595 0.10653885758071872 0.33424718563373274 0.2031245240128189 0.3401677425091083
0 0.10223649784842914 0.369081057035006 0.08741463781890597 0.4240484604468712 0.049408584567527294 0.4193890278155987 0.06423044459705046 0.36442166108351487
0 0.1262576397302529 0.4114352739774264 0.17534789767069825 0.4224687723013071 0.15585486264152323 0.4618999774639423 0.10676460470107788 0.4508664791400616
0 0.15345992634003175 0.5030014698322003 0.11242449347348137 0.49838994099543643 0.12221210228143103 0.45879250306349534 0.1632475147485308 0.4634040685800406
0 0.15506918460077568 0.47641486387986404 0.20254592759511475 0.48380239193256086 0.19507101130358037 0.5056431476886456 0.14759428190887505 0.4982556196359488
0 0.16270720129982036 0.4490510867192195 0.20725193125678892 0.45806176845843977 0.1967187021292892 0.4817361831665039 0.15217397217232062 0.4727255381070651
0 0.19176740187374666 0.5141654381385217 0.2664609966856061 0.5272228534405048 0.2510703455743093 0.567250655247615 0.17637677796171736 0.5541932399456317
0 0.17678384219898896 0.5523846699641302 0.2487387155679033 0.5645141234764686 0.23800860454266934 0.5934544710012583 0.16605373117375502 0.5813250174889197
0 0.17937109092127618 0.5812420478233924 0.23946945000034814 0.5921141184293307 0.2280888004948961 0.6207161683302659 0.1679904550154579 0.6098441344041091
0 0.3183181953090185 0.6277746787438025 0.27299358075527796 0.6107960480910081 0.290075727112578 0.590063425210806 0.33540031446705104 0.6070419825040377
0 0.3341765922233595 0.6050740021925706 0.2894064619366923 0.5940052545987643 0.3072094160817736 0.5612666790301983 0.35197951916917336 0.5723354266240046
0 0.18760777709743343 0.6717386979323167 0.1997637417227189 0.622559694143442 0.2525442738796513 0.628491108234112 0.24038832285399955 0.6776701120229868
0 0.2388265953131963 0.6711494005643405 0.25343023561963846 0.6342234244713416 0.2942803530769552 0.6415686240563025 0.27967671277051304 0.6784946001493014
0 0.16304954488009693 0.642879266005296 0.17250717897466158 0.6109938254723182 0.22134293336919283 0.6175795335036057 0.21188529927462818 0.6494650473961463
0 0.059311382273301724 0.554963625394381 0.16712836063269412 0.5747905511122483 0.1544792052896265 0.6060637694138747 0.0466622269302341 0.5862368070162259
0 0.004579925282116242 0.5830862338726337 0.09202597443007743 0.595721171452449 0.07977794028433462 0.6342612046461839 -0.007668104188752472 0.6216263404259315
0 0.08091637922480782 0.6359435594998873 0.05749332883566246 0.6701631546020508 0.0004492688943995511 0.6524108006403997 0.023872315989883614 0.6181911321786734
0 0.07752505215731534 0.6185396634615384 0.12044549625825117 0.6281864459698017 0.11230849539744875 0.6446462044349084 0.06938805129651292 0.6349994219266452
0 0.06117143137994722 0.5311181361858661 -0.016536129562187536 0.5114694375258225 0.008525293353619635 0.46640704228327823 0.08623285684568571 0.4860557776231032
0 0.12426941407555565 0.4552713907681979 0.11229797608074657 0.4915957817664513 0.06543263862052279 0.4845734742971567 0.07740407661533186 0.44824908329890323
0 0.033084508994471365 0.4395315463726337 0.07063989758279021 0.4395315463726337 0.07063989758279021 0.47872158197256237 0.033084508994471365 0.47872158197256237
0 0.018832720112248114 0.4175294362581693 0.08222291643819282 0.42287224989670974 0.0782610303365398 0.4442436144902156 0.014870834010595094 0.43890080085167515
0 0.0 0.4371198507455679 0.033084508994471365 0.4371198507455679 0.033084508994471365 0.4684718938974234 0.0 0.4684718938974234
0 0.0623406938903047 0.5225826043349046 0.0826977680498691 0.4910120597252479 0.12647828018814058 0.5038469021136944 0.10612119242894245 0.5354175200829139
0 0.06742086427522002 0.5316582826467661 0.05132569773736909 0.5642161736121545 0.010283023065849209 0.5549914653484638 0.026378189603700145 0.5224335743830755
0 0.04139508538067659 0.5913619628319373 -0.008047583268925467 0.5830273995032678 0.004523478302301145 0.5491218200096717 0.05396614482696044 0.5574563466585599
0 0.16081599543226383 0.5788803834181565 0.09553986819670163 0.5609153234041654 0.11146329175979695 0.5346100880549505 0.17673939859590854 0.5525751113891602
0 0.13091328394816734 0.6306434044471154 0.08488734988180287 0.6223676388080304 0.09656728652709308 0.5928343259371244 0.14259322059345755 0.6011101282559909
0 0.17215417328152852 0.606632452744704 0.15885962011979862 0.6380073107205905 0.08315836044556317 0.6234233562762921 0.09645290000765931 0.5920485349801871
0 0.8309054179200089 0.5407269551203802 0.8405790549973541 0.497863402733436 0.899816883651543 0.5039416459890512 0.8901432465741979 0.5468051983759954
0 0.48930742396390375 0.29703253966111404 0.5479567148681206 0.29819561884953427 0.5464504738329992 0.3327275056105394 0.48780118292878233 0.3315643530625563
0 0.5722725880124777 0.0 0.7028222721528242 0.0 0.7028222721528242 0.042204673473651595 0.5722725880124777 0.042204673473651595
0 0.5719916739778298 0.10172073657696064 0.5771866252715575 0.04917833438286415 0.6295315067610852 0.05153130109493549 0.6243365554673574 0.10407370787400466
0 0.250369257255459 0.0 0.3460460805637951 0.0 0.3460460805637951 0.030749119245089017 0.250369257255459 0.030749119245089017
0 0.3458148323915859 0.05522987475762001 0.3089531883198947 0.11322494653555062 0.2639514834698084 0.1002204968379094 0.3008131003422321 0.042225429644951455
0 0.8268622468074588 0.7165836921105018 0.8213821383933545 0.7734883381770208 0.7584397695068794 0.7707325128408579 0.7639198779209837 0.7138277200552133
0 0.7952905882701092 0.7641173876248873 0.8079668612828654 0.7299280900221604 0.8679292240244819 0.7400358640230619 0.8552529510117257 0.7742252349853516
0 0.7072931245474042 0.6505548770611103 0.748425271209336 0.6505548770611103 0.748425271209336 0.703612180856558 0.7072931245474042 0.703612180856558
0 0.0 0.7295379638671875 0.019671870212928922 0.7295379638671875 0.019671870212928922 0.7602870647723858 0.0 0.7602870647723858
0 0.11039088584097524 0.8250685471754807 0.11642877643333611 0.7843562639676608 0.14706095867190982 0.7864217024583083 0.14102306127973208 0.8271340590256911
0 0.23516826663637755 0.7886244700505183 0.3344217936197917 0.7886244700505183 0.3344217936197917 0.8217852665827825 0.23516826663637755 0.8217852665827825
0 0.293057202017881 0.7782662465022161 0.22883750113148954 0.7720802747286283 0.23860190216445243 0.7259927162757287 0.3028216302501114 0.7321787614088792
0 0.3308450899447137 0.7560665424053485 0.3907548765022699 0.7560665424053485 0.3907548765022699 0.7813893831693209 0.3308450899447137 0.7813893831693209
0 0.71733090541792 0.9365754494300256 0.7141299868224988 0.971108656663161 0.6773330226089015 0.9695579088651217 0.6805339412043226 0.9350247016319861
0 0.3326334417822527 0.964075308579665 0.4515588389785957 0.964075308579665 0.4515588389785957 0.9996478740985577 0.3326334417822527 0.9996478740985577
0 0.25701126397824753 0.017774332028168898 0.24744734874596144 0.06828937622217032 0.2063758020519998 0.0647540413416349 0.21593970368465212 0.014238924934313847
0 0.05790393577752479 0.27400447772099423 0.06612068489061107 0.24076219705434945 0.0991810273359166 0.2444774737724891 0.09096427142301346 0.27771977277902454
0 0.09810898180738915 0.24657174257131723 0.14017101702630627 0.25062344624445987 0.13398331966842134 0.2798290436084454 0.09192128444950423 0.27577741329486555
0 0.09371678969439338 0.2779817030980037 0.08496101909780247 0.310452754680927 0.047741840654940956 0.30588982655451846 0.05649761125153186 0.27341877497159517
0 0.0 0.3008590294764592 0.04023791634462734 0.3008590294764592 0.04023791634462734 0.34125493122981143 0.0 0.34125493122981143
0 -0.009244249891257328 0.41135098383976865 0.00039888889181847667 0.36150110684908354 0.06110312721946023 0.36683995907123274 0.0514599907206979 0.4166899094214806
0 0.562701328977969 0.4629683861365685 0.5528582404641544 0.49947181114783656 0.5076129117751504 0.4939249112055852 0.517456000288965 0.45742148619431716
0 0.5188547498189616 0.45884161729079026 0.6494632387756238 0.46811177180363583 0.6382088890687667 0.5402033145611103 0.5076004001121045 0.5309331600482647
0 0.6170297442485517 0.41341026012714094 0.6035445650206105 0.46796673994797927 0.5293037836139427 0.45962355687068057 0.5427889628418839 0.40506707704984224
0 0.6388931138417725 0.5076917868394119 0.6860807966208501 0.5045099992018479 0.6908438235468193 0.5366261555598333 0.6436561407677418 0.5398079065176157
0 0.4622173887310606 0.5399545156038724 0.5060320359500334 0.5441750012911283 0.5004881180543951 0.570341917184683 0.4566735252339572 0.5661214314974271
0 0.3780305695831244 0.2492974721468412 0.32298999589182265 0.241179136129526 0.33103426085011417 0.2163833654843844 0.386074834541416 0.2245017932011531
0 0.3789086707348067 0.13938545263730562 0.34523021133613246 0.20183429351219764 0.286717188762046 0.1874873271355262 0.32039564816072025 0.1250384862606342
0 0.3899347913881462 0.20029203708355242 0.4314584171070772 0.2119580782376803 0.41614101362313394 0.23674574265113243 0.37461738790420285 0.22507970149700457
0 0.6618148613316065 0.06759879680780265 0.660177519827178 0.1062405384503878 0.625179950353721 0.10556629070868859 0.6268173462566845 0.0669245536510761
0 0.5981069418623273 0.9773754706749549 0.48772622174757685 0.9557239092313327 0.5043746757847315 0.9171356788048377 0.614755341500947 0.93878724024846
0 0.8134088363239472 0.9539263065044696 0.7636003953250334 0.9523996940025916 0.7650219378411877 0.9313135880690354 0.8148302700430314 0.9328401272113507
0 0.6870006214488636 0.828190436730018 0.638147037934492 0.8208703261155349 0.6518857687339851 0.7791833877563477 0.7007393522483567 0.7865036450899564
0 0.6411607167725044 0.7333683600792518 0.7085546265736408 0.739295666034405 0.7002278428239194 0.7823408566988431 0.632833878624248 0.7764135507436899
0 0.8632312033478164 0.7374075376070462 0.8196547129149956 0.7334898435152494 0.8240201953473151 0.711413310124324 0.8675966313816009 0.7153310042161208
0 0.49513046074253564 0.7023963928222656 0.48546063156263924 0.8099794387817383 0.3924557010970226 0.8061787531926081 0.4021255574761865 0.6985957805926983
0 0.21670563505720114 0.8673469103299655 0.2253157535763773 0.8371576896080604 0.2648151146111854 0.8422795809232272 0.25620499609200925 0.8724687282855694
0 0.2280148592862216 0.8199765132023737 0.2673585997120794 0.8199765132023737 0.2673585997120794 0.8416817738459661 0.2280148592862216 0.8416817738459661
0 0.4353142940636837 0.6320235179020808 0.23848807323000223 0.6093647663409894 0.26052562693223597 0.5223307609558105 0.4573518749651849 0.5449895491966834
1 0.17950648887484683 0.771766735957219 0.2361239400989444 0.7798037895789514 0.23113883115391043 0.7957702783437876 0.17452135273054534 0.7877332247220553
1 0.1395811601118608 0.6721610289353591 0.24722431475253454 0.6787593548114483 0.2345068348495293 0.7730856675368089 0.12686368020885555 0.7664873416607196
1 0.0621095885142498 0.713501343360314 0.04262949013667523 0.7493699880746695 0.0220754031829018 0.7442948268010066 0.04155549646061372 0.7084261820866511
1 0.3394246908857648 0.7180125896747296 0.41431227087337064 0.7269894526554987 0.4053571568453376 0.7609545634343073 0.3304695768577317 0.7519777004535382
1 0.33878303296638257 0.7407547143789438 0.3314779625006963 0.7686668542715219 0.3164840943035595 0.7668826763446515 0.32378916476924574 0.7389706098116361
1 0.6240888245390486 0.45156335830688477 0.68199154994917 0.47759158794696516 0.6636495063224154 0.49614312098576474 0.6057468897093639 0.47011489134568435
1 0.7340327788164271 0.47563607876117414 0.7138406410149287 0.49530234703650844 0.6936637348032253 0.4858836027292105 0.7138558726047237 0.4662172977740948
1 0.5299662489729556 0.38982567420372594 0.5809639507436497 0.4006329683157114 0.5676154206355838 0.4292711111215445 0.5166177188648897 0.41846381700955904
1 0.7607230392156863 0.92743653517503 0.7836783506016043 0.8939002844003531 0.8197818422912488 0.9051358149601862 0.7968264765067959 0.938672139094426
1 0.8393485601360573 0.8670369661771334 0.8311928597788547 0.8858911807720478 0.8152848785998774 0.8827626888568585 0.82344057895708 0.8639083275428185
1 0.1702981496664717 0.336610904106727 0.17157035460446607 0.3623463190518893 0.13227028260256518 0.36322964154756987 0.13099806406493705 0.3374942266024076
1 0.12838886553378454 0.27541001026447004 0.1270744201333765 0.3028853673201341 0.09086668045125543 0.3020978524134709 0.09218111905184659 0.27462249535780686
1 0.059336222004337955 0.40520469958965594 0.037527060551226885 0.4222629987276517 0.02092589754046816 0.4126131717975323 0.04273506749335032 0.3955548359797551
1 0.23722434086383132 0.49453144807081956 0.2574652469519413 0.45778678013728213 0.27739703336501503 0.4627786416273851 0.25715610007763756 0.4995233095609225
1 0.23641320430871213 0.4381770354050856 0.2474038027187082 0.4177976388197679 0.27135885038052865 0.42367124557495117 0.26036827916980004 0.44405067884005034
1 0.2837411537102412 0.42208722921518177 0.30460495022316453 0.4348762952364408 0.2893483915005988 0.4461922278771034 0.26848462218694297 0.43340308849628156
1 0.8310050216375613 0.18880387452932504 0.8467105858678698 0.1681814743922307 0.8712623310599098 0.17668254558856672 0.8555568212281361 0.19730500074533316
1 0.7144934234347148 0.09448498945969802 0.7367344820563169 0.11623013936556302 0.7150402375083557 0.1263183722129235 0.6927991788867536 0.10457329566662128
1 0.6723872166053921 0.06811509224084708 0.7117235588304924 0.07750891722165622 0.6984471611798129 0.10278512881352352 0.6591108189547126 0.09339138177724984
1 0.6386373863288213 0.037111174601774946 0.6916797658338903 0.05224263668060303 0.6734856862222872 0.08123958110809326 0.6204432523186831 0.06610819009634164
1 0.5528125456947693 0.00428641214966774 0.5887902679715352 0.014187995057839613 0.5729365765304701 0.04037816249407255 0.5369587998551694 0.03047650823226342
1 0.7396719485468193 -0.005419691021625812 0.7976089450339795 0.02675209824855511 0.7606950783687054 0.056975942391615644 0.7027580274830102 0.024804151975191556
1 0.8540169074998607 0.11210836814000057 0.8872107847489138 0.08759464667393611 0.9191699784494763 0.10727011240445651 0.8859761012004234 0.1317837696809035
1 0.8558242444261085 0.07550532542742215 0.8737373556045287 0.0986557832131019 0.8486837295287433 0.10746956788576566 0.830770563951788 0.0843191146850586
1 0.8632932176776961 0.03565935675914471 0.9093975536326037 0.05656282718365009 0.8809736663219976 0.08506548404693604 0.83486943916416 0.06416201132994431
1 0.8131480497472426 -0.001854624026096784 0.8770356475775679 0.029073268175125122 0.8482113870494931 0.056144269613119274 0.7843237348206328 0.025216379990944497
1 0.9338946826955213 0.05667889576691847 0.9811546067290553 0.08987304797539344 0.9391244490516377 0.11707947804377629 0.8918645794166388 0.08388532125032865
1 0.9031108781403187 -0.0018545503799731915 0.9684426482773507 0.04660236835479736 0.9269469018075981 0.07203843960395226 0.8616151316705659 0.023581523161668044
1 0.9673196449211787 0.006002375139639928 1.0038102909842914 0.041479060283074014 0.9651157426749108 0.059574429805462174 0.9286252054088681 0.024097674168073215
1 0.9601607977175245 0.19419132746182954 0.9791867941246101 0.14031007656684288 1.003808550231172 0.14426286403949445 0.9847825538240864 0.19814410576453576
1 0.8992712119471368 0.7483532245342548 0.8789284446022727 0.818896587078388 0.8464952220678754 0.8146442266610953 0.8668379894127395 0.7441010108360877
1 0.9221113072359626 0.6645020705003005 0.8915501014859069 0.7480429869431716 0.8617596685780136 0.7430881353525015 0.8923208743280693 0.6595472189096304
1 0.8836984889392547 0.5373976414020245 0.9012227049910874 0.5001311302185059 0.9442370409634024 0.5093273749718299 0.9267126617159648 0.5465938861553485
1 0.4494360449479863 0.9788378935593826 0.5051766733859737 0.980472051180326 0.5039995978860294 0.9987257443941556 0.448259023846577 0.9970915867732122
1 0.21617195822975852 0.08041283717522255 0.27282513569170563 0.06949853438597459 0.2853603805025206 0.09908140622652493 0.2287072166402072 0.10999571360074557
1 0.4886690027573529 0.33494285436776966 0.5096529112355169 0.32950093195988583 0.515722645370293 0.34014180990365833 0.49473868249359404 0.3455837323115422
1 0.8083239332664884 0.32752154423640323 0.8012739919298686 0.3482648042532114 0.7839548583549186 0.34558868408203125 0.7910048540900735 0.3248453507056603
1 0.5337757239792223 0.3259675686176007 0.5557712276139148 0.3331928986769456 0.544461010611631 0.348846985743596 0.5224655069769385 0.34162169236403245