0 0.019819168817429317 0.3278284149579005 0.03295961440938865 0.19145666263911 0.08865581786079246 0.20325290656068476 0.07551536996943754 0.33962467251556916
0 0.059971000574812104 0.606927048424933 0.07901210681439308 0.5151800815285691 0.10629001132259173 0.5276236171909908 0.08724890968180192 0.6193705840873548
0 0.06410600824338834 0.6671769838443923 0.12344003485368633 0.6880691705589533 0.10818785885287165 0.783279596214533 0.04885383684136481 0.7623874094999721
0 2.2087679561755254e-05 0.7092215339449285 0.05175319991246845 0.7165960971535691 0.045528892438910396 0.8125672532150636 -0.006202220054474705 0.8051926900064231
0 0.011726887560954217 0.5930734315655719 0.08654328956167119 0.6266076409252123 0.07283215468155468 0.6938456381081043 -0.001984251486816774 0.660311428748464
0 0.03375527426160337 0.5040214477211796 0.03375527426160337 0.5862377122430742 0.0 0.5862377122430742 0.0 0.5040214477211796
0 0.028933092224231464 0.3753351206434316 0.028933092224231464 0.4459338695263628 0.0 0.4459338695263628 0.0 0.3753351206434316
0 0.07887762896334859 0.07869452509739444 0.06261168164327391 0.13726066200726794 0.03232502721748559 0.11877150957450151 0.048590974537560276 0.06020537948267496
0 0.0885210180943669 0.056049565101330356 0.09510378294353243 -0.009826607316386177 0.15305978178331262 0.0029028795786048816 0.14647701693414708 0.06877905306164125
0 0.1869989709009098 0.11893641085790885 0.1421550822013685 0.10508550758123185 0.1568834007037843 0.000273598209889048 0.2017272802057433 0.014124508091549026
0 0.24121323689557903 0.08113666769646448 0.2824237402696937 0.09923965958637036 0.2740442093199028 0.14116819380009354 0.23283370594578812 0.12306520191018767
0 0.22735915778989602 0.09311271715206797 0.18753993590241674 0.05678353126396336 0.20910523123163427 0.004828805471766304 0.24892445311911354 0.04115799263825472
0 0.5124761892988999 0.7927925716669459 0.5940070540305719 0.8091270849042114 0.5835276966428383 0.9240963742389968 0.5019968319111664 0.9077618610017315
0 0.5124774033797657 0.7217157958766197 0.6037232696183695 0.7586100478594169 0.5920109579259908 0.8222795338157675 0.5007650548970577 0.7853852818329703
0 0.5560810440918852 0.6163470257170185 0.6279064360119048 0.6543778733977044 0.6017635959397604 0.7629024174939958 0.5299381672294116 0.7248715152689343
0 0.497588908981314 0.8208221626452189 0.5084388185654009 0.8369079535299374 0.5015069318866787 0.8471849865951743 0.49065702230259195 0.8310991957104558
0 0.510863558796244 0.6874927455980507 0.5099870659918437 0.813539943064399 0.4544384515450761 0.8126909598588304 0.45531494434947634 0.6866437078481066
0 0.3442874699202268 0.891581926524799 0.2829503386476228 0.8817887020707663 0.28740864593340304 0.8204121525741455 0.34874579560117164 0.8302053224838025
0 0.3411693791440627 0.7533512064343163 0.3411693791440627 0.8275245755138516 0.2899336949969861 0.8275245755138516 0.2899336949969861 0.7533512064343163
0 0.2332957740861871 0.6655883243618744 0.2875894336114094 0.6712042132693812 0.2830131581348421 0.7684509986420632 0.22871949860961988 0.7628351097345565
0 0.22181750407342526 0.8384298506967717 0.17861456523249133 0.8240509169564064 0.18704335843316758 0.7683856544801441 0.23024627887893687 0.7827645882205094
0 0.16280324060993068 0.7636434028359584 0.17185848114216018 0.6920431101290214 0.1967154624161769 0.6989529007135277 0.1876602218839474 0.7705532479648403
0 0.1640251026303025 0.6948430911039433 0.15313973636638695 0.7593965232105954 0.11654788173057 0.7458340096835903 0.12743324799448558 0.6812805775769382
0 0.15687449744410226 0.7463214727679569 0.14358085462168946 0.8133314199166387 0.10849909584086799 0.7980339588918678 0.12179272946569847 0.7310240662875614
0 0.18902600767240244 0.5726046182940963 0.11987011284624115 0.5649149522278542 0.12326758938284076 0.4977547353245085 0.19242350260416666 0.5054444013907506
0 0.21587338254996422 0.5039276313952189 0.21081336942906118 0.5658178798208501 0.18087709690160678 0.5604381680595119 0.18593712841767443 0.4985479196338807
0 0.5030003985128466 0.12689060350951603 0.48306493316521626 0.19708562856065684 0.4456618241763675 0.17373704952891114 0.46559728952399787 0.10354203129581728
0 0.4656106076231917 0.3352796675585763 0.39734880057640143 0.3133979095104446 0.40756860219117313 0.24332175028973974 0.4758304092379634 0.26520350833787143
0 0.42435271830498417 0.38226850167036697 0.39656152432046793 0.43665581669948056 0.3724456842294869 0.40956981614618243 0.40023687821400317 0.35518252838925657
0 0.3460664295014881 0.3208022539481401 0.3868918117088608 0.3386042017932445 0.3707474794209614 0.41998372832188335 0.3299220972135888 0.40218178047677894
0 0.34702849661175783 0.28065153911137175 0.3384791231069168 0.39291646376158956 0.3036127441111927 0.38708027012120194 0.31216211761603374 0.27481534547098413
0 0.31460473794689947 0.24793091365756256 0.3089939184114112 0.3460884264689455 0.2669789944879257 0.34080959453020276 0.2725897956282493 0.24265208171881983
0 0.16074583342163012 0.26421759147746315 0.15117450734805887 0.33719564783882094 0.11774549892395644 0.32755880210951466 0.12731680660236305 0.2545807184759691
0 0.42910003202230257 0.4620059152284406 0.42369361955620854 0.526129101300687 0.37702972246552896 0.517481254189008 0.382436134931623 0.4533580681167616
0 0.41108318234582203 0.6314747446450514 0.3639981463560503 0.6239280393871481 0.37105037420179704 0.5272151889068085 0.4181354101915687 0.5347618941647118
0 0.34612577230259195 0.5124926256004245 0.3356238624430191 0.595531746571995 0.2944624557633081 0.5840895911004524 0.30496434722771626 0.5010504701288818
0 0.4189723901823388 0.42224745626850146 0.43182317861381103 0.363358593924542 0.4627652067675369 0.378200145786207 0.4499143815457354 0.43708898085797865
0 0.4287800665286882 0.493538182371956 0.46981500645155216 0.5057056689496761 0.4640654873747363 0.5483260985673593 0.42303054745187235 0.5361586665340148
0 0.423363757464022 0.5366640201735645 0.4674497193928006 0.5415660868381368 0.4653795275650806 0.5824887136778094 0.421293565636302 0.5775866470132373
0 0.47860156720916214 0.579982126899017 0.47860156720916214 0.6398570151921358 0.45147679324894513 0.6398570151921358 0.45147679324894513 0.579982126899017
0 0.42304566827720014 0.6233415782611428 0.4305795551136792 0.5753125829074508 0.45858667154064947 0.5849690100675826 0.45105278470417043 0.6329980054212746
0 0.4659130609200761 0.6427639031431523 0.46217479556349833 0.7074235876933925 0.42630639515992313 0.7028654778610925 0.4300446605165009 0.6382058478552279
0 0.4534542734469183 0.7092968051831993 0.45077431870196655 0.8126017252604166 0.4129251637611136 0.8104435134083166 0.4156051185060654 0.7071385387867236
0 0.44998936023677666 0.7909506626487098 0.4490156673824593 0.8992185754579982 0.41639136463277954 0.8985736427613941 0.4173650574870969 0.7903057299521057
0 0.41959900307037373 0.7066467666966879 0.352043975039086 0.6975417286290773 0.35586814581449666 0.6351762896035802 0.4234231738457844 0.6442813276711908
0 0.3871851042137583 0.7499898002017705 0.38371838827748267 0.8219449040717158 0.3402392092492654 0.8173405406089421 0.343705925185541 0.7453854367389968
0 0.34734176626544605 0.7464879422021615 0.35199519106248117 0.6981948429820152 0.3892103750494462 0.7060768325164768 0.3845569502524111 0.7543699862809986
0 0.3449381436836008 0.8901633364052726 0.3484610384526635 0.8196536039432529 0.3890038709312839 0.8241060067757205 0.3854809761622212 0.8946157392377402
0 0.4259930519255764 0.8235960168642482 0.42450175592883516 0.8921343519604558 0.3855759320020532 0.8902726978782675 0.38706719120846517 0.8217344173264355
0 0.38453748816823013 0.8185357715105563 0.3869578503498908 0.7539451401397732 0.41433301929108274 0.7561998955366119 0.4119126571094221 0.820790526907395
0 0.3886191912484931 0.755729395753044 0.39213605240355637 0.7001134413922866 0.4165410644825573 0.7035055015638964 0.41302420332749396 0.7591214559246537
0 0.3074629808348874 0.5911648693204032 0.30070215079208107 0.6513054432668678 0.2655132493748587 0.6426104152703307 0.272274079417665 0.5824698958682417
0 0.35482738418992993 0.6027835849356289 0.34815247796112114 0.7088125602169906 0.2981639675809505 0.7018954606861595 0.30483887380975927 0.5958664854047978
0 0.22452847306594712 0.576652738214924 0.20285420478144778 0.6464603754747542 0.1828089386961272 0.6327804279071716 0.2044832069806265 0.5629727906473414
0 0.13288081964144438 0.5546419554464086 0.17101853952988436 0.5745080533679625 0.1637684165030233 0.6051009027312333 0.12563069661458334 0.5852348048096794
0 0.0944146172981653 0.6636199814810936 0.09515834300183186 0.6437725922803563 0.10193536078951458 0.6443307994198224 0.10119163508584803 0.6641781886205597
0 0.15290026811320354 0.6356499529609305 0.1274864376130199 0.6840929401251117 0.09869244962373794 0.6508901969357406 0.12410627092633929 0.602447264315935
0 0.12748510396358406 0.6496409671023236 0.16978492299931247 0.6625050944446772 0.16533998899821994 0.6946310225717717 0.12304017916007384 0.681766895229418
0 0.1493964123395353 0.6251044524791946 0.1711255625977151 0.6350168018494471 0.16494795124957617 0.6647827584792505 0.14321881018897867 0.654870409108998
0 0.1589057099179664 0.6364911363207942 0.1718851357357124 0.5732642779721012 0.1917693337595125 0.5822363368521001 0.1787899079417665 0.6454632497451687
0 0.19968950065810542 0.7013760345977156 0.17821682498281155 0.8150717673075849 0.14814526521706883 0.8025884142510054 0.16961793169478037 0.688892681541136
0 0.24074449131041856 0.7088079784894437 0.22170864148913125 0.8405108822574564 0.1773328085560767 0.8264129611399688 0.196368658377364 0.6947100028275804
0 0.19891500904159132 0.6273458445040214 0.19891500904159132 0.6577301161751564 0.17781796262808922 0.6577301161751564 0.17781796262808922 0.6273458445040214
0 0.22252884508975662 0.6356874249469392 0.22611575503173975 0.5851677697721179 0.25291188098063594 0.5893495779574397 0.2493249710386528 0.639869233132261
0 0.30218286956915874 0.40408276105374497 0.2931282544725268 0.48654526615909854 0.27002218015370705 0.48096864920199395 0.27907679525033907 0.39850611682445264
0 0.33219125114197184 0.39603681112635447 0.3267654501723553 0.4707324698740505 0.296284809537937 0.4658659115979669 0.3017106105075535 0.39117019830589533
0 0.36636074772076554 0.4211138605112684 0.3566936104322069 0.47127660456462245 0.32739658827088985 0.45886655914879354 0.3370636887691192 0.40870386963981514
0 0.3205688182239866 0.4610834062046191 0.3498096615525166 0.47280008351834785 0.3418493012192021 0.5164668924367459 0.3126084578906721 0.5047502151230172
0 0.4050632911392405 0.4289544235924933 0.4050632911392405 0.4673815907059875 0.3604581072935503 0.4673815907059875 0.3604581072935503 0.4289544235924933
0 0.3796369059391953 0.47218105940013405 0.3769669949541328 0.5236398050889466 0.3453923202983725 0.5200388945033233 0.34806226807376434 0.4685801488145107
0 0.5117839056731276 0.4638370790046917 0.5066923448448802 0.5196969558129468 0.48074195498511907 0.5144978404790829 0.48583355260369576 0.4586380182152033
0 0.546175946953643 0.4581086105060322 0.5436868236465868 0.5060821342297811 0.5082863594409283 0.5020448686396894 0.5107754459576552 0.4540713994603161
0 0.5667751834218656 0.37894549467821437 0.5588426733678044 0.4612689661702692 0.5293912054042345 0.4550312713813952 0.5373236786679664 0.3727077726171526
0 0.5262883458243859 0.3745185640691326 0.5155327298542043 0.4569060161137176 0.4936231322285639 0.45061906775371424 0.5043787114084162 0.3682315884369415
0 0.4979125167175256 0.39223708629182025 0.48647771447878996 0.47391927956043345 0.4566569451900618 0.46474333380459676 0.4680917106384682 0.3830611132637958
0 0.5055023248544869 0.392183005543454 0.4684691426263939 0.38386414283295633 0.4733714172105749 0.3358955826473833 0.5104045994386679 0.34421441808569314
0 0.47083645315325495 0.33291279619777703 0.47867249896398434 0.2864427336419236 0.5144133472959991 0.29968984431726153 0.5065773014852697 0.34615990687311493
0 0.5066589392259079 0.18819025907269327 0.567959795233857 0.2141568454064036 0.5542666186332128 0.2852108489199341 0.4929657626252637 0.25924426258622374
0 0.5806509872169794 0.30393208767070207 0.5657022302591923 0.37042001787310097 0.518324306458145 0.34700624467646896 0.5332730634159321 0.28051831447407005
0 0.5671800242050934 0.3276463185600983 0.6118069879257083 0.33046176286549095 0.6095898187325761 0.4077086256911863 0.5649628550119613 0.40489318138579367
0 0.6088004822182037 0.40571939231456655 0.6088004822182037 0.4647006255585344 0.5780590717299579 0.4647006255585344 0.5780590717299579 0.40571939231456655
0 0.5807179824065702 0.41849605775071214 0.5737469140271813 0.4675878229899743 0.5554894555973101 0.46188929935349643 0.5624605239766991 0.41279750684204647
0 0.5670422444219975 0.47809170611315904 0.5649816916605448 0.5330803456106178 0.5416460272919492 0.5311583109046861 0.5437065800534019 0.47616967140722744
0 0.6359690366702456 0.5288435021503575 0.5811292247070902 0.519389543712299 0.5845033393846067 0.476369140188645 0.6393430777671036 0.48582309862670353
0 0.6501209518864903 0.4044534446300408 0.64512158762338 0.4800554127220174 0.6073211062881442 0.4745611032276307 0.6123204705512545 0.39895913513565406
0 0.6501531066342676 0.4128332334080373 0.7063721144608951 0.4211681321649492 0.7017349141990658 0.48991763581113157 0.6455159063724382 0.4815827643264075
0 0.613843774134456 0.35506165805301887 0.6603553592619801 0.3595104882288874 0.6582878163379672 0.40702237563009663 0.611776231210443 0.40257354545422813
0 0.7035513999161769 0.35011745585832776 0.7013664958418099 0.42138140067338303 0.658493842181849 0.4184922123722353 0.6606787462562161 0.34722829482936773
0 0.09523809523809523 0.0 0.09523809523809523 0.04289544235924933 0.047619047619047616 0.04289544235924933 0.047619047619047616 0.0
0 0.09600601058325328 0.08614590042291527 0.07798475526484328 0.14492514220809596 0.06354298284069611 0.13519287109375 0.08156423356031495 0.07641362930856932
0 0.013101173065167152 0.10545968199756339 0.03329394192778971 0.03988280650011869 0.052834435498017446 0.0531083448749232 0.032641665485697094 0.11868522037236791
0 0.0335461902216014 0.25017658741587073 -0.018264425598475645 0.21252313226967437 0.0006306131896374813 0.1553760354704256 0.05244122965641953 0.19302949061662197
0 0.02652200120554551 0.22341376228775692 0.02652200120554551 0.2940125111706881 0.0 0.2940125111706881 0.0 0.22341376228775692
0 0.13023507990270872 0.21320822326278346 0.12014466987596067 0.31792672901306973 0.07803496486670716 0.3090080418045548 0.0881253748934552 0.20428954969036248
0 0.0776762315636302 0.3385262033361958 0.0708339431330409 0.39939134476757987 0.03271264092903528 0.3899717492861232 0.03955492476083343 0.3291065805825514
0 0.026753837764802075 0.4396095309969141 0.03530857346013341 0.39310510548445876 0.06779802355728931 0.406241845615854 0.059243287861957976 0.45274627112830934
0 0.13682941531042797 0.34763181411974975 0.13682941531042797 0.40571939231456655 0.07836045810729356 0.40571939231456655 0.07836045810729356 0.34763181411974975
0 0.21737600996811898 0.4053213001895526 0.13718268524960914 0.40227276049521055 0.13835931356015013 0.3342393154113606 0.2185526566738246 0.33728785510570264
0 0.13164556594122023 0.09669347359092242 0.09487642790625941 0.2057193895873478 0.06377335928375999 0.1826630865920325 0.10054249731872081 0.07363717741365407
0 0.21048361770786242 0.18859559196356263 0.20473408023588194 0.23121606248952747 0.16358325077583447 0.21901422659129943 0.1693327698526503 0.17639375606533456
0 0.20510045672986363 0.2297418643791192 0.16351526224735344 0.22133461250802894 0.1710602965535997 0.13930323978318393 0.2126455094312745 0.1477104780181803
0 0.1124000572310362 0.20719308316228216 0.12529711869914104 0.14027012065652228 0.16749121152614527 0.15814322163954284 0.15459415925562273 0.22506618414530272
0 0.13237880640104638 0.09593937714468485 0.1746554659245027 0.11944372809497877 0.16487072834844974 0.15812797648657423 0.12259406882499341 0.13462361871823336
0 0.15551537070524413 0.0679177837354781 0.15551537070524413 0.10902591599642537 0.13562386980108498 0.10902591599642537 0.13562386980108498 0.0679177837354781
0 0.2766010084376413 -0.01708088824533798 0.31489173930549275 0.000386445436017443 0.30485638600648923 0.0487404278711723 0.2665656551386377 0.03127309613402557
0 0.2449857356535375 0.04234889408005892 0.2846174004424258 0.05633862301960281 0.27813694949894513 0.09669117590910202 0.2385052847100569 0.08270144356053466
0 0.2758380873796809 0.13219220772505447 0.2883572109928327 0.039389565120966336 0.335767602259456 0.05344744725777061 0.32324847864630424 0.1462500796347883
0 0.3625773038398508 0.07805793769025078 0.35171966828661844 0.12519978241157703 0.3245306584115054 0.11143550242133392 0.3353882939647378 0.06429365088196073
0 0.028330319469559977 0.029490616621983913 0.028330319469559977 0.09651474530831099 0.0 0.09651474530831099 0.0 0.029490616621983913
0 -0.05178550642035394 0.2825896916802809 0.0076845449593643455 0.1171372509940167 0.068297088972555 0.16502454006000755 0.008827039317383401 0.3304769807462718
0 0.18599788764645495 0.49479668474921806 0.18891260148244424 0.44438191840859587 0.21700209145663804 0.447951465978273 0.21408739601581336 0.4983662323188952
0 0.21582424906523132 0.5754859249329759 0.21866107777416743 0.4927716157178563 0.24658206804032926 0.4948764831706602 0.24374523933139317 0.5775907923857797
0 0.24235081227160563 0.5751385318050436 0.2509101927460066 0.48630919810168116 0.27875828297473065 0.4922073541527033 0.2701989208954943 0.5810366333116901
0 0.25390336195915275 0.4866979904106624 0.25578101159866634 0.444941352796512 0.275984568075648 0.4469382496578977 0.27410691843613433 0.48869485999986034
0 0.21676356135685088 0.4842470934393152 0.22469467337840002 0.4176157933457607 0.2570178472830489 0.4260725442376703 0.24908673526149977 0.4927038170590371
0 0.2326702833031947 0.4334226988382484 0.19054710383584803 0.4178100258671247 0.19402191364456187 0.3972033789586126 0.23614509311190854 0.41281605192973636
0 0.19168173598553345 0.3923145665773012 0.23688969258589512 0.3923145665773012 0.23688969258589512 0.4343163538873995 0.19168173598553345 0.4343163538873995
0 0.16013708223845313 0.48569448298913653 0.1647289936049578 0.41421211522215706 0.1899885530569526 0.41777871739555406 0.18539664169044792 0.4892610851625335
0 0.12509004433087514 0.49354827308143434 0.13166909335678495 0.40576297327063787 0.16514503704344674 0.411277491456169 0.1585659880175369 0.4990627639947777
0 0.09526128234311426 0.41895234872444703 0.13420966793931774 0.43050113845020666 0.12910928662962912 0.4683096087117404 0.09016089183584332 0.45676084625816854
0 0.11602911969277427 0.45224443560098304 0.1120600961934665 0.49931944982615617 0.07949181591767443 0.49328384194872654 0.08346083941698218 0.4462088277235534
0 0.05503152177016228 0.4514890232716851 0.04905267017587543 0.5046735802753575 0.017284916423041106 0.49682388101122654 0.02326376916702574 0.44363935127974197
0 0.5909692029625339 0.6171071015904267 0.612577046307546 0.5149949033735478 0.6523461045810729 0.5334923738235869 0.6307382612360609 0.6356045720404658
0 0.6376514584275166 0.632919134254217 0.7028768124387809 0.6593968832034741 0.6935952745912447 0.7096527072337188 0.628369994160639 0.6831749582844616
0 0.6207217261904762 0.7919305523556188 0.6344722589144439 0.6390336132987042 0.7008825558506631 0.6521613536081322 0.6871319495460367 0.8050583472094225
0 0.6094755847602095 0.7668989929799207 0.6504882665338683 0.775585348420744 0.6457022125998343 0.8252547113249833 0.6046895676165047 0.81656835588416
0 0.5826740138425821 0.9231266843303172 0.596861542097555 0.8114842746383489 0.6386131576344937 0.8231465712096458 0.6244256293795208 0.9347889263572386
0 0.6312524428778632 0.9319109469252681 0.6381886708154385 0.7902274042288037 0.6822022661665537 0.7949635469029267 0.6752660382289783 0.9366470350550157
0 0.6850092947087855 0.8251872944767928 0.6923140145842752 0.7342173122102603 0.7598717283095991 0.7461410399736093 0.7525670084341094 0.8371110222401419
0 0.8142235533453888 0.8629628199354893 0.8185561296809072 0.7473430889221683 0.8885630492060352 0.7531092475843387 0.8842305464511754 0.8687289240532842
0 0.8756650219917872 0.6463351961328474 0.8724658085395947 0.7554268381018209 0.8186586275382384 0.7519584703488047 0.8218579145710895 0.6428667738354558
0 0.8256086886396172 0.6520637191758825 0.830836962331412 0.5538797523423536 0.8649822140832203 0.5578763278282786 0.8597539403914256 0.6560602946618074
0 0.8609182807319922 0.6396594554638628 0.8623067477584389 0.5676130988536081 0.8960000671055606 0.5690403069844727 0.8946116000791139 0.641086718139103
0 0.9191029222705697 0.5818224541303619 0.8683037185898885 0.5615456916052279 0.8787445932932113 0.5040510107727324 0.9295437969738924 0.5243277732978664
0 0.9361060880048222 0.7390527256478999 0.9361060880048222 0.8293118856121537 0.8860759493670886 0.8293118856121537 0.8860759493670886 0.7390527256478999
0 0.8921036769138035 0.8659517426273459 0.8921036769138035 0.9758713136729222 0.8324291742013261 0.9758713136729222 0.8324291742013261 0.8659517426273459
0 0.8063337200732745 0.9627689910425045 0.8135391796404083 0.8773080452517594 0.838985505198915 0.8820237883294236 0.8317800456317812 0.9674846795757931
0 0.8212530815579792 0.8675808194921526 0.8182106684891124 0.9577932349265528 0.7520710012149638 0.9528903500963471 0.7551134142838306 0.8626779892063227
0 0.753465943339361 0.8695263628239499 0.753465943339361 0.9481680071492404 0.6805304400241109 0.9481680071492404 0.6805304400241109 0.8695263628239499
0 0.6854387850126206 0.8094965139598693 0.7567811934900542 0.8180724715845621 0.7531829521266576 0.8838670064126731 0.681840543649224 0.8752910487879804
0 0.7739165836676839 0.748523047398626 0.8188479505726342 0.7565974694900581 0.81324242884456 0.8251598041115114 0.7683110619396097 0.8170853820200793
0 0.7955155237530138 0.6745650740581713 0.7894317277444997 0.7437153425037701 0.7572203964408153 0.7374863202706099 0.7633041188686709 0.6683360518250112
0 0.803164969013713 0.5964628736071548 0.7994314863999398 0.6647289231805742 0.761931471683808 0.6602210487181636 0.7656648807169228 0.5919550536891197
0 0.7408213279130877 0.5807678931733132 0.7701547725003768 0.5889220591418118 0.7619320603290762 0.6539396638844671 0.7325986157417872 0.6457854979159685
0 0.7629688118077531 0.6502034832474587 0.7612256860071956 0.7005968681928619 0.7182173496129068 0.6973269328781277 0.7199604754134644 0.6469336024771001
0 0.7190210711460217 0.6906094657618409 0.7581145486032626 0.7011474391197497 0.7527040156202909 0.7452654391127681 0.7136106117437085 0.7347274112104837
0 0.702600296324028 0.561636235268655 0.6931133948585367 0.6516525636729222 0.6585260705102848 0.6436403767140024 0.668012971975776 0.5536239937653596
0 0.7768780580121685 0.5079440610338471 0.7735121107877486 0.5827975439322218 0.7410664250866486 0.5795906619156334 0.7444323723110684 0.5047371790172587
0 0.7698252047308243 0.5817873275525023 0.777926435234893 0.49771224525594837 0.8108378865044831 0.5046827437304513 0.8027365824197559 0.5887578260270051
0 0.8242680490412145 0.5672075614213304 0.7968602838682941 0.5361345033756423 0.813285252787824 0.5042907333033121 0.8406929443800859 0.5353637913490003
0 0.7982203487605485 0.6501561932738494 0.8048746891952984 0.551500199414237 0.8334616580018083 0.5557384064838863 0.8268072439863999 0.6543944003434986
0 0.8760288047675557 0.5373181163252625 0.8377372829076251 0.5272256614269157 0.8413082994273658 0.49744503236008714 0.8795998212872965 0.5075374872584338
0 0.9265753324668475 0.5242185209136226 0.8798132051970313 0.504597272693951 0.8871441933676161 0.4661942687388293 0.9339063942180907 0.4858155169585009
0 0.9551101325864603 0.48753519203111034 0.9012140661496006 0.46321636401083555 0.911821012399224 0.41154669522173815 0.9657170052554249 0.43586555051420073
0 1.0079726850936181 0.46786239937653595 0.9609157201250753 0.5972190768298984 0.9209417029272152 0.5652561818413483 0.967998667895758 0.4358995043879859
0 0.9182220146266576 0.33070898524771003 0.8987805330300633 0.40516944864799764 0.8606984217243068 0.38331411734982407 0.8801398297402426 0.3088536539495364
0 0.889216886937726 0.4442045128270917 0.8227587625734629 0.41388787618164935 0.8316732800962553 0.3709344804233691 0.8981314044605184 0.40125111706881145
0 0.8852320527944169 0.45594281698572947 0.8722121760096444 0.5138516532618409 0.8403857451307264 0.4981233462145331 0.8534056954961573 0.4402144826662338
0 0.8525211088193189 0.43605640128428 0.8361687640097574 0.5128274189776028 0.7996759949282324 0.49574221149952524 0.8160282661571353 0.41897113926182694
0 0.7812636860024864 0.46036091140597074 0.7982321216659132 0.4050154971479837 0.8218022140125829 0.42089928293782114 0.8048337783491561 0.4762446699236204
0 0.7453310864743445 0.5018918171218723 0.7516979472762206 0.4439068914418566 0.7807034428684448 0.4509073620507289 0.7743365820665687 0.5088923150029323
0 0.7068016047647303 0.45371331563477435 0.7514172370639316 0.46388960523835454 0.7446159560540988 0.5294312177970006 0.7000003237548975 0.5192549281934205
0 0.7541415609459765 0.4649825108914209 0.7052097607981088 0.45218045504845283 0.7100157550906043 0.41180403558562334 0.758947555238472 0.4246060914285914
0 0.7270485738302441 0.36944375536716656 0.7685011207805907 0.38096682741985033 0.7627691139005048 0.4262903126570878 0.7213165669501582 0.41476724060440406
0 0.7821774106201025 0.3569788383095258 0.709106298151183 0.3510427466453027 0.7120203129709162 0.27219713362761117 0.7850914990204942 0.2781331980196464
0 0.8126876306792495 0.19914121517014355 0.8006733071739376 0.2822642253913232 0.7426307498869801 0.26382440834624943 0.7546449998116335 0.1807014117611637
0 0.7569594058450121 0.1466846074026754 0.7479139147500377 0.27073297168230565 0.7072700192369273 0.26421862782059874 0.7163155839125602 0.14017027717706237
0 0.8591531543145343 0.23468732109444818 0.850861497066192 0.30383543503721233 0.8033768813102773 0.29131998261561665 0.8116685385586196 0.22217188230894633
0 0.8147395009229957 0.1780025969668091 0.8585940884710292 0.19019340126508044 0.8525481129209991 0.23799887376773346 0.8086935989536241 0.22580808310555603
0 0.8858904525269364 0.30611121729082885 0.8544767355617089 0.2967965924601346 0.8637733574442436 0.22788203753351208 0.8951870744094711 0.23719666236420633
0 0.8814981286966923 0.19532400886324286 0.8138572688272303 0.17861024858271896 0.8289754452512809 0.044127238446628546 0.8966163051207429 0.06084099872715245
0 0.9399344160874398 0.18173456405080568 0.8816859801179174 0.16322936193553117 0.8964171958587628 0.061309098558195795 0.9546656318282851 0.07981429385542337
0 0.8929828186219108 0.22514643255784322 0.901378445340755 0.1601445502314427 0.9185869746929626 0.1650299944975634 0.9101913479741185 0.23003187682396392
0 0.8687374029912598 0.2243599844788525 0.8794099831882911 0.16106817741496313 0.9018189727433695 0.16937392220313896 0.8911463189656796 0.23266571563093444
0 0.9998581364903556 0.1590180316069384 0.9886891811708861 0.2252536395280035 0.9339431845473554 0.20496240910725258 0.9451122134474834 0.13872680118618744
0 0.9375903570486739 0.3028780176130334 0.9543033942463457 0.23375987580463864 0.9843254066361513 0.2497162601583445 0.9676124430191381 0.3188344019667393
0 0.8975661578416968 0.4124086327165019 0.9095504604383288 0.3368962264891924 0.9539323269853828 0.3523784293139801 0.9419480243887508 0.42789083554128965
0 0.9780201328454642 0.3970719270135165 1.0132806466386 0.422676611415396 0.9991639765577909 0.4654066479557641 0.9639034627646549 0.4398019635538846
0 0.9550173473760548 0.0776688794774387 1.0085040110288577 0.09632722174514075 0.9987569283548071 0.15774330227794767 0.9452701911213457 0.13908495319219866
0 0.9209067521144138 0.06815475177509216 0.9256638888496459 -0.0059001315801243785 0.9680760747485307 8.836139569440198e-05 0.9633189380132987 0.0741432469481331
0 0.921036769138035 0.0 0.921036769138035 0.020554066130473638 0.8800482218203737 0.020554066130473638 0.8800482218203737 0.0
0 0.8746232670283303 0.0 0.8746232670283303 0.0420017873100983 0.8330319469559976 0.0420017873100983 0.8330319469559976 0.0
0 0.8005063526597348 0.17401251226157563 0.7448945324272905 0.16223413162299627 0.7506449344720088 0.10255585534962508 0.806256754704453 0.11433422917015751
0 0.7454036370036543 0.12546642259149493 0.7627412268309223 0.0526376575950643 0.8228682505933544 0.0840998113528227 0.8055306607660865 0.15692857294022983
0 0.701627486437613 -0.0071492403932082215 0.7529695682169228 0.011880355609965388 0.7442824885096444 0.06339694134777843 0.6929404803109931 0.04436734619686069
0 0.6296457356182188 0.09386939082005069 0.642406976388261 0.02089406849551776 0.6914407593288502 0.03974122975530957 0.678679518558808 0.11271655207984249
0 0.7202470720784359 0.13508299144918734 0.706646128833258 0.2139074548852561 0.6759509269985684 0.2022658851766714 0.6895518702437462 0.12344143537669655
0 0.700849738876959 0.10464692307541262 0.6891862479515145 0.15825190130784322 0.662927297600211 0.1456935633709646 0.6745907885256555 0.09208858513853399
0 0.6570874950553798 0.33186000793293396 0.6655263136207806 0.25679298380424764 0.7136177490675859 0.2686761850965566 0.705178930502185 0.343743209225243
0 0.6739370243746232 0.19973877607657506 0.7145175669407399 0.2072592318537408 0.7091389679635699 0.27105243808995194 0.6685584253974532 0.26353199594888016
0 0.6639012847771625 0.2610032914257987 0.6583953912607369 0.333303715737405 0.6222426384022754 0.3272522081745001 0.6277486054993595 0.25495178386289374
0 0.5768535262206148 0.36907953529937443 0.5768535262206148 0.40125111706881145 0.567209162145871 0.40125111706881145 0.567209162145871 0.36907953529937443
0 0.6626596847451401 0.3370178331745001 0.653800941361513 0.48148960253295353 0.6049961046399375 0.47491171447372094 0.6138548848138939 0.33043994511526753
0 0.6320120160158604 0.2674279097897118 0.6216746692990883 0.3331101650207356 0.5898337798207693 0.32209531018731846 0.6001711265375415 0.25641308222848247
0 0.5846569022189572 0.18648961998715372 0.6251896909376884 0.1980459368367404 0.6193898426904385 0.2427592886889801 0.5788570539717074 0.23120297183939342
0 0.6128483749858725 0.20614763111595175 0.5809831303095803 0.1805579055090692 0.60180914236739 0.12355591038490002 0.633674350253353 0.14914563599178257
0 0.667808859229016 0.25720239388719 0.626085976939233 0.2465373321342298 0.6319675732981088 0.19596224623774716 0.6736904555878918 0.2066272943546135
0 0.6053469004294756 0.19573243714742516 0.6112659125532135 0.09920303303818281 0.6652338305031269 0.10647679824079116 0.6593147815890597 0.2030062023500335
0 0.6304086934665084 0.1021769423906669 0.5754550890149375 0.08736371951405761 0.5801133333451063 0.04937980385951638 0.6350669377966772 0.06419303014514913
0 0.5880650847413729 0.12618409021290633 0.5770343506889504 0.17524576059295408 0.5376130346076327 0.1557640777942429 0.548643768660055 0.1067024142322421
0 0.49652184227132307 0.1533705342337955 0.5011322223831186 0.11235900688000935 0.5407197571720539 0.12214090655806663 0.5361093402699292 0.16315242709380584
0 0.5231017882454604 0.15497885696370226 0.5157161296455884 0.20242793651645583 0.49388084848506253 0.19495737520683226 0.5012665070849345 0.14750830929017258
0 0.5504587091833371 0.16261242413968247 0.5414503027402614 0.20713120256821102 0.517781796262809 0.1966041108132261 0.5267902027058846 0.15208533238469754
0 0.48536068650165765 0.19165569506552307 0.4723065579203398 0.26630576835134606 0.43228879702098405 0.2509240908107127 0.4453429256023018 0.17627403116098359
0 0.44715102312434074 0.1766808640221808 0.4350246362760888 0.2485938187259132 0.40609154405185727 0.23786995813610087 0.4182179309001092 0.16595700343236847
0 0.418300893092601 0.17926660832600258 0.4074315582146624 0.23932994743667615 0.3788366426970313 0.22795593152629998 0.3897059775749699 0.1678925924156264
0 0.3717800000117729 0.3181327703917421 0.388754322127882 0.272834566472576 0.4094817361032625 0.2899067651170828 0.3925074139871534 0.3352049417640611
0 0.39447492400589584 0.3339819205030999 0.40554090319375374 0.2892378874396085 0.4382712724627034 0.30703045365211684 0.4272052932748455 0.35177448671560824
0 0.3278269247522981 0.18749848639357825 0.3769936311525203 0.19964737333923285 0.37106365551066156 0.25239717076142204 0.32189694911043926 0.24024828381576743
0 0.3284161218754709 0.23868746923697218 0.3653328259211121 0.2532826168820515 0.3579894761998945 0.2941089183544878 0.32107277215425334 0.2795137979815963
0 0.3566791886231352 0.16295456737146727 0.3885565741080847 0.1724066849368507 0.38197246641190097 0.22121400125757512 0.35009504413662224 0.2117618700560978
0 0.44457272005914705 0.05927682966926036 0.42475078966762736 0.1670310094593038 0.3934854113099947 0.1543892186278206 0.41330737849184374 0.04663504565582412
0 0.41645718253183395 0.004577257464888695 0.4038254069304739 0.09197236471031264 0.3652950054626281 0.07973146822113773 0.37792674427365885 -0.007663637319774474
0 0.36361309876996684 0.08086924344114793 0.3294020659094334 0.05745984061260752 0.34715005185964815 0.000449007168958185 0.3813610847201816 0.02385841042362653
0 0.3810126435117164 0.07747989003417532 0.3713682794369726 0.12037533239342466 0.3549125905925068 0.11224307280975969 0.3645569546672506 0.06934763045051036
0 0.46841222798702153 0.06113579744095244 0.488056019604242 -0.016526497507649302 0.5331071022406193 0.00852032747515831 0.5134633106233989 0.08618262242376006
0 0.5442399662470803 0.12419702497521504 0.5079246737139278 0.11223255938137078 0.5149452250861777 0.06539452001385863 0.5512605176193301 0.0773589856077029
0 0.5599758890898131 0.03306523681858802 0.5599758890898131 0.07059874888293119 0.5207956600361664 0.07059874888293119 0.5207956600361664 0.03306523681858802
0 0.5819724590538351 0.018821750398828475 0.5766309815188931 0.08217502215592536 0.5552649977984667 0.07821544139272299 0.5606064753334087 0.014862171340137854
0 0.5623869801084991 0.0 0.5623869801084991 0.03306523681858802 0.5310427968655816 0.03306523681858802 0.5310427968655816 0.0
0 0.4769456344889617 0.06230437659705931 0.5085082787070524 0.08264959231351933 0.4956766212467978 0.1264045994871956 0.46411394023837776 0.10605937695268865
0 0.4678722195340755 0.06738159206959687 0.4353224907818151 0.05129580118487838 0.44454490657022305 0.010277033065236819 0.4770946353224834 0.026362823949955316
0 0.40818351575450196 0.041370971379693436 0.4165159734779988 -0.00804289544235925 0.45041307445891726 0.004520843239955544 0.44208061673542043 0.05393470920975236
0 0.42066198605381633 0.16072231152954647 0.4386225097361927 0.09548421796674277 0.46492115685277274 0.11139836451962551 0.4469606331703963 0.17663645126438227
0 0.36891193631329117 0.1308370254421149 0.37718567667128167 0.08483789902483384 0.4067115346806246 0.09651103629077301 0.3984377943226341 0.14251016270805406
0 0.3929168535615393 0.1720538919157381 0.3615499338951364 0.15876708657108746 0.37613019891500904 0.08310991957104558 0.407497118581412 0.09639671809764927
0 0.4588058315320788 0.8304214272997654 0.501658655204566 0.8400894178675157 0.49558192293927067 0.8992927012643822 0.45272909926678345 0.8896247106966321
0 0.702439154681849 0.48902239897508937 0.7012763595351115 0.5476375303703083 0.6667531239404385 0.5461321601492684 0.6679159926678345 0.4875170287540494
0 0.9993972272453285 0.5719392314566577 0.9993972272453285 0.7024128686327078 0.9572031344183243 0.7024128686327078 0.9572031344183243 0.5719392314566577
0 0.8977019877373418 0.571658491555658 0.9502312198613623 0.5768504070319481 0.9478788462081826 0.6291647903401475 0.8953496140841621 0.6239728748638572
0 0.9993972272453285 0.25022341376228774 0.9993972272453285 0.34584450402144773 0.9686558167570826 0.34584450402144773 0.9686558167570826 0.25022341376228774
0 0.944181197375113 0.3456133995022062 0.8862006685832957 0.30877322826777537 0.8992018558808017 0.2637977361466013 0.9571823846726191 0.3006378801088444
0 0.2829931993812161 0.8263805617808869 0.22610274965034471 0.8209036519423034 0.22885795901380726 0.757997950876899 0.28574840874467866 0.7634748607154825
0 0.23547140699757949 0.7948272950527815 0.26965216141712817 0.8074962080750112 0.2595468513070279 0.8674236226017928 0.22536609688747927 0.8547547641239388
0 0.34900542495479203 0.7068811438784629 0.34900542495479203 0.7479892761394102 0.295961422543701 0.7479892761394102 0.295961422543701 0.7068811438784629
0 0.270042194092827 0.0 0.270042194092827 0.01966041108132261 0.23930078360458107 0.01966041108132261 0.23930078360458107 0.0
0 0.17453552945110007 0.11032658117599418 0.21523760886994237 0.11636096180497375 0.21317267805930717 0.1469752880161207 0.17247059864046488 0.14094090738714113
0 0.2109704641350211 0.2350312779267203 0.2109704641350211 0.3342269883824844 0.17781796262808922 0.3342269883824844 0.17781796262808922 0.2350312779267203
0 0.22132609564543776 0.2928864970816577 0.22751054999481993 0.22870419854239973 0.2735865008335217 0.2384629100427977 0.26740204648413957 0.3026452222181496
0 0.2435201928872815 0.33065236818588023 0.2435201928872815 0.3905272564789991 0.21820373719107897 0.3905272564789991 0.21820373719107897 0.33065236818588023
0 0.06305659629265324 0.7169130545199397 0.02853202474914882 0.7137139723490561 0.030082348529799578 0.6769384634718498 0.06460691777390841 0.6801375456427334
0 0.03556359252561784 0.3324396782841823 0.03556359252561784 0.451295799821269 0.0 0.451295799821269 0.0 0.3324396782841823
0 0.9816273510492013 0.2568615460843247 0.9311249717450272 0.24730321698363494 0.9346594186774789 0.20625558807127597 0.9851618715623116 0.21581391717196577
0 0.7254614390257685 0.05787020522212215 0.7586953943216923 0.06608216777457203 0.7549810426791366 0.0991232550708815 0.7217470873832128 0.09091128570038469
0 0.7528873050406871 0.09805183308373827 0.7488366162079942 0.1400893605959213 0.7196383392904234 0.13390526929212745 0.7236889545424579 0.09186774177994443
0 0.7214852138195073 0.09366219719144465 0.6890223102443114 0.08491152711379091 0.6935840903311483 0.047714028857029155 0.7260469939063442 0.056464698934682894
0 0.6986136226642555 0.0 0.6986136226642555 0.040214477211796246 0.6582278481012658 0.040214477211796246 0.6582278481012658 0.0
0 0.5881493713857181 -0.009238865249811058 0.6379867654884342 0.000398656531462614 0.6326492245187236 0.061067535154940934 0.5828117936256781 0.0514300144389871
0 0.5365449009780929 0.5623735661374554 0.5000506234930681 0.5525362152835959 0.5055961401941117 0.5073172370699285 0.5420904176791366 0.517154587923788
0 0.5406706420824857 0.5185525057249777 0.5314028270277652 0.6490849417378798 0.45932935791751434 0.6378371278764522 0.4685971729722348 0.5073046918635501
0 0.5860906213503994 0.616670310230954 0.531547817715397 0.6031929950185713 0.5398888843759418 0.5289954627806636 0.5944316880109441 0.5424727779930463
0 0.4918327308549013 0.6385209507128295 0.4950136963037786 0.6856811632526251 0.4629055986640107 0.690441414540745 0.45972463321513335 0.6432812020009495
0 0.4595780605433431 0.46194815273472406 0.45535865126064273 0.5057372501431244 0.42919829899176837 0.500196577929513 0.4334177082744688 0.45640750779330036
0 0.750162245352057 0.3778103716784657 0.7582785598911241 0.32280185075611595 0.7830681044915988 0.3308414189915661 0.7749517163718731 0.38584993991391586
0 0.8600467178317134 0.3786879634090147 0.7976135290696579 0.34502912015122317 0.8119569011593957 0.2865501587895861 0.8743900899214512 0.3202090020473777
0 0.7991554117691381 0.3897076454196688 0.7874922887469862 0.43120707903087296 0.7627108380189497 0.41589860004223916 0.7743739610411016 0.374399166431035
0 0.9318153790640069 0.6614293702699118 0.8931833259164029 0.6597929844587802 0.8938573983291893 0.6248157490993632 0.9324894514767933 0.6264521894548705
0 0.022266767339723666 0.5977585207041722 0.043912941609038296 0.4874421393264075 0.08249149701910036 0.5040808465461629 0.060845327348576894 0.6143972279239276
0 0.045710061816582846 0.8129349913950793 0.04723625803942275 0.7631556124853385 0.06831714430079537 0.764576275291136 0.06679094807795546 0.8143555996565014
0 0.17141438507760698 0.6866004541582886 0.17873275416525392 0.6377753290989444 0.2204091702691757 0.651506057480172 0.2130908011815288 0.7003311825395163
0 0.266212688719673 0.6407872149729111 0.26028690717535036 0.7081418825751229 0.21725252322794228 0.6998199381074062 0.2231782863771003 0.6324652705051944
0 0.262174563784424 0.8627283336649632 0.2660912622379351 0.8191772679115003 0.2881622222477302 0.8235402179680519 0.284245523794219 0.8670912291771392
0 0.2971769014419455 0.49484206566968275 0.18962083371595276 0.48517783866384606 0.1934205757127317 0.3922270773989053 0.30097662504355976 0.40189130440474197
0 0.13226777318732577 0.21657940657464814 0.16244940961822824 0.22518450453198308 0.15732883961535563 0.26466084634543957 0.1271472123820355 0.2560557620241985
0 0.17962628089210367 0.22788203753351208 0.17962628089210367 0.26720285969615726 0.15792646172393007 0.26720285969615726 0.15792646172393007 0.22788203753351208
0 0.36753215180455096 0.4350607209806468 0.39018524519430003 0.23834915774757037 0.47719742750244876 0.260373876604041 0.4545442973223704 0.4570854398371174
1 0.2278239668098252 0.1794019192856694 0.21978894050326817 0.2359864044871258 0.20382644441775918 0.23100418486267035 0.21186147072431624 0.1744196860251201
1 0.3274047189336573 0.13949985862097855 0.3208080657351944 0.2470802941207272 0.22650540140898132 0.23437022736713864 0.23310207300260888 0.12678977823129609
1 0.28607477575558504 0.0620734084387567 0.2502150578697163 0.04260465947509984 0.25528897773508136 0.022062543676408728 0.29114869562095014 0.041531290935553855
1 0.28156464929103564 0.3392269622011841 0.2725899979750603 0.4140709271060238 0.23863337024139164 0.40512104051468945 0.24760802155736703 0.33027707560984976
1 0.2588281890151729 0.3385856839777424 0.23092312896158265 0.331284864764857 0.23270681610015445 0.31629972483453417 0.2606118761537447 0.32360054404741956
1 0.547947070194771 0.6237252979431971 0.521925380676895 0.6815942622807752 0.5033784927266991 0.6632629339986874 0.5294001822445751 0.6053940242054848
1 0.5238803819836875 0.7336052152277424 0.5042190413794078 0.7134248326142203 0.513635452574028 0.693259667881479 0.5332967931783077 0.7134400504950011
1 0.6096692858437877 0.529657522411193 0.5988647019453549 0.5806255323531054 0.5702337319050444 0.5672847962571214 0.5810383158034772 0.5163167863152089
1 0.07219321703321607 0.7602799239171414 0.10572108567084369 0.7832218337208166 0.09448830832768233 0.8193043017621761 0.06096043509126356 0.7963623374141253
1 0.1325776489331393 0.8388596058317974 0.1137280777465011 0.8307086579814567 0.11685587197200874 0.8148099543049039 0.13570544315864697 0.8229609021552446
1 0.6628707140738019 0.17019894679174347 0.6371417652058846 0.17147041709429456 0.6362586501422167 0.1321932304320962 0.6619875990101342 0.13092176012954507
1 0.7240562691898358 0.1283140753506549 0.6965877999736287 0.12700040133751536 0.6973751130198915 0.09081374672079214 0.7248435822360986 0.09212742073393167
1 0.5942941289698237 0.05930166099623339 0.5772400822101982 0.03750520012440481 0.586887499882271 0.020913707879742307 0.6039415466418965 0.04271017216059435
1 0.5049897619871723 0.23708615545932474 0.5417252000805267 0.2573152734724084 0.5367345919157813 0.27723545214232853 0.49999915382242693 0.2570063068570571
1 0.5613300307390559 0.23627548967758602 0.5817043311341547 0.24725969057193922 0.5758321898898998 0.2712007715192834 0.5554578894948011 0.260216597897118
1 0.5774158296130952 0.283575881262567 0.5646299393224458 0.30442751423390024 0.5533168762832467 0.2891798522240142 0.5661028033642255 0.26832821925268097
1 0.8106406903396248 0.8305209707851597 0.8312579172788578 0.8462173693727658 0.8227589833154385 0.8707548112502793 0.802141682795547 0.8550584672070487
1 0.9049359230193263 0.7140772378902759 0.88319622313423 0.7363053254510166 0.8731105222696278 0.7146237179889968 0.8948501485740658 0.6923956304282562
1 0.9312992107444243 0.6719955430699843 0.9219077433930455 0.7113089471975537 0.896637864253692 0.6980403187660579 0.9060292580244123 0.6587268600941131
1 0.9622953574724985 0.6382653557689623 0.9471676891434976 0.6912768707411752 0.9181780133928571 0.673093357716851 0.9333056081411996 0.6200818427446381
1 0.9951118896925859 0.5524905070968777 0.9852127893780138 0.5884473048969504 0.9590291856210443 0.5726028183297028 0.9689283595162749 0.5366460205296303
1 1.0048155597781043 0.7392410673767035 0.9726518351604883 0.797144340126508 0.9424355698321655 0.7602519426524799 0.9745992944497816 0.7023486699026754
1 0.8873169607538427 0.8535194431062891 0.9118245442708334 0.8866939868534964 0.8921540060842374 0.9186345186480674 0.8676464961479053 0.8854600294452357
1 0.9239108296601869 0.8553257346472856 0.9007661806811332 0.8732283986818588 0.8919546024996232 0.8481893667267091 0.9150992514786769 0.8302866481477603
1 0.9637468095426461 0.8627903506199732 0.9428485780684901 0.9088678027605563 0.9143530700205319 0.8804604919815404 0.935251301494688 0.8343830943853329
1 1.0012513862596066 0.8126743783686606 0.9703312483517933 0.8765247880187388 0.9432670312735458 0.84771728515625 0.9741871691813593 0.7838668755061718
1 0.9427325413699894 0.9333507002625112 0.9095467078247438 0.9805830750111707 0.8823471023348026 0.9385773605060321 0.9155329358800482 0.8913450403017482
1 1.0012513126789482 0.9025847815955932 0.9528065429098854 0.9678784899673257 0.9273768465802065 0.9264069830764075 0.9758216163492691 0.8611132201602993
1 0.9933963566389767 0.9667561848958334 0.957928566130764 1.0032255361930296 0.9398377311021323 0.9645535739220286 0.9753055951910036 0.9280842226248325
1 0.8052545861352848 0.9596014900650692 0.8591223240186107 0.9786164230060321 0.855170527590981 1.0032237907730117 0.8013027897076552 0.9842088578320487
1 0.2512315746672977 0.8987473665975481 0.18070594828986777 0.8784164415074843 0.18495716281221744 0.8460021372668118 0.255482807584812 0.8663330623568756
1 0.33506177979251434 0.9215741332244192 0.25154182751398624 0.89103075560978 0.2564953878171621 0.8612577082111539 0.3400153400956902 0.8918010858257931
1 0.4621343262013073 0.8831837290200514 0.4993914879539632 0.9006977098343946 0.4901975478804061 0.9436869685196045 0.45294038612775017 0.9261728786165103
1 0.02080468976260525 0.44917424178954424 0.019170983000071813 0.5048823761449955 0.0009218879030582918 0.5037060175973246 0.00255559595900174 0.4479979105140611
1 0.9190045449301161 0.21604603076215512 0.9299161151060503 0.2726662152574145 0.9003406637328587 0.2851941583410132 0.8894290935569243 0.22857400111794152
1 0.6645383461187085 0.48838433886980565 0.6699789000103602 0.5093560512839309 0.6593406819808619 0.5154222040116734 0.6539001280892104 0.49445049159754806
1 0.6719577782408453 0.8078530919242907 0.6512197318603075 0.8008072131227658 0.6538951981850889 0.7834982100717717 0.6746333181462855 0.7905440888732965
1 0.6735113602650317 0.5334647743695543 0.6662878734365582 0.5554474667846571 0.6506377088513412 0.544143854027033 0.6578611956798146 0.5221611616119303