0 0.3181833785166305 0.49450918549732065 0.03223390959711455 0.5679602702250109 0.0658275402957715 0.62839655571618 0.3517770263986084 0.5549455243875766
0 0.49490808121179214 0.5306799647480588 0.46042647785201496 0.46035924128868655 0.32012941416933116 0.492150120639217 0.3546110371671895 0.5624708440985893
0 0.5449632327989261 0.4588142989084372 0.4709864632349984 0.4753023883489173 0.4880766604704593 0.5107365271967957 0.5620534693105493 0.4942484377563156
0 0.24549048778479932 0.7180989049342466 0.3949224405767375 0.6751217712776137 0.35641860470962033 0.6132547106538441 0.2069866519176822 0.6562318977095637
0 0.2059090907662685 0.652569361141869 0.06322435062364262 0.7006728605335466 0.09599895305461711 0.7455978326805829 0.238683693197243 0.6974943332889053
0 0.2754203374167974 0.7201409928129101 0.15365716450616354 0.7274661193473863 0.15849686159897342 0.7646430441922298 0.28026002469056666 0.7573179710568405
0 0.35712172656752733 0.6472893128349191 0.3934028458564591 0.7653755194663167 0.4490799087661881 0.7574704788488353 0.41279875020109397 0.639384165419264
0 0.38681481949304214 0.7482631413016733 0.12003374529314471 0.7660430614508147 0.12711001363039937 0.815109186180829 0.39389116638262145 0.7973292126326006
0 0.5768776283607827 0.7797485778755194 0.5097782719242681 0.7873508456706584 0.5256211760728362 0.851969935032535 0.5927205717855132 0.8443676138383093
0 0.518251829012327 0.8220245815220363 0.5096314183533421 0.793456710855479 0.44835789507420365 0.802000991941437 0.45697830573318854 0.8305687558098207
0 0.5068240368228161 0.8413482692715168 0.4992812069533261 0.8186404677930884 0.46452117487884087 0.823976211347605 0.47206400474833093 0.8466839594269466
0 0.171840103129776 0.9290878282548666 0.25050130129781006 0.9217626483213036 0.24039071376412685 0.8715891867276356 0.1617294959580116 0.8789143132621118
0 0.2143247547910634 0.9996975475721784 0.33576880888282257 0.9801842396653543 0.31150900351034627 0.9104121384241033 0.19006496905666828 0.9299254463309273
0 0.3770043018395069 0.9861914233377078 0.360976014204774 0.8982466516636592 0.31272161574590773 0.9023107493643373 0.32874982482831605 0.9902555210383859
0 0.41495387250392135 0.9653501869395232 0.4259320704633205 1.0011720031578084 0.45820474317788773 0.9966014685176072 0.4472265452184886 0.9607796522993219
0 0.4668268819880148 1.0075537280252078 0.6587112407119732 0.9779080501900154 0.642397336824827 0.9291119646421151 0.4505129781008687 0.9587577492754812
0 0.6994927405083655 0.9599472673337708 0.6876397445855453 0.9255193808781714 0.6444720215472168 0.9323873578302713 0.656325135298524 0.9668152442858705
0 0.6897291578688063 0.9624201790450022 0.7934498044361326 0.9541250580982065 0.7868226590150418 0.9158322525358158 0.6831020124477156 0.9241272666844379
0 0.8082596669632802 0.9485025614473972 0.8158357244660955 0.98970326768236 0.8610596331543597 0.9858604557975175 0.8534836542038691 0.9446597495625547
0 0.9580391548775338 0.9734077887480862 0.8147249945956001 0.9734077887480862 0.8147249945956001 0.9983131228469488 0.9580391548775338 0.9983131228469488
0 0.859292441506797 0.9437559166188211 0.8515987911739865 0.9071451822916666 0.7882388003237613 0.9132982522692475 0.7959325292088963 0.949908986596402
0 0.5431822944945504 0.8957619387542377 0.550991220363779 0.9321626544728784 0.5983393802912846 0.9274687679420932 0.5905304151458937 0.8910681056225394
0 0.5527655209967222 0.9384710089949694 0.5394439893646437 0.8948381879511155 0.4943016179893621 0.9012073106340223 0.5076231496214406 0.9448399180815289
0 0.46452117487884087 0.9477700327742236 0.5056211257993485 0.942952901151028 0.49626409071599503 0.9060602196453958 0.4551641397954875 0.9108773512685914
0 0.5873618893028073 0.8554740365095964 0.524566650390625 0.8624592244572944 0.5324068008089005 0.8950294634801509 0.5952020004449203 0.888044275532453
0 0.6862907655143984 0.9123396318624234 0.6798254378820785 0.8808417533013452 0.622921034175917 0.8862393863975011 0.6293863618082368 0.9177372115594926
0 0.6848461097118324 0.9125357133092739 0.7398011589295769 0.9044781115007109 0.7295985473475708 0.8723217687998961 0.6746434195775016 0.8803793172093722
0 0.08207530803508586 0.9994349308631343 0.08089315937292622 0.8812726305329998 0.0 0.8816465309390037 0.0011821510402085392 0.9998089380673119
0 0.24484883312092784 0.8689260674691054 0.25402830067441884 0.9179557206228127 0.30735545115427926 0.9133419327222769 0.2981759639627071 0.8643122261694827
0 0.3498949127000885 0.9004878113380359 0.3337316721716136 0.8572699545979604 0.29750084600853643 0.8635316383181595 0.31366408653701133 0.9067496018564086
0 0.3175295089662765 0.25798041342854605 0.33800295482424386 0.3129185153430528 0.40741096408210664 0.30096553024866035 0.3869375182241393 0.24602742833415353
0 0.41603137474109153 0.3031630361695511 0.31717906740794927 0.3250228868486166 0.33669081679335583 0.3657971479761319 0.435543104488417 0.3439372438979795
0 0.5070388774307232 0.33508340830565125 0.487642933809926 0.28966785874788115 0.41926399928108915 0.3031630361695511 0.43865994290188626 0.3485785857273212
0 0.5400191494857022 0.42800793852184493 0.5195962520486447 0.33429611886893046 0.4343063374130269 0.34288565568097934 0.45472919557392216 0.4365974753338938
0 0.38845817340080036 0.4521978316553204 0.4713052678445745 0.4318861540012577 0.446606885205518 0.38533301699714295 0.36375979076174386 0.40564469465120573
0 0.3619026567024614 0.4036001771140912 0.4437964401343308 0.3889500041437691 0.427884409940074 0.3478460570541475 0.3459906265082046 0.3624962300244696
0 0.47834438093227155 0.295033559190111 0.4722170246767415 0.26837556026321907 0.4163693461178813 0.2743075847208552 0.42249670237341136 0.30096553024866035
0 0.483756989585847 0.26119546564858104 0.4706491988291305 0.21791606646093067 0.3901701427641369 0.22917980284202755 0.40327793352085345 0.2724591486305911
0 0.36538649157667713 0.18889182049875602 0.38479641751126126 0.23659570782411965 0.46764276570795127 0.22101843325797654 0.44823287904952946 0.1733145058832978
0 0.3572869613824204 0.22519793973507218 0.3648297912519104 0.24937071846121775 0.3880150990136342 0.24602742833415353 0.38047226914414417 0.2218546896573231
0 0.3770323450194056 0.1918500765102116 0.297252149348707 0.20269681942223042 0.3093538812075189 0.2438299224132628 0.38913403760205517 0.23298317950124398
0 0.2908311645036499 0.24912169181977253 0.30052913631404843 0.26450436676372485 0.32874982482831605 0.2562825627631507 0.3190518530179175 0.24089988781919838
0 0.27594981936107427 0.46870984388670167 0.3448390887050555 0.4525880187828084 0.3244396194988236 0.4123067380249344 0.2555503697929235 0.42842858982837106
0 0.3082763789703487 0.368356272513055 0.23537210393289495 0.38514262255304027 0.2554763735031069 0.42549190704799594 0.3283806681786418 0.4087055570080107
0 0.3055719598993525 0.37164894030580164 0.2840209528899714 0.3269659461207486 0.2199172679061595 0.34125345919284505 0.24146827491554054 0.38593648007744147
0 0.2124064284708816 0.3461854255522747 0.28460222045427125 0.3242101527470199 0.2630192230106781 0.2914429244928368 0.19082341138920728 0.3134181705985482
0 0.2562959491823017 0.2444617404086696 0.17628883548378177 0.2641539886554708 0.19850109596203347 0.3058578477861166 0.2785082096605534 0.2861655995393154
0 0.23780463377020994 0.20515353786037976 0.16668632438590936 0.21833862678481109 0.18220300073022241 0.2570150380372375 0.253321310114523 0.2438299224132628
0 0.10138672935456383 0.274595245601624 0.13075099243006957 0.32631386317188865 0.19944374349586752 0.3082906300835931 0.17007949023940236 0.2565720125133284
0 0.12257246805434062 0.31407778281865156 0.1444360249444478 0.35680783890050854 0.21021929609576093 0.34125345919284505 0.18835572938661319 0.2985234031109881
0 0.21515497431024774 0.33801261521386977 0.12352385453429154 0.36096148686980534 0.14536131241453507 0.40125480912176015 0.23699244200953185 0.37830588406673776
0 0.27867208944784627 0.4571730245755413 0.22949153944332168 0.37946520494142333 0.15048208936300977 0.4025729655802302 0.19966264918657498 0.4802807852143482
0 0.07588494790566934 0.24058413901875547 0.09707652402507139 0.27532774757525424 0.13313776553827825 0.26516341829341644 0.11194619432839648 0.23041983643646108
0 0.07768393360663259 0.24640795022692477 0.17098195825917994 0.2362602814601788 0.164062804390258 0.20686282928012906 0.07076484356147442 0.2170104846971033
0 0.09201384633971305 0.5098167813251859 0.1488802601778676 0.4929041691443843 0.12293773636394487 0.4525946402695757 0.0660713225257903 0.4695072524503773
0 0.13643359524249415 0.4518151737990759 0.11380501726265886 0.41738731404302 0.03888875698644376 0.4401420533187746 0.06151733987579935 0.4745699130748305
0 0.05659559978941693 0.4384335495355561 0.1147832980947605 0.4215858706443433 0.09061118657371099 0.3830064454833771 0.03242348826836742 0.3998541243745899
0 0.10236849594607163 0.38335658329574035 0.08512768444714246 0.3474636661933372 0.014105110708504263 0.36322867859901303 0.03134591975267329 0.39912159570141625
0 0.06573898727829391 0.3066650817817695 -0.007829620724632627 0.3254192148710903 0.013027610926094203 0.36322867859901303 0.08659622015640082 0.34447454550969214
0 -0.015807831762993812 0.2909093074181157 0.0033296381951605798 0.32733581489569663 0.05445716985557684 0.31492298356504267 0.03531969774950732 0.2784964226883749
0 0.03996632550213788 0.286908701231682 0.03996632550213788 0.24602742833415353 0.0 0.24602742833415353 0.0 0.286908701231682
0 0.17012785883330317 0.17559819793033685 0.22939311338054014 0.1690056668178929 0.21883968711666466 0.12516366820114283 0.1595744227503871 0.13175619931358679
0 0.11216220340213261 0.13981378777237807 0.12365198319482988 0.1843344487334591 0.17142746776841014 0.178636726119074 0.15993768797571287 0.13411606515799296
0 0.059634092078092324 0.18529539200056047 0.1221320644462124 0.18016779808651848 0.11431733552400056 0.13615122450513997 0.05181936315588049 0.14127881841918197
0 0.13198164224317788 0.12185380590243602 0.12012853831091136 0.06911321658370584 0.03888875698644376 0.07755057934805268 0.05074186582823057 0.13029116866678286
0 0.19801057597078106 0.06140012565873113 0.12189217546578386 0.07064027694475203 0.13689003334389077 0.12773420679287648 0.21300843384888796 0.11849405550685559
0 0.2715828796151062 0.10591239628829355 0.265646758993927 0.05883368544691191 0.20510220128750403 0.06236143604455449 0.21103832190868324 0.1094402403343381
0 0.33434744384451415 0.0315316768456006 0.26094948708474097 0.04244618653625328 0.27905795810458894 0.09872036030286253 0.3524559148643621 0.08780576050125082
0 0.27089419174685286 0.11660280669872321 0.2773594604649292 0.15908821486425526 0.32228447755791506 0.1559289379904172 0.3158192088398387 0.11344352982488518
0 0.21560706257666706 0.12223358020799158 0.22112571686851473 0.1680020309808686 0.27704750954567847 0.1648859940175935 0.271528874891912 0.11911763669311844
0 0.38301940682311775 0.14883759265809549 0.3650435714034347 0.09894007752052233 0.31143447699233834 0.10786492722345253 0.32941033205010256 0.15776244903591152
0 0.4397374844152188 0.09220078569280403 0.36675373406330436 0.09137391418296834 0.36528064231921653 0.15145948782159066 0.43826443194729325 0.15228635933142634
0 0.41695082970107383 0.026272931436854084 0.33849799157416344 0.03407750500990233 0.3521364425600265 0.09743153329283546 0.4305892414107746 0.08962704983074625
0 0.5681309841160915 0.11689695556854221 0.5348084203064671 0.06810721783708922 0.47598529751850066 0.08667279875080312 0.509307861328125 0.13546253648225612
0 0.6152821740895471 0.1245109044139258 0.607312569440255 0.07033437360094393 0.5438331397804054 0.07464959385722536 0.5518027051535352 0.12882612467020724
0 0.6029363408818975 0.0659671626587448 0.613124655940818 0.12335305201412812 0.6714108343136663 0.11857103029052521 0.6612225192547458 0.061185154284913605
0 0.7147264713793035 0.11858197710332595 0.7104162267736487 0.059248849997265964 0.6671005897080116 0.06070294718104085 0.6714108343136663 0.12003607428710084
0 0.7791657711701657 0.12296614893048037 0.7917881871128941 0.06576249730868602 0.7180194633807915 0.05824038821776917 0.7053971259903877 0.11544404651444937
0 0.7569422973475708 0.05235998398988578 0.7509191407506837 0.12196581048706802 0.7831342346112854 0.12325409015645505 0.7891573126558478 0.05364817688575671
0 0.7880230956402832 0.05394368409484703 0.7845013592694257 0.12177564298908437 0.8341208989402349 0.12296614893048037 0.8376426353110923 0.055134193373685955
0 0.8983351463209862 0.05469357748357017 0.8379923502604166 0.05396110220948334 0.8362759819668999 0.119303599013014 0.8966188565797941 0.12003607428710084
0 0.8903607499798906 0.06146360382320374 0.8940443826918436 0.11405005000290491 0.9594214401343307 0.11193371069400017 0.9557378074223777 0.059347264514298996
0 0.9495208622405888 -0.0020065280500463716 0.8594972274171493 0.0 0.8623373652670527 0.058885215565705654 0.9523610000904923 0.056878778252388865
0 0.8645773633566602 0.05140834551366504 0.8535825515805985 -0.005729093743538711 0.7891547204291345 0.0 0.8001495322051962 0.05713743675412156
0 0.7070530875462516 0.002274125892659185 0.7114772330226432 0.05039367942776684 0.7813125276504183 0.04742657251766869 0.7768884607263513 -0.0006929818517996988
0 0.6272312787815717 0.04605273749884658 0.7091250622134411 0.04605273749884658 0.7091250622134411 0.0 0.6272312787815717 0.0
0 0.5546921345871542 0.017322904064482173 0.5764795644556386 0.07409807473864351 0.6520148906928692 0.06070294718104085 0.63022738227206 0.00392777859278134
0 0.5505416261336672 -0.004182972411575384 0.46333754845107383 0.007977134390870208 0.48584848450571105 0.08257793650122348 0.5730526014644667 0.07041782302389203
0 0.07742257529397421 0.0011864053712846516 0.013096706287280933 0.0021168870667251493 0.01443227868589502 0.04478570732857612 0.07875814646520823 0.04385522490306998
0 0.0790380234884019 0.003705874932823949 0.08501713186924369 0.0410997152119901 0.15634682555916687 0.03582911186852376 0.1503677073592845 -0.0015647270548062061
0 0.19777356396924267 -0.000923002903021331 0.14982459658668154 0.0006292289740561605 0.15184395101539877 0.029455376839491742 0.19979298713124397 0.027903053704209216
0 0.20254524456794964 0.02445583727311796 0.2742231607130289 0.023139828459171487 0.2732768015818553 -0.0006787537068311102 0.20159888543677607 0.0006372550549678185
0 0.009168412541177128 0.5341692746780676 0.08414591785563465 0.5104628034776902 0.05721914323293718 0.471107996876367 -0.017758360854140273 0.49481452147583116
0 0.0450620123471686 0.48341445722604987 0.043533909428227054 0.4377062806724355 -0.00035359880178591457 0.4383842888779528 0.001174503465109964 0.48409251883065396
0 0.040741479841745344 0.4450521260526028 0.0377841566520308 0.3927833109911554 0.0014498826006051043 0.39373330744545604 0.004407205790319652 0.4460021225069034
0 0.035656122627405584 0.8764164641773294 0.035656122627405584 0.8323341296205162 0.0 0.8323341296205162 0.0 0.8764164641773294
0 0.611268307404782 0.2640944486736521 0.5938271776589648 0.2174596644657699 0.5234070216980373 0.22963027753854987 0.5408481121676922 0.27626498164780183
0 0.5991303629243082 0.26762255304024496 0.6637834035905325 0.2595649779312254 0.6498598076662041 0.20793705870994642 0.5852067669999799 0.215994633818966
0 0.6502799447745736 0.21024492719354904 0.6675207660925434 0.26738062847734856 0.7155903112934363 0.2606776013044756 0.6983495685277912 0.20354194006999124
0 0.7672597524282094 0.19362311308986768 0.6957175157858752 0.20803309696761538 0.7147410821116876 0.25167876049185256 0.7862833973063466 0.23726874991456146
0 0.7610222265373633 0.14052655878342354 0.6860596645752896 0.14901964349488053 0.6985825547226915 0.2000972717765748 0.7735451166847651 0.19160409361671588
0 0.7006833580930261 0.20215551287900535 0.6835266663147522 0.1477284402254894 0.6272312787815717 0.1559289379904172 0.6443878920075209 0.21035601064393317
0 0.6267195103865025 0.1546349980178259 0.5608078258224742 0.16379990999049923 0.5764052539565235 0.21563683323764216 0.6423169777967142 0.2064720147133708
0 0.507614076827944 0.23185814084030512 0.584989137784548 0.21942569869501174 0.5645952654314471 0.16077232861456284 0.48722020447484315 0.1732047841096279
0 0.8115557225054295 0.32789602471566054 0.7532540300484637 0.33670329630427054 0.7705454390635055 0.3895989899455927 0.8288472886251207 0.3807916916574393
0 0.8004641342654037 0.32333771846634407 0.7810681513684443 0.2757246896872266 0.7403740410332207 0.28338532268427385 0.7597699453778556 0.3309983781629347
0 0.7512503173513916 0.32871869104740814 0.726264865241916 0.27129344656502896 0.6590254892867198 0.2848129472707513 0.68401101994852 0.34223813835404365
0 0.6927560145943935 0.33634613651198875 0.7056886336671493 0.3857983099402614 0.7651576922206805 0.37861138024250873 0.7522249945956001 0.3291592068142361
0 0.7058956190425917 0.3902365216432907 0.6897568868394064 0.3416509085961423 0.6382947452893742 0.3495504224081365 0.6544335167687219 0.39813598205619805
0 0.5896362933106097 0.41568110642053535 0.6572564123833655 0.39940095302418255 0.6315414448349018 0.3500435629750383 0.563921325762146 0.36632371637139105
0 0.6409153686680542 0.4679633780518646 0.6915602125563063 0.46283583753690943 0.6843414110259813 0.4298869188897774 0.6336965671377293 0.4350144594047326
0 0.6045848792430824 0.4747753927609635 0.505171688673886 0.4893310226480479 0.5155518285095921 0.5220925905990267 0.6149650190787886 0.5075369073128554
0 0.6060034949500281 0.5565375647624126 0.5874696238160594 0.5187401959276575 0.5237864294260779 0.533170551557032 0.5423202612838843 0.5709679737908738
0 0.656083311967101 0.5105515527600065 0.5915127119655929 0.5217586327099738 0.6051357666958253 0.5580300692393919 0.6697063274211712 0.5468229358903379
0 0.6582847801414696 0.5028620842560696 0.6712154746822716 0.5453475725202318 0.7630025306416908 0.5324380762829451 0.7500719539293758 0.48995258801878283
0 0.8414861220037001 0.46447502930541884 0.7391189319900258 0.4857177734375 0.7597699453778556 0.5317055476097714 0.8621372139438546 0.5104628034776902
0 0.9029171034175917 0.4596315719324147 0.9198983093026062 0.48893474802466097 0.9817452252754987 0.47237238045439633 0.9647640193904843 0.4430691776626066
0 0.9580871503478925 0.5160207406325186 0.8989737767203587 0.5272724622190781 0.9216358081714527 0.5822920511400919 0.9807492603513112 0.5710403295535323
0 0.8965988257370093 0.5371102827844761 0.8416437765192648 0.5488304211607338 0.8621372139438546 0.5932361939864939 0.9170922631615991 0.5815160556102362
0 0.8017944178832851 0.5588083075308946 0.8239397321428571 0.6069817597263233 0.8651090840421896 0.5982360038857447 0.8429636912302928 0.550062551690316
0 0.8147249945956001 0.6078863402572725 0.7937336925374034 0.5590690018728127 0.7360637964275659 0.5705284459071522 0.7570550984857626 0.6193458376906988
0 0.7590123082066441 0.6178428669927001 0.7289607810237693 0.5681034865758967 0.6771302290711471 0.5825745323094379 0.7071816777016973 0.6323139127262413
0 0.6265558858942648 0.5863879746965223 0.6406759019063707 0.6398661455770177 0.6920956252010939 0.633592233465934 0.6779756091889881 0.5801140625854385
0 0.6381775059448399 0.6396634960424868 0.576002987502011 0.6413886069417104 0.5790649571167149 0.6923848950643865 0.6412393970072193 0.6906597307660761
0 0.5423988528846927 0.6028830594173775 0.5613076542641973 0.6579716399585794 0.6137658392907417 0.6496508874501039 0.5948570379112371 0.5945622535098152
0 0.9290721210887226 0.6281571142108213 0.9754067596474824 0.621564462950432 0.9612718186936937 0.5756559864221074 0.9149371801349341 0.5822485842834099
0 0.9161768929224984 0.585639052503691 0.8433767979056065 0.6065767276526958 0.8697153138071106 0.6488966787476761 0.9425154088240025 0.6279591103968449
0 0.8502765198932191 0.6067570563689304 0.8125622919934443 0.6111521216097988 0.8222678244650901 0.6496392998482612 0.8599820523648649 0.6452442346073928
0 0.8081348473194176 0.6096536364350941 0.754726336269305 0.6214532860516458 0.7729551887266731 0.6595817826238517 0.826363621224461 0.6477821330072999
0 0.771242669497064 0.6610578401820866 0.7554597007722008 0.6181414212871829 0.7186962702099421 0.624389328042979 0.7344791603824807 0.667305640139709
0 0.6789469086832368 0.6359975953323217 0.6951101492117117 0.6770179728510499 0.7328311326114061 0.6701495687062554 0.7166678920829311 0.6291290843893537
0 0.6069308051424751 0.8422129606846019 0.6091112998461631 0.8874237781434547 0.6714362852668516 0.8860346542985837 0.6692556727346767 0.8408239436379047
0 0.9827468459670609 0.9383985998332239 0.9775897287493968 0.8989594226747047 0.9396722074334379 0.901250563894357 0.944829324651102 0.9406897410528762
0 0.8912756489050434 0.8989129654691601 0.8951564479518581 0.9393632009377734 0.9401985080085666 0.9373663954847441 0.9363177875140766 0.8969160532179571
0 0.9238401435056709 0.9726016761332568 0.9931214871400418 0.9705084319294073 0.9905265896476834 0.9308197742372047 0.921245324565637 0.9329130184410542
0 0.6504036646858913 0.841951518755468 0.6451723155214366 0.8123161469440343 0.5961386190878378 0.8163161123414261 0.6013700860807795 0.845951430753773
0 0.7140956176600708 0.8483553508448163 0.6699160621279762 0.8512853053402505 0.6735659173403314 0.8767167806416776 0.717745472872426 0.8737867193480697
0 0.6543247610752494 0.8505448202031387 0.7189123676550434 0.8528556122867454 0.7223711836138594 0.8081807080633475 0.6577836948625523 0.8058698091815671
0 0.6673843992569578 0.82207611164083 0.6601619843196992 0.7647961927732666 0.589837426537866 0.7688938784995626 0.5970598021989624 0.8261736905689523
0 0.7315688753066683 0.7992139868014545 0.7121730495143581 0.7501359540750766 0.6487822268767093 0.761712982898622 0.6681781704975064 0.810791015625
0 0.7455770328084781 0.8561217674328795 0.7468392901132159 0.9067496018564086 0.8030566751880228 0.9061018709331256 0.8017944178832851 0.8554740365095964
0 0.8586344872355615 0.8945457745516185 0.8500140765765766 0.8557228228551509 0.7953290902509652 0.8613341056977253 0.8039495009099501 0.9001570573941929
0 0.7918375965250966 0.8296065042650919 0.7972253433679215 0.8618369114993438 0.8416638073620496 0.8584040444041174 0.8362759819668999 0.8261736905689523
0 0.8094590824083011 0.8527759942482775 0.7931740072243002 0.8217786787271708 0.7323533773729086 0.8365448078145505 0.7486385311092343 0.8675422301338309
0 0.7864082169502091 0.7744395872635061 0.7263987969554376 0.7803887261284722 0.7338006254021879 0.8148916383010717 0.7938100453969594 0.8089425528351925
0 0.9539194782114704 0.8823292916632491 0.9483412419813787 0.8466839594269466 0.9051548234897844 0.849807165217629 0.9107330597198762 0.8854524974539315
0 0.8599820523648649 0.8884369190179353 0.9020065248702944 0.8884369190179353 0.9020065248702944 0.8488814920473808 0.8599820523648649 0.8488814920473808
0 0.9494496152821348 0.844570637166448 0.9516046983087999 0.8760685157275262 0.9774350592221686 0.8752517232953303 0.9752799761955036 0.8437538981333388
0 0.7054078091065396 0.7321645981996391 0.6559520903087798 0.7343336691067913 0.6579927225984354 0.7558347046218832 0.7074484413961953 0.7536656871138178
0 0.6520140658934604 0.7388211147678806 0.5768753503433679 0.747772991083634 0.5821662421699043 0.7682953815343394 0.6573049577199968 0.7593434518194991
0 0.6410785218463441 0.7106567276014326 0.568405210281431 0.7265361742501913 0.5785694097766851 0.7480324572465551 0.6512427213415983 0.7321530639968832
0 0.7028368700731982 0.7322436822472387 0.6964438105795527 0.7000836550094324 0.6450549190722531 0.7048044012808946 0.6514480178420609 0.736964375119614
0 0.6812913028122989 0.6785865710267662 0.6370660298272603 0.686380915337243 0.6451916393932996 0.7076867237908738 0.6894169123783381 0.6998924328794838
0 0.8373179785533301 0.7965135949803149 0.786585352442286 0.8045606771687719 0.7958377165530486 0.8315164294038441 0.8465703426640927 0.8234693472153871
0 0.9003514273900016 0.7944468367235346 0.8457275547729649 0.8021092318904472 0.854244040706443 0.8301655927042323 0.9088679133234797 0.8225033043354932
0 0.927810727859556 0.844071462502734 0.9651909512749357 0.8434939513786363 0.9641616801650982 0.8127068146633039 0.9267814567497185 0.8132843257874016
0 0.697193278309001 0.6863427883892443 0.7154746822715573 0.7582063182653926 0.7731405722128378 0.7514272507928696 0.7548591682502815 0.6795637209167213
0 0.7805336027992278 0.7529240271967957 0.7255242739251528 0.7546499390823217 0.7275245303199405 0.7841117638615486 0.7825338591940154 0.7823859053751093
0 0.8372119329150579 0.7706200573805227 0.7855800397914656 0.7749178828842683 0.7898301918687661 0.7985132839840332 0.8414621635446831 0.7942154584802876
0 0.8290170401986808 0.7728321679516623 0.825714229156612 0.7503807354891185 0.7848490318583092 0.7531587161834263 0.7881516857957288 0.7756102020450568
0 0.8177014992810892 0.7249338278515967 0.7677000382078507 0.730976521916694 0.7740784084167873 0.7553664480294455 0.8240798694900258 0.7493237005652613
0 0.8230888533622909 0.7288759086388615 0.8192078186585022 0.7024928616100722 0.7696672240739624 0.7058605818193624 0.773548258777751 0.7322436822472387
0 0.7549017436102397 0.6722350700425143 0.7671784507722008 0.7109826222283738 0.8094759711581001 0.704789556334755 0.7971991854438143 0.6660420041488955
0 0.8634747243756032 0.6512579863674267 0.8017559272442085 0.6627005028912402 0.8133737375070383 0.691658400488025 0.8750924560861084 0.6802158839642115
0 0.875003770511583 0.6784273883489174 0.8158213493906853 0.6899221291796533 0.8265817610300032 0.7155240543662511 0.8857641821509009 0.7040293135355151
0 0.8381108857183076 0.7364236025672573 0.8957909936303491 0.7202166059198655 0.884995547654239 0.7024618367406222 0.8273154397421976 0.718668833388014
0 0.8947524533462033 0.7210198883830927 0.8348014762809685 0.7251997553040245 0.8396480761593066 0.7573230973691765 0.8995990532245415 0.7531431770491579
0 0.8970080047960908 0.7520521269069882 0.8457969164756274 0.7557556205742837 0.8491565208484154 0.7772237088527997 0.9003676091688787 0.7735202151855042
0 0.9613000189782417 0.7863228064509514 0.9111280993605212 0.7881499096060258 0.9131186152670527 0.8134087456597222 0.9632906134370978 0.811581589105561
0 0.9635035687892133 0.7683387415928478 0.9098517026373472 0.7677504438532098 0.9093811742127171 0.787582971501121 0.9630330403645834 0.788171269240759
0 0.9088222744228603 0.7703853149948053 0.9654166321036438 0.7589010403850885 0.9541697459177928 0.7332886489774716 0.897575466789334 0.7447728701881015
0 0.954891484676641 0.7373496495311133 0.9454140681557673 0.71333608018236 0.893196017585666 0.7228597539199202 0.9026734341065396 0.7468733232686734
0 0.8943544287172217 0.7232077023697233 0.9466194535774614 0.7143253516650262 0.9380291284588159 0.6909670959098863 0.8857641821509009 0.6998493932154966
0 0.9142174837365267 0.6404156755796151 0.862292904651303 0.6499404706979987 0.8821439411649372 0.6999495165033082 0.9340684416978362 0.6904247213849245
0 0.4350599684156813 0.8460284856360728 0.4312169530370214 0.7995270122484689 0.4007761205332006 0.8006896171669947 0.4046191359118605 0.8471910905545986
0 0.3635130579100306 0.8155895643659777 0.3653714880826697 0.8509616534749562 0.4024915069226593 0.8500604370864775 0.4006331553023448 0.8146883479774989
0 0.4122616486813264 0.9093853807824803 0.4172666493223134 0.9473782970732174 0.45189726644194417 0.9452701011250547 0.4468922658009572 0.9072771848343176
0 0.4258953079753861 0.9384307460834974 0.413813253473898 0.9049456739050197 0.3841025648276625 0.9098996139886811 0.39618461932915056 0.9433846861671588
0 0.3968691635622788 0.9405811273102581 0.38177879068382 0.9086664154773622 0.3572474888392857 0.9140266158136483 0.3723378617177445 0.9459413276465442
0 0.4318665022095198 0.8511345597181211 0.37831255153032495 0.8564192003465387 0.38684789002171815 0.8963899654144795 0.44040180142475066 0.8911053247860619
0 0.39066054492690233 0.8905485859067421 0.3761809163725668 0.8555509311946359 0.3378745610496099 0.8628746693528543 0.3523541896039455 0.8978724308631343
0 0.3228743466017636 0.8153391226487314 0.3194526662544241 0.8548806658567093 0.35815575009300593 0.8564283315903871 0.3615774108022643 0.8168867883824092
0 0.32468454564707006 0.8048694840879265 0.28241141575797335 0.8048694840879265 0.28241141575797335 0.8508485542090442 0.32468454564707006 0.8508485542090442
0 0.29086598282154924 0.8550284211299759 0.29086598282154924 0.8069594709474792 0.2624277436441743 0.8069594709474792 0.2624277436441743 0.8550284211299759
0 0.8875116571649775 0.46474982100626094 0.974039634989342 0.44161803077837924 0.9626244111717744 0.42188570651691 0.8760965118997346 0.4450175234443351
0 0.8711607551329231 0.3712043128092875 0.9419753615920609 0.35930478020081474 0.9303431762538208 0.3273153363458962 0.8595284912423584 0.339214868954369
0 0.821190950646517 0.33553489758482336 0.9295639371933317 0.32978752716945536 0.9249628918818372 0.28969618696344596 0.8165899838873472 0.295443557378814
0 0.9217288926761583 0.2431718320671342 0.8418623876387549 0.2549979409312117 0.8534828686806226 0.2912636370587954 0.9333493737180261 0.27943752819471784
0 0.9218885109998392 0.24580715710096784 0.911815275096525 0.2149926400038618 0.8323870134783221 0.2269915082636155 0.8424601708293115 0.25780598531140636
0 0.8235996005771397 0.22484051294735619 0.909683050796332 0.2143906854477663 0.9003676091688787 0.17892867227656115 0.8142841589496863 0.18937848642637933
0 0.8900878592040702 0.14289216502966426 0.7999342202833414 0.15367388120369233 0.8089039531300274 0.18833345294728784 0.8990576706030807 0.17755173677325978
0 0.9592002367881274 0.19723048840086396 0.9407537943914897 0.1428917111374262 0.8942188474048826 0.15019182019972113 0.9126652898015203 0.2045306108129306
0 0.9227630340301238 0.23345589491743218 0.9188906400820464 0.27241522788167105 0.9602892862170206 0.27431674266424705 0.9641616801650982 0.2353574097000082
0 0.9341354468307593 0.30330029852225504 0.9325270094313063 0.34539672103975283 0.9610159737723214 0.3458997137381753 0.9626244111717744 0.3038033446197643
0 0.9603185862341136 0.2761114859727007 0.9223260474481177 0.2852268702923365 0.9349547475768178 0.3095507417346757 0.9729473649151383 0.3004353574150399
0 0.9076534943844514 0.20431873658614938 0.9134780707046332 0.2410854763454861 0.9405967682945222 0.2391001783956693 0.9347721919743404 0.20233345198610428
0 0.6610648647391811 0.4847238562342793 0.616863236003861 0.4897318361938156 0.6215268875180985 0.5087540860981244 0.6657285948057432 0.5037461061385882
0 0.6571086947368686 0.46325299120324803 0.6107925552505631 0.4677508496862697 0.614617464318392 0.4859516614378281 0.6609335252523729 0.4814537495557196
0 0.42922180254333575 0.5465085754661526 0.3340097474008607 0.5734769832848042 0.3445454993916908 0.5906660425381398 0.4397575938103282 0.5636976347194882
0 0.4946798867086953 0.5317053874125109 0.4585675370892656 0.5454527153222058 0.4689320450123673 0.5580342343681649 0.5050444339079593 0.54428690645847
0 0.5517488575349904 0.5252521611678423 0.5176767081674308 0.5252521611678423 0.5176767081674308 0.5304822279295166 0.5517488575349904 0.5304822279295166
0 0.751178991840613 0.49595165502993765 0.6440949703889157 0.5133590631493329 0.6569471518812339 0.5498946649613135 0.7640311733329311 0.5324872568419182
0 0.05717493300272231 0.6797774240622266 0.4387075456106218 0.5799230540518373 0.4207233443683639 0.5481685394794401 0.039190702303342685 0.6480229094898294
0 0.5054728975627413 0.5493415572198983 0.4688993672453145 0.5592864429543963 0.47860175762397444 0.5757754935784394 0.5151753272175635 0.5658305544448545
0 0.7047353226552445 0.4744166576956201 0.6599257774794884 0.4805088527142115 0.6657594658693291 0.5003373220315234 0.7105690110450853 0.4942450736138451
0 0.7352987753378378 0.4527777991374125 0.7118879045758929 0.4580826246206529 0.7246374967322233 0.48408376138041337 0.7480482889418436 0.4787788824980862
0 0.6468813391725989 0.5083878751606244 0.7521656090381676 0.49165692667322836 0.73802933269486 0.4505487610557469 0.6327450628292913 0.467279709543143
0 0.8069601758566602 0.4142244594303642 0.7352987753378378 0.4385818121001476 0.7695907141097571 0.4852045014148622 0.8412521146285795 0.4608470953459919
0 0.7708637330829714 0.4804353221716426 0.7459477997808076 0.43865584993404144 0.7259970803671976 0.44415406021024717 0.750913092221686 0.4859335591473917
0 0.8723417107816522 0.4498245626401192 0.8519855828205437 0.4166136146738982 0.817958993801279 0.4262515090581939 0.8383151217623874 0.4594624036253281
0 0.8122358285322152 0.4281215984781687 0.8517612373813546 0.4227477813747403 0.846012071292833 0.40320675934184985 0.8064866624436937 0.40858052304619147
0 0.720422143334741 0.4239435471261893 0.63450204267465 0.4372938261257382 0.6450957270049067 0.46880024854070973 0.7310157098365107 0.45544994284161744
0 0.9020102168295527 0.4420279755679954 0.8868759332016168 0.3974461459529473 0.8470613732454553 0.4036920235434438 0.8621955783210666 0.4482738531584919
0 0.9136642397140444 0.3941188221528461 0.9273097211329633 0.4265849863554653 0.9670846907175032 0.41885963366517664 0.9534392092985843 0.38639352286164425
0 0.9771527421673906 0.3827031920692531 0.8919659667340332 0.39557186470465605 0.9038362441682755 0.43188372434280675 0.9890230196016329 0.4190150517074038
0 0.8560483090512387 0.48464792273280294 0.8681763166626448 0.5052592226630851 0.8962224029973054 0.49763303207704507 0.8840943953858993 0.47702183894493655
0 0.4664504592483108 0.9117008719857284 0.5209998249854206 0.9051569206925306 0.5165628362039495 0.8880650477772309 0.4620135097430019 0.8946089990704287
0 0.45647470677988256 0.8658006189167761 0.5257849969458857 0.8550923398369149 0.5205378194880148 0.839397654028598 0.45122749004584944 0.850105933108459
0 0.42601620000301643 0.7790130054543963 0.3593123545210948 0.7843477344262632 0.3632360824133285 0.8070199187137741 0.42993992789525015 0.8016852965400809
0 0.6978406280164092 0.6596578763225885 0.6857443555441602 0.6338143202680719 0.6558479692024614 0.640280842885362 0.6679442416747104 0.6661243455407918
0 0.644517032029239 0.6415688822588582 0.627939781473717 0.6040053480253444 0.5976892419763513 0.6101745445271489 0.6142665318080357 0.6477380787606627
0 0.6707864218850547 0.6655935586176728 0.6362006581427968 0.6717268709331256 0.6422700035065758 0.68754282606764 0.6768557672488337 0.6814095137521873
0 0.6682139118052204 0.6654983480458497 0.653427065109194 0.6393632329772255 0.6249240791782296 0.6468155561365376 0.6397108865980936 0.6729506712051618
0 0.6377531270109396 0.4404796690452756 0.5981372258838079 0.4469429610178122 0.6065875314837718 0.4708780070093777 0.646203393334741 0.46441468833729765
0 0.8332481040610923 0.4815653536472003 0.867384823439511 0.4873668440370735 0.875013982313787 0.4666222065869696 0.8408771843830437 0.4608207695961833
0 0.015387418494107947 0.21368721922760142 0.0 0.21368721922760142 0.0 0.24955080688156167 0.015387418494107947 0.24955080688156167
0 0.2934380412255168 0.31295463982529526 0.2977245630291285 0.33335202301372485 0.3160355615799952 0.33157383342218943 0.311749098690627 0.311176396834673
0 0.6032564808809926 0.45205253274004814 0.5559683349295166 0.4589409615424049 0.5634315127418155 0.48261672826785323 0.6107196979694538 0.4757283528645833
0 0.560871374653113 0.5871915775542705 0.6010985306944779 0.5780762466337216 0.5924155923850748 0.5603685754490649 0.552188475619872 0.569483906369614
0 0.5869844061067205 0.5627047854980042 0.5987260541093549 0.5799987739569663 0.6190781759019064 0.5736133111534887 0.6073365671754344 0.5563193760936133
1 0.9802290868575049 0.05558265225468032 0.9977738271195302 0.04926847389468162 0.9894781517706323 0.03861645409024189 0.9719334115086068 0.04493063245024059
1 0.9481348850245335 0.06023989699956939 0.9617470602578024 0.07269632868462243 0.9788360399322313 0.06406661573461765 0.965223943251287 0.051610184049564606
1 0.9423727578024453 0.03491815014669797 0.9558886278856982 0.03859337900984423 0.9627998970650338 0.02684807464519511 0.9492841055341056 0.02317284578204885
1 0.9511502731107223 0.0005450459915821947 0.9361993306085103 -0.0008284224821409424 0.9351412307955277 0.004493893183643945 0.9500922518500643 0.005867361918104811
1 0.988722478407537 0.1404833188728606 0.9956749090049871 0.09637226895710302 0.9559537477628298 0.09347912645715428 0.9490013171653797 0.1375902764961997
1 0.9572253527942004 0.11034928636392374 0.9005025620626207 0.1131366319230848 0.9027028912282818 0.13382895161786418 0.9594257605121863 0.13104161273358897
1 0.892387478508084 0.14055674261725584 0.9055438146014317 0.15091244087653105 0.9224291866503781 0.14099918075120982 0.9092728505570302 0.13064349584170631
1 0.8667291471856902 0.10582584304342328 0.842849790359556 0.1233749322899579 0.867015706065999 0.13857064368113653 0.8908951414444578 0.12102155443460193
1 0.7937593005952381 0.1123233504808481 0.7756588026363417 0.12281839365721375 0.789671516172981 0.1339864655742495 0.8077720141318774 0.12349140904811215
1 0.8406670569146155 0.13865282487577235 0.8296760156501367 0.14238861164083005 0.8351714577300515 0.14986010507231518 0.8461625775468549 0.1461243183072575
1 0.785382873456604 0.1397742056992632 0.7859652603915299 0.14848381035805583 0.7965413097249034 0.1481570212964102 0.7959590013423021 0.13944740328784586
1 0.7794867359686696 0.15676137635505522 0.7866176374477156 0.16484047129606846 0.7946397936021959 0.16156837550152423 0.7875088921231499 0.153489280560511
1 0.8029583276775659 0.20644693049233104 0.8089787349430904 0.2223626217712776 0.8280597230182191 0.21902722135929298 0.8220393157526946 0.2031115300803464
1 0.7186456039605453 0.14160050786803505 0.7330698531260055 0.15263166452643126 0.7468392901132159 0.14431141930928068 0.7324150409477558 0.1332801558527108
1 0.6857134059282497 0.10868934237529392 0.6695119889699968 0.12164640384917706 0.6898391311233109 0.1333919868903106 0.7060405480815637 0.12043491206665573
1 0.693589297654239 0.15448168923952865 0.6956096634441361 0.14212056157470063 0.6740110733641007 0.14048916607286882 0.6719907075742036 0.15285028038792514
1 0.7245366355473777 0.05349458442481067 0.7027162922548664 0.05459325061173994 0.7043963693743968 0.0700133316160187 0.7262167912192327 0.06891466542908943
1 0.666885434890806 0.06443344743650208 0.6640863799066924 0.04730882419375923 0.6490516613502453 0.04844442919900516 0.6518506377820342 0.065569052441748
1 0.5541312317130188 0.12408724940876531 0.5569054641625443 0.1462468959110824 0.5956829763287282 0.14400341337642852 0.5929086653268782 0.1218438603225134
1 0.5116001359897844 0.13353964871517526 0.5211105444870093 0.15735840484539043 0.5489929670532698 0.15221376327287703 0.5394825585560449 0.1283949003444882
1 0.5197543386019948 0.1510495163324311 0.4874627740533502 0.12086613639237478 0.4600966366408261 0.13439579627436707 0.49238820118947074 0.16457908276602143
1 0.4407220592523327 0.09396260846422518 0.45548867872476273 0.13035100234357913 0.4931816189445584 0.12328253851996528 0.4784149601959661 0.08689415799038304
1 0.4679748063842302 -0.0004065043552862586 0.445039059357907 0.02038203929457243 0.4632711324605856 0.02967755375258879 0.48620684021074645 0.00888901057205801
1 0.335028413946871 0.015334343764204157 0.28649513509743 0.03398228442575049 0.3039551763154058 0.05498151537210193 0.352488356974441 0.036333663152793155
1 0.3327709772411921 0.0918001189945251 0.3149914048046372 0.09592043258386647 0.32093758012337115 0.10777755296762222 0.338717152559926 0.10365723937828084
1 0.43828387364764315 0.1754330345547627 0.4605212905078628 0.21047639888519795 0.4921316100210143 0.20120697154982092 0.4698941931607947 0.1661635137709837
1 0.4647905308000523 0.14266322979463994 0.45546880498662723 0.12290723638793198 0.43755734319699163 0.12681267205185778 0.4468790690104167 0.1465687589069677
1 0.4369292388091216 0.14672910301495518 0.4441074680637669 0.16903603754852908 0.47368033665641085 0.16463846255057962 0.46650214667792794 0.14233151466723398
1 0.43804205031622023 0.1816703282420508 0.4565067168521758 0.1686161204794469 0.4317312743826416 0.152421806115178 0.41326656857052363 0.16547609397641214
1 0.39068662429868484 0.15689827826392305 0.3956012504901665 0.17777865619275618 0.4245992338948882 0.17462458572988435 0.4196846862557312 0.15374419445127951
1 0.3641323644375402 0.16041890675835932 0.37322829159377013 0.17862532541403517 0.39608002690888433 0.17334952233448847 0.3869841390288168 0.15514310367881262
1 0.3430165569447796 0.17649375401561132 0.3457801848304778 0.19653313637614145 0.37241751377493565 0.19483551265686516 0.3696537680607505 0.17479614364610674
1 0.2658515645423604 0.1908613123188703 0.27234010438661316 0.22929826871616635 0.3212980763792531 0.22547903252816054 0.3148095365350004 0.18704216957926645
1 0.27716812664017254 0.23416794504080546 0.2896486181703467 0.2503649026598726 0.3110138685700209 0.24275716145833334 0.2985333181256033 0.22656017713972276
1 0.261016236922609 0.19308701295760883 0.17985823347761826 0.19201232963555337 0.17937301576827944 0.20894387179263724 0.2605310781275137 0.21001864856309466
1 0.2591114608784287 0.21241425174636375 0.24092100086973134 0.2195481962002064 0.2528885457199666 0.23364978700172245 0.27107900572866395 0.22651585589765147
1 0.26230349350466536 0.03629389752031729 0.23940604073660715 0.04035447088126436 0.2477910497167089 0.06220428920689113 0.2706885024847671 0.0581436223975421
1 0.23093672547407898 0.05515991170888185 0.2011509015293195 0.019235854595247737 0.15245328139767836 0.037894468399274794 0.1822390955233973 0.0738186172925894
1 0.12223885633156874 0.1390147238370106 0.1574938171465271 0.13368895256196003 0.15294916258508787 0.11978635345752679 0.1176942017701295 0.12511213808234908
1 0.056246292330276705 0.05565762457259371 0.059928589652710744 0.07860336904450664 0.09057529798038831 0.07633061046049663 0.08689300065795427 0.05338495609954273
1 0.06461339138035915 0.06292289406817311 0.029601203888999908 0.059947490274958305 0.0266232189831433 0.07614153764379306 0.0616354040197424 0.07911685466349178
1 0.013995830923740776 0.025924799427689948 0.015305039198395522 0.00968505495593721 0.0013092078143872195 0.00916363122895008 0.0 0.025403375700702818
1 0.030322824819361074 0.08500738135577292 0.030429957916377592 0.0391259281028287 0.0001041140872385818 0.03909318778771428 -3.0187718531876763e-06 0.08497473448906046
1 0.03346000092063325 0.1126382715954451 0.03592700786418743 0.07607303996515817 0.0017447160170958923 0.07500730099014723 -0.0007223585857847942 0.11157253929532002
1 0.042606206474156916 0.12359984924369806 0.029523655561253217 0.10247767357479973 0.0036368152196189457 0.10988705719341235 0.016719367666747732 0.1310092261874248
1 0.03230394390405682 0.1469717084162087 0.04587111111006375 0.1278670103218299 0.02337226965866187 0.12048353193521709 0.009805104907415088 0.13958823002959592
1 0.015047974261231098 0.15804591808836396 0.015047974261231098 0.13497193237197888 9.700320325456224e-05 0.13497193237197888 9.700320325456224e-05 0.15804591808836396
1 0.04333366482414334 0.1569471651279186 0.029251763872811847 0.1533573047174035 0.023655431150929808 0.16350211663300387 0.0377373321022613 0.1670918969448887
1 0.02987866297345057 0.17671082130358706 0.043606697976052225 0.1730817392637932 0.03897335047580714 0.1649823927190986 0.025245317927965635 0.1686115682072944
1 0.025107326041163933 0.18029831880450978 0.03496603063634924 0.19126490261715332 0.05121279192400408 0.18451557843599628 0.04135415606210284 0.17354899462335274
1 0.05126297213089205 0.18263491599682852 0.03671604632717609 0.1903263068678915 0.04535409443780415 0.19787604331135855 0.05990101778675998 0.19018466579006726
1 0.07317710689903073 0.19125276767467056 0.059128617688035415 0.19588310929212463 0.06444024732827833 0.20333042628704615 0.07848873653927364 0.19870009801936378
1 0.09246578732052364 0.18638795066693323 0.07711070292704814 0.196276847458887 0.08737855221467282 0.20364454641534066 0.10273363660814833 0.19375563627361522
1 0.13903725131905065 0.18191895439034475 0.14645490805921715 0.20082810502874152 0.1709260879182754 0.19639204263895724 0.1635084900923524 0.17748287865078877
1 0.1335505383662122 0.1692660541150618 0.10640110717930543 0.18332762230099656 0.12232781683923041 0.1975378535446741 0.1494772382070966 0.18347628535873933
1 0.15792705285503136 0.19423520012268974 0.1442071332894697 0.20578259245304298 0.16326296498263052 0.21624535588141813 0.17698288454819217 0.20469805699946686
1 0.14635851453783583 0.19326266925374563 0.1132732376628861 0.19626152192096594 0.11611772534776685 0.21076369932213063 0.14920300222271657 0.20776486000468203
1 0.11145124594984214 0.19568856306902066 0.06599981045324063 0.20307706096979578 0.07102089959221917 0.21735095727474985 0.11647239891258446 0.20996236592557277
1 0.03743733341015751 0.21181494044506644 0.05221046536125271 0.26704968763670167 0.08741410696061575 0.26269862324338367 0.07264097746428069 0.2074638760517484
1 0.009836030589414227 0.21083338513044755 0.013618148892082302 0.23037404671950185 0.032558527078714455 0.22867998738927164 0.028776343111212497 0.20913932580021735
1 0.07968477423433479 0.30519017230390144 0.0984393970386402 0.32962628862676346 0.12440150983852155 0.3204182301919291 0.10564688703421614 0.29598219396769737
1 0.11307809405038409 0.3829823090961286 0.10153136382231841 0.3572936103934274 0.0828780342406441 0.36116816803539203 0.09442476446870979 0.3868568934376367
1 0.11604172597367178 0.3668737269657699 0.13262712633287585 0.39780658978906935 0.14396798073708475 0.3949966230417487 0.12738258037788067 0.3640637602184493
1 0.22769280903741354 0.3180185019292022 0.20872546653796653 0.3224392254312937 0.21450956877287444 0.33390740021633036 0.23347685235807794 0.32948667671423887
1 0.2740641708079452 0.24127712566812937 0.25588048593724866 0.24127712566812937 0.25588048593724866 0.2659992741996118 0.2740641708079452 0.2659992741996118
1 0.29245325036951014 0.26310523059007274 0.2950618748806005 0.28216859779124287 0.32126950297116313 0.28051130373229716 0.3186608784600728 0.2614479632306704
1 0.3308872532200169 0.309909209804585 0.32666426060896275 0.2783310724159968 0.29930263995510575 0.28002203459919073 0.3035256325661599 0.3116001719877789
1 0.2646537790580759 0.28955318420890747 0.27842199848425436 0.31941438075855755 0.30199733817592705 0.31439120875881726 0.28822911874974866 0.28453001220916724
1 0.2894861326868163 0.33352199230711393 0.2910020943620797 0.3510415385088583 0.31419223309176925 0.35011426336600504 0.3126762125022623 0.3325946637651739
1 0.34919630760084863 0.34980898078658135 0.3436986267796815 0.3333652926868028 0.3156845112411519 0.33769347557141294 0.32118217242423786 0.35413711027210465
1 0.3397431637482907 0.31883238411116577 0.3094643061378901 0.32358247318084266 0.31467436762236567 0.3389296377320511 0.3449531859566039 0.33417954866237426
1 0.3066243057545548 0.3710341299195511 0.31679192227593106 0.38558532768242837 0.32882576528816765 0.3816995562322288 0.3186580702144667 0.3671483851688949
1 0.42734345935639884 0.28506101272863354 0.41606102824364544 0.25246468825185914 0.3918717432206202 0.25633377248742345 0.4031541743333735 0.2889300702646544
1 0.47640484548443535 0.2707859416437691 0.4808577803878097 0.30105628199673284 0.4995415293572032 0.2997861847164124 0.49508859445382886 0.2695158443634487
1 0.5259461470398971 0.24213909372778597 0.4966850526237733 0.25066401764476703 0.5126950768430261 0.2760586475762795 0.5419561712591497 0.26753372365929845
1 0.5511150581035835 0.31052094974334266 0.6115173575500724 0.30587253253499563 0.6084877907692849 0.28768071852956856 0.5480855305989584 0.29232908233882876
1 0.6287667017952663 0.2820411875700596 0.6366867399277067 0.29819302296075295 0.657052451272422 0.29357816707848045 0.6491324131399815 0.2774264117864173
1 0.6022447269395511 0.29646652368527177 0.6322227291465573 0.29497535418546317 0.6306316910870133 0.28019440685148733 0.6006536103276826 0.28168557635129593
1 0.5467598815682312 0.28998443523416995 0.5906667034291546 0.2933008656205572 0.5956686405294803 0.26269966452557686 0.5517617401162324 0.2593832074396462
1 0.5343147189460666 0.31970043966672135 0.5293905093709781 0.350385263731682 0.5734691251659025 0.3536540888321577 0.578393334740991 0.32296921136811024
1 0.8827063758094031 0.23932931387726925 0.9212578929375804 0.23110742977806484 0.9129311108681226 0.21306473272261867 0.8743795151876207 0.2212866702209099
1 0.7794650555270672 0.2366376528068269 0.823449487084741 0.2639749682168635 0.8444206011955036 0.24838251496028815 0.8004362481901545 0.22104523959956665
1 0.7747886785362371 0.2317711270283109 0.7635413210364382 0.25165032547811406 0.7847673374406773 0.2572000124740267 0.7960146163881515 0.23732084072376694
1 0.7952565079029923 0.26061891570804624 0.7749965279872506 0.2662139118291366 0.7874601896818694 0.28706985967574367 0.807720169597611 0.28147481015556647
1 0.7748438222681386 0.2603873772675388 0.7408053718478523 0.26746521263089185 0.7476501072082127 0.2826768502997184 0.781688557628499 0.2755990416359088
1 0.7501627604166666 0.2762128107399661 0.7340885982243404 0.26146123290374834 0.7141205972993082 0.2715160406584919 0.7301947594916345 0.28626761849470966
1 0.719751856348536 0.27845351652210465 0.7179192306145431 0.26506185323026027 0.6996819730584379 0.26621516670767714 0.7015144416877815 0.2796067766004347
1 0.7157925049770753 0.2650995796851077 0.749954046890082 0.259740554128732 0.7450588231227879 0.24532037102539916 0.7108973597621059 0.25067939658177496
1 0.8336949882360039 0.26985572955114007 0.8251890283140283 0.2748670736531469 0.8346179780505952 0.2822627670808727 0.8431238594202461 0.2772514229788659
1 0.4190495514348053 0.301830835751244 0.4221076719856017 0.28935720956023075 0.41071247901081886 0.28806620653741527 0.4076543584600225 0.30053977932934167
1 0.37518086672749756 0.40472081035036633 0.3819556905189229 0.3955099751630167 0.3733070402992278 0.39257038213240925 0.3665322950601271 0.40178121731975885
1 0.4893423740774815 0.35889833305138613 0.45682968473495816 0.3621837385683235 0.4614211466628459 0.38318111389640747 0.49393387528153154 0.3798956816799267
1 0.5415235836073239 0.2870863332940316 0.5415235836073239 0.2763076208186379 0.5235055655893058 0.2763076208186379 0.5235055655893058 0.2870863332940316
1 0.9891197960655969 0.19874642172719134 0.9811918241483671 0.2068304560837366 0.99125421983088 0.21139065800063567 0.9991821917481097 0.20330662364409038
1 0.9868999859234234 0.21816250324666447 0.9907209280988578 0.22484160762863625 0.9999029093267374 0.22241424533847332 0.996081967151303 0.21573506085787128
1 0.8476019703436696 0.349236943068884 0.8213659652258285 0.3635049654742864 0.8390148658703346 0.3785019388140447 0.8652509495405003 0.36423386300955546
1 0.7010553033502253 0.39823845490383036 0.7457507905505952 0.41693611845882544 0.77083074110662 0.3892313906318351 0.7261351753539254 0.37053372707684
1 0.75242365342463 0.4057331502385444 0.7267589593639399 0.42467524811351703 0.7533870191340895 0.44134767120174434 0.7790517917471043 0.42240557332677164
1 0.7060452612210425 0.39269378742208005 0.6757030118846525 0.40197567009446084 0.6842865815033784 0.41494224995557194 0.7146287522874437 0.40566036728319116
1 0.599538481527007 0.43305770326682796 0.6441128017666103 0.4264464691242208 0.636731750409729 0.40344951159059217 0.5921574694462878 0.41006074573319934
1 0.5918192231363618 0.4339489607256124 0.6007075757747145 0.4161998518495735 0.5762812591120696 0.4105471313156168 0.5673928671975547 0.42829629359074256
1 0.5539623049388674 0.40241639945763613 0.5639032194513152 0.419310882648458 0.5929806978085786 0.41140434685654526 0.5830397440199686 0.39450986366572344
1 0.6466613926635899 0.4182577191583962 0.6166978048081564 0.4328069678546041 0.628677427078306 0.4442080199874918 0.6586409363814149 0.4296587712912839
1 0.6265925305537122 0.4483344611220472 0.6146458217075893 0.4263594553122266 0.5847665597726633 0.43386595184513066 0.5967132686187862 0.4558409309554079
1 0.546204948670769 0.43202154738592247 0.5487389288353643 0.45140069008707895 0.585231471706081 0.4491956281954014 0.582697412989161 0.4298165121937883
1 0.5425291711912805 0.45986562013000326 0.5477091471354166 0.4812870376066273 0.5647580651242761 0.47938191838569005 0.5595780499039776 0.45796050090906604
1 0.5366705424383647 0.43594755504805066 0.4809019660704231 0.4513927870222277 0.49228561185348296 0.47038716260320973 0.5480541882214246 0.4549419573285761
1 0.5504470098586309 0.42711692135895124 0.5436393511955036 0.38083943044106794 0.5278690686710706 0.38191147050832513 0.5346767666103603 0.428188934726665
1 0.5242262831679335 0.4215747369347386 0.4709288843810328 0.43365176810784395 0.4756135879182754 0.44320561232946465 0.5289109474290138 0.4311286078559028
1 0.40808348980956405 0.43265397947082784 0.39319012616131754 0.45257605738735784 0.4239893929224984 0.4632161992324202 0.4388827172945825 0.4432940946163468
1 0.38171598810026547 0.45475858486439197 0.3489280121360199 0.48531589190999563 0.3803639062122949 0.500903352351952 0.41315188217654036 0.47034593850817474
1 0.33146465208232784 0.424866683839813 0.33766639738929777 0.434271224214649 0.3535393085258808 0.42943417473206474 0.3473375239427485 0.4200296343572288
1 0.3383730148256515 0.43715173115567585 0.34058803327602155 0.4582328896510007 0.3598619065843187 0.4572970706542542 0.35764684885778636 0.43621591215892935
1 0.2792074824545528 0.4846504858889709 0.3532262775121662 0.4659514606572616 0.34658271465522444 0.45379873627857065 0.27256389995952984 0.4724977081111931
1 0.3111358210540339 0.49636683293006345 0.3282896849486205 0.4958706486152122 0.3276309255160573 0.4853461691922299 0.31047700270722733 0.48584235350708116
1 0.2961173039145451 0.4715425586450131 0.23972718227784146 0.485554158635444 0.2525909698761261 0.509478337912839 0.3089811504270733 0.49546679132149496
1 0.23807194733098053 0.4920203074591262 0.27564768748240426 0.48612558226364283 0.2722932872011241 0.4762444016397364 0.23471756668778154 0.4821391268352198
1 0.2118474108525378 0.4988627596477198 0.22782261675389118 0.5173244793375438 0.2552142836719253 0.5063712586463801 0.2392390777705719 0.4879095389565562
1 0.22347437246118887 0.480717696542815 0.20295452181743687 0.48974363739200566 0.21243849745741836 0.49970737300415574 0.23295834810117036 0.490681432154965
1 0.11238579277519707 0.42739633208080435 0.1232829541926832 0.4484799736336669 0.1403340520085515 0.4444073854781824 0.1294368905910654 0.4233237439253199
1 0.14282493640403796 0.46119221364419294 0.14764625225288067 0.47758001959960084 0.17072517070991192 0.4744423426563867 0.16590384504202862 0.4580545367009788
1 0.17380793705256595 0.4755052514797955 0.15232085199736567 0.48617935514408356 0.1658784922792491 0.49879120487136375 0.18736557733444942 0.4881171012070757
1 0.14905977187776503 0.48538050480506345 0.11843178846047499 0.49810411882108485 0.13184720975858671 0.513027348021927 0.16247526190916084 0.5003036806068186
1 0.1080545256036589 0.5059151770457404 0.116013545327205 0.5185395755584263 0.1348714153432171 0.5130455037114501 0.12691238580063044 0.5004211051987643
1 0.162732795705513 0.5448811314967466 0.22468820225778233 0.5136226410419401 0.19423456572504424 0.4857293076402559 0.13227909043949082 0.5169877980950623
1 0.13126660007000585 0.5125150371828522 0.0854182985912112 0.5300247045535323 0.10369313361561897 0.5521376402046424 0.14954136636112955 0.534628026233049
1 0.08553267077589588 0.5255375258878773 0.04546478448227106 0.5361602596306321 0.057903667827984236 0.557841837458306 0.09797155903112935 0.5472190503164643
1 0.04511172124010869 0.5405710242030293 0.01724812177464155 0.5529241553546042 0.03227617074777414 0.5685885638806868 0.060139772668001426 0.5562353793300252
1 0.035885684431903306 0.5214934528447616 -0.0011669901347068285 0.5425746647391733 0.016649398410949316 0.5570454968763671 0.05370207090635557 0.5359642315828685
1 0.06768106585764057 0.6182585254846074 0.03547050102950677 0.6356328261701663 0.05293235140570956 0.6505927405436626 0.08514285486483973 0.6332184398581037
1 -0.012778192566782044 0.6155771437383804 0.0049260319276512666 0.6467452295391787 0.030704463924373593 0.6399785506548009 0.013000240350475336 0.6088104648540026
1 0.02550835284180316 0.6568354141889491 0.04941488140798444 0.6463020705175525 0.03706273701200154 0.6333469180610236 0.013156209673200334 0.6438802617324202
1 0.5544825962611607 0.5170282212037949 0.568809597648709 0.5418635490998196 0.6081690254358711 0.5313708955325896 0.5938420633244852 0.5065356210356518
1 0.5841408119545327 0.5782824205079834 0.589649450824988 0.6035591986548556 0.626123808832549 0.5998859288707076 0.6206152092382561 0.5746091507238353
1 0.7182713021336068 0.5511092805904145 0.6676423650910955 0.5652038627617837 0.6774468734917953 0.5814789432448874 0.7280758105343066 0.5673843076744314
1 0.818751979518581 0.5237472681027177 0.7226491802907818 0.5400798594023404 0.7343471139247506 0.5718880934560914 0.8304499131525499 0.5555555021564688
1 0.7318034325480615 0.5265382247751258 0.7122431181879424 0.534769587212243 0.7207589757028233 0.5441210488947671 0.7403192115106177 0.535889633058563
1 0.9034878646084701 0.517472661803505 0.8626708984375 0.5136189031058618 0.8587787093036117 0.5326690807325842 0.8995957540269064 0.5365227860311407
1 0.8148851627855535 0.5278812652080599 0.8451765887678974 0.556099638851296 0.8807405253328104 0.5384577019425306 0.8504491779027912 0.5102392749002078
1 0.968522512467825 0.48650124483951224 0.8898155968468469 0.48650124483951224 0.8898155968468469 0.5102456827906278 0.968522512467825 0.5102456827906278
1 0.9988241502523729 0.4781540597830545 0.9605860568995335 0.4762285955100339 0.9582276804566844 0.4978726337796643 0.9964656952571992 0.4997980980526848
1 0.9703301585625804 0.6517967297544838 0.981913170145592 0.631324320849054 0.9549181924670206 0.624266296546916 0.943335180884009 0.6447387054523458
1 0.9201287032707931 0.6457474142026192 0.9291830369711229 0.664772227263096 0.9464435749225788 0.6609761395792323 0.9373891626699243 0.6419513799178423
1 0.8644938622355615 0.6312361589566929 0.8817351548674791 0.6260270780361439 0.8703849723747185 0.6086667679113353 0.8531436797428008 0.6138758488318843
1 0.7031546927787162 0.6908299670548994 0.7286762645039012 0.6821553387979823 0.7219698597872426 0.6730374981203522 0.6964482880620576 0.6817120729781824
1 0.558565667543939 0.6678189121623469 0.5350971786518661 0.6739549478312281 0.5454798714381234 0.6923059178149606 0.5689483210540339 0.6861698287469926
1 0.5644684819794683 0.7157474227464731 0.5577733495213963 0.6902603589956529 0.5297103351607746 0.6936669537401575 0.5364054283426842 0.7191539640918908
1 0.5717861808865227 0.7624603031188484 0.529961938256616 0.7712085153174213 0.5382895058493203 0.7896067434930009 0.580113748479227 0.7808585312944281
1 0.5491287840225828 0.7626442095739009 0.5020111358917512 0.7591286806922573 0.49992741765202703 0.7720345991907261 0.5470450657828587 0.7755500746732831
1 0.5109034554224984 0.7897180805890475 0.5015201838627131 0.7744093099812719 0.4766522853070705 0.781452916529965 0.4860356354191803 0.7967618473350011
1 0.4484505082649614 0.7481790911389983 0.4491740930034387 0.7722817301645888 0.47789427611204954 0.7718833729768154 0.47717061282124756 0.747780680552138
1 0.48578909894827865 0.7384715643454725 0.4912955383536438 0.7534445080961559 0.5122255695986164 0.74988754152313 0.506719090917089 0.7349145443733596
1 0.4834272269269828 0.7343337225058781 0.5124898196187259 0.7290922283396216 0.506527344692628 0.7138145893994696 0.47746475200088484 0.7190560835657261
1 0.4840432735330196 0.6925086741476651 0.4715607985566482 0.7056225820893482 0.48849601205558235 0.7130717547025371 0.5009784870319538 0.6999578467608542
1 0.5732285586716739 0.7632837170378117 0.5631249230187219 0.7243630450124399 0.5472904239688907 0.7262626107283464 0.5573940596218429 0.7651832827537183
1 0.35273194773316846 0.7527067463124727 0.37754053928370335 0.7493337929926728 0.37438799883868246 0.7386184118342629 0.3495794072881475 0.7419912583558891
1 0.34963321563053007 0.7317264586921752 0.29410491118559967 0.7392759147904363 0.30010556254147563 0.7596717494053478 0.3556337884340814 0.7521222399079998
1 0.33695640220298423 0.7192648739952427 0.34311191946689995 0.740710214262768 0.36623332491252414 0.7376433445086942 0.3600777683724461 0.7161980042411691
1 0.23822355331754747 0.7026414178696413 0.16434146876193995 0.7121099837495899 0.1695384611034025 0.7308494854891185 0.24342055547805058 0.7213809730082568
1 0.15320541990616454 0.8423900320565398 0.11038045011738859 0.8635104388806868 0.1375518170409528 0.8889702690972222 0.18037677701068813 0.8678497554749016
1 0.12603338528784086 0.8641959763574475 0.16515392563671372 0.8376021631329287 0.13325207880871942 0.8159156191901793 0.09413147954560308 0.8425093790156113
1 0.07711680546076909 0.8249803811754975 0.11110770717704312 0.8385429482447506 0.12915842260019506 0.8176373659469324 0.09516745706015725 0.8040747988776793
1 -0.018170591180082147 0.7393997472728019 0.006144273848760696 0.7811571389879975 0.03735683200595615 0.7727583704136592 0.013041966363423273 0.7310009786984635
1 0.04829021831890484 0.8197902035316874 0.02424362359359918 0.832390732652559 0.04037748309789631 0.8466190261373578 0.06442408027796212 0.8340184970164862
1 0.059285255932899975 0.823361374261811 0.04433656690050123 0.790736027381343 0.01940043951400305 0.7960159688901192 0.03434912977378187 0.8286412623715005
1 0.0678548137807171 0.8516805119819006 0.031174118454391893 0.8511264430569225 0.030470073606670287 0.8726652317264053 0.06715070019971144 0.8732193006513834
1 0.4501114578934403 0.8502110225113463 0.4201232046080679 0.8416774212427548 0.408827576704774 0.860020808556157 0.4388158692663087 0.8685544098247485
1 0.440865810006435 0.8508381413871118 0.4706556401197515 0.8469808583497376 0.4655194570966055 0.8286502868171752 0.4357296662594514 0.8325076766527231
1 0.40102030043436293 0.9361009439249781 0.3647073674539495 0.9469791922982284 0.37998335947554696 0.9705438889230643 0.41629629245596045 0.9596656405498141
1 0.5150899408406733 0.9799371086914916 0.5188341766710908 1.00589899712243 0.6269024587506032 0.9986966350885826 0.6231582229201859 0.972734853455818
1 0.6919922503418597 0.9653788088500657 0.644756420238598 0.9662833893810149 0.6461073238416989 0.9988848134705818 0.6933431932211229 0.9979803397378062
1 0.651073558910473 0.916990585527395 0.6585275853769507 0.9257430162538276 0.6721792331533543 0.920370213733049 0.664725245963039 0.91161788980479
1 0.6477479284180945 0.9094436925853019 0.620106975697796 0.9200641301673228 0.6283627464657738 0.9299933699693789 0.6560036599099099 0.9193729323873578
1 0.6280262283069901 0.9004895201088146 0.6046304788675394 0.9016254254839239 0.6066173813671373 0.920535110113189 0.6300131308065878 0.9193992047380796
1 0.5909261224812983 0.9213557472796369 0.5610968591010095 0.9347092569239392 0.5711510460655969 0.9450879034407809 0.6009803094458857 0.9317342869983049
1 0.9336740304757883 0.8774869022719817 0.8998671523085585 0.8883272906926674 0.9057174152388996 0.8967583123154528 0.9395242148538047 0.8859180840920275
1 0.825450529002775 0.898448393413714 0.7993050161629264 0.9032957489200568 0.8050239396064591 0.9175503147555775 0.8311694524463079 0.9127029592492345
1 0.8911598627785151 0.9674639363927166 0.9177495890142374 0.963100910603948 0.9126239712787564 0.9486657490567585 0.8860342450430341 0.9530287748455272
1 0.8890373789665782 0.9407143046328194 0.8947822246772442 0.9528639852635608 0.915675807643581 0.9482986837338692 0.909930961932915 0.9361490031031278
1 0.900759271059564 0.9377915590141076 0.8972573298745173 0.9254126895026793 0.8815856697936776 0.9274613988681102 0.8850876109787242 0.9398403751777121
1 0.8497352943764077 0.9092272126872812 0.8620779069387468 0.9646967957130359 0.8913089550906934 0.9616911747115595 0.8789663425283543 0.9062214848876312
1 0.8797788092221686 0.9075511221497703 0.885481629439149 0.9145998016117126 0.8933827364613497 0.9116456573299432 0.8876797591397201 0.9045970846661745