0 0.49436428264036014 0.6819283730371337 0.5677938687599311 0.9678483235271197 0.6282124664823888 0.9342582112833151 0.5547829320875265 0.6483382607933291
0 0.530524509235964 0.5052219305252493 0.46022437144134004 0.5396999825265937 0.4920059462725106 0.679982553990999 0.5623060840671346 0.6455044639378117
0 0.45867987163996293 0.45517192279311486 0.47516313973119706 0.529141090754559 0.5105868581998146 0.5120526549227518 0.4941036418332892 0.43808348696130767
0 0.7178885249768273 0.7546137859696462 0.6749239646782309 0.605197250099848 0.6130750753111759 0.6436970774966879 0.6560396356097723 0.7931136514183291
0 0.6523781469312765 0.7941911274060941 0.7004675913665255 0.9368611095552135 0.7453793800483316 0.9040898729738155 0.6972899873377914 0.7614198908246961
0 0.7199300475039725 0.7246870007598192 0.7272529731362553 0.8464376016745246 0.7644190384169757 0.8415983965866584 0.7570961127846928 0.719847871775639
0 0.6470996921345339 0.6429941077482076 0.7651513051178496 0.6067166982446228 0.7572485455011917 0.5510453678426005 0.6391968807931674 0.5873228153980283
0 0.7480439266916049 0.6133040430539861 0.7658186573093221 0.8800575465632793 0.8148703365002649 0.8729820346594451 0.7970956058825477 0.6062284169946228
0 0.7795201188426907 0.4232608861756741 0.7871201854641154 0.49035328700952696 0.8517203120862024 0.47451200033363855 0.8441202454647776 0.4074195994997857
0 0.8217837576138771 0.4818806255844763 0.793224270060911 0.49050012907185164 0.8017659850039724 0.5517673254607621 0.8303254208322298 0.5431478219733868
0 0.841101746639963 0.4933071754817059 0.8184006513175318 0.5008492410331593 0.8237348136255297 0.5356057183700904 0.8464359089479608 0.528063652818637
0 0.9288156283103813 0.8282565832732621 0.9214926509533898 0.7496034997954333 0.8713338560977224 0.7597130373529069 0.878656833454714 0.8383661208307357
0 0.999404648603019 0.7857763428343204 0.9798970885195974 0.6643447685717347 0.9101453878111758 0.6886020574783743 0.9296529478945974 0.810033555637274
0 0.9859024306475106 0.6231135798808642 0.8979834605071504 0.6391401409805564 0.9020464363744704 0.6873895735514729 0.9899654065148306 0.6713630505036238
0 0.9650674076403601 0.5851679014743415 1.0008785959017479 0.5741908199472023 0.9963094420352224 0.5419214871756156 0.9604981503244173 0.5528985306509118
0 1.0072585283699682 0.5333002333034601 0.9776215116856461 0.3414356869057824 0.9288397320246292 0.3577478651393976 0.9584768521583686 0.5496124495889183
0 0.9596660032110699 0.30065836157287446 0.9252481751522775 0.31251021691985853 0.9321142164327331 0.3556734308637586 0.9665320444915254 0.34382157551677445
0 0.9621382373874471 0.31042096145135206 0.9538455251920022 0.20671102471482428 0.9155638613943327 0.21333746779292004 0.9238565735897776 0.31704738550352635
0 0.9482246010990466 0.1919026743444124 0.9894132969743115 0.18432744661174214 0.9855715994107521 0.13910815840647406 0.9443830069849046 0.14668338613914433
0 0.9731225999735169 0.04213863953093341 0.9731225999735169 0.1854380277029594 0.9980205988479873 0.1854380277029594 0.9980205988479873 0.04213863953093341
0 0.9434793763241526 0.14087516232916245 0.9068793862552966 0.14856807489942137 0.9130306955111229 0.211921501635316 0.9496306855799788 0.2042285605261748
0 0.8954995365466102 0.4569526729441046 0.9318895242981992 0.4491445869578982 0.9271969552767478 0.40180135902918485 0.8908070709745762 0.4096094450153912
0 0.9381960076800847 0.447370457827599 0.8945760435977225 0.4606906196423005 0.9009432517876059 0.5058283246960723 0.9445631124205508 0.4925081628813708
0 0.9474923861228813 0.5356057183700904 0.942676608845339 0.4945100322923161 0.9057948225635594 0.5038660672537406 0.9106104963916843 0.544961753331515
0 0.8552234197067002 0.41277767951946304 0.8622065140029131 0.47556641690451606 0.8947672181210276 0.4677270903551668 0.8877840721001059 0.40493835297011377
0 0.9120723401085805 0.31385902157448176 0.8805836823027012 0.32032364919001327 0.8859797073622881 0.37722218958219683 0.9174683651681673 0.3707575239148223
0 0.9122683767545021 0.3153034885625292 0.904213080971928 0.26035409675274707 0.872066174523305 0.2705557197703982 0.8801213668564619 0.3255051306061019
0 0.9991420939817267 0.9180121291010754 0.881014445676642 0.919194095449852 0.8813882084216101 1.0000789195224828 0.9995159601761123 0.9988968770700203
0 0.868671481892214 0.7552554161471322 0.9176868503376588 0.7460768549816864 0.9130743511652543 0.6927551878360739 0.864059034444518 0.7019337490015196
0 0.9002240714380296 0.6502201527431422 0.8570187843452066 0.6663816837301278 0.863278612039857 0.7026087886972023 0.9064838991326801 0.6864472577102166
0 0.2579048286050053 0.6825821798043953 0.31282682257183525 0.662110897073722 0.3008773545087394 0.5927100050776379 0.24595536054190942 0.6131813639119974
0 0.3030742321984243 0.5840905015902627 0.324927662994902 0.6829326372788731 0.36568996623411015 0.6634228485183525 0.34383648371292375 0.5645807889334281
0 0.3349852222507283 0.49309237282769636 0.28958300574351165 0.512486331777977 0.3030742321984243 0.5808581877824969 0.3484764487056409 0.5614642668840594
0 0.4278825404280323 0.4601155421383066 0.33419815322100105 0.48053633007325436 0.34278517900887184 0.5658174357806656 0.4364695920782574 0.5453966478457177
0 0.4520653676178496 0.6116608503156172 0.4317596176923332 0.5288223304653406 0.38522013001522776 0.5535181288112726 0.4055258540783898 0.6363566867133923
0 0.4034819263522908 0.6382136547060084 0.38883604922537074 0.5563283335240999 0.34774413028005824 0.5722386842951216 0.3623900074069783 0.6541240435288731
0 0.29494711665783896 0.5217839191084788 0.26829691741426115 0.5279106463577384 0.27422720698987024 0.5837525631721477 0.3008773545087394 0.5776258359228881
0 0.2611189244157177 0.5163718815753585 0.21785221423132944 0.5294783061876559 0.22911265745001325 0.6099490501042316 0.2723793159096928 0.5968426254919342
0 0.18883647595421743 0.6347301226304356 0.23652638580839513 0.6153222367055993 0.22095367948887712 0.5324844398403406 0.17326371790999073 0.5518923257651769
0 0.2251319497318591 0.6428288866456905 0.24929765604310117 0.6352868210942371 0.24595536054190942 0.6121038879242324 0.22178970595537606 0.6196459534756857
0 0.19179387496689618 0.6230855356725374 0.20263742996474443 0.7028574955433682 0.24375848285222457 0.6907570094539043 0.23291491492319916 0.6109850495830735
0 0.24904870502019333 0.709277754709905 0.26442687471034165 0.6995808513384507 0.2562074822894597 0.6713630505036238 0.24082931259931145 0.681060029978764
0 0.4685725325244968 0.7241576235193267 0.452455423646054 0.6552754922995246 0.4121859275688559 0.6756728022473114 0.4283030623096531 0.7445549334671134
0 0.3682483737751589 0.6918344093379831 0.38502978308726166 0.7647311622067877 0.4253672454316737 0.74462890625 0.40858581025721663 0.6717321533811954
0 0.37154005664890094 0.6945385255123909 0.3268701585672669 0.7160872842308291 0.3411534972110037 0.7801843961872662 0.3858233952926377 0.7586355613651419
0 0.3460839998924126 0.7876944601387157 0.32411517127085543 0.7155060803801044 0.2913575253244174 0.7370868787503897 0.3133263539459746 0.8092751824053148
0 0.24439011913234904 0.7438094217581047 0.26407659498311703 0.8238083228208775 0.3057682360632945 0.8015982991739401 0.28608176021252646 0.7215994742148535
0 0.20509343551377118 0.7622988883991194 0.2182746499271716 0.8334097921699657 0.25693974899033367 0.8178947619963762 0.24375848285222457 0.7467837821218438
0 0.27451479637016685 0.8987026452423629 0.32621827206369175 0.8693414626276107 0.3082003060033766 0.8006557550216257 0.2564968303098517 0.8300170137400639
0 0.3139857663946637 0.8775191081135053 0.35670331534692795 0.8556577915562655 0.3411534972110037 0.7898813756624065 0.2984359482587394 0.8117426161159601
0 0.33791356490830243 0.7849461277226855 0.36085574909792106 0.8765678120372896 0.4011372453075344 0.8547325990443813 0.3781950352555614 0.7631109908334632
0 0.45703906043101167 0.7214356229786861 0.37935403080309854 0.770611085202034 0.40245500984838456 0.8496123430437578 0.48014009120100637 0.8004368808204099
0 0.24051363670219808 0.9242017940987375 0.2752470889333951 0.9030123969860505 0.26508571818723514 0.8669549271352868 0.23035231768074682 0.8881443242479738
0 0.24633574404958952 0.9224030073741427 0.23619108038433528 0.8291146523340087 0.2068022259211136 0.8360330862297382 0.21694690251754503 0.9293213651661861
0 0.5096673997782044 0.9080745858741818 0.4927597821769068 0.8512140212213607 0.45246204440876586 0.8771538865239246 0.4693696620100636 0.9340144511767456
0 0.45168281167240465 0.8636594092162173 0.4172650094759666 0.8862856439224205 0.4400130966962394 0.961194197733206 0.4744308730303231 0.9385679630270028
0 0.4383050950907044 0.9434892078884819 0.42146236613645394 0.8853074832450125 0.3828942250397246 0.9094771007052681 0.39973697985632944 0.9676588253487375
0 0.38324427200576006 0.8977209837953943 0.34736188468286544 0.914960066873831 0.36312227410785225 0.9859753083112531 0.3990046614307468 0.9687362252328164
0 0.306575219105866 0.9343467198702463 0.32532387426344017 1.0079077818149937 0.36312227410785225 0.9870526320916458 0.34437361895027807 0.9134916462505844
0 0.29082408840373414 1.0158851223990804 0.32723991264731195 0.9967496115667862 0.314830715373411 0.9456274170530704 0.27841483940512446 0.9647628517816786
0 0.2868246563410355 0.960116721745441 0.24595536054190942 0.960116721745441 0.24595536054190942 1.0000789195224828 0.2868246563410355 1.0000789195224828
0 0.17554675603317002 0.829968611795706 0.1689561488264698 0.7707094872681577 0.1251269970910024 0.781261796071345 0.1317176042977026 0.8405209967025795
0 0.1397728224932137 0.8879283419868298 0.18428043430134403 0.876439729533588 0.17858439300019863 0.8286691413555954 0.13407676826089115 0.8401577538088373
0 0.18524110438460012 0.9404509965321073 0.1801150176484706 0.877959444041264 0.13611134674589512 0.8857733900112998 0.14123743348202464 0.9482649425021431
0 0.12181810282044492 0.8681109421271042 0.06909296714653403 0.8799627974740882 0.0775278576349808 0.961194197733206 0.13025299330889167 0.949342342386222
0 0.06138213206145723 0.802088787430837 0.07061958312988281 0.8781993228598426 0.12769678406796212 0.863203015410692 0.11845934593071372 0.7870924799816864
0 0.10588136446678033 0.7285240725091569 0.05881644426766088 0.7344596272989401 0.06234316421767413 0.7949979025824112 0.10940816846944518 0.7890624238963139
0 0.03152243727344577 0.665766004909601 0.042433751639673264 0.7391563662864323 0.09869143599170749 0.721049777290173 0.08778003757282839 0.6476594159133416
0 0.11656865265409826 0.7292127347646509 0.15904160839016154 0.7227481071491194 0.15588325888423596 0.6778276781191552 0.11341030314817267 0.6842923057346867
0 0.12219777511338056 0.7844941479309538 0.16795281878972457 0.778976021859414 0.16483768527790651 0.7230599800547459 0.1190827321198027 0.7285781061262858
0 0.14879398669226696 0.6170990294649119 0.09891109143273305 0.6350730458399899 0.10783332566083488 0.6886765629870636 0.15771622738595736 0.6707026227156717
0 0.09217377355543234 0.5603868289481375 0.09134714158914857 0.6333630340652275 0.15141511044259798 0.634835982857797 0.15224174887447034 0.5618597396888638
0 0.026265234866384733 0.5831711310103647 0.034067522469213456 0.6616159186993454 0.09740298642950543 0.6479788230838919 0.0896007925777112 0.5695341495504403
0 0.11686270762298066 0.43200656957459865 0.06808726423877781 0.4653257146440539 0.08664740869554423 0.5241427909109063 0.13542285207974708 0.49082364584145105
0 0.12447442523503707 0.384860297985505 0.07031376725536281 0.39282903885306264 0.07462772434040651 0.45630194837613 0.12878838232008077 0.4483331694567293
0 0.06594783976926642 0.39720484859628274 0.12331690384169756 0.3870176091753039 0.11853629936606197 0.32873740636202464 0.06116722882804224 0.3389246838348465
0 0.11854723914194916 0.2854262658782731 0.05923149626133806 0.2897360366478822 0.0606851610086732 0.33304719615755535 0.12000091035487288 0.32873740636202464
0 0.12293011940131753 0.22099353666614713 0.06574322975288004 0.20837248233785652 0.058223323498742055 0.2821336018474322 0.11541022607835673 0.29475465617572283
0 0.05234464548401913 0.24321478560678383 0.1219300738835739 0.24923728885793328 0.12321798033633474 0.2170255856026438 0.053632458185745496 0.21100306332557278
0 0.053927880626613814 0.21213719850763715 0.12173995971679688 0.21565861119296487 0.12293011940131753 0.16604414485636496 0.055118037078340176 0.16252271314511574
0 0.05467755592475503 0.10183646375698936 0.05394529568946968 0.1621730737852634 0.11926864365399895 0.1638892689845211 0.12000091035487288 0.10355266846920784
0 0.061445598279015495 0.10981010379933955 0.1140166331145723 0.10612682808664374 0.11190092442399364 0.0407565014617996 0.05932987665725967 0.044439777174495404
0 -0.002005940170611365 0.05065604992340925 0.0 0.14067044341356083 0.05886796207751258 0.13783059631499864 0.05686211666818392 0.047816207581327444
0 0.05139328261553231 0.13559087434611714 -0.005727415165658724 0.14658449891202172 0.0 0.21100566987682162 0.057120694952496026 0.2000120548238778
0 0.0022734597577887066 0.29309879217361867 0.050378915819071106 0.288675132237765 0.04741267511400126 0.218847032199774 -0.0006927788257598877 0.22327069213562772
0 0.046039245088221666 0.3729123997866661 0.046039245088221666 0.2910270595788361 0.0 0.2910270595788361 0.0 0.3729123997866661
0 0.01731782848552122 0.4454440832732622 0.0740763648081634 0.4236588323502766 0.0606851610086732 0.34813132726046214 0.003926627918825311 0.36991657818344764
0 -0.004181747113244008 0.4495941314316747 0.007974797588283733 0.5367892067925888 0.0825537406792075 0.5142805903332489 0.07039719274488546 0.42708551497233477
0 0.0011860577736870718 0.9226643474322007 0.0021162669537431104 0.9869836060483557 0.04477258455955376 0.985648138564721 0.04384237709691969 0.921328879948566
0 0.0037047891293541858 0.9210490466947865 0.04108767428640592 0.9150705694260443 0.03581861398987851 0.8437482496152198 -0.0015642686415526827 0.849726726883962
0 -0.0009227325350551282 0.8023257743093438 0.0006290446398621899 0.850269802787952 0.029446747343418962 0.8482506197884195 0.027894876771054025 0.8003065913098114
0 0.024448672795699816 0.7975546059168485 0.023133049981068757 0.7258841117421291 -0.0006785548844579922 0.7268303088713762 0.0006370683847847632 0.7985008791497819
0 0.5340127718650689 0.9909114694952073 0.5103132344908633 0.9159417283207996 0.47096997277211333 0.942865690388287 0.49466956187102756 1.0178354315626947
0 0.48327284990730934 0.9550215799612297 0.43757805258540783 0.9565495136670044 0.43825585316803495 1.0004324972480907 0.48395065048993646 0.998904563542316
0 0.4449217198258739 0.9593416818062266 0.39266822944253177 0.9622986905295355 0.39361794681872353 0.9986292204060162 0.4458714372020657 0.9956722116827073
0 0.87615966796875 0.9644264734891287 0.8320902678926112 0.9644264734891287 0.8320902678926112 1.0000789195224828 0.87615966796875 1.0000789195224828
0 0.26401705984341894 0.388873778079216 0.21739595057600636 0.4063130519039316 0.22956299862619173 0.4767259707177369 0.27618405616889563 0.4592866588411783
0 0.267544141866393 0.40101041341957605 0.2594889236708819 0.3363640611605751 0.2078761343228615 0.35028620313230596 0.21593135251837262 0.4149325553913069
0 0.21018332788499736 0.3498661107850491 0.26730230299092955 0.3326270657584554 0.2606012118064751 0.2845624129373831 0.20348230135642875 0.3018014579639768
0 0.1935663902153403 0.2328983411527334 0.2079721483133607 0.3044332566106706 0.2516050435728946 0.28541161591869935 0.23719924668134268 0.21387670046076215
0 0.14048538208007813 0.23913524751354037 0.1489759800797802 0.31409007236547304 0.20003865128856593 0.30156848555491156 0.19154796277062366 0.2266136797289004
0 0.2020962860624669 0.29946787161125504 0.1476851641121557 0.3166227649869467 0.15588325888423596 0.3729123997866661 0.21029438083454713 0.35575752543689604
0 0.15458970150705112 0.3734241209719841 0.16375191898669228 0.43932899988797536 0.21557365029545153 0.4237331856515937 0.20641152333405058 0.3578283067356024
0 0.2317902128575212 0.4925172572718594 0.21936141191902808 0.41515013582985894 0.160725234726728 0.43554192826040367 0.17315403566522114 0.5129090116505611
0 0.3277999360682601 0.18860690908836308 0.3366046452926377 0.24690271315729231 0.3894848322464248 0.22961302112760093 0.3806801230220471 0.1713172360845932
0 0.3232429892329846 0.19969748023739478 0.27564389503608316 0.21909138210991078 0.28330230712890625 0.25978134041117906 0.33090140132580775 0.2403874195127416
0 0.3286223847987288 0.2489061236678811 0.2712139582229873 0.27388906122145806 0.2847294952909825 0.3411214928377299 0.34213787014201535 0.31613853625823135
0 0.3362475896285752 0.3073944320107933 0.3856852644580906 0.2944631029542842 0.3785004437980005 0.235000229833132 0.3290627689684852 0.24793155888964113
0 0.3901221841068591 0.29425613897994274 0.34155079469842425 0.3103932406836912 0.3494479939088983 0.361850044079255 0.3980193315926245 0.34571294237550654
0 0.41555933548232254 0.41050351111966177 0.39928394899529923 0.34289037081368845 0.3499410079697431 0.3686026480429785 0.3662163944567664 0.43621578834895186
0 0.46782630015227755 0.35922971806324033 0.4627002263473252 0.30859007799714583 0.4297609749486891 0.31580815113096167 0.43488702289128706 0.36644777217113467
0 0.4746362718485169 0.3955564427554161 0.4891876737950212 0.4949593865068773 0.5219396041611494 0.4845803277450904 0.5073882022146451 0.38517734594178615
0 0.5563745013738083 0.39413798420209245 0.5185882051112288 0.41266991669994935 0.5330143298132944 0.476346555790699 0.5708006778005826 0.4578146613446852
0 0.5104019423662606 0.34406335692750545 0.5216057728912871 0.40862728889446304 0.5578665523205774 0.3950056803791303 0.5466627735202595 0.3304417484121727
0 0.5027147196106991 0.3418620578071423 0.545187791727357 0.3289327645242363 0.5322820631124205 0.23715510570497583 0.4898090427204714 0.2500843799619603
0 0.464338968567929 0.15867962920457646 0.4855754787639036 0.26103634727268743 0.5315497446868379 0.2403874195127416 0.5103132344908633 0.13803072047055215
0 0.45949691513837393 0.09725505039281679 0.4887915142511917 0.08027551893581476 0.4722339694782839 0.01843498234736949 0.4429393703654661 0.03541450785877104
0 0.5158695544226695 0.04209067042629023 0.5271179716465837 0.10119797285655491 0.5821214578919491 0.07853823350254734 0.5708730406680349 0.019430925126682194
0 0.5369529077562235 0.10357264568680837 0.5486695887678761 0.15852203749659055 0.5930623717227225 0.13803072047055215 0.5813456907110699 0.08308132866076995
0 0.5586445953886388 0.1983673019599439 0.6068039199053231 0.17622419247900756 0.598060737221928 0.1350591378913556 0.549901360980535 0.1572022283463704
0 0.6077082747119968 0.1854380277029594 0.558905184471001 0.20642719601752454 0.5703612764002913 0.26409109215486676 0.619164366641287 0.2431019238403016
0 0.6176618673033634 0.24114501268191826 0.5679370427535753 0.27119333547844254 0.5824038748013771 0.32301859487024626 0.6321286476264566 0.29297027207372195
0 0.5862161410056939 0.37358770584525014 0.6396786964545815 0.35946917831154535 0.6334066100039725 0.30805472661729466 0.5799440545550848 0.32217327317692096
0 0.6394760907706568 0.3619673579113739 0.64120069600768 0.42413535558077464 0.6921820171808792 0.42107374234092504 0.6904574119438559 0.35890570661968124
0 0.6027064436573093 0.4577360462369467 0.6577788789393538 0.43882922698137466 0.6494605112884004 0.38637643561993457 0.5943880760063559 0.4052832929273496
0 0.627973084530588 0.07110273213755162 0.6213823738744704 0.02477286046282609 0.5754873502052437 0.03890632572316767 0.5820780091366525 0.08523620453261378
0 0.5854674775721663 0.0839965420768148 0.6063990188857257 0.15678922315488136 0.6487065719345869 0.13045343793835723 0.6277751340704449 0.05766076161677106
0 0.6065793312202066 0.14989019569910672 0.6109730348748675 0.187600551995256 0.6494489249536547 0.177895962151506 0.6450552212989936 0.14018559634239597
0 0.6094750355865995 0.19202754146737647 0.6212712174755032 0.2454305063756624 0.6593885518736758 0.2272035403739187 0.6475923699847722 0.1738005754656328
0 0.6608641543630827 0.22891589233702853 0.6179603188724841 0.24469719028235076 0.6242063877946239 0.28145686884473387 0.6671101715605138 0.26567558992533313
0 0.6358112399860963 0.32120207598679085 0.6768196235268803 0.3050404879220406 0.669953220173464 0.2673234059626325 0.6289447849079713 0.2834849940273827
0 0.8419662216962394 0.39321081299436955 0.8871637893935381 0.3910304804395262 0.8857750844147245 0.3287119496790251 0.8405775684421345 0.33089228223386846
0 0.9381235930879237 0.017433560102657786 0.8986960200940148 0.02259006642938552 0.9009865970934852 0.060503671888698665 0.940414170087394 0.055347166751091026
0 0.8986496747550318 0.1088952423628429 0.9390880520060911 0.10501494371980205 0.9370917885990466 0.059977486246541846 0.8966533078985699 0.06385778488958269
0 0.9723167290121822 0.07633418513652393 0.9702241541975636 0.007060007561471991 0.9305470612089513 0.009654571290622626 0.9326396360235699 0.07892874529831427
0 0.8417048050185382 0.34974236619145493 0.8120781850006621 0.35497323889982074 0.8160769187797934 0.40400182100900095 0.8457035905223782 0.39877094830063514
0 0.8481067722126588 0.2860569942027256 0.8510358907408634 0.33023200665328867 0.8764598781779661 0.3265825304901808 0.8735307079250529 0.2824075370655393
0 0.850295606710143 0.34582169454293954 0.8526057356494968 0.2812408295058253 0.8079439324847723 0.2777822974911354 0.8056337518207097 0.34236320058009273
0 0.8218352754237288 0.3327634435639417 0.7645721435546875 0.3399850745450826 0.7686686370332362 0.4103023690773067 0.8259316654528601 0.40308073809616585
0 0.7989798335705773 0.2685855285187909 0.749916205971928 0.28797941136538535 0.7614898164393538 0.35136367912007094 0.8105534957627119 0.33196975822163344
0 0.8558709613347457 0.2545788734036491 0.9064838991326801 0.2533166937697261 0.9058364092293433 0.1971051413519424 0.8552234197067002 0.1983673019599439
0 0.8942836955442267 0.14153305015659096 0.8554721121060647 0.15015256315692702 0.8610817602125265 0.2048319486013969 0.8998933436506885 0.19621242608810005
0 0.8293634447000795 0.20832303396781485 0.8615844209315413 0.20293584428820527 0.8581525382349047 0.15850206027899003 0.8259316654528601 0.1638892689845211
0 0.8525261313228284 0.19070335635520574 0.8215379100734904 0.20698682447324074 0.8362997281349311 0.26780118490395105 0.8672880528336865 0.25151771678591606
0 0.7742126982090837 0.2137518523637196 0.780160108663268 0.2737550806820839 0.814652885824947 0.2663540352609687 0.8087055788201801 0.2063507879166829
0 0.8820707676774364 0.04625788947887849 0.8464359089479608 0.05183559522367178 0.8495581675384004 0.09501755445675363 0.8851930779925847 0.08943984871196034
0 0.888176662639036 0.14018559634239597 0.888176662639036 0.09816547878959828 0.8486328125 0.09816547878959828 0.8486328125 0.14018559634239597
0 0.8443232132216631 0.05072733529488047 0.8758118710275423 0.048572459423036646 0.8749953447762182 0.022744740036657624 0.843506686970339 0.02489961590850145
0 0.731950093932071 0.29474388750414005 0.734118497169624 0.34419455968233714 0.7556132171113612 0.34215418180622664 0.753444865598517 0.29270350962802955
0 0.7386046328787076 0.3481321644010092 0.7475539385262182 0.42326309318257094 0.7680703373278601 0.4179727454435201 0.7591209799556409 0.3428418166619584
0 0.7104484946040784 0.3590665898120909 0.7263233249470339 0.4317324060454333 0.7478133379402807 0.42156921538926123 0.7319385593220339 0.3489033991559188
0 0.7320291292869439 0.2973146509945839 0.6998785503840043 0.3037070371860875 0.7045979128045551 0.3550905527319397 0.7367484917074947 0.34869818556635757
0 0.6783877097954184 0.31885796829946617 0.686179830260196 0.3630786619876091 0.7074793928760593 0.354953870511709 0.6996873758606992 0.3107331768235661
0 0.7962802175748146 0.16284740952184967 0.8043249615168168 0.21357479713801433 0.8312728623212394 0.20432336669313045 0.8232281183792373 0.1535959790769658
0 0.7942140740863347 0.09982040100858693 0.8018742448192532 0.15443864665423843 0.8299223819021452 0.14592303421134664 0.8222623146186441 0.09130478856569514
0 0.8438241732322563 0.07236395571891804 0.8432468220338983 0.03498764466169172 0.8124687065512447 0.03601683048238778 0.8130460577496027 0.07339313916137391
0 0.686141709149894 0.30295758711132326 0.7579841743081303 0.2846780715143294 0.7512070995266155 0.22701811374274275 0.6793646343683792 0.2452976293397366
0 0.7527034436242055 0.21962591537513637 0.7544288247318591 0.27462958813902744 0.7838820635262183 0.2726295071647054 0.7821566824185646 0.21762583440081437
0 0.7703942767644333 0.16295334585289706 0.7746908414161812 0.21457999364990843 0.7982793258408368 0.21033024966270847 0.793982761189089 0.15870361137865785
0 0.772605766684322 0.1711475058386748 0.7501608638440148 0.17444987308949306 0.7529380669028072 0.21531096955487258 0.7753829697431144 0.2120085832781328
0 0.7247214624437235 0.18246182182483245 0.7307623911712129 0.23245813840642535 0.755145108497749 0.2260804021744954 0.7491041280455508 0.17608410461882404
0 0.7286623679985434 0.1770750316895749 0.7022870597192796 0.1809556918251247 0.70565382100768 0.23049118156147716 0.7320291292869439 0.22661052142592736
0 0.6720381397311971 0.24525516348289433 0.7107743085440943 0.23297965794132833 0.704583067813162 0.19068655646649976 0.6658468472755561 0.2029620810339873
0 0.6510671841896186 0.13669334088180427 0.6625063621391685 0.198405734321423 0.6914557505462129 0.18678919157185161 0.6800166243213718 0.1250767981322329
0 0.6782286045914989 0.12516549697837925 0.689720024496822 0.18434175410472842 0.715314393124338 0.17358244327535652 0.7038230766684322 0.1144061766360466
0 0.7362078133275953 0.1620545993719315 0.7200056173033633 0.10438036264624084 0.7022560766187765 0.11517469068417822 0.7184582726430084 0.17284891789690812
0 0.7208086434057204 0.10541888305968478 0.7249872757216631 0.16536368277304786 0.757101181806144 0.1605175332238252 0.7529225494902013 0.10057275253638365
0 0.7518317788334216 0.10316352178331029 0.7555341817564883 0.1543693732739684 0.7769960047835011 0.15101008046594938 0.7732936018604343 0.09980422897529126
0 0.7860924155025159 0.03887807936442463 0.7879190218650689 0.08904490863295862 0.813170403949285 0.08705456893045706 0.8113438493114407 0.036887739661923075
0 0.7681136309090307 0.03667481581766409 0.7675255209712659 0.0903211198840058 0.7873522225072829 0.09079164043626285 0.7879403324450477 0.03714533161344076
0 0.7701596017611229 0.09135047931623577 0.7586786819716631 0.03476196155881049 0.7330738132282839 0.04600762726362804 0.7445546812930349 0.1025961497775337
0 0.7371336338883739 0.04528602162501461 0.7131271103681144 0.054762476400246944 0.7226479740466102 0.10697511782372682 0.7466545492915784 0.09749866780497486
0 0.7229958227125265 0.10581679118244428 0.7141160867981992 0.053557227080005064 0.6907646567134534 0.06214660777712701 0.699644340903072 0.1144061766360466
0 0.6402280645855403 0.08595584098834944 0.6497500662076271 0.1378750028158364 0.6997444282143803 0.11802603895230186 0.6902224265922934 0.06610688663777568
0 0.8457806086136123 0.5650638570809304 0.7992927680581303 0.5689065224511962 0.8004550222623146 0.5993441917057941 0.8469428628177966 0.5955015643873715
0 0.8153506004204184 0.6366033768118765 0.850712300963321 0.6347451531084398 0.8498113599874205 0.5976289668285342 0.814449659444518 0.5994871524801278
0 0.9091189626920021 0.5878598410589737 0.9471007266287076 0.5828553387649041 0.9449931516485699 0.5482283137980245 0.9070113877118644 0.553232778040251
0 0.9381557658567267 0.5742275780275873 0.9046804654396187 0.586308391314195 0.9096331062963453 0.616016035959905 0.943108303264036 0.6039352226732972
0 0.9403055481991526 0.6032507461205385 0.9084001961400954 0.6183395576001403 0.9137588759600106 0.6428683083550888 0.9456642280190678 0.6277794968754871
0 0.8508851649397511 0.5682570155421992 0.8561682749602755 0.6218054336205385 0.8961273710606462 0.6132709760023769 0.8908442093154131 0.5597225959758806
0 0.890287651449947 0.609458714054707 0.8553002826238083 0.6239368695570644 0.8626218634136652 0.6622392078884819 0.89760938741393 0.6477610904379676
0 0.8151002011056674 0.6772378745519015 0.8546301890227754 0.6806592679677759 0.856177430233713 0.6419601630688903 0.8166474423166049 0.638538845756702
0 0.8046336545782574 0.6754279005854504 0.8046336545782574 0.7176966488807278 0.8505992307501324 0.7176966488807278 0.8505992307501324 0.6754279005854504
0 0.8547779147907839 0.7092429753253585 0.8067230741856461 0.7092429753253585 0.8067230741856461 0.7376782804950515 0.8547779147907839 0.7376782804950515
0 0.46461367849576274 0.11265889308101816 0.4414886474609375 0.02613989195026959 0.42176211082329185 0.03755387522633236 0.4448871159957627 0.12407287635708093
0 0.371095560364804 0.12900811478384117 0.35919952392578125 0.058200788616836814 0.32721945552502646 0.06983183863157048 0.3391154919640493 0.14063916479857486
0 0.3354365979210805 0.17897273418017456 0.3296909138307733 0.07061099768279497 0.2896112991591631 0.07521150355921719 0.29535700911182466 0.18357324005659678
0 0.2431005704200874 0.07844514442500926 0.25492323535983846 0.15830342014531543 0.2911783250711732 0.14668413766304453 0.27935566013142216 0.06682587145569913
0 0.2457351425946769 0.07828559304710636 0.214929651809951 0.08835775893822573 0.22692498675847458 0.1677778248775035 0.25773043874966894 0.15770566374286452
0 0.2247746354442532 0.17656433790401924 0.21432787361791578 0.09048976565239733 0.17887624966896187 0.09980422897529126 0.18932301149529926 0.1858788202528347
0 0.14285030041710806 0.1100828879491944 0.1536288503873146 0.2002272570222393 0.18827827582925052 0.19125845664159913 0.17749972585904397 0.1011140875685542
0 0.19717270156084482 0.04097769682544128 0.14284983489472988 0.05942224326573702 0.15014781628624868 0.10595241746403035 0.20447068295236362 0.08750787102373461
0 0.23338749772411282 0.07741117120680964 0.27233542749437234 0.08128312222678168 0.2742363622633077 0.039888781502359826 0.2352884324930482 0.03601683048238778
0 0.3032114578505694 0.06603987258568667 0.3452955342955508 0.06764816227101923 0.3457983760510461 0.03916216491166493 0.3037143513307733 0.03755387522633236
0 0.27603058895822297 0.03985944353136933 0.2851433188228284 0.07784812052053704 0.3094600354210805 0.06522070202149655 0.30034733141882947 0.027232022654088656
0 0.20425887027029263 0.09251908946810221 0.2410148491293697 0.08669511219509819 0.2390301203323623 0.05957923090071452 0.20227418026681673 0.06540322244315967
0 0.4845818471100371 0.3390822945687539 0.48958838511321506 0.3832794341660497 0.5086050259864936 0.3786161808004403 0.5035984879833156 0.3344190412031445
0 0.4631172309487553 0.3430380880684032 0.46761381504899363 0.38934942611732387 0.4858092744471663 0.38552491147619233 0.481312690346928 0.33921357342727165
0 0.546348442465572 0.5709014283748636 0.5733089640989142 0.6661036769648145 0.5904929985434322 0.6555689481131156 0.56353247691009 0.5603667375750078
0 0.5315495895127119 0.505450089376169 0.5452928963354078 0.5415587389558331 0.557870742021981 0.5311953195015391 0.5441274869239936 0.49508663187003193
0 0.5250982769465042 0.4483870508664861 0.5250982769465042 0.4824556650366272 0.5303268173993644 0.4824556650366272 0.5303268173993644 0.4483870508664861
0 0.49580631579382944 0.2489774898995188 0.5132086802337129 0.35605041047284136 0.5497335660255561 0.3431996181421446 0.5323312533103813 0.2361266404910575
0 0.6795782574152542 0.9429099066299096 0.5797531386553231 0.5614166640284055 0.5480079780190678 0.5793990137571111 0.6478330967789989 0.9608922944104582
0 0.5491806288896981 0.49465820616914746 0.5591225834216101 0.5312279679828749 0.5756067825576007 0.5215265744939409 0.5656647763009799 0.4849567746283705
0 0.47427766444319386 0.29541637772633844 0.4803680419921875 0.3402213003867285 0.5001907090009269 0.33438818115843205 0.4941002797272246 0.28958329654988507
0 0.45264514987751586 0.26485606738159484 0.4579483808097193 0.2882644957735057 0.48394190901416845 0.27551625315982503 0.47863862635725635 0.25210780574199265
0 0.508238918498411 0.35326440673219295 0.49151290634931144 0.24799091976479698 0.45041674597788667 0.2621257334873266 0.46714280985169493 0.3673991824028795
0 0.4141031038963189 0.19320206868083697 0.4384532863810911 0.26485606738159484 0.48506231792902543 0.2305676467400834 0.4607120837195445 0.1589136480393255
0 0.48029459290585275 0.22929479356418525 0.43852735616393007 0.2542081723486693 0.44402393405720336 0.2741567749632267 0.48579117079912604 0.2492433961787426
0 0.44969275523040253 0.12782724242555232 0.41649154404462396 0.14818127791483207 0.42612661587989936 0.18220438208068696 0.459327827065678 0.16185033707844645
0 0.4279961537506621 0.18792692265308408 0.422623922057071 0.14840563158144676 0.40308863752979346 0.1541541710756069 0.40846081749867585 0.19367547166020496
0 0.4238193317995233 0.27973119873655705 0.43716570320775955 0.3656424049130104 0.46866289559057206 0.3550497992080346 0.4553165241823358 0.26913863108342423
0 0.4418984623278602 0.09816183532562636 0.3973297119140625 0.11329453960618473 0.4035737377102092 0.1531050532238739 0.4481425657110699 0.13797236796923706
0 0.3940033476231462 0.08650900063074735 0.42646000748973784 0.07286497006689818 0.41873691364870236 0.033094047013660914 0.3862803055068194 0.046738084712230656
0 0.38259106652211333 0.023027027634313874 0.39545598434189616 0.1082050485206661 0.4317572124933792 0.0963359747147025 0.4188922946735964 0.011157958584830648
0 0.48450596696239406 0.1441189868194504 0.5051111770888507 0.13199222593236148 0.4974872653767214 0.10394909257008846 0.47688205525026484 0.11607585345717737
0 0.9114337468551377 0.5336766040830541 0.904891709149894 0.4791328639460918 0.8878048654329979 0.4835694044308175 0.8943469031382415 0.5381131065159367
0 0.8655469474145921 0.5436513620124493 0.8548417948060116 0.47434822520115727 0.8391517251224841 0.47959481332070214 0.8498568777310647 0.5488980262356803
0 0.7787847486592956 0.5741067253740648 0.7841179281978284 0.6408036914549564 0.806783488645392 0.6368803561774276 0.8014504125562765 0.570183390096536
0 0.6594645871954449 0.3023103252610661 0.6336286641783634 0.314405369936974 0.6400932182699947 0.34429866952491817 0.665929193011785 0.3322036248490103
0 0.6413809048927437 0.3556284535852751 0.6038284043134269 0.37220398862462983 0.609995748228946 0.40245136061214154 0.6475483005329714 0.38587578752094376
0 0.6653985492253708 0.32936179905460955 0.6715300479177702 0.36394392284669186 0.6873414120431673 0.3578751866062383 0.6812098616260593 0.32329306281415604
0 0.6653033757613878 0.3319339514373247 0.6391758805614407 0.3467193375204567 0.6466260489770922 0.3752193688751753 0.6727534924523305 0.36043402084388637
0 0.44035060042041846 0.36239163596136614 0.4468119993048199 0.4020034143157731 0.4707400564420021 0.39355404061866817 0.4642786575576006 0.35394226226426123
0 0.48142426054356463 0.16691686387668525 0.48722404867915786 0.1327835901122438 0.4664854922537076 0.1251553276233245 0.4606857558428231 0.15928859187480518
0 0.21362461154743775 0.9846931134078866 0.21362461154743775 1.0000789195224828 0.24947768389168432 1.0000789195224828 0.24947768389168432 0.9846931134078866
0 0.3128629264184984 0.7066712034610739 0.3332543583239539 0.7023851199637625 0.33147670939817264 0.6840760190587983 0.31108522576800846 0.6883620264524236
0 0.4519200729111494 0.3968847184407146 0.45880649372682736 0.4441680147166264 0.4824753583487818 0.4367055916726738 0.47558893753310383 0.38942233344860505
0 0.5870195291810116 0.43926545331008415 0.5779068769034693 0.39904248625263017 0.560204405703787 0.4077244708662913 0.5693170579813295 0.4479474379237453
0 0.562539931475106 0.4131551157506624 0.57982886362884 0.40141471425196773 0.5734452587063029 0.3810646266414043 0.5561563782772776 0.392805028140099
1 0.055566367456468486 0.01995099274594885 0.049254039182501326 0.0024080762542096753 0.038605140427411616 0.010702926321814483 0.04491746870137878 0.028245842664913645
1 0.06022224426269531 0.052041845725956104 0.07267503253484177 0.0384311580895783 0.06404784897626456 0.021343939916748655 0.051595060704118116 0.03495462279664608
1 0.034907919673596396 0.05780342273284075 0.03858207120733746 0.04428897296401331 0.0268402099609375 0.03737838488267247 0.023166056810799293 0.05089283227325972
1 0.0005448863162832745 0.04902682696791956 -0.0008281797675763146 0.06397629259827725 0.004492576647613008 0.06503422420815637 0.005865642579935364 0.05008475382131829
1 0.1404421660859706 0.011458461124106239 0.09634403293415651 0.00450674881067062 0.0934517423985368 0.04422389479943939 0.1375499660685911 0.051175605031914845
1 0.11031695866988878 0.04295234014268528 0.11310348510742188 0.09966933519168387 0.13378973492121293 0.09746920616549447 0.13100320848367983 0.04075221111649587
1 0.14051556344759666 0.10778355776817722 0.15086822509765624 0.09462862656895359 0.1409578743627516 0.07774497148699297 0.13060521271269201 0.09089989792973621
1 0.10579483549473649 0.1334391948290894 0.1233387963246491 0.15731614605149724 0.13853004584878179 0.13315275958054085 0.12098609795004635 0.10927579884517223
1 0.11229043734275689 0.2064015681012313 0.1227824194956634 0.22450020426229347 0.1339472107968088 0.21048890682229973 0.12345522864390228 0.19239028968715904
1 0.13861219761735302 0.15949865707435512 0.14234690262099445 0.1704885620726017 0.14981619624768272 0.16499364762532145 0.14608150417521848 0.15400373311411414
1 0.1397332530910686 0.21477714024874336 0.14844030606544623 0.21419483289457023 0.14811361280538268 0.20361982616700436 0.13940655983100503 0.20420213352117753
1 0.15671544479111493 0.2206726835255611 0.1647921804654396 0.21354254820103064 0.16152104523222324 0.2055211816345367 0.15344430955789856 0.2126513359849887
1 0.20638644978151482 0.19720344828845854 0.2222974615581965 0.19118368477000858 0.21896305407507946 0.17210471897648458 0.2030520293672206 0.178124463469013
1 0.1415590189271054 0.28150753487375313 0.15258694664906647 0.26708474480303146 0.14426913503873146 0.2533166937697261 0.13324111679853018 0.2677395028663692
1 0.10865750070345603 0.314436287059451 0.12161076432567532 0.330636041122779 0.1333528938940016 0.3103109535730985 0.12039963027178231 0.294111218535692
1 0.15443642826403603 0.30656122982947903 0.14207891690528998 0.3045410384561058 0.140447998046875 0.326137438082041 0.15280550940562102 0.3281576484813357
1 0.0534789133880098 0.27561707151798237 0.05457725524902344 0.29743521825928343 0.06999281543796346 0.29575526744052955 0.06889447357694982 0.2739371206992285
1 0.06441457069526284 0.3332623793299953 0.04729496260820809 0.33606109238622195 0.04843023591122385 0.35109427207128663 0.0655498439982786 0.34829555901506
1 0.1240509033203125 0.4460048913361128 0.14620405294127384 0.44323095002971086 0.14396121784792107 0.40445749182950824 0.12180817167637711 0.4072314331359102
1 0.13350051621259268 0.48853163112726 0.15731230913582495 0.4790222091865064 0.1521691661770061 0.4511426131326956 0.12835728273553362 0.4606520350734492
1 0.15100526971332098 0.4803782627172304 0.12083072985632945 0.5126664692029691 0.13435641789840438 0.5400297778502962 0.1645308672371557 0.5077415713645573
1 0.09393507747326867 0.5594023897166264 0.1303128000033104 0.5446372852658393 0.12324642892611229 0.5069482284888365 0.08686869993048199 0.5217133709914666
1 -0.00040638525102098107 0.5321524375097413 0.020376066434181342 0.5550858266930331 0.029668859708107124 0.5368556453105517 0.008886405977152161 0.51392225612726
1 0.015329850730249438 0.6650851052300888 0.03397232960846464 0.7136133817068656 0.05496540392859507 0.6961551200124688 0.036323017185017216 0.6476269196393781
1 0.09177322387695312 0.6673423405597335 0.09589232751878642 0.6851200094246804 0.10774597555904065 0.6791744850520184 0.10362687191720736 0.6613967400833853
1 0.17538163783186572 0.5618402951970659 0.21041474423166048 0.5396051573337165 0.20114802990929556 0.5079981549422342 0.1661148329912606 0.5302332547537406
1 0.1426214315123477 0.5353363493731491 0.12287121788930085 0.5446571483279107 0.12677551528154793 0.5625667809845504 0.14652581942283502 0.5532459820297888
1 0.1466861142950543 0.5631947886022249 0.16898651123046876 0.5560172977590204 0.1645902213403734 0.5264475149406757 0.14228982440495896 0.533624929680194
1 0.18161710318872484 0.56208211465964 0.16856672642594678 0.5436193223606024 0.15237715123063428 0.5683922137405509 0.16542760558047537 0.5868550060395885
1 0.15685230837029926 0.6094326104903757 0.17772657750016552 0.6045185193753897 0.17457342632746292 0.5755235096462944 0.15369915719759666 0.5804375627094374
1 0.1603719161728681 0.6359841591699462 0.17857298770193325 0.6268891979036783 0.17329873553777145 0.6040397891379948 0.15509765107752913 0.6131347504042628
1 0.17644204608464645 0.6570977950631235 0.19647555593716895 0.654334470220932 0.1947784423828125 0.6276998924198294 0.17474493253029 0.6304632933657068
1 0.19080540285272113 0.7342548322796524 0.2292311070329052 0.7277669169361752 0.22541297007415254 0.6788139818909756 0.18698736934338586 0.6853018972344529
1 0.2340993331650556 0.7229394318159679 0.25029154632051115 0.7104602537844841 0.24268602274231993 0.6890971880601231 0.2264938095868644 0.701576442195293
1 0.19303044464628574 0.7390896233537251 0.19195608365333686 0.8202392882539744 0.20888265836036812 0.8207244492528445 0.2099571098715572 0.739574708248909
1 0.21235202853962526 0.740994194201995 0.21948387016684323 0.7591828229718672 0.23358133606991524 0.7472165076809928 0.22644950737387448 0.7290278789111206
1 0.03628326351359739 0.7378024817107621 0.04034264774645789 0.760697590739947 0.062186063346216236 0.7523134759536705 0.05812658536232124 0.7294183669244857
1 0.05514375072414592 0.7691660284104193 0.019230218661033503 0.7989488254461502 0.03788336737681244 0.847641409781211 0.07379699319095935 0.81785861274548
1 0.1389739990234375 0.8778526705696695 0.1336497807906846 0.8426013670657341 0.11975126104839777 0.8471455942662874 0.12507547928115068 0.8823968977702229
1 0.055641316559355135 0.9438384477039823 0.07858033907615532 0.940156551370597 0.0763082471944518 0.909513021645106 0.05336931519589182 0.9131949179784913
1 0.06290446135957363 0.9354722172839386 0.05992992853714248 0.9704807500292238 0.07611923217773438 0.9734584589551512 0.07909367448192532 0.938449926209866
1 0.025917203547590868 0.9860845171008027 0.009682217290845969 0.9847754575962437 0.009160946991484044 0.9987698600179239 0.025395933248228947 1.0000789195224828
1 0.0849824808411679 0.9697592109813358 0.03911446716825841 0.9696521330949969 0.03908173189324848 0.9999748096799018 0.08494983608439817 1.0000819636699267
1 0.11260527271335408 0.966622369247779 0.07605075512902211 0.9641556204703086 0.07498532957949881 0.9983343947260754 0.11153984716383078 1.000801219607232
1 0.12356364363330906 0.9574771414968438 0.10244765200857389 0.9705582996853569 0.10985486305366128 0.9964424570896976 0.1309708417472193 0.9833612989011845
1 0.146928651454085 0.9677783081359103 0.12782954846398306 0.9542125216743298 0.12044822563559322 0.9767090756994233 0.1395473286256952 0.9902748621610037
1 0.1579996141336732 0.9850325358478803 0.13493239839198226 0.9850325358478803 0.13493239839198226 0.999981963426395 0.1579996141336732 0.999981963426395
1 0.15690117528883077 0.9567497424651262 0.15331237275721663 0.9708302181557824 0.16345421742584745 0.9764259699871415 0.16704294237039857 0.9623454942964853
1 0.17665905709994043 0.9702033520933994 0.17303103430796477 0.9564767585430954 0.16493406134136654 0.9611095704342659 0.1685621617204052 0.9748362400882559
1 0.18024549322613215 0.9749742160711502 0.19120886851165253 0.9651165056109726 0.18446152250645526 0.9488714127766521 0.17349814722093485 0.9587290471331437
1 0.18258140693276614 0.948821260447514 0.190270543502549 0.9633666535565384 0.19781807075112554 0.9547294940139884 0.1901289341813427 0.9401841009049642
1 0.19119673906746557 0.9269094110427057 0.19582572549076405 0.9409564011114792 0.20327086367849576 0.9356453531698099 0.1986418772551973 0.9215982869973504
1 0.18633333626440016 0.9076226821861362 0.19621933759269067 0.9229762203378273 0.20358488438493114 0.9127093764611908 0.19369887012546344 0.8973559144131857
1 0.18186565334514035 0.8610560543222023 0.20076926279876192 0.8536391412825358 0.19633450265658103 0.8291705124396042 0.1774308802717823 0.8365873493755844
1 0.1692164663541115 0.8665422168455814 0.18327391026383738 0.8936887821949033 0.19747998512397377 0.877763781464308 0.1834225412142479 0.8506171400112998
1 0.1941782935191009 0.8421681848844685 0.20572230452198093 0.8558867114440462 0.21618199752548994 0.8368328598669342 0.2046380899720273 0.8231143333073566
1 0.19320605003227623 0.8537355646528211 0.19620402707891949 0.886817380377182 0.21070195860781912 0.8839731573166693 0.20770398156117584 0.8508913415923083
1 0.195631240586103 0.8886392265186642 0.20301756778005825 0.934085912537991 0.21728727696305614 0.929065352366155 0.2099008592508607 0.8836185902431422
1 0.21175288830773306 0.9626454950270807 0.26697144589181676 0.9478738456592892 0.2626216565148305 0.9126738360397834 0.20740309893074682 0.9274454854075748
1 0.2107716188592426 0.9902438879607621 0.23030656717591366 0.9864622196949033 0.2286129967641022 0.9675237413059149 0.20907804844743114 0.9713055617791458
1 0.3051007804224047 0.9204023936740181 0.32952971377615203 0.901649684382793 0.3203243449582892 0.8756902604329021 0.29589546332925054 0.8944429697241272
1 0.3828701213254767 0.8870125102283354 0.3571889327744306 0.898558048238778 0.36106236344676906 0.9172094635238077 0.3867435519978151 0.905663925513365
1 0.3667662539724576 0.8840491848990805 0.3976900520971266 0.8674655067653133 0.3948809090307203 0.8561258292257637 0.3639571109060514 0.8727095073595309
1 0.31792532710705773 0.7724096436155704 0.3223447379419359 0.7913749866057512 0.3338095713469942 0.7855914869807902 0.329390160512116 0.7666262200942955
1 0.24120641158798994 0.7260430923423862 0.24120641158798994 0.7442248717805097 0.2659213308560646 0.7442248717805097 0.2659213308560646 0.7260430923423862
1 0.2630281351380429 0.7076558329518002 0.2820859230170816 0.7050475313181889 0.2804291288731462 0.6788425968769483 0.26137136685646184 0.6814509746142456
1 0.30981843592756886 0.6692258306869545 0.2782495272361626 0.6734483676063747 0.27993999416545284 0.700807186136222 0.31150887699450475 0.6965846492168017
1 0.2894683320643538 0.735452475987765 0.31932078216035487 0.7216856996912017 0.31429908881753177 0.6981128112336347 0.28444666458388507 0.711879587530198
1 0.3334242739919889 0.7106226590506156 0.3509387000132415 0.7091069019346166 0.35001166392180877 0.6859190981287017 0.3324972120382018 0.687435007452073
1 0.34970648814055877 0.6509187084778288 0.333267625711732 0.6564157538283198 0.3375945527674788 0.6844270092590788 0.3540333634715969 0.6789298878049018
1 0.3187389826370498 0.6603707862911081 0.32348767296742587 0.6906465830053772 0.33883033364506093 0.6854370573809616 0.3340816433146849 0.6551613367703787
1 0.3709254377979343 0.6934863159484103 0.3854723655571372 0.6833197006263638 0.3815877364853681 0.6712870990248987 0.3670408345885196 0.6814537904506313
1 0.28497748940677964 0.5727795912440579 0.2523907160354873 0.5840608592045278 0.2562586897510593 0.6082476380459982 0.288845411397643 0.5969663700855283
1 0.270706590555482 0.5237232312894522 0.30096807964777544 0.5192707851343321 0.299698367361295 0.5005889664267067 0.2694368782690016 0.5050414125818267
1 0.24206814523470604 0.47418707564584633 0.25059056686142744 0.5034451758177798 0.2759777521682998 0.4874367654472218 0.2674553305415784 0.4581787033271314
1 0.3104299512960143 0.449020766260618 0.30578292588056144 0.3886246907146197 0.28759644071934587 0.3916539218360349 0.29224341441009005 0.45204995933019015
1 0.2819585509219412 0.3713770840233401 0.29810566013142215 0.3634578866554317 0.2934921781895524 0.34309429064058605 0.2773451207047802 0.3510134880084944
1 0.29637968418961863 0.3978964027918485 0.2948889522229211 0.36792144394872195 0.2801123150324417 0.369512315402899 0.2816030469991393 0.39948727424602554
1 0.28989948337360966 0.45337549528278914 0.2932149337509931 0.409473143313591 0.2626227168713586 0.40447179932249455 0.25930721476926644 0.44837415129169267
1 0.3196067680746822 0.4658193992557668 0.3502826238082627 0.47074307943520105 0.3535504615913003 0.4266689994983245 0.32287457999536545 0.42174528126704725
1 0.23925920906713452 0.11746367076388618 0.23103971319683528 0.07891608354753984 0.2130023115772312 0.08724209792596146 0.22122184624106198 0.1257896898987882
1 0.23656833454713982 0.22069429697241272 0.263897627491062 0.1767144524248461 0.2483097399695445 0.15574550866486128 0.2209804728879767 0.1997253532124279
1 0.23170323775986493 0.22537024062767885 0.2515765949831171 0.23661644381477945 0.25712466482388774 0.2153926097841334 0.2372513076006356 0.20414642562295432
1 0.2605425559868247 0.20490451346609062 0.26613593667240465 0.22516242048686877 0.2869857529462394 0.21270004234409096 0.28139234639830507 0.19244215434923434
1 0.2603110879154529 0.22531510350710138 0.26738687288963187 0.25935000374430134 0.2825940406928628 0.2525059802276535 0.27551830744339245 0.21847107999045356
1 0.2761318918001854 0.24999356923852478 0.2613846342442399 0.26606611599054125 0.27143647791975634 0.28603205121960723 0.2861837613380561 0.2699595234935123
1 0.27837193375926905 0.2804014058481725 0.26498420844643805 0.2822337733242577 0.2661371522030588 0.3004692439129228 0.27952485165353547 0.2986368954627591
1 0.26502191575907047 0.28436024349526573 0.2596644514698093 0.2502023406754111 0.24524849067300053 0.25509704437636377 0.2506059290999073 0.2892549471962184
1 0.2697766578803628 0.16646996400600061 0.2747865579896054 0.1749750456013287 0.28218008784924525 0.16554714973430681 0.2771701877400026 0.15704208716490026
1 0.30174242439916577 0.581072647969919 0.28927245059255824 0.5780148018625312 0.2879818156614142 0.5894088174339541 0.300451737743313 0.5924666635413419
1 0.4046022318177304 0.6249367958886962 0.3953941215903072 0.6181626926336502 0.39245535640393275 0.6268104305885677 0.40166349249371025 0.6335844577399276
1 0.35879317461434057 0.5107870506229544 0.3620776418912209 0.5432964144204917 0.38306884765625 0.5387054215048317 0.3797843803793697 0.5061960577072943
1 0.28700222726595603 0.45861123862706515 0.2762266773288533 0.45861123862706515 0.2762266773288533 0.47662741644424095 0.28700222726595603 0.47662741644424095
1 0.198688196731826 0.011061245069242177 0.20676985918465307 0.018988370300825695 0.2113287198341499 0.008927023618893136 0.20324705738132282 0.0009998987589096488
1 0.21809857901880297 0.01328081977634953 0.22477572166313559 0.00946023814993309 0.22234908281746557 0.0002792509936929641 0.21567184965489275 0.00409983191406935
1 0.3491346197613215 0.15256443166376052 0.3633984581898835 0.17879777180583697 0.3783910460391287 0.16115067784031134 0.36412715588585803 0.13491733769823488
1 0.398121772378178 0.29909604802690537 0.4168139441538665 0.25440505258460294 0.38911735405356196 0.22932770840842231 0.3704251822778734 0.27401868482480324
1 0.4056142774678893 0.24773298534669186 0.42455082262976696 0.27339503414315774 0.44121833413334216 0.24676964586215125 0.4222818148338189 0.22110757803976386
1 0.3925787198341499 0.2941065191330755 0.40185789981130826 0.324445653140099 0.41482068077992584 0.3158630218886378 0.40554152666512183 0.2855239069075359
1 0.43293082027112023 0.40060234545472256 0.4263215145822299 0.3560326022102946 0.40333130400059586 0.3634128713251052 0.4099406096894862 0.4079826145695332
1 0.4338218301029529 0.4083208193505494 0.4160779015492585 0.39943335478442565 0.4104268478134931 0.4238571966080891 0.42817080222954185 0.43274462312236983
1 0.4022985167422537 0.4461738034674057 0.41918803069551114 0.4362338629743999 0.4112837969246557 0.40715947710070527 0.3943942829713983 0.4170993414900249
1 0.41813517425019864 0.35348430833317096 0.43268016233282575 0.383444769424096 0.44407788292836337 0.3714663916989752 0.4295328948457362 0.34150596865989324
1 0.44820308362023303 0.3735510999722374 0.4262345394845736 0.38549652480127805 0.4337388378078655 0.41537270105985036 0.45570740780587926 0.4034272762308097
1 0.43189498125496556 0.45393036725812425 0.45126844503111757 0.45139664723688827 0.44906404139631884 0.41490789779701137 0.4296905776201668 0.41744161781824735
1 0.4597309177204714 0.4576057567263482 0.48114603333554024 0.4524262920579411 0.47924147783699683 0.43537914247584164 0.4578263104972193 0.4405586451960918
1 0.43581982628773835 0.46346376185999844 0.45126053115068854 0.5192266069445527 0.47024939585540254 0.5078441210815734 0.4548086392677436 0.4520813140488622
1 0.42699176335738875 0.4496887283134936 0.38072786492816474 0.4564957083609336 0.38179957502979345 0.47226431601659913 0.42806349932137183 0.4654573740210022
1 0.421451219461732 0.47590679064058605 0.43352472337625797 0.5291986631930915 0.44307576842227225 0.5245144432619623 0.4310022903701006 0.47122257070945683
1 0.4325272123692399 0.5920375909591257 0.45244347523834744 0.6069293699954216 0.4630804546808792 0.5761332904311487 0.44316421767412606 0.5612415113948527
1 0.4546253269001589 0.6184023431411705 0.48517368122682736 0.6511868978676356 0.5007565773139566 0.6197542870728452 0.47020817126257947 0.5869697323463802
1 0.42474220405190677 0.6686485081242207 0.43414399745100635 0.6624473514699579 0.4293083578853284 0.6465761560454333 0.4199065644862288 0.65277723659601
1 0.4370236671577066 0.6617408809519171 0.4580986410884534 0.6595260353754286 0.4571630962824417 0.6402542228413342 0.4360881223516949 0.6424689923141366
1 0.4845085014731197 0.7209002335469918 0.4658149848550053 0.6468890944026652 0.4536657818293167 0.6535319568510365 0.47235924672272245 0.7275431720990493
1 0.49622140658103814 0.6889751938513092 0.49572536662473515 0.6718230972860817 0.48520399190611757 0.6724818507929395 0.48570003186242056 0.6896340234618532
1 0.47140440860037075 0.7039922015030783 0.48541192523503707 0.7603765092883027 0.5093290684586864 0.747513996989947 0.49532160354872884 0.6911296892047226
1 0.4918761689784163 0.7620315361498597 0.4859831729177701 0.7244596790494467 0.47610489150225105 0.727813720703125 0.48199783583818856 0.765385577803538
1 0.49871660652807204 0.788253365609414 0.5171729136321505 0.7722798107270885 0.5062228962526483 0.744891007344919 0.4877665891485699 0.7608645622272444
1 0.4805768546411547 0.7766276143138248 0.48960017834679553 0.7971453963967036 0.49956101239737816 0.7876623443831827 0.4905376886917373 0.76714463840399
1 0.4272711026466499 0.8877047493570761 0.448348585225768 0.8768086802037874 0.4442771782309322 0.8597593997184773 0.42319972151416846 0.8706553927680798
1 0.46105708752648306 0.8572687543835723 0.47744011313228285 0.8524478902840554 0.47430331989870234 0.8293714261709009 0.45792029429290254 0.8341922141667316
1 0.47536595231395656 0.8262889224692176 0.4860369148900953 0.8477738301950203 0.4986450712559587 0.834217556694202 0.48797410867981994 0.8127327250720854
1 0.4852382853879767 0.8510345687295433 0.49795821884931146 0.8816593769482544 0.5128770731263241 0.8682453412367519 0.5001571396649894 0.8376204569143547
1 0.5057669429455773 0.8920355818218126 0.5183876684156515 0.8840773432629364 0.5128952284990731 0.8652214373733634 0.5002745030289989 0.8731796759322397
1 0.5447214934785487 0.8373629220406016 0.5134721658997616 0.7754139127279458 0.485586961649232 0.8058644435054941 0.5168363409527278 0.867813528921836
1 0.5123648433362024 0.8688258601543017 0.5298694158004502 0.9146694268966257 0.5519758838718221 0.8963964752425577 0.5344713631322828 0.8505529846039199
1 0.52538353871491 0.9145551191601076 0.5360031903800317 0.954618839254403 0.5576784295550847 0.9421812138355283 0.5470587261652542 0.9021174937412328
1 0.5404126700708421 0.9549718842542082 0.5527621511685646 0.9828326065938668 0.5684219618975106 0.9678060859813358 0.5560724290750795 0.939945363641677
1 0.5213406837592691 0.9641969447718595 0.5424157094147246 1.001245817341412 0.556882282838983 0.9834312381887079 0.5358072054588189 0.9463824417228414
1 0.6180774236129503 0.9324048582157887 0.6354465807898569 0.96461209037952 0.6504021596100371 0.9471520783003429 0.6330329507084216 0.9149448461366116
1 0.6153967905852754 1.012855815173979 0.6465557550979872 0.9951534128545823 0.6397910425218485 0.9693776270992441 0.6086321297338453 0.9870800294186409
1 0.6566430043365996 0.9745732257491038 0.6461126812433793 0.9506691340496415 0.6331613314353813 0.9630200012663653 0.643691602803893 0.9869240929658276
1 0.5168767379502118 0.44565355866924483 0.5417048050185381 0.43132799105751246 0.5312152409957627 0.39197268212525327 0.5063872256521451 0.40629821168514263
1 0.5781129998675848 0.415998425566942 0.6033823821504237 0.41049038323381 0.5997101347325212 0.37401974647122427 0.5744408041743909 0.3795277888043563
1 0.5509478035619704 0.28188175572421487 0.565038234904661 0.332505452068072 0.581308552370233 0.32270192743239556 0.5672180693028337 0.2720782120626169
1 0.5235938637943591 0.18141145777523965 0.5399216474112818 0.27750434780358674 0.5717205500198623 0.2658076298207119 0.5553927146782309 0.1697147397923648
1 0.5263839463056144 0.26835103403600374 0.5346129336599577 0.2879092818186467 0.5439616057832363 0.2793943828478121 0.5357326701536017 0.2598361160392476
1 0.5173210531978284 0.09668429177300888 0.5134684417207362 0.13749709093659893 0.5325130139367055 0.14138882415847587 0.5363656254137976 0.10057601548192507
1 0.5277265645689884 0.1852778484696462 0.5559367034394862 0.15498961831566105 0.5382999226198358 0.11942932433320995 0.5100897837493379 0.1497175544871951
1 0.4863586943028337 0.03165643649208278 0.4863586943028337 0.11035513937324658 0.510096197613215 0.11035513937324658 0.510096197613215 0.03165643649208278
1 0.4780139470504502 0.0013578871539108772 0.476089063741393 0.03959196999185995 0.4977268025026483 0.04195014972639203 0.4996516858117055 0.003716069266683146
1 0.6516057935811705 0.029848964434312168 0.6311393608481197 0.018267134478561896 0.6240833864373676 0.04525934728303752 0.6445498191704184 0.056841177238787795
1 0.6455582440909693 0.08004520064280217 0.6645774711996822 0.07099176345026106 0.6607824810480667 0.053733055133772016 0.6417632539393539 0.06278649232631313
1 0.631051221944518 0.13567429349904048 0.6258436817233846 0.11843481087625175 0.6084884384931144 0.1297837920914267 0.6136959787142479 0.14702327471421545
1 0.6906275862354343 0.2969968420014417 0.6819554733017744 0.2714779252126033 0.6728402865135064 0.27818361125384783 0.6815123477224576 0.3037025090167647
1 0.6676232806706832 0.4415709003248714 0.6737574690479343 0.46503701531084396 0.6921030852754237 0.4546553690237297 0.685968845173464 0.4311893301414433
1 0.7155376886917373 0.4356687170014417 0.6900580971927966 0.4423631777489869 0.6934637554621292 0.4704232917462204 0.7189432952363612 0.46372886905051824
1 0.7622369281316208 0.428351766153464 0.7709825936010328 0.47017169295998285 0.7893753827628442 0.4618449603530237 0.7806297690181409 0.42002503354650483
1 0.7624207577462924 0.4510068441566981 0.7589062706898835 0.498119630123909 0.7718083785752119 0.5002031207381936 0.7753228656316208 0.4530903347709827
1 0.7894867460606462 0.4892282081661082 0.7741824392545021 0.4986105369510793 0.7812239824715307 0.52347581820595 0.7965283927270922 0.5140934894209788
1 0.7479598740399894 0.5516747072747819 0.772055467508607 0.5509511895310552 0.7716571872517214 0.522233996308058 0.7475615937831038 0.5229575521036276
1 0.7382551807468221 0.5143399892602478 0.7532237424688825 0.5088341158821695 0.7496678239208157 0.4879062110349127 0.7346992104740466 0.493412122464834
1 0.7341186006190413 0.5167016007953749 0.7288786290055614 0.4876420170886261 0.7136054604740466 0.493603865701956 0.7188454320875265 0.5226634494087048
1 0.6923057944087659 0.5160856175601036 0.7054158873477224 0.528566812339269 0.7128628488314354 0.5116333236123558 0.6997527558924788 0.4991521668850335
1 0.7630601268703655 0.4269095251982349 0.7241508354574947 0.4370120992684305 0.7260498564122086 0.4528450145388482 0.7649590961003707 0.44274240241680957
1 0.7524861998477225 0.6473833878438668 0.7491142660884534 0.622577353308623 0.7384020271947829 0.6257295679867714 0.7417739092293433 0.6505356025220153
1 0.7315120373742056 0.6504817972159446 0.7390592930680614 0.7060043829634897 0.7594491732322564 0.700004368351582 0.7519018658136918 0.6444818587077229
1 0.7190541412870762 0.6631573227575592 0.7404932054422669 0.6570024371444436 0.7374272750595868 0.6338834310707606 0.7159881591796875 0.6400383166838762
1 0.7024355613579184 0.761879937607154 0.7119013382216631 0.83575439453125 0.730635355286679 0.8305579587408431 0.721169630147643 0.7566835018167472
1 0.8421432236493644 0.846889353155198 0.8632574566340042 0.8897098531746804 0.8887098409361759 0.8625412938600764 0.8675955045021186 0.8197207938405938
1 0.8639427572993909 0.8740585212992908 0.8373567742816472 0.8349420637858479 0.8156765695345604 0.8668406193987687 0.842262552552304 0.9059571530158977
1 0.8247386867717161 0.9229700559392534 0.8382972846596928 0.8889826824540212 0.8173978643902278 0.8709338561555097 0.8038392147775424 0.904921305744428
1 0.7391831220206567 1.0182476852302838 0.780928324036679 0.9939352972549096 0.7725319555250265 0.9627259366232855 0.730786805233713 0.9870383245986596
1 0.8195500260692532 0.9517937182191006 0.8321469064486229 0.9758378407009819 0.8463709944385593 0.9597056096331437 0.8337741657838983 0.9356614871512625
1 0.8231201689122087 0.940799779725491 0.7905043779793433 0.9557469241934227 0.7957827293266684 0.9806804704547226 0.8283985202595339 0.9657333259867908
1 0.8514309640658104 0.9322311135004286 0.850877095885196 0.968908067356024 0.8724095231395657 0.9696120264524236 0.8729634947695974 0.9329351487005143
1 0.8499619306144067 0.5500139345849244 0.8414308192366261 0.579999091321988 0.8597688836566473 0.5912935632719958 0.8682998915850106 0.5613083684830892
1 0.8505888340836865 0.5592586298535887 0.8467327053264037 0.5294718754261807 0.8284075203588454 0.5346075043713957 0.8322637525655455 0.5643942587988038
1 0.9358267056739936 0.5991000510807941 0.9467017222259004 0.6354092338733245 0.9702595338983051 0.6201348055033316 0.9593845173463983 0.5838256227108011
1 0.979650051310911 0.4850421629641716 1.0056042687367586 0.48129831823030317 0.9984040858381885 0.3732411677106063 0.9724498684123412 0.3769849743926317
1 0.9650959596795551 0.3081581325007793 0.9660003144862288 0.35538910749249925 0.9985921568789724 0.35403830511611595 0.9976879055217162 0.30680733012439604
1 0.9167219776218221 0.34907253959826995 0.9254718327926377 0.3416193251003351 0.9201005321438029 0.32796910159902976 0.9113507804224047 0.3354223160969646
1 0.9091773081634005 0.35239785211044655 0.9197946322166314 0.3800359331164277 0.9297209141618115 0.37178104238914433 0.9191035901085806 0.3441429613831632
1 0.9002256231792902 0.3721175348372234 0.9013612908832097 0.39551089469928696 0.9202654305150954 0.393524169921875 0.9191298662605932 0.3701308100598114
1 0.9210857843948623 0.4092137819513716 0.9344354144597458 0.439039958088178 0.9448109772245763 0.4289868514139456 0.9314613471596928 0.39916067527713917
1 0.8772298521914724 0.06650131301689624 0.8880670062566207 0.10030462973730225 0.8964956509864936 0.09445500552208347 0.8856584969213454 0.06065168880167745
1 0.8981851868710276 0.17471353430997702 0.9030310679290254 0.2008563681433623 0.9172814320709746 0.19513812742922965 0.9124355510129767 0.1689953126217659
1 0.9671804654396187 0.10901111022492596 0.9628187276549258 0.08242408771467327 0.948387844279661 0.08754916678640313 0.9527495820643538 0.11413618929665582
1 0.9404386875993115 0.11113333761543408 0.9525847871424789 0.10538909797953847 0.948020805746822 0.08449765631088295 0.9358747062036546 0.09024189594677856
1 0.9375168622550317 0.09941265648439936 0.9251415188029661 0.1029141965946949 0.9271897138175318 0.11858423095094295 0.9395649538201801 0.1150826908406474
1 0.908960788532839 0.15043134047206203 0.9644142280190678 0.13809002426794342 0.9614094362420551 0.10886200407793992 0.9059559967558263 0.12120331076909777
1 0.9072852183196505 0.12039097051073488 0.9143317788334216 0.11468867351883962 0.9113785048662606 0.106788444994691 0.9043320478019068 0.11249073247362551