0 0.3064522368141114 0.6991467404134769 0.2872101232036826 0.8512529088394997 0.25404231862754584 0.843087922835655 0.27328443223797466 0.6909817544096323
0 0.06268617466061377 0.8512283875221355 0.0849059461974924 0.7489415115949808 0.13993487371025953 0.7722033210628415 0.11771510217338091 0.8744901969899962
0 0.09608177967611262 0.7020515205496242 0.058675333703714035 0.8616641510257603 0.02020998082942811 0.8441220469202008 0.05761642680182669 0.6845094164440646
0 0.11582132564841502 0.7701708542713567 0.056801152737752186 0.7084221105527638 0.0990778097982709 0.6297889447236181 0.15809798270893374 0.691537688442211
0 0.08659163486252824 0.6360450903164472 0.07485006620453306 0.7343202498981395 0.03442635719292778 0.7249219068314546 0.046167925850922956 0.6266467472497623
0 0.08357348703170028 0.914572864321608 0.08357348703170028 0.9748743718592965 0.03674351585014409 0.9748743718592965 0.03674351585014409 0.914572864321608
0 0.12379184216360008 0.9112408194820255 0.12496902995292553 0.9884217467427635 0.09973365759515954 0.9891707405807316 0.0985564698058341 0.9119898133199936
0 0.14697406340057637 0.914572864321608 0.14697406340057637 0.9698492462311558 0.12319884726224783 0.9698492462311558 0.12319884726224783 0.914572864321608
0 0.18155619596541786 0.9085427135678392 0.18155619596541786 0.9869346733668342 0.14985590778097982 0.9869346733668342 0.14985590778097982 0.9085427135678392
0 0.21037463976945245 0.9175879396984925 0.21037463976945245 0.9758793969849247 0.18155619596541786 0.9758793969849247 0.18155619596541786 0.9175879396984925
0 0.24495677233429394 0.914572864321608 0.24495677233429394 0.9517587939698492 0.2132564841498559 0.9517587939698492 0.2132564841498559 0.914572864321608
0 0.14755260725354793 0.6946035839575235 0.1842683921483334 0.7141867829714611 0.16936762546897938 0.7685506779178913 0.13265184057419388 0.7489674789039538
0 0.335014409221902 0.9025125628140703 0.335014409221902 0.9577889447236181 0.276657060518732 0.9577889447236181 0.276657060518732 0.9025125628140703
0 0.40822522898019675 0.9748468250578874 0.3336956959125104 0.9816867478228932 0.3301058100387144 0.9055681787666138 0.40463534310640087 0.8987282560016079
0 0.45635462876015925 0.9004144317091072 0.46090405724832423 0.9670509852633956 0.413985040313441 0.9732843995257184 0.40943561182527605 0.90664784597143
0 0.5369104519575454 0.9496629488907953 0.5434824629226118 0.8671528373575192 0.5699725873339424 0.8712587326878293 0.563400576368876 0.9537688442211053
0 0.5618129668439152 0.9478192632391036 0.5699312484215685 0.8529740730889237 0.6029458677845498 0.8584731255663337 0.5948275862068967 0.9533183157165137
0 0.5540345821325648 0.9216080402010051 0.5540345821325648 0.9467336683417086 0.5432276657060519 0.9467336683417086 0.5432276657060519 0.9216080402010051
0 0.5709946257496691 0.840961564579655 0.5624075083729264 0.9128344424826839 0.5045759015499649 0.8993888360722533 0.5131630189267077 0.8275159581692244
0 0.5389048991354467 0.8824120603015075 0.5389048991354467 0.9477386934673366 0.4992795389048991 0.9477386934673366 0.4992795389048991 0.8824120603015075
0 0.5708197479963818 0.8215266111579795 0.5263278571278318 0.8143652569416423 0.5299564568038874 0.7704962770054652 0.5744483476724374 0.7776576312218024
0 0.609100864553314 0.8277628140703516 0.582028818443804 0.8208964824120603 0.5871239193083574 0.7818050251256281 0.6141959654178674 0.7886713567839194
0 0.6072359659815534 0.8566598272536275 0.5704906886128394 0.8489710164514505 0.577941912163638 0.7796758855401703 0.614687189532352 0.7873646963423474
0 0.6231988472622481 0.6984924623115578 0.6137220128574596 0.7645921917278703 0.5799157614719574 0.7551604174719755 0.5893925958767458 0.689060688055663
0 0.532499594347837 0.6606338592247518 0.590534706684919 0.6788079971626572 0.5819434509457979 0.7321938797875182 0.5239083386087159 0.7140197418496129
0 0.578502549323875 0.7328565906455354 0.5744845932165817 0.7608813297255509 0.5539791620483264 0.7551604174719754 0.5579971181556197 0.7271356783919599
0 0.5841527776733142 0.7102977243172295 0.5724133551877537 0.8376681641493957 0.506813933292332 0.8259026511800116 0.5185533557778925 0.6985322113478454
0 0.5498004876967414 0.6221260146888288 0.5818998004876968 0.627723231542327 0.5776878740855688 0.6747274835717048 0.5455885612946132 0.6691302667182065
0 0.5947114261235299 0.630395219339943 0.5888893215982554 0.6791253565122912 0.5443765090739154 0.6687763140024447 0.55019861359919 0.6200461768300966
0 0.5944285208959726 0.6286359595813 0.6298429550869235 0.6393755782522721 0.6221961838970442 0.6884440251800519 0.5867817497060935 0.6777044065090797
0 0.6257204610951007 0.6045226130653265 0.6223631123919307 0.6373065326633165 0.5963400576368875 0.6321206030150753 0.5996974063400574 0.5993366834170853
0 0.6203170028818443 0.6060301507537689 0.6404899135446686 0.6201005025125628 0.6296829971181557 0.650251256281407 0.6095100864553313 0.636180904522613
0 0.5972334293948128 0.6007236180904523 0.6096368876080693 0.5055597989949749 0.6446974063400578 0.5144522613065328 0.6322939481268013 0.60961608040201
0 0.5974295760239902 0.5913166236863833 0.5456031413857405 0.5796558859204747 0.5489241309164031 0.5509331648098503 0.6007505655546528 0.562593902575759
0 0.5886396471460567 0.6340189008703997 0.538278078872335 0.6192287698439144 0.5484218653253732 0.5520147154872505 0.5987834335990949 0.5668048465137356
0 0.5493659942363114 0.5101909547738694 0.5523586787851918 0.43504599922690385 0.6065861228109067 0.43924855044453043 0.6035934382620263 0.514393505991496
0 0.5987819950939279 0.563744323367384 0.5505126782234722 0.5509187073221689 0.5567619293853536 0.5051515784612339 0.6050312462558093 0.5179771945064492
0 0.6501335633827453 0.4467837123152593 0.6453191680860784 0.5156223071752398 0.6053885565135287 0.5101879462130926 0.6102029518101957 0.4413493513531121
0 0.6572958900370078 0.45894542681112765 0.6953620607824098 0.46265017228229405 0.6931890446484242 0.5060988473043364 0.6551228739030223 0.50239410183317
0 0.7211815561959655 0.46130653266331656 0.7211815561959655 0.5115577889447236 0.6938040345821326 0.5115577889447236 0.6938040345821326 0.46130653266331656
0 0.7068424332113095 0.5159636017927476 0.7013104603162242 0.5648377020236318 0.680518342550043 0.5602580469917156 0.6860503154451283 0.5113839467608312
0 0.6451115302287417 0.5616945113990619 0.71513855345985 0.5710873900466052 0.7119084906168456 0.6179482977363917 0.6418814673857373 0.6085554190888484
0 0.6343788341370158 0.6666112741927458 0.6446600279624503 0.6030966714761928 0.673186007361543 0.6120821931439375 0.6629048135361085 0.6755967958604905
0 0.6672822142007062 0.724527072221174 0.639358814214476 0.7199444320579004 0.6426144131561605 0.6813418628981082 0.6705378131423907 0.6859245030613819
0 0.6963903321483413 0.6384139676484613 0.6932444939944046 0.6764464659061732 0.6771650644733797 0.6738583428089352 0.6803109026273165 0.6358258445512232
0 0.7285100473352718 0.6255167238909479 0.7001675642546976 0.6236340071397712 0.7015742563928696 0.5824257031765161 0.7299167394734438 0.5843084199276927
0 0.7029287884517585 0.6113190386320744 0.725815653239793 0.6264421655790264 0.7180112013770262 0.6494258623433912 0.6951243365889918 0.6343027353964392
0 0.6933141210374639 0.6751356783919596 0.6973054755043226 0.6361608040201004 0.7127377521613832 0.6392361809045226 0.7087463976945245 0.6782110552763818
0 0.7717694288520702 0.6337449787319402 0.741891309926582 0.6283670141907078 0.7450386261536963 0.5943412044871234 0.7749167450791844 0.5997191690283556
0 0.6962345395216363 0.7658526093502532 0.6258143733390147 0.7597129616956377 0.6293606118032272 0.6805623447979195 0.6997807779858487 0.686701992452535
0 0.6562114384078294 0.8084975211628614 0.6248264123938649 0.8020113992782706 0.6278745914163588 0.7733095005227479 0.6592596174303232 0.7797956224073388
0 0.6377410773664376 0.7583146501739468 0.6629239636444249 0.7627058368766914 0.6612391930835736 0.7815075376884424 0.6360563068055864 0.7771163509856979
0 0.6448126801152738 0.8020100502512563 0.6448126801152738 0.8271356783919598 0.627521613832853 0.8271356783919598 0.627521613832853 0.8020100502512563
0 0.6183954509409512 0.8248774071700785 0.6521043266348181 0.8318437826717479 0.6478067036729009 0.8723105460186841 0.614097827979034 0.8653441705170145
0 0.6470443522879032 0.8694692977080525 0.6427918746046251 0.9228581934060547 0.6115572502987278 0.9180169138374801 0.6158097279820061 0.8646280181394779
0 0.6122478386167148 0.9161809045226134 0.6364553314121039 0.9204020100502516 0.6334183107958326 0.9542945496714343 0.6092108180004434 0.9500734441437961
0 0.6454610951008645 0.9192964824120601 0.6812680115273774 0.9264321608040198 0.6767146974063398 0.970894472361809 0.6409077809798269 0.9637587939698491
0 0.6787588194375433 0.9262242245711314 0.649244758024446 0.9227932767284699 0.6510583325052172 0.8924345867267369 0.6805723939183146 0.8958655345693984
0 0.6865994236311239 0.8321608040201005 0.6865994236311239 0.8884422110552764 0.6505763688760807 0.8884422110552764 0.6505763688760807 0.8321608040201005
0 0.6261691153629679 0.7426577926988196 0.697783101996377 0.7542740382810531 0.6908110838748966 0.8379158331679744 0.6191970972414875 0.8262995875857408
0 0.6566801152737752 0.7999035175879395 0.6636772334293948 0.7462190954773869 0.6996887608069163 0.7553527638190953 0.6926916426512968 0.8090371859296481
0 0.6992006253152798 0.6836470045200005 0.6979382576079194 0.7259103141356698 0.6681508747921028 0.7241789536939464 0.6694132424994632 0.6819156440782771
0 0.7240699205862791 0.9726733213579206 0.6861772529894243 0.9701562109188475 0.6874633249442538 0.9324814115828007 0.7253559925411085 0.934998522021874
0 0.6923231561440224 0.9028452487742004 0.7218408342864563 0.9045609329141375 0.7209255864828013 0.9352028774722835 0.6914079083403672 0.9334871933323463
0 0.6980420410239023 0.8658587052911619 0.729547380912019 0.8756251847472659 0.7240549245634853 0.9101034584688146 0.6925495846753686 0.9003369790127107
0 0.6995929534980208 0.8285826017245761 0.7235896343309522 0.8306747746514673 0.7217310129066259 0.8721584576579394 0.6977343320736944 0.8700662847310482
0 0.733490897589091 0.8112881480573597 0.7095311731215294 0.8075744576541242 0.7128171786040626 0.766319401887486 0.7367769030716242 0.7700330922907217
0 0.7543227665706052 0.6944723618090453 0.7543227665706052 0.7608040201005025 0.7067723342939481 0.7608040201005025 0.7067723342939481 0.6944723618090453
0 0.7664206115804898 0.9791654518325413 0.7256223505227645 0.9724698578215307 0.7293156357270016 0.9286775172792289 0.7701138967847272 0.9353731112902396
0 0.7309901545180041 0.8811840773835045 0.7725408425214662 0.8880031557102921 0.7686065839816664 0.9346527861148746 0.7270558959782042 0.927833707788087
0 0.7687561650194381 0.8919361910222254 0.7332867531864691 0.883204613672389 0.7385233932266988 0.8418097197396379 0.7739928050596679 0.8505412970894745
0 0.7388022581027202 0.8453803262889793 0.7448975563538748 0.7646038411234255 0.7828135486163201 0.770171404970056 0.7767182503651655 0.8509478901356098
0 0.7532444925826357 0.7318066844288559 0.7879741020830516 0.7403561431317666 0.7838109007214284 0.7732656571447846 0.7490812912210125 0.764716198441874
0 0.7593659942363113 0.6904522613065327 0.7952507204610952 0.6995537688442212 0.7895677233429396 0.7431557788944724 0.7536829971181557 0.734054271356784
0 0.8132503269347374 0.6026304303682835 0.804087286555453 0.6949463994379701 0.7660991097470053 0.6876089691373729 0.7752621501262897 0.5952930000676863
0 0.7721267777706331 0.6329436227792105 0.7672866821378258 0.6824569092929147 0.7517901923762648 0.6795091074031413 0.7566302880090721 0.6299958208894371
0 0.7567146974063399 0.6299095477386935 0.7514409221902015 0.6814070351758794 0.7223919308357347 0.6756180904522613 0.7276657060518731 0.6241206030150753
0 0.8117658245439519 0.6339361783536976 0.7754136251261722 0.6303140065811291 0.777490893664331 0.5897456827283627 0.8138430930821107 0.5933678545009311
0 0.7063566836621593 0.5124468496327794 0.7355907780979829 0.520603015075377 0.7286078474839283 0.5693080788558177 0.6993737530481048 0.56115191341322
0 0.7784726224783861 0.5330251256281405 0.7739913544668587 0.5767839195979899 0.7513976945244956 0.5722814070351758 0.7558789625360229 0.5285226130653266
0 0.797550432276657 0.5266331658291458 0.797550432276657 0.5829145728643216 0.7730547550432276 0.5829145728643216 0.7730547550432276 0.5266331658291458
0 0.8113709847473113 0.47271724476038723 0.8067231320728193 0.5310699840666747 0.7774653827229914 0.526535114597377 0.7821132353974835 0.4681823752910895
0 0.8507093770782533 0.5586702744491691 0.8052205719352693 0.5551449555469656 0.8082531589448015 0.4789980672593738 0.8537419640877856 0.48252338616157714
0 0.8361470118168204 0.591165434157688 0.7997621534550672 0.5843979723947246 0.8035123264915746 0.5451624936911632 0.8398971848533279 0.5519299554541265
0 0.778169315490627 0.5216179909448232 0.7480668816161156 0.5174187770535849 0.7517262533169745 0.4663714612667296 0.7818286871914859 0.470570675157968
0 0.7527975640258822 0.46702569451028725 0.7512696427600456 0.5160481653550772 0.7202857375890381 0.5141689579975348 0.7218136588548747 0.46514648715274487
0 0.7934493460430062 0.8778507924236568 0.8312735535358016 0.8884035562427524 0.8242074927953892 0.9376884422110555 0.7863832853025938 0.92713567839196
0 0.7823558672296987 0.9347091932457787 0.8232072278603523 0.9396645516513148 0.8199604219495975 0.9917504973271611 0.779109061318944 0.9867951389216251
0 0.888328530259366 0.9316582914572864 0.888328530259366 0.9839195979899498 0.8472622478386167 0.9839195979899498 0.8472622478386167 0.9316582914572864
0 0.8555996068697841 0.8801812530862404 0.9160183904982426 0.8931478200249803 0.9105129016674719 0.9430679408603712 0.8500941180390134 0.9301013739216313
0 0.8998559077809798 0.8180904522613065 0.8998559077809798 0.8733668341708543 0.8494236311239193 0.8733668341708543 0.8494236311239193 0.8180904522613065
0 0.8608662485166978 0.774342299733964 0.8873114087133414 0.7835648832397281 0.8799372775046619 0.8247117942654449 0.8534921173080183 0.8154892107596808
0 0.8820461095100862 0.8181306532663315 0.8855043227665704 0.784361809045226 0.9036599423631122 0.7879798994974873 0.9002017291066281 0.8217487437185929
0 0.9226108177441656 0.7836233189066721 0.9174967933234497 0.8299939001365209 0.8983858339857738 0.8258924681209516 0.9034998584064897 0.7795218868911029
0 0.9049545555309244 0.8699652106687285 0.9096652626911994 0.8371086200231929 0.9352970516515187 0.8442597603401625 0.9305863444912437 0.8771163509856977
0 0.866151494316769 0.7346172486799482 0.9075725215406899 0.7387444838405225 0.905531824631724 0.778598576639543 0.864110797407803 0.7744713414789687
0 0.9106628242074928 0.6974874371859296 0.9106628242074928 0.7376884422110552 0.8731988472622478 0.7376884422110552 0.8731988472622478 0.6974874371859296
0 0.9027377521613833 0.6462311557788945 0.9027377521613833 0.6934673366834171 0.872478386167147 0.6934673366834171 0.872478386167147 0.6462311557788945
0 0.8685525649266341 0.5973115206757569 0.9161987748968793 0.5947551643000824 0.9175790378811419 0.6448164010599525 0.8699328279108968 0.647372757435627
0 0.9526072902874058 0.6277522748879534 0.945474725445907 0.6907673502648379 0.9148414985590778 0.6840201005025127 0.9219740634005764 0.6210050251256283
0 0.9144690337665162 0.7050346069972504 0.9404464140068513 0.7153882620650421 0.9331874286335708 0.7508296197970987 0.9072100483932358 0.7404759647293071
0 0.9405165151851034 0.691593351372246 0.938175570826868 0.7503734054889835 0.9100842385280427 0.7481963664476228 0.912425182886278 0.6894163123308853
0 0.9335624030148527 0.7946965597216855 0.9050099756151632 0.7897178198685738 0.9088450454444693 0.7469192114418247 0.9373974728441589 0.7518979512949364
0 0.9462536023054754 0.875577889447236 1.0061959654178676 0.9173869346733667 0.9876080691642652 0.969246231155779 0.9276657060518732 0.9274371859296482
0 0.9639954078472777 0.8203159068493312 1.009636219597549 0.843171009385893 0.9933933256014195 0.9062909187755904 0.9477525138511481 0.8834358162390288
0 0.9668587896253602 0.8361809045226131 0.953314121037464 0.8739698492462312 0.9328530259365994 0.8596984924623116 0.9463976945244956 0.8219095477386934
0 0.9989895972446754 0.8398210565020222 0.9500421733323959 0.8322343424439268 0.9543561537920852 0.7780732932957468 1.0033035777043646 0.7856600073538423
0 0.9991872378393347 0.7897387292333552 0.9456644138369552 0.777631216581126 0.9523254740685282 0.7203304780128399 1.0058482980709078 0.7324379906650691
0 0.9847871868765241 0.7131426362582143 0.9565229439148749 0.7052570545032858 0.961039680780315 0.6737533822960959 0.9893039237419641 0.6816389640510244
0 1.0010359733677827 0.6617535955640268 0.9665308556096588 0.664584993935193 0.9647694524495674 0.6228140703517585 0.9992745702076912 0.6199826719805923
0 0.9992795389048992 0.6703517587939698 0.9992795389048992 0.7175879396984924 0.989193083573487 0.7175879396984924 0.989193083573487 0.6703517587939698
0 0.9896529943547432 0.5965471191574311 0.9531996368086535 0.6018999105114615 0.9500375034542655 0.5599944930130103 0.9864908610003553 0.5546417016589799
0 0.9009461389463281 0.5315340891088483 0.9534771105966835 0.539385451849411 0.9493751158370614 0.5927924616778725 0.896844144186706 0.5849410989373096
0 0.8783367340499377 0.5317976745039062 0.9072025074149644 0.5464402303488244 0.8970213929615684 0.5854968272017019 0.8681556195965416 0.5708542713567838
0 0.8831633784083354 0.4737224584460767 0.9112724451341165 0.47862388867414 0.9084127687874085 0.510537301894086 0.8803037020616272 0.5056358716660225
0 0.9090792726634388 0.5274086166874985 0.9117672874091198 0.47491263423717583 0.9361386211032933 0.47734101981991184 0.9334506063576123 0.5298370022702346
0 0.978386167146974 0.4824120603015075 0.978386167146974 0.5185929648241207 0.9553314121037464 0.5185929648241207 0.9553314121037464 0.4824120603015075
0 0.9546109510086456 0.5095477386934674 0.9546109510086456 0.535678391959799 0.9329971181556196 0.535678391959799 0.9329971181556196 0.5095477386934674
0 0.9757466017189055 0.5084982434295371 0.9954477060008668 0.5103304131275848 0.9942108081915787 0.5362120336194245 0.9745097039096173 0.5343798639213767
0 0.34637552649080033 0.7448782373405489 0.3306639326091776 0.8544646308465405 0.2866049656395478 0.8421724004638579 0.3023165595211705 0.7325860069578664
0 0.4888425889866813 0.6401195165014261 0.44222680894150634 0.6292815428493821 0.44976244255783165 0.5662094255059079 0.49637822260300657 0.577047399157952
0 0.39746484730093035 0.6286162355401168 0.4045437402084986 0.5726585949883647 0.4482742780883122 0.5834238305622071 0.4411953851807439 0.6393814711139593
0 0.3964249552145806 0.6309819367105799 0.407839395591557 0.5301371723482277 0.45378923592180087 0.5402580469917154 0.44237479554482445 0.6411028113540677
0 0.4990024384837066 0.575956706609973 0.45271558412768803 0.5678855817549286 0.45831301263577934 0.5054194047158872 0.5045998669917979 0.5134905295709317
0 0.4771571452788608 0.4430387230268991 0.5066536701135785 0.45332545078332837 0.4957196134938125 0.5143363878214602 0.4662230886590947 0.504049660065031
0 0.5132336810156044 0.389977170984527 0.5104363654949262 0.44265666668951853 0.4807136594705741 0.4395853757189769 0.48351097499125223 0.38690588001398535
0 0.4819108270744053 0.33574921238315936 0.5239663436412777 0.3480282240216628 0.5169009720625346 0.3951180774338012 0.4748454554956623 0.3828390657952978
0 0.5324332493931763 0.2638412884612336 0.527762752388658 0.3181348382289998 0.500603414576496 0.31358844696669463 0.5052739115810143 0.2592948971989284
0 0.5288003102237128 0.32053782951543786 0.48206588906154546 0.3144259535820439 0.4859116029806027 0.25720276114356877 0.5326460241427701 0.2633146370769628
0 0.4822415567081593 0.302624991134449 0.432362901488526 0.28967997331140805 0.4395185527205785 0.23602697228957117 0.4893972079402118 0.24897199011261215
0 0.4383193572799059 0.29134798661743727 0.4832853025936599 0.30010050251256276 0.47882952782088223 0.344646308465404 0.4338635825071282 0.3358937925702785
0 0.4743181977929288 0.38273072680475534 0.43185492373655715 0.37614903787228815 0.4351057847754269 0.33533521264860877 0.4775690588317985 0.34191690158107596
0 0.4668587896253602 0.3849246231155779 0.45591332298825094 0.46126787785079243 0.4172578142318776 0.45048318515655195 0.4282032808689869 0.3741399304213374
0 0.41937915410371307 0.4541319313329654 0.45668071496393525 0.46213727597525195 0.4521497226433009 0.5032213088564208 0.41484816178307876 0.4952159642141342
0 0.44893512335699726 0.5014094864566735 0.44557882898713713 0.5435470033092289 0.41576755464960985 0.5389263390121336 0.4191238490194699 0.49678882215957826
0 0.5366490291491474 0.3391383145234369 0.5325447630745973 0.4021171430925118 0.5160450229130249 0.40002471373259746 0.520149288987575 0.3370458851635226
0 0.4372952817861734 0.24497144755531952 0.5457094872837304 0.2681534690631711 0.5308019058277463 0.40382066501167996 0.42238770033018935 0.3806386435038283
0 0.43734647892772177 0.2684664935415332 0.45561862947991416 0.23411149708272908 0.4686444693731506 0.24759299854979594 0.4503723188209582 0.28194799500860007
0 0.3742552892387714 0.23562103198921436 0.41105784775427 0.24886971442578748 0.4054009981022 0.2794479715651428 0.36859843958670135 0.26619928912856966
0 0.3697391834129548 0.2755893561768575 0.4043043923950255 0.28409834406934004 0.39959721873005444 0.3213078816903309 0.36503200974798367 0.31279889379784837
0 0.3341037463976946 0.21904723618090452 0.3668184438040346 0.2273447236180904 0.3619423631123919 0.2647557788944724 0.3292276657060519 0.25645829145728644
0 0.3236377336541258 0.2626102992024342 0.36900166565317405 0.2736157853487622 0.36355524416360424 0.3173021068645982 0.318191312164556 0.30629662071827024
0 0.3194679671913102 0.21347970622342483 0.37409443582354246 0.21771318129107076 0.3720128574595433 0.2699806725937379 0.3173863888273111 0.26574719752609205
0 0.3173279679482674 0.30948645667361196 0.35212096717508967 0.3148792744208849 0.34919519224010687 0.35161171712219635 0.3144021930132846 0.34621889937492345
0 0.3515850144092219 0.34673366834170855 0.3515850144092219 0.392964824120603 0.3076368876080692 0.392964824120603 0.3076368876080692 0.34673366834170855
0 0.33758590113056974 0.43662930034789343 0.3085901130569719 0.43157325086973336 0.31223675459986705 0.39087746424429853 0.3412325426734649 0.39593351372245855
0 0.38042293013474576 0.4480782289827516 0.3762169950930758 0.48328127122096975 0.35063089025625044 0.4773326089909005 0.3548368252979204 0.4421295667526824
0 0.35338616714697413 0.39648241206030155 0.39121037463976943 0.407035175879397 0.3854466858789625 0.44723618090452266 0.3476224783861672 0.4366834170854272
0 0.35742659085598566 0.35211191090588073 0.39656515304930295 0.3612114627190004 0.3910935431108342 0.4070080130381638 0.351954980917517 0.39790846122504414
0 0.4082734758334152 0.28677965561351565 0.39860638485077715 0.36544419161628927 0.35911243306739316 0.35599966525729365 0.3687795240500313 0.27733512925452003
0 0.3771273992713828 0.5270503460699726 0.35210157142080367 0.5170759457665688 0.35908868468272526 0.48296197970987015 0.38411451253330436 0.49293638001327394
0 0.3112391930835735 0.5587939698492462 0.3112391930835735 0.6040201005025125 0.28674351585014407 0.6040201005025125 0.28674351585014407 0.5587939698492462
0 0.3854188629349887 0.49337902978132464 0.3679876609072321 0.6317936894392243 0.3220024606713753 0.6205244112502281 0.33943366269913183 0.4821097515923283
0 0.36743515850144093 0.578894472361809 0.36743515850144093 0.6251256281407035 0.3256484149855908 0.6251256281407035 0.3256484149855908 0.578894472361809
0 0.33226483217883895 0.6546276106231546 0.2648445099449721 0.5618319504920332 0.3043126161233235 0.5060309202982755 0.3717329383571904 0.5988265804293968
0 0.32495566393260916 0.4741785852338617 0.31885945466637106 0.516698879010437 0.2930891154954556 0.5095090838809433 0.2991853247616937 0.46698879010436806
0 0.2597495796130741 0.5530224797859632 0.251766474354982 0.6020218973057824 0.22053328275479403 0.5921197342310768 0.22851638801288615 0.5431203167112576
0 0.26415748431937613 0.4928418563405262 0.26021613832853024 0.5459899497487437 0.23049838955755209 0.5417014484185634 0.234439735548398 0.48855335501034586
0 0.166003817755634 0.5238850387130362 0.22439928049175578 0.5414548864823752 0.21572886735681304 0.5975317439512036 0.15733340462069126 0.5799618961818646
0 0.2293948126801153 0.4866331658291457 0.22270675874068838 0.5363913909168484 0.1959110434451634 0.5293827628709586 0.20259909738459034 0.47962453778325587
0 0.2044544498196069 0.4833977083360246 0.1962932369261314 0.5273100722119595 0.17264025840291 0.5187557323894537 0.1808014712963855 0.4748433685135187
0 0.12939091829581742 0.5793290778215402 0.1348041124698185 0.5340214586445742 0.16412882623257266 0.5408393317941057 0.1587156320585716 0.5861469509710716
0 0.14785600715492395 0.5113671807312423 0.16276209877770043 0.46284872639057345 0.1849349100665805 0.4761046612372205 0.170028818443804 0.5246231155778893
0 0.11745732653513634 0.5123154232701972 0.1373198847262248 0.5157788944723618 0.13439370427843053 0.5484344800927716 0.11453114608734206 0.5449710088906069
0 0.12906424817765727 0.5762459355601538 0.10068655704356674 0.5674490097546557 0.1053653161552806 0.5380786284362992 0.1337430072893711 0.5468755542417972
0 0.098037776023789 0.523477258905995 0.09696488555223115 0.565383605927728 0.07542998219497421 0.564310725602535 0.07650287266653205 0.522404378580802
0 0.12031700288184438 0.45226130653266333 0.12031700288184438 0.4864321608040201 0.09726224783861671 0.4864321608040201 0.09726224783861671 0.45226130653266333
0 0.15250641144277294 0.46975243188419163 0.14239351717209103 0.5167765432667927 0.11978822409644929 0.5073163985062931 0.12990111836713117 0.46029228712369186
0 0.045863444912436276 0.553233861615771 0.05917756594990024 0.5006107460378817 0.08261804477942808 0.5121515268650947 0.0693039237419641 0.5647746424429841
0 0.01453156435212874 0.5516639802787523 0.024237398727638512 0.5042760974684743 0.051546952313631655 0.5151607092064093 0.04184111793812188 0.5625485920166873
0 -0.001255378784888079 0.5553300750326978 0.001018514863211094 0.5251958422248227 0.01860763491374207 0.5277786191230124 0.016333741265642895 0.5579128519308875
0 0.07357179182912359 0.4497783032811114 0.06386675707747075 0.5039314218149572 0.03928631971520596 0.49535914868459946 0.04899135446685879 0.4412060301507537
0 0.06611548464187811 0.5005883073906114 0.07025374288325013 0.44863341095722503 0.09848351725592183 0.45300894717489876 0.09434525901454979 0.5049638436082852
0 0.10662824207492795 0.35577889447236183 0.10662824207492795 0.4130653266331658 0.07420749279538905 0.4130653266331658 0.07420749279538905 0.35577889447236183
0 0.13088267894167196 0.4161122353850701 0.10815392439396507 0.4146024238841265 0.10966004668327094 0.37048136610655075 0.13238880123097785 0.3719911776074944
0 0.15746116538975188 0.3803064100992768 0.15083995220355662 0.423409731584753 0.12963379489702676 0.41707071945091306 0.136255008083222 0.3739673979654369
0 0.18863077247487173 0.3790709645789925 0.18070218598439586 0.4306851329819831 0.15339495325788993 0.4225223679372472 0.1613235397483658 0.3709081995342566
0 0.1801984039015739 0.43359103208349437 0.1880680558634449 0.3787011982991882 0.21300709377078253 0.3856590645535369 0.2051374418089115 0.44054889833784305
0 0.24087053450057092 0.3942201573907272 0.2350796585286281 0.43730349862520146 0.2071094557120331 0.42998767422015743 0.2129003316839759 0.38690433298568316
0 0.2770075551055378 0.40410158902621207 0.2702313264272918 0.4608176015211191 0.2372848352675442 0.4531576802933587 0.2440610639457902 0.3964416677984517
0 0.23981556195965412 0.39321407035175876 0.24712391930835728 0.3371417085427135 0.28224783861671465 0.3460502512562814 0.2749394812680115 0.40212261306532665
0 0.24702593659942365 0.3353809045226131 0.24028242074927955 0.3871195979899497 0.21397118155619593 0.38044623115577886 0.22071469740634003 0.32870753768844224
0 0.18437870825563657 0.3697191841560746 0.1919901678250551 0.321939107301212 0.2212069842346161 0.33099615725687265 0.21359552466519754 0.3787762341117353
0 0.19041592024300957 0.32283036805649873 0.18449645611028892 0.3723753904658428 0.15820936209985204 0.3662637511883744 0.16412882623257266 0.31671872877903035
0 0.1086727938312953 0.36580198288741006 0.11696783238569983 0.29637376069536875 0.1620648025547161 0.30685861741138126 0.15376976400031156 0.3762868396034226
0 0.26523511632810853 0.24353474690525806 0.22875518380544038 0.3071454835151367 0.19088704575806564 0.2648854026228705 0.2273669782807338 0.20127466601299182
0 0.1896829971181556 0.26026130653266333 0.17455331412103747 0.2884020100502513 0.1442363112391931 0.25668341708542713 0.15936599423631123 0.2285427135678392
0 0.1921902017291066 0.26162814070351764 0.15853025936599424 0.22641206030150757 0.17452449567723344 0.19666331658291458 0.2081844380403458 0.23187939698492466
0 0.15492795389048994 0.22741708542713568 0.2075792507204611 0.12948743718592967 0.24527377521613836 0.16892462311557793 0.1926224783861672 0.26685427135678397
0 0.22504018704487977 0.206631283895169 0.25502221313610457 0.1431739178427246 0.29220184533513766 0.17735743897738607 0.26221981924391286 0.2408148050298305
0 0.2506675832165614 0.14514775713429534 0.21844512598154564 0.12094417039325066 0.2317703513735029 0.0864229403900235 0.26399280860851865 0.11062652713106817
0 0.2504478541942519 0.1178595681108244 0.25739933016590083 0.059676762189325 0.2852052340524963 0.06614151840282495 0.27825375808084746 0.12432432432432433
0 0.25957206498622004 0.14231638542055253 0.2904590815851403 0.10936779969717583 0.31851616475592415 0.1605494722520902 0.2876291481570039 0.1934980579754669
0 0.3081369723681981 0.1702276086313923 0.318189523648076 0.10712385456695243 0.35068655704356677 0.11719775347324861 0.34063400576368885 0.18030150753768848
0 0.3251496342274441 0.052802473908001565 0.31894258479272897 0.12207189795129496 0.2796608290844602 0.11522226517201392 0.28586787851917533 0.045952841128720535
0 0.3346219898737821 0.05049491874616182 0.33356638656098647 0.10792398259365159 0.31900048093854977 0.10740298073811899 0.32005608425134535 0.04997391689062924
0 0.38339549076114604 0.06513745196571091 0.3743770130530598 0.12174992610109371 0.34325309374470253 0.11210168489506357 0.35227157145278865 0.05548921075968075
0 0.33960836058673055 0.1816102986844334 0.3514838260531684 0.10982440291344363 0.3805815497199106 0.11919146293264074 0.3687060842534728 0.1909773587036305
0 0.3672300902300394 0.1839879498246902 0.3795777408372592 0.1294431857018088 0.4083000021777161 0.1420958697770971 0.3959523515704963 0.1966406338999785
0 0.3962612940609393 0.19453852894365062 0.40942701549632343 0.13576780700656307 0.4361327904663255 0.1474096460952449 0.4229670690309414 0.20618036803233245
0 0.463904713926939 0.14726589244422628 0.4523078832149233 0.20966400124013382 0.42632961187705115 0.200268695663407 0.43792644258906677 0.13787058686749942
0 0.4522180264334691 0.2045662796742332 0.4636301301798668 0.1391190434933287 0.48960697605087944 0.14793346040547564 0.4781948723044817 0.21338069658638015
0 0.5135991697899092 0.1709271747337725 0.5042947693777904 0.2202489129585753 0.47826484597811003 0.2106933631890021 0.48756924639022875 0.16137162496419927
0 0.5432441098965249 0.1860113692571273 0.5369747622786715 0.2314883977662922 0.5056835233322508 0.2230940723589416 0.5119528709501042 0.17761704384977667
0 0.5541449372237182 0.13034758035252847 0.5459092944210772 0.19066228296845275 0.511346079871862 0.1814785085163234 0.5195817226745029 0.12116380590039913
0 0.5267374620851436 0.09664735053824924 0.5542489863096627 0.10395742388089244 0.5503392630802313 0.13259074365261758 0.5228277388557123 0.1252806703099744
0 0.5170956535470372 0.09580229916706821 0.5156882870790731 0.14880980243684175 0.48288559472583004 0.1471150271907483 0.4842929611937942 0.09410752392097474
0 0.4884005763688761 0.10522613065326636 0.4803702061627135 0.14630073444143799 0.4689093327421858 0.14194047158871279 0.4769397029483485 0.10086586780054117
0 0.47381401019729547 0.143448009277155 0.44402571491908666 0.13513722458446079 0.4517568166703613 0.08121376111325862 0.48154511194857014 0.08952454580595283
0 0.44329971181556194 0.08050251256281409 0.4298270893371757 0.1368844221105528 0.40864553314121027 0.12703517587939697 0.4221181556195964 0.07065326633165826
0 0.3778286956110928 0.12028997446247633 0.3875608258137667 0.06259164675838208 0.4202886568715454 0.07333388252739108 0.4105565266688715 0.13103221023148534
0 0.17290787214210895 0.02980817580478247 0.15249612560301987 0.11857966397513714 0.11771352904076812 0.10301637302068767 0.1381252755798572 0.014244884850333013
0 0.015128136943266007 0.002823128518127116 0.06415350459487205 0.019106260918325537 0.048847571458609046 0.10878210796471628 -0.00017779619299699607 0.09249897556451786
0 0.1013971268065596 0.15775123271139943 0.012451946731837076 0.11827241272026176 0.020172910662824207 0.08442211055276383 0.10911809073754673 0.12390093054390151
0 0.11383731366686313 0.02776000075424025 0.09845513135911675 0.11737769523037325 0.046976090964633885 0.10018328037938284 0.06235827327238026 0.010565585903249837
0 0.01592467455033289 0.30878530583954267 0.0017638875086952014 0.30088372898977656 0.004397297028719067 0.2916998787038642 0.018558084070356754 0.2996014555536303
0 0.010605342791782966 0.20820692703740493 0.07878754376425973 0.28671244729567213 0.0501435739793594 0.3351226385185331 -0.018038626993117347 0.2566171182602658
0 0.032420749279538905 0.2984924623115578 0.032420749279538905 0.37386934673366834 0.0 0.37386934673366834 0.0 0.2984924623115578
0 0.03890489913544669 0.29447236180904524 0.03890489913544669 0.4020100502512563 0.0 0.4020100502512563 0.0 0.29447236180904524
0 0.5865050183841798 0.2795702651186969 0.6245115770644938 0.29384439438572174 0.6138894961741033 0.34888095650667134 0.5758829374937892 0.3346068272396465
0 0.5925381317213748 0.39350116435837723 0.5998762915583046 0.3538345385463904 0.6141920292401771 0.358988111288148 0.6068538694032473 0.39865473710013477
0 0.6603081356683664 0.3336064940085042 0.6273221015295944 0.32785465790490925 0.6311128352915099 0.28555083107846935 0.6640988694302817 0.29130266718206427
0 0.6661282178329051 0.2876528724871794 0.6556432472958319 0.40710074789210726 0.6192686832087922 0.40088749038586446 0.6297536537458654 0.2814396149809366
0 0.6549822655730437 0.3632392732895246 0.6486366659277324 0.4074990336296869 0.620372422966083 0.39961345187475844 0.6267180226113944 0.35535369153459606
0 0.6638397379783813 0.41358670485533455 0.6683788887686753 0.3597646937760475 0.7031159327635216 0.3654655530210781 0.6985767819732274 0.4192875641003652
0 0.6962045089388181 0.31459509939075914 0.6939506771059141 0.3617556810601681 0.6696590242533983 0.35949659803441986 0.6719128560863024 0.3123360163650109
0 0.6997801136079692 0.4086269497777907 0.7071513051590012 0.3417898742266244 0.7348161783078744 0.34772707467975716 0.7274449867568423 0.41456415023092336
0 0.7606051873198849 0.37893467336683423 0.7530547550432278 0.4368643216080403 0.7254755043227666 0.4298693467336684 0.7330259365994237 0.37193969849246233
0 0.7827060804063115 0.4382307577491417 0.7552429594544469 0.4343997213791731 0.7591377293348932 0.3800686601323449 0.7866008502867579 0.38389969650231354
0 0.7795389048991356 0.4402010050251256 0.7880735978718689 0.38067259373792045 0.8175847927288852 0.3889060688055664 0.8090500997561518 0.4484344800927716
0 0.8466448600096763 0.4372798298059641 0.8146227308104926 0.4321255914609544 0.8185479290687647 0.3846707992517331 0.8505700582679485 0.38982503759674275
0 0.8575628943064102 0.4273529811218253 0.8609315367240439 0.39915795192177106 0.8772879507749826 0.4029607496944181 0.8739193083573489 0.4311557788944724
0 0.9044171718175492 0.4492739559868307 0.8725777601112987 0.44557269104141395 0.8747838616714696 0.40864321608040194 0.9066232733777201 0.41234448102581867
0 0.9277377521613831 0.40914572864321597 0.9230835734870315 0.45459296482412054 0.902608069164265 0.4505125628140703 0.9072622478386165 0.4050653266331658
0 0.9499571617727236 0.426891212820861 0.9455370355946725 0.46388700258046994 0.9234558766259056 0.45875322558739645 0.9278760028039567 0.4217574358277876
0 0.9994046000761242 0.42654024841187066 0.9923087379696591 0.4793325116146771 0.9662090152792127 0.47250592585569356 0.973304877385678 0.419713662652887
0 0.20965417867435157 0.9809045226130654 0.20965417867435157 0.9989949748743718 0.1729106628242075 0.9989949748743718 0.1729106628242075 0.9809045226130654
0 0.2507204610951009 0.9758793969849247 0.2507204610951009 0.9989949748743718 0.21037463976945245 0.9989949748743718 0.21037463976945245 0.9758793969849247
0 0.44164265129682995 0.9778894472361809 0.44164265129682995 0.9989949748743718 0.4027377521613833 0.9989949748743718 0.4027377521613833 0.9778894472361809
0 0.5115273775216138 0.9658291457286432 0.5115273775216138 0.9989949748743718 0.49135446685878964 0.9989949748743718 0.49135446685878964 0.9658291457286432
0 0.5951008645533141 0.9708542713567839 0.5951008645533141 0.9989949748743718 0.5597982708933718 0.9989949748743718 0.5597982708933718 0.9708542713567839
0 0.6268011527377522 0.9829145728643216 0.6268011527377522 0.9989949748743718 0.6023054755043228 0.9989949748743718 0.6023054755043228 0.9829145728643216
0 0.9579799399017506 1.0199359788265168 0.8958305557549714 0.9928432196570037 0.9057785594880366 0.9484361308320964 0.9679279436348158 0.9755288900016094
0 0.5931976811980476 0.2448949952072501 0.6365627758991187 0.2542016440584425 0.6325814995585614 0.29030121706799894 0.5892164048574903 0.2809945682168066
0 0.7166640704104682 0.27198152926796143 0.7116792585092298 0.31370365340214595 0.6735921800763299 0.304848567160125 0.6785769919775684 0.26312644302594046
0 0.7195069709478932 0.2532120059758251 0.755140587273152 0.2614966725519489 0.7481501674585247 0.3200054325682466 0.7125165511332658 0.3117207659921228
0 0.7588450454444693 0.3666177039041361 0.7623808468188874 0.32715887127947435 0.7849035690534252 0.331086200231929 0.7813677676790072 0.37054503285659074
0 0.7811866921562473 0.3780188069058162 0.7841042029274973 0.33732026468978554 0.8045053784917395 0.34016617742176225 0.8015878677204895 0.38086471963779284
0 0.8503314121037464 0.3509346733668341 0.8461383285302594 0.3918793969849246 0.8216282420749278 0.3869949748743718 0.8258213256484148 0.34605025125628136
0 0.8674061466452624 0.3957505649050623 0.872260797245808 0.35003878452666015 0.8950293019747405 0.35474419075241986 0.890174651374195 0.4004559711308219
0 0.9113832853025937 0.35577889447236183 0.9113832853025937 0.4 0.8912103746397695 0.4 0.8912103746397695 0.35577889447236183
0 0.9387765424161634 0.37021456737666486 0.9346223704855974 0.4064331015451672 0.910794328026723 0.401114778259472 0.9149484999572891 0.36489624409096955
0 0.9559350416699118 0.41404318891756076 0.9332697250564685 0.4087735977183213 0.9387802788379158 0.36265109330435963 0.9614455954513591 0.3679206845035991
0 0.9561183772999337 0.41031310398144577 0.9598647749944582 0.36850405875531506 0.9815007758811796 0.3722767684576731 0.977754378186655 0.4140858136838037
0 0.9981615820331906 0.42474441171374105 0.9775911755937592 0.42235314503552235 0.9803438338467654 0.37627447582741286 1.0009142402861968 0.37866574250563156
0 0.6175938269617951 0.18340172940572197 0.6776069455789957 0.20293564767991698 0.6674832904650125 0.2634595527691143 0.6074701718478118 0.2439256344949193
0 0.6334548228513307 0.1488028377180018 0.6251907102898796 0.19491575524682234 0.5936599423631123 0.18391959798994972 0.6019240549245635 0.13780668046112915
0 0.6787870573800896 0.18388377531220465 0.6262675835306873 0.1559739290511966 0.6449510657117585 0.08755858500422906 0.6974705395611608 0.11546843126523709
0 0.7166640704104682 0.27198152926796143 0.7116792585092298 0.31370365340214595 0.6737090116052651 0.30487573000135815 0.6786938235065035 0.2631536058671737
0 0.6865048272804407 0.2586020287111952 0.6912824207492794 0.22261306532663314 0.7067876225930483 0.22661850365887792 0.7020100291242096 0.26260746704343996
0 0.7765593153286822 0.14616862745625372 0.7593808391665554 0.23453419089022856 0.7210822686755006 0.22004590789107434 0.7382607448376273 0.13168034445709953
0 0.6837227802417819 0.22076556726568564 0.6973196568732832 0.1202388705300307 0.772179007215013 0.13994206163163705 0.7585821305835118 0.24046875836729198
0 0.7565368665214027 0.30888589287902923 0.7607541997610177 0.25593822772398567 0.7824207492795388 0.25929648241206027 0.7782034160399238 0.3122441475671038
0 0.8090778097982709 0.2864321608040201 0.8090778097982709 0.32160804020100503 0.7867435158501441 0.32160804020100503 0.7867435158501441 0.2864321608040201
0 0.8283190557024992 0.28772354925311494 0.8254845841064311 0.32528670751015354 0.8095081125893175 0.3229407310525229 0.8123425841853856 0.2853775727954843
0 0.8288627798714253 0.2770776961731735 0.8653014852582576 0.2872439118670274 0.858207714475726 0.3367220718979513 0.8217690090888937 0.3265558562040974
0 0.8407226778984708 0.2164669501352919 0.8713422744402572 0.22500966370313108 0.8623088007093771 0.2880170081175107 0.8316892041675905 0.2794742945496715
0 0.7909307501355323 0.21016966018209865 0.8284517933061318 0.20493556893377782 0.8308557080491911 0.23846957560077622 0.7933346648785915 0.24370366684909706
0 0.7881844380403458 0.24120603015075376 0.8227665706051873 0.24120603015075376 0.8227665706051873 0.2864321608040201 0.7881844380403458 0.2864321608040201
0 0.8141210374639769 0.2613065326633166 0.8141210374639769 0.28743718592964823 0.7896253602305475 0.28743718592964823 0.7896253602305475 0.2613065326633166
0 0.8303780301746059 0.21171741058232335 0.7991947787760637 0.20837126810523202 0.8015723003898966 0.1652556902157848 0.8327555517884386 0.16860183269287612
0 0.8515850144092219 0.1708542713567839 0.8515850144092219 0.21206030150753769 0.8306916426512968 0.21206030150753769 0.8306916426512968 0.1708542713567839
0 0.8484000896704902 0.21910576423571285 0.8535354950607487 0.16358661269500005 0.871366354098148 0.1667961095137921 0.8662309487078896 0.2223152610545049
0 0.9050585817546181 0.23373424499546916 0.9015861954929844 0.2870170524754922 0.8767716256436905 0.28387017052475494 0.8802440119053242 0.23058736304473187
0 0.9125748171137223 0.3122922303826828 0.9077532697849703 0.34592191727870125 0.8893260917756596 0.340780827212988 0.8941476391044116 0.3071511403169695
0 0.8972398072471302 0.28637449542795945 0.9151036991543441 0.28863992091605567 0.9134974252373979 0.31328775022654254 0.8956335333301839 0.3110223247384464
0 0.9546109510086456 0.2964824120603015 0.9546109510086456 0.3457286432160804 0.9265129682997119 0.3457286432160804 0.9265129682997119 0.2964824120603015
0 0.9776521124463051 0.30696880629562906 0.971012995486923 0.35636294680951924 0.9534391822086891 0.35176637906513697 0.9600782991680713 0.3023722385512468
0 0.9992795389048992 0.2623115577889447 0.9992795389048992 0.3597989949748744 0.9740634005763689 0.3597989949748744 0.9740634005763689 0.2623115577889447
0 0.9634673508118364 0.3008702046819463 0.9669642229563503 0.256967765657556 0.9940869473536232 0.2611717122196347 0.9905900752091094 0.305074151244025
0 0.9677461868278622 0.25217551170486574 0.9641438813523578 0.2974016423581321 0.9439006818022068 0.29426400294153693 0.9475029872777111 0.2490378722882706
0 0.9479051208157839 0.2588326246617705 0.9427233429394816 0.29497487437185943 0.9186156062957217 0.2882489369926556 0.923797384172024 0.2521066872825667
0 0.9250720461095102 0.24723618090452262 0.9178107696791116 0.29112980633504604 0.8985526017550107 0.28493026932414883 0.9058138781854095 0.2410366438936254
0 0.971931625281276 0.24913609141598406 0.9319016225178636 0.22819577338748534 0.9451660021317753 0.17885316995938594 0.9851960048951878 0.19979348798788465
0 0.9074957460829537 0.230517776596292 0.9124086514345289 0.17226405062856942 0.9352740702855289 0.1760166017802322 0.9303611649339536 0.23427032774795478
0 0.9180769102630306 0.1692863159729282 0.9099319518248904 0.23583524559212243 0.8764488347687027 0.22786069073692156 0.884593793206843 0.1613117611177273
0 0.8985635342701804 0.14920996736258618 0.9156652009863633 0.0871833393772989 0.9555430939718945 0.10857897736103192 0.9384414272557117 0.1706056053463192
0 0.886651391316672 0.1332729219869841 0.9243929229460953 0.13805914820001647 0.9221311475409837 0.17276546667765055 0.8843896159115603 0.16797924046461818
0 0.9184438040345819 0.07597989949748735 0.9077089337175791 0.12090452261306528 0.8711815561959655 0.10391959798994972 0.8819164265129682 0.05899497487437179
0 0.8944468335012805 0.1578113283567056 0.8645693600251599 0.1432239146735907 0.8740492801807409 0.10544034202191363 0.9039267536568615 0.12002775570502854
0 0.9419400893636146 0.17826748421004102 0.9516273167120535 0.10056521137799088 0.9910319117996985 0.11012493660965378 0.9813446844512597 0.18782720944170392
0 1.0038565858620105 0.20863139225539465 0.997880996779115 0.24197457877623416 0.9756738430242414 0.2342299733963938 0.9816494321071367 0.20088678687555428
0 0.9992795389048992 0.10954773869346733 0.9992795389048992 0.15678391959798996 0.9863112391930836 0.15678391959798996 0.9863112391930836 0.10954773869346733
0 0.7747410789461076 -0.013545637928359154 0.8885790658990876 0.04554315520595859 0.8682405005236608 0.12179233459458821 0.7544025135706806 0.06270354146027046
0 0.8295821325648414 0.11837185929648238 0.8257492795389048 0.15579899497487432 0.8011383285302592 0.150894472361809 0.8049711815561957 0.11346733668341705
0 0.8116602182071588 0.09830765920281512 0.8005320886475656 0.14746528612837492 0.7759819685102243 0.13665050694277436 0.7871100980698175 0.08749288001721456
0 0.784942363112392 0.09999999999999991 0.7757204610951007 0.13859296482412056 0.7545389048991354 0.12874371859296482 0.7637608069164264 0.09015075376884418
0 0.7672910662824206 0.08140703517587934 0.7552593659942363 0.1317587939698492 0.7321325648414985 0.1210050251256281 0.7441642651296829 0.07065326633165825
0 0.7030259365994236 0.047839195979899524 0.6903458213256485 0.10090452261306533 0.665922190201729 0.08954773869346733 0.6786023054755043 0.03648241206030152
0 0.6186938222976933 0.05957672480353139 0.6343005824814276 -0.010760475944128321 0.6843467247905707 0.01084834415221474 0.6687399646068363 0.08118554489987445
0 0.7176238153242817 -0.010412889188209038 0.7496323420184794 0.006760607159508905 0.7411279301227013 0.03760555354090041 0.7091194034285035 0.020432057193182463
0 0.5720461095100865 0.0 0.5720461095100865 0.04221105527638191 0.4920749279538905 0.04221105527638191 0.4920749279538905 0.0
0 0.6518942855134604 1.003554357151612 0.6047655865607648 0.9962495403848511 0.6066721726295073 0.9723127834293419 0.6538008715822029 0.9796176001961024
0 0.670028818443804 0.9879396984924623 0.670028818443804 0.9989949748743718 0.649135446685879 0.9989949748743718 0.649135446685879 0.9879396984924623
0 0.6959654178674352 0.9869346733668342 0.6959654178674352 0.9989949748743718 0.6685878962536023 0.9989949748743718 0.6685878962536023 0.9869346733668342
0 0.6941651452434079 -0.022908213189082482 0.7662816638514764 0.013781465352661169 0.7513575754204657 0.0708650754382713 0.6792410568123972 0.034175396896527634
0 0.1930835734870317 0.0 0.1930835734870317 0.032160804020100506 0.15417867435158503 0.032160804020100506 0.15417867435158503 0.0
1 0.9621941826982207 0.03231421056012978 0.9738552873542813 0.012561581597166614 0.984933636420289 0.025288480756457555 0.9732725317642283 0.04504110971942072
1 0.9826913294707372 0.05651297042771419 0.9799525248422408 0.09981142941894924 0.9554343099896434 0.0967934919961134 0.9581731146181397 0.053495033004878345
1 0.837074239616455 0.25124048176182234 0.8314546685979253 0.27190739233143774 0.8267360271893234 0.26941062916258024 0.8323555982078532 0.24874371859296485
1 0.8695019829381236 0.28352578254912714 0.8593441888425859 0.28052006875535734 0.8617518615671547 0.2646863836207435 0.8719096556626924 0.2676920974145132
1 0.8466478553534029 0.3545375485752072 0.8390738529690762 0.3469482986686299 0.8430656850853296 0.3391959798994975 0.8506396874696561 0.3467852298060748
1 0.9318694075917703 0.22151625849412493 0.9356255492884918 0.23499025894329895 0.9252175807036381 0.24063630157650015 0.9214614390069166 0.22716230112732613
1 0.9320962785838959 0.23798528599595906 0.9406992659888473 0.24716258058962423 0.9343144075575993 0.2588097034641897 0.9257114201526477 0.24963240887052449
1 0.9891183001087163 0.2488489404150698 0.9988377950950794 0.2580338048705393 0.9942262034077544 0.26753010794892307 0.9845067084213913 0.2583452434934536
1 0.8791495980805235 0.5275943802466295 0.8689022775207615 0.5199483653425029 0.8734905832385875 0.5079820539569849 0.8837379037983494 0.5156280688611116
1 0.8741300261422356 0.5003226480438363 0.8696487011633539 0.5226485294538691 0.862525782707725 0.5198663280261957 0.8670071076866066 0.49754044661616303
1 0.8817950974770363 0.5309336958953768 0.8725776575308218 0.5636299198705731 0.8558972865856387 0.5544792857208986 0.8651147265318532 0.5217830617457022
1 0.8789755713275519 0.5865341412483807 0.8665812246395564 0.6032064065921336 0.8528947852136767 0.5834069953316352 0.8652891319016721 0.5667347299878822
1 0.8489068608271896 0.553657168766256 0.8541090475745615 0.5732935149892595 0.84228696626098 0.579388209898605 0.837084779513608 0.5597518636756016
1 0.8402786889157806 0.619754981904332 0.8556058984415256 0.6081976964925975 0.8636826319036156 0.62904144275317 0.8483554223778704 0.6405987281649044
1 0.8411287313190811 0.6776642496194073 0.817127091503522 0.638523556108513 0.8374161990138277 0.6143128134266829 0.8614178388293869 0.6534535069375771
1 0.8357758540208252 0.667577425400601 0.8199127910096818 0.6817730255852387 0.8109339662548737 0.6622482722352967 0.8267970292660173 0.6480526720506592
1 0.8525698833479655 0.7117101944546163 0.823099072561823 0.6840537441691099 0.8335896692633286 0.6623002708856784 0.863060480049471 0.6899567211711848
1 0.8443872697441627 0.6835778091365783 0.8366813942112855 0.7229926525657131 0.8150706337497705 0.714770888603927 0.8227765092826476 0.6753560451747921
1 0.8165482036220589 0.7510325971281668 0.7952217371786846 0.7110243003969129 0.8141614930430479 0.6913782167674309 0.8354879594864221 0.731386513498685
1 0.8236091136323621 0.7255280041538842 0.8469525127065894 0.706231180641735 0.8594673971259891 0.7356915293915756 0.8361239980517619 0.7549883529037248
1 0.8185764211987185 0.7349886337749221 0.813168348768049 0.7953422907487477 0.7931174532765874 0.7918460168061531 0.798525525707257 0.7314923598323274
1 0.8316955604406993 0.8314669241375958 0.8060635135918094 0.7810825484425872 0.8387431539919659 0.7487308231450808 0.8643752008408558 0.7991151988400894
1 0.8409943077034373 0.8411854625840599 0.817232873363401 0.832898811613213 0.8208756551113666 0.8125724555682824 0.844637089451403 0.8208591065391293
1 0.8103518952797373 0.8314265344587175 0.7938830522871082 0.8290823101667041 0.7965224313502314 0.7929996568818288 0.8129912743428604 0.7953438811738424
1 0.7852811501336959 0.8692836381470774 0.7975666145082853 0.8407204479428393 0.8165245411819999 0.8565879467708489 0.8042390768074105 0.885151136975087
1 0.8409179464175127 0.8461703549008367 0.8347315057325632 0.8656818220187151 0.823153282050101 0.8585380821265156 0.8293397227350506 0.8390266150086372
1 0.8482874289976935 0.890168891604941 0.8305232644576184 0.9117859250246513 0.8138878908026606 0.8851839412556838 0.8316520553427357 0.8635669078359735
1 0.860729124214971 0.8533562683007803 0.845655560675428 0.851604093285889 0.8470693309226615 0.8279367199681436 0.8621428944622046 0.8296888949830348
1 0.8418859596927416 0.9279126122831433 0.8524739280054494 0.9416275165167088 0.8441776375760363 0.954090917601185 0.8335896692633286 0.9403760133676193
1 0.814695329542323 0.9516582884911439 0.8173995224130942 0.9369882861573491 0.8275470600248805 0.9406282822798163 0.8248428671541093 0.9552982846136112
1 0.7879362649142271 0.9228630528619346 0.8013000979926044 0.930320029997039 0.7970850407076172 0.9450195949986583 0.7837212076292399 0.9375626178635538
1 0.7867420587727204 0.9190604262230978 0.7808612886872899 0.9351256842084782 0.7688905171276615 0.9265985831434187 0.7747712872130922 0.9105333251580382
1 0.8416163934297253 1.0119766550754339 0.8225843480428814 0.9712046822867731 0.8424047079003544 0.9532007220528459 0.8614367532871984 0.9939726948415065
1 0.859271352215328 0.9863641737369488 0.881393130178495 0.9822964662307039 0.8827672073408231 0.9968381335387876 0.8606454293776562 1.0009058410450324
1 0.8896515010482726 0.9775634941354372 0.8981308337110662 0.9504274999458289 0.9057313963144704 0.9550491222194116 0.8972520636516769 0.9821851164090201
1 0.9697606210156416 0.6203701098103318 0.9648490409638178 0.6385264504753629 0.9577964266869378 0.6348138705948443 0.9627080067387614 0.6166575299298132
1 0.9491297942329913 0.6297852618226151 0.93122594640049 0.614956065059069 0.9366813735677815 0.6021389499941737 0.9545852214002828 0.6169681467577197
1 0.9565517775062372 0.6737361983594686 0.9489609965495588 0.7011212764900373 0.9373343818199578 0.6948499627613846 0.9449251627766362 0.667464884630816
1 0.9581475861319722 0.6988486953438715 0.970148051362404 0.7124889086196043 0.9611113865667816 0.7279598900817505 0.9491109213363498 0.7143196768060177
1 0.9395736227793942 0.8097182488725543 0.9515889482310712 0.771116916829461 0.9643549933302807 0.7788494606960461 0.9523396678786037 0.8174507927391395
1 0.948431500919495 0.8869950757025882 0.9421508090977524 0.9074381780620906 0.9293522429430795 0.8997865338245714 0.9356329347648221 0.879343431465069
1 0.9125859404596954 0.9436758231977986 0.917474440515793 0.8693803868954105 0.9361450114462458 0.8717709700578059 0.9312565113901483 0.946066406360194
1 0.9246160369107287 0.9625473329659252 0.9069360883432066 0.9473384192376006 0.9133480849006996 0.9328337158506667 0.9310280334682216 0.9480426295789912
1 0.9411215973726974 0.9328358374316418 0.9688815930167166 0.9524786820367735 0.9592081921373088 0.9790814587550596 0.9314481964932896 0.9594386141499279
1 0.9848852856669533 0.9747962231334906 0.9777271369816004 0.9904878021378568 0.963361949228051 0.977735806817127 0.9705200979134038 0.9620442278127608
1 0.9673607026465688 0.9767940655425565 0.9989314450310699 0.9767940655425565 0.9989314450310699 0.9989949748743718 0.9673607026465688 0.9989949748743718
1 0.7930917283939125 0.17366179838738624 0.7828434362909867 0.2148683418904048 0.7665826505187229 0.2069986159601176 0.7768309426216488 0.16579207245709907
1 0.8054159775831826 0.15991341425252228 0.7974936073753245 0.18809503424099003 0.785394297772149 0.18147618424039139 0.7933166679800072 0.15329456425192364
1 0.7682718502341499 0.019956671173249056 0.7413351185383645 0.019956671173249056 0.7413351185383645 0.0012585287717119533 0.7682718502341499 0.0012585287717119533
1 0.6948046083634156 0.08321695045917893 0.7168037520504261 0.03857945845355806 0.7314684900044252 0.052643594815922644 0.7094693463174147 0.0972810868215435
1 0.7151811260393418 0.09085102840524073 0.7274325752687552 0.05225991553812462 0.748651925299185 0.06536877808243079 0.7364004760697718 0.1039598909495469
1 0.7150230712188194 0.09014753597387519 0.7400800010436696 0.10619189786577406 0.7325204530431307 0.12916575982297826 0.7074635232182804 0.11312139793107939
1 0.6930916379174933 0.1945303806892204 0.6900826600473771 0.233985716595367 0.6715005703927133 0.23122805754325843 0.6745095482628296 0.19177272163711184
1 0.6092308069656174 0.11412654780430947 0.6331998678493391 0.1341883176531128 0.6256131281072299 0.15182714590794993 0.6016440672235083 0.13176537605914665
1 0.6682615944323833 0.4318579297723844 0.6569972501827576 0.4227155602636809 0.6618659077881924 0.4110423811806493 0.6731302520378183 0.4201847506893528
1 0.6978069369735159 0.4194948310451393 0.6775592881365551 0.439757524764568 0.6703708663539812 0.42577956640271974 0.6906185151909421 0.4055168726832911
1 0.7083357588090513 0.4213374371440019 0.7015394942249784 0.44029863895264726 0.692205608333344 0.4337883588340064 0.6990018729174169 0.414827157025361
1 0.7258323487670477 0.673484095277908 0.7336977377229799 0.6826273626595918 0.7283456360082988 0.6915867004917338 0.7204802470523667 0.6824434331100498
1 0.6166409148816049 0.02227268270727045 0.6202801941761883 0.0346823864926284 0.6147441844208199 0.03784163354438797 0.6111049051262365 0.02543192975903002
1 0.530886391995111 0.3271047462526001 0.5549475975582987 0.26357133549845013 0.5897797704144312 0.28924149400265353 0.5657185648512435 0.3527749047568035
1 0.5874293132946581 0.4021694764739697 0.5359516970927125 0.42122110653824 0.5266121695979928 0.3721140432265743 0.5780897857999385 0.353062413162304
1 0.6163116653044353 0.4206741403397904 0.5927616848265942 0.4450479379844453 0.5787015900360608 0.4186123868201961 0.6022515705139019 0.39423858917554117
1 0.5915612460551759 0.44303655630709876 0.6029410181660657 0.4329346673770234 0.6110512075593021 0.45071315209820156 0.5996714354484122 0.460815041028277
1 0.5634785200541305 0.44510672946063845 0.5461909422398704 0.4755135425310211 0.5302966381077207 0.45792873848025806 0.5475842159219807 0.4275219254098754
1 0.5421954245378535 0.47001355174366777 0.5563454344280392 0.48140134593976025 0.5508544955833828 0.4946782406475415 0.5367044856931973 0.48329044645144903
1 0.5583185866306148 0.513863488351012 0.5413455494154752 0.5219634958747931 0.5376496613044225 0.5068930630014991 0.5546226985195621 0.49879305547771796
1 0.5234574330105807 0.479820815675139 0.5118603607109179 0.5141981256672684 0.5025859968195598 0.5081098630553985 0.5141830691192226 0.4737325530632691
1 0.5181287589902354 0.519001111755926 0.5148996029324775 0.5674247932053198 0.5006569498650139 0.5655765679673244 0.5038861059227717 0.5171528865179308
1 0.5312236630882486 0.571115997467861 0.5528100840983255 0.5861723304633243 0.5414689321820225 0.617813415680612 0.5198825111719455 0.6027570826851488
1 0.5576191766057697 0.848450673537703 0.5504613497630944 0.8275729171142088 0.5670755898136293 0.8164885573453494 0.5742334166563045 0.8373663137688437
1 0.5614155468175226 0.7512301814815898 0.5813751737506615 0.753503121899783 0.5799139944577197 0.7784720930671106 0.5599543675245808 0.7761991526489174
1 0.6039255686087855 0.029451506743122073 0.5751277875606866 0.0516154730523638 0.5646151827667629 0.02503549286555651 0.5934129638148619 0.0028715265563147825
1 0.5695844994293835 0.08616681451669095 0.5553425073346526 0.05305512755543344 0.5767598596877669 0.035128937969220224 0.5910018517824979 0.06824062493047774
1 0.5676845836205799 0.06095410078359129 0.5493072857451747 0.09492167820510827 0.5297968507789821 0.07438090425244562 0.5481741486543874 0.04041332683092864
1 0.4938306220613184 0.027568639424310672 0.5399480610668314 0.04485204957481335 0.5291980815763571 0.10067029131508912 0.4830806425708441 0.08338688116458645
1 0.4842385244498115 0.9855737333441269 0.45043287030075174 0.9677301233365809 0.466611241340475 0.9080851040176073 0.5004168954895348 0.9259287140251535
1 0.4972495320403916 0.9378905543022061 0.5137770641586151 0.9383810860794912 0.5135278206520429 0.9547227955970169 0.49700028853381933 0.9542322638197319
1 0.609184869717328 0.9496687130119458 0.6344551077083913 0.9540750194464698 0.6328441389063234 0.9720535642250884 0.6075739009152601 0.9676472577905644
1 0.5046120892527739 0.23697916114787698 0.5315980983611106 0.2317867515530177 0.5338449652721695 0.25451049294595224 0.5068589561638328 0.2597029025408116
1 0.5581795375919246 0.18328688721920838 0.5484349015174255 0.1915400796785782 0.5429744272190257 0.1789940361549729 0.5527190632935247 0.17074084369560308
1 0.4979186296414932 0.21283587656724018 0.48653845355552044 0.2445862648609175 0.46403753685581184 0.22889229104512238 0.47541771294178464 0.19714190275144505
1 0.4835234965160344 0.3928929369735294 0.47844695304256346 0.4156133452800893 0.467622154717148 0.4109067748442427 0.47269869819061894 0.38818636653768285
1 0.4549059658549874 0.234190120261997 0.441400777407364 0.2533239019821577 0.4291367498435856 0.2364791072896459 0.44264193829120896 0.21734532556948524
1 0.40080691714230526 0.28872892900672253 0.42528746230040954 0.28315348932909334 0.4287454167926307 0.31269917055000274 0.40426487163452646 0.3182746102276318
1 0.3923580545578943 0.21890273490792403 0.3939693272166022 0.19754962133448808 0.41538316705548406 0.2006940022274048 0.41377189439677614 0.22204711580084074
1 0.321024481329451 0.17447691702133875 0.3427403575505909 0.17519817916220717 0.34237484459152856 0.19661326260339468 0.32065896837038865 0.19589200046252628
1 0.41158381167983726 0.34763507966127594 0.4051115355400431 0.37988046735447634 0.3908462873094065 0.37430859011694634 0.3973185634492007 0.34206320242374594
1 0.4018519043878806 0.44831456114503687 0.40902050573104254 0.40631466900609187 0.42428861336171003 0.41138579309510154 0.4171200120185481 0.4533856852340466
1 0.4041850321311632 0.44022360557212226 0.3977219652640167 0.4511047463110444 0.3908144225154498 0.44312074547722785 0.39727748938259627 0.4322396047383057
1 0.4221845713027201 0.4744799006440987 0.4123058722026744 0.5010795068070519 0.39907021570542983 0.49151411400489736 0.4089489148054755 0.4649145078419441
1 0.39956735427486534 0.5513111928750994 0.3912906055446852 0.5240207194071836 0.41155292028818835 0.5120623895612092 0.4198296690183685 0.5393528630291249
1 0.4599644603536615 0.9170949017379058 0.41371463495054567 0.8983398731198148 0.4263793109933753 0.8375656770906559 0.47262913639649107 0.8563207057087469
1 0.5185272128979881 0.7475597934291082 0.49472461529360656 0.785928921626809 0.4656453469520058 0.7508247548621365 0.4894479445563873 0.7124556266644356
1 0.43655389145056395 0.8550097577812193 0.45540128731449653 0.7516564085774103 0.5025980784645413 0.7684047590782129 0.4837506826006087 0.8717581082820218
1 0.47116467396892187 0.6885931942884299 0.431810721509045 0.7135467178059376 0.4159353778686795 0.6648261451598867 0.4552893303285564 0.6398726216423791
1 0.4553718479772687 0.6384709105389506 0.49308475830080734 0.639163132266956 0.4927979189334454 0.6695731272140083 0.45508500860990675 0.6688809054860028
1 0.5011944127274346 0.7085520644770912 0.4577061934298943 0.7014149893261286 0.46004216630878725 0.6737167653813918 0.5035303856063276 0.6808538405323545
1 0.38483981247606197 0.6352974193915152 0.3684793947282061 0.6554660836167872 0.3566977641080916 0.6368685468357412 0.37305818185594747 0.6166998826104693
1 0.3756615614926435 0.6001225515607592 0.40085795672172975 0.60438297416547 0.39796283368329666 0.6377014808111148 0.37276643845421037 0.6334410582064041
1 0.3998518244996156 0.654443837046677 0.3808563850107496 0.6827487858789641 0.36293053666207886 0.6593388911522515 0.3819259761509449 0.6310339423199642
1 0.4316389967734829 0.650042812216707 0.4164321827142284 0.7041361296227059 0.38306793541623396 0.6858842026895837 0.3982747494754886 0.6317908852835848
1 0.3569545576332214 0.8426431234677089 0.411160028760466 0.8410999459213506 0.4117520234409242 0.8815647836256815 0.35754655231367966 0.8831079611720397
1 0.35982032024180277 0.9646472757926928 0.4119038220989355 0.9491634808294588 0.41607082825267055 0.976439417745469 0.3639873263955378 0.9919232127087032
1 0.2995341540770144 0.865768709405874 0.33253848324277074 0.834718333533323 0.35158138021888574 0.8741068693054564 0.31857705105312945 0.9051572451780074
1 0.30516670369208176 0.9058256062903359 0.2551945732840966 0.8961436429840355 0.26125010648825137 0.8353231980596824 0.3112222368962365 0.8450051613659827
1 0.2705974055300725 0.9306980369063492 0.2608140636126611 0.9664415596093748 0.24295314820579866 0.9569283653734086 0.2527364901232101 0.9211848426703831
1 0.25181319163065047 0.8754000390299481 0.2535259115307534 0.9100432905884149 0.24051229214398195 0.9112952739802676 0.23879957224387904 0.8766520224218007
1 0.243305961995348 0.7706438428685783 0.23575948770418428 0.7267804865842544 0.2642632863949975 0.7172376442111086 0.27180976068616125 0.7611010004954325
1 0.2930115453648021 0.6242308419403195 0.3560747438446571 0.6219157898329847 0.3571663970105647 0.6797830169807688 0.2941031985307097 0.6820980690881037
1 0.3123653994609534 0.6348241995636629 0.27093245737821336 0.6236374439188502 0.2746140824969049 0.597102757702894 0.3160470245796449 0.6082895133477065
1 0.27457198246360953 0.6126595591045236 0.3013758690352047 0.6418922846771028 0.2812760055834775 0.6777559224664045 0.2544721190118823 0.6485231968938252
1 0.2418196970396088 0.7108606325936141 0.24405789795961494 0.654660636988161 0.2765924092448548 0.657182025945409 0.27435420832484864 0.7133820215508619
1 0.26652771746351545 0.5859461566876027 0.2738070144248837 0.5608985250078021 0.288307939609082 0.5690992311706106 0.2810286426477138 0.5941468628504112
1 0.2796531281088404 0.5780519991213278 0.26064717889134376 0.619146810374608 0.24479838343175048 0.604883129761061 0.26380433264924713 0.5637883185077807
1 0.23836866903922757 0.6525732187214945 0.2399246649374569 0.6265264675576805 0.2494174922653413 0.6276299952570403 0.24786149636711197 0.6536767464208543
1 0.2857280704704596 0.20135914372400476 0.3199608384834624 0.18587136570626248 0.3275571897643523 0.21854449355388939 0.29332442175134954 0.23403227157163167
1 0.26575302441497495 0.2835042694961734 0.24577887826288375 0.275145244737265 0.2518406971232387 0.24695827838286977 0.2718148432753299 0.25531730314177825
1 0.23861706575347688 0.317664501170595 0.25178080403211817 0.29471061936233045 0.27359194567974243 0.3190513867989375 0.2604282074011012 0.3420052686072021
1 0.2729383842022843 0.3364532522856902 0.2517225865470802 0.28950864643025376 0.2680622473842246 0.2751388877129512 0.2892780450394286 0.3220834935683876
1 0.2692988958002591 0.2267852707413681 0.324313205450942 0.23019611760115832 0.322210422607396 0.29619561714325177 0.26719611295671314 0.29278477028346156
1 0.2931132756235343 0.2988574312121739 0.3204032303219963 0.3197046093053278 0.30814971226752497 0.3509185861588731 0.28085975756906295 0.3300714080657192
1 0.3135332745378912 0.34937846986398857 0.3019680056613175 0.3977783606140928 0.2764674774082162 0.38592085605025767 0.28803274628479 0.3375209653001534
1 0.30802171851806925 0.4079618326832469 0.3048124456663817 0.43532025253072854 0.2918701150659547 0.43236590968926863 0.29507938791764227 0.405007489841787
1 0.23468275438652952 0.5960870242317734 0.243638343357567 0.6485569036209579 0.2123110166528587 0.6589618583247117 0.20335542768182122 0.6064919789355272
1 0.1629969377942231 0.6256034431290298 0.1721589663402857 0.5787406741381184 0.20899563203024196 0.5927551473484192 0.19983360348417936 0.6396179163393307
1 0.21748179881808466 0.66127476130857 0.1746242663603332 0.7220732918018657 0.14196714819768985 0.6772767273102497 0.1848246806554413 0.6164781968169538
1 0.21552369355295709 0.6703267793120521 0.24052726601342544 0.6802922549598628 0.23543692423678356 0.7051455368422035 0.21043335177631514 0.6951800611943928
1 0.19643552345805093 0.7274081502335211 0.22930272062679855 0.7219062110795345 0.23216605399241005 0.7551914418006602 0.19929885682366244 0.7606933809546468
1 0.2527270759707099 0.7802998660820809 0.24181993682083402 0.8624618770742072 0.2112316364948546 0.8545600429335054 0.2221387756447305 0.7723980319413792
1 0.1833182316277183 0.8265998869891859 0.16681283316671183 0.8472426384375357 0.1549770987667217 0.8288270156187 0.17148249722772818 0.8081842641703502
1 0.23851945673159508 0.9177167646563593 0.17989793461393555 0.9199269403718681 0.17885622495609518 0.8661606900894664 0.23747774707375474 0.8639505143739576
1 0.17157161960448686 0.9155477137475496 0.11571108898980463 0.8877176778388807 0.12873377658346946 0.8368520179572615 0.18459430719815167 0.8646820538659304
1 0.10786388345766013 0.8851682939043599 0.12363044765310692 0.8995490381180659 0.11351050923152434 0.9211397191970753 0.09774394503607754 0.9067589749833692
1 0.07364317768763279 0.9099460776107947 0.05846053156291831 0.8742057107229283 0.08250560764988217 0.8543288685330802 0.09768825377459665 0.8900692354209466
1 0.059266737438084735 0.8769156142044214 0.03497978097069063 0.9035354233990225 0.017998219273048618 0.8733860316927567 0.04228517574044273 0.8467662224981556
1 0.0019254474826058778 0.8966900978571541 0.02910661157402188 0.9012860270374654 0.02660685385417766 0.9300550699117532 -0.0005743102372383449 0.9254591407314421
1 0.12262280070587867 0.9675571413700338 0.14830562529094296 0.9689090389362549 0.1477757017899988 0.9884995132050662 0.12209287720493452 0.987147615638845
1 0.1706029201924223 0.6286708577729617 0.13751441165506506 0.6496516214868632 0.1238784619718294 0.6078036838518134 0.15696697050918662 0.5868229201379119
1 0.08323935018205268 0.6160266216483237 0.04757753440923138 0.6227493181473185 0.0425562474911142 0.570916149887409 0.0782180632639355 0.5641934533884143
1 0.13172111593621108 0.5854771432086002 0.11761025062691437 0.6514195229112559 0.09675539013312612 0.642735337435286 0.11086625544242285 0.5767929577326302
1 0.06501655573329579 0.6287689228994252 0.07699215805289329 0.5861695650899648 0.10783599320314152 0.6030426875171883 0.09586039088354403 0.6456420453266488
1 0.20473629233199106 0.45453507205453714 0.2179441184111646 0.4336539174085674 0.23077092541978356 0.4494419554036211 0.21756309934061002 0.47032311004959093
1 0.1218662545716646 0.44923425547448975 0.08854252928476122 0.46443150228905344 0.08231505101343625 0.43785892857837355 0.11563877630033961 0.42266168176380986
1 0.12734532559090586 0.4232332035390535 0.1444064603448306 0.42663317227617914 0.14195383568578984 0.4505826943156961 0.1248927009318651 0.4471827255785705
1 0.24648966301833736 0.29947608771397427 0.22104360714517593 0.31722443628424274 0.21529523701557776 0.30118681249103163 0.2407412928887392 0.28343846392076316
1 0.2114750466731558 0.3031046733952623 0.18689632987140997 0.2881974009632025 0.19159981805466736 0.27310654599437995 0.21617853485641322 0.28801381842643975
1 0.15651157698756116 0.2963896151117202 0.19820416887062708 0.2989183466502297 0.19745434266935202 0.32297579444871055 0.1557617507862861 0.320447062910201
1 0.2027779779141683 0.30583844842227387 0.22398653920376924 0.31693296837683776 0.21967133978766207 0.3329852338703779 0.19846277849806113 0.3218907139158139
1 0.04668343166705534 0.6992074052422257 0.018924064498469336 0.7110616296034249 0.011822868296192723 0.678702211647736 0.03958223546477873 0.6668479872865368
1 0.039900294034623925 0.7196219089144871 0.027479645954937237 0.8192494718401222 -0.00295748447409664 0.8118653096680636 0.009463163605590044 0.7122377467424283
1 -0.006045387110929889 0.8742680698135499 0.003810879686372525 0.8162157112932507 0.02022593471891611 0.8216390620805132 0.0103696679216137 0.8796914206008123
1 0.006206935895807276 0.608451399626158 0.014597166641787486 0.5768500480342207 0.03992186457900736 0.5899341913280438 0.031531633833027144 0.6215355429199813
1 0.032620047012396555 0.5601262958342688 0.029818335173579787 0.6369897652401821 -0.0015897794909576124 0.634761955387295 0.0012119323478591568 0.5578984859813816
1 0.47986344527607866 0.0794363662245312 0.43055300741905145 0.0774987050628788 0.43153002184517564 0.029115484676217017 0.48084045970220285 0.031053145837869417
1 0.42462448348073234 0.06352178416301742 0.3263749183213256 0.060971911739576376 0.32718335074900684 0.000355715384257272 0.4254329159084136 0.002905587807698317
1 0.2116761007879399 0.023051349875019275 0.28071985516316195 -0.02047530303585485 0.2984285385351525 0.03418703080655553 0.2293847841599304 0.07771368371742965
1 0.3289298261169125 0.03402160534584852 0.2936732067047074 0.035090781003763026 0.293166344722341 0.002566021531071497 0.3284229641345461 0.0014968458731569854
1 0.22659788495710864 0.0752226909217871 0.18030742762067903 0.10423421884228964 0.162516573527381 0.04899462988998816 0.20880703086381058 0.01998310196948561
1 0.21448926818937192 0.023104362066373396 0.19226226947269323 0.023638950075043148 0.19199520847639365 0.0020314338818267362 0.2142222071930723 0.0014968458731569846
1 0.19456773479993347 0.10700102070075987 0.18243904777172276 0.13054077558899338 0.17105238308517748 0.11912406069460914 0.1831810701133882 0.09558430580637563
1 0.18214521356651908 0.13200343933285358 0.1656321458261063 0.16716259364961847 0.15210548900504486 0.15479991488228778 0.16861855674545764 0.1196407605655229
1 0.1827554712214184 0.13388094069460443 0.1957471881855927 0.09083843620772009 0.2227135418256695 0.10667729961331592 0.2097218248614952 0.14971980410020025
1 0.0455487001622887 0.20417685775977062 0.07403306475771716 0.1364801762440667 0.1120717981109507 0.16762586746194336 0.08358743351552222 0.2353225489776473
1 0.11110125191340786 0.2078808025641881 0.09713826489903245 0.15029360407876594 0.13937315550165258 0.1303659338784787 0.15333614251602798 0.18795313236390085
1 0.1488275347721315 0.15160560281970792 0.11873103848261414 0.13108016257152988 0.12707444608313614 0.10727343565960247 0.15717094237265355 0.1277988759077805
1 0.07180529504783909 0.25099924711629945 0.11638980240217212 0.17404701142539414 0.16812062901076588 0.23237069150777884 0.12353612165643284 0.30932292719868415
1 0.11161960125462878 0.29197297895289265 0.05732233580495354 0.38568332496511887 0.03147459670295994 0.3565395537690513 0.08577186215263517 0.262829207756825
1 0.1247857435413651 0.3084669108084944 0.10371025490910346 0.35746653932035233 0.08602008134111505 0.34266013072997975 0.10709556997337671 0.29366050221812184
1 0.03348306960767116 0.4244405036248666 0.015136179184718605 0.40524544911856064 0.03694470148881762 0.36468225667115556 0.055291591911770174 0.38387731117746154
1 0.04732341576099497 0.41065103299802846 0.047989317427073616 0.5067938614357 0.000447986991467567 0.5074346242628769 -0.00021791467461108167 0.41129179582520536
1 0.020051216347605042 0.11578719481686425 0.019349728839301524 0.17792557383132554 0.0013351516722784026 0.1775298275290067 0.00203663918058192 0.11539144851454541
1 0.16828387230132044 0.08571604818384145 0.16113980233977696 0.11720797189208941 0.1530025163370182 0.11361578553166223 0.16014658629856168 0.08212386182341426
1 0.28741951720192943 0.9025168759737318 0.27783733271707817 0.9380226746653346 0.2661990103398509 0.9319106035995957 0.27578119482470215 0.8964048049079928
1 0.3436780789544851 0.8910117918927898 0.35639958299670627 0.8907719595170268 0.35652348066663575 0.9035606642479805 0.3438019766244146 0.9038004966237436
1 0.3745936417309424 0.889855936764485 0.37584717606687956 0.9015135154768807 0.36395176950237706 0.9040026016863337 0.36269823516643984 0.892345022973938
1 0.382757531493049 0.9021782132042808 0.38247857257196866 0.8869991418755462 0.39780683945415757 0.8864509647907347 0.39808579837523783 0.9016300361194693
