0 0.09607843137254898 0.2804878048780488 0.2342296918767507 0.34516129032258064 0.21086834733893556 0.4435877261998426 0.07271708683473387 0.37891424075531077
0 0.08402389857677174 0.45899864928166345 0.10080536260747072 0.3856760186098971 0.14759216981590323 0.40679634169080825 0.13081070578520423 0.4801189723625746
0 0.1449299719887955 0.4137686860739574 0.20694677871148462 0.4428009441384736 0.19327731092436976 0.5003933910306844 0.13126050420168067 0.4713611329661683
0 0.10549804886715848 0.4661557409521604 0.15340795676140467 0.4879244048458875 0.14182619014716305 0.5381995937321135 0.09391628225291684 0.5164309298383863
0 0.04133883525134841 0.4345802951507975 0.0783152092128086 0.4513318566647709 0.07129260752368809 0.48190586645764927 0.034316233562227905 0.4651543049436759
0 0.032919978802331724 0.48211878282688675 0.07827087591793477 0.501716035468986 0.07191157544098725 0.530741914219491 0.026560678325384203 0.5111446615773918
0 0.049295528685289566 0.6177416411763665 0.0521525318356769 0.5374937950167852 0.08367037588102572 0.5397069874487659 0.08081337273063838 0.6199548336083471
0 0.11247534630290472 0.5367826002608236 0.11016231149994243 0.6244904777814901 0.08071831472314951 0.6229589472209349 0.0830313495261118 0.5352510697002684
0 0.1484593837535014 0.5428796223446105 0.1484593837535014 0.6066089693154996 0.10700280112044817 0.6066089693154996 0.10700280112044817 0.5428796223446105
0 0.1863541746974019 0.5587668454370248 0.14081669364993704 0.5395809122341 0.15293603680004114 0.482845985606941 0.19847351784750597 0.5020319188098658
0 0.27170868347338933 0.45554681353265136 0.24857142857142853 0.5530291109362706 0.20487394957983196 0.5325727773406767 0.22801120448179274 0.43509047993705735
0 0.3261991123527158 0.450513939542232 0.26101786559127665 0.41491468793439124 0.27474861258176186 0.3653284340505776 0.339929859343201 0.4009276856584184
0 0.24408963585434174 0.4059008654602675 0.3225770308123249 0.44264358772619977 0.31400560224089635 0.478756884343037 0.23551820728291314 0.4420141620771046
0 0.3091718074513042 0.5130337497669215 0.2668823367497288 0.49394359727673354 0.2758122439727336 0.45492648362993043 0.31810171467430903 0.4740166361201183
0 0.17197351133527913 0.644420740995143 0.20849506644210675 0.5339476232659629 0.2388635622139727 0.5537492683257064 0.2023420071071451 0.6642223860548864
0 0.15640972282654617 0.7334151407192129 0.17650312714009508 0.6427102569670595 0.24120257738394774 0.6709791486812631 0.22110917307039882 0.7616840324334166
0 0.183057197642464 0.6343895737726076 0.15984801491574552 0.7253127893037353 0.09630552536472002 0.693321287542783 0.1195147080914385 0.6023980720116553
0 0.02713639301874597 0.5982630272952855 0.11241542770954535 0.6309265871815046 0.10125834949364361 0.6883798341705503 0.015979314802844233 0.655716274284331
0 0.01345118631807105 0.7229993229669915 0.03630975481615832 0.660322602891591 0.08192340084007214 0.693133861957938 0.05906483234198487 0.7558105820333385
0 0.03582117323463683 0.7987036558382353 0.006102195390791703 0.7739220091630286 0.024908331563672413 0.7294395669006183 0.05462730940751754 0.7542212135758251
0 0.08412823862750474 0.6881926815677049 0.1131394592385899 0.7106016240027425 0.09997473077522759 0.7442173028627693 0.07096351016414243 0.7218083604277317
0 0.29608809040857725 0.7027591632979733 0.25146334395827297 0.6776906589978025 0.2687337003767024 0.6170541794405708 0.3133584468270067 0.6421226837407417
0 0.20605407753036611 0.5989781731514433 0.2668675358616755 0.633862634433125 0.2528666005674626 0.6820030759674062 0.1920531422361532 0.6471186146857246
0 0.28042904966864796 0.7813590220874671 0.20827491972398718 0.7345896259906737 0.22960715993714562 0.6696781869470937 0.3017612898818064 0.716447583043887
0 0.14849973118523604 0.7306717792862412 0.18656188438645174 0.7659032963533488 0.16675835620528365 0.8081011070196431 0.12869620300406798 0.7728695899525354
0 0.13859943977591035 0.7570416994492525 0.12840336134453778 0.7856805664830842 0.10577030812324928 0.7697875688434305 0.11596638655462185 0.7411487018095987
0 0.2436058515614285 0.9802794103076694 0.17053663149390066 0.9328319852314607 0.19668001321313439 0.8534231315125176 0.26974923328066225 0.9008705565887264
0 0.2323203163618389 0.9367482760216596 0.2457340583292141 0.8920072198824454 0.26143746910528914 0.9012930994585088 0.24802372713791393 0.9460341555977229
0 0.0974884133695348 0.7900745219324421 0.262060983500169 0.9269553840215707 0.23816803204184664 0.9836145086345623 0.07359546191121245 0.8467336465454337
0 0.22584179072222368 0.7898381376845263 0.28675161459242454 0.8379555806661735 0.2603146896740893 0.9039612258858304 0.1994048658038884 0.8558437829041833
0 0.29991826759032225 0.5618626898139584 0.3197292514739607 0.48457751140611105 0.35349346537481846 0.5016482304090153 0.33368248149118007 0.5789334088168625
0 0.2568440442939046 0.978762221315249 0.2793490120075163 0.901327248810487 0.3057709481507705 0.916473014161796 0.2832659804371588 0.993907986666558
0 0.302447780387394 0.9084807748423719 0.26872895810821673 0.892151493589942 0.27765325046065187 0.8558048379153704 0.3113720727398291 0.8721341191678003
0 0.3227281043041309 0.8220159663088272 0.3111430929410952 0.8728599014067295 0.2781923219215117 0.8580514982545769 0.28977733328454747 0.8072075631566745
0 0.30582908573265366 0.8994131379706183 0.31823116131698576 0.8253885542557171 0.34780180924828946 0.8351601294965887 0.33539973366395737 0.9091847132114896
0 0.35044427519675037 0.8304427731401112 0.3993668145095052 0.8514755609192826 0.3813984695172813 0.9339094080079192 0.3324759302045265 0.912876620228748
0 0.3668575710538994 0.9327627075325613 0.34763332084426135 1.0245581241512025 0.2833627718603365 0.9980104937683855 0.3025870220699745 0.9062150771497441
0 0.38307700841189474 0.9129383403752225 0.3965172664648494 0.8512781163730364 0.4394708378400865 0.869744724275732 0.4260305797871318 0.931404948277918
0 0.37635453727461476 0.9888533254268139 0.3878721976872475 0.9151650679481422 0.4281399733559713 0.9275789885429887 0.41662231294333857 1.0012672460216603
0 0.2677500467103531 0.8893058971981664 0.301700556997511 0.765770575362572 0.3657457411038351 0.800486359036918 0.3317952308166771 0.9240216808725124
0 0.36401464817552853 0.8384485849312835 0.37376179870611936 0.7993372806779292 0.40764974141104093 0.815994630957158 0.3979025908804501 0.8551059352105123
0 0.4009758021897864 0.8622159239392903 0.40588905181204454 0.8158860287994292 0.44448695332871857 0.8239594301997478 0.43957370370646043 0.870289325339609
0 0.4573496569580933 0.8938855964129405 0.446146870245829 0.9594408491056752 0.4225852519525208 0.9514992304771519 0.43378803866478516 0.885943977784417
0 0.3309063254306781 0.7707160512827996 0.29879121969192407 0.7550281742277792 0.3060920827015461 0.7255497191864699 0.33820718844030023 0.7412375962414902
0 0.11414420237949649 0.22182428752058964 0.19100263806146156 0.26276721556029187 0.17825491943139002 0.30996596063472537 0.10139648374942492 0.26902303259502314
0 0.1907228351152192 0.2652520921509232 0.15446201652275685 0.24278521989162813 0.16803152832458115 0.19958911859329523 0.20429234691704348 0.22205599085259037
0 0.110797056968879 0.21575943625939406 0.13102830196580986 0.12862659982099953 0.16279810514551826 0.1431758503279043 0.14256686014858744 0.23030868676629884
0 0.18264807263387925 0.15280235739311468 0.2176433039703817 0.17442726273669376 0.20439317818280126 0.21671943520438403 0.16939794684629883 0.19509452986080494
0 0.1850980392156863 0.15436664044059795 0.16974789915966387 0.1974822974036192 0.15025210084033613 0.18379228953579857 0.16560224089635855 0.14067663257277732
0 0.1375107088989442 0.23117157901107546 0.1519186382245206 0.1843791079101858 0.17042740788623148 0.19561968165587368 0.15601947856065507 0.24241215275676334
0 0.22117540179823914 0.17589644997429507 0.1652304801093728 0.1417358488677968 0.18218861471456624 0.08695880589248477 0.23813353640343257 0.12111940699898303
0 0.18252561298492 0.0866861386245325 0.167767929089444 0.14195488397659056 0.13836000153486053 0.12646713298772408 0.15311768543033652 0.07119838763566602
0 0.010674001700046797 0.10389087298317637 0.027448524465801906 0.04568816220663817 0.05439331114813192 0.06100492725619242 0.03761878838237682 0.11920763803273061
0 0.019361566408741718 0.07270177843905554 -0.004703663643675288 0.05982659634964283 0.00033724380841445716 0.041242959858535023 0.024402473860831466 0.054118141947947736
0 0.01288515406162465 0.06530291109362707 0.01288515406162465 0.0967741935483871 0.0 0.0967741935483871 0.0 0.06530291109362707
0 0.027450980392156862 0.0 0.027450980392156862 0.05192761605035405 0.0 0.05192761605035405 0.0 0.0
0 0.05910652920962199 0.05734586777194675 0.023330156804990038 0.03802104033677516 0.035314331918334343 -0.005738642354830599 0.0710907043229663 0.013586185080340995
0 0.2582849039642445 0.13038051926779268 0.20667576788758574 0.09802329636371128 0.22383551665813892 0.04404096789464776 0.27544465273479773 0.07639819079872917
0 0.169187675070028 0.003933910306844993 0.21310924369747897 0.034775767112509834 0.19406162464985993 0.0882769472856019 0.15014005602240893 0.057435090479937057
0 0.2544262988214154 0.18841203628104447 0.2756936736958934 0.08387393673084631 0.3157232704402516 0.09993616673841726 0.2944558955657735 0.20447426628861542
0 0.2650857603315299 0.30669411422351084 0.270795441464257 0.23051636614466015 0.31634703196347047 0.23725035836306227 0.31063735083074334 0.3134281064419129
0 0.3249020666645491 0.22410460996130202 0.39931747247407995 0.2606321815341821 0.38754020213713375 0.30795515639647875 0.3131247963276029 0.27142758482359863
0 0.3396798135312518 0.33032786414513543 0.3858308286818376 0.3538968683776783 0.3764910343699523 0.3899682415708075 0.33034001921936645 0.3663992373382645
0 0.4198989204222615 0.3403126408717881 0.4090732378360597 0.3889643316132392 0.38843466212107614 0.37990653813093056 0.39926034470727795 0.33125484738947947
0 0.4351277165141149 0.10688916902360054 0.39766621890391846 0.25853307555740146 0.36108191975675025 0.24070763588077176 0.3985434173669467 0.08906372934697086
0 0.35321959380121964 0.12017568972633988 0.31408622221576615 0.09941334755026532 0.3255361954634922 0.05684755400541431 0.3646695670489457 0.07760989618148888
0 0.29453031137627156 0.1001158389990983 0.24674945105249527 0.06119567795015603 0.2671827905062055 0.011718601896990196 0.31496365082998184 0.050638762945932475
0 0.22386554621848742 -0.020613690007867835 0.25837535014005597 0.0036191974822973767 0.24056022408963582 0.05365853658536585 0.2060504201680672 0.029425649095200644
0 0.40635543308485805 -0.009705484524640309 0.539260604627306 0.07730560339146808 0.5164649243341047 0.1459816329339598 0.3835597527916568 0.058970545017851414
0 0.4959732185557149 0.20929170424670415 0.4195162943226071 0.16973191840494328 0.4348008471681356 0.11146782828961252 0.5112577714012434 0.15102761413137336
0 0.5132900788660861 0.14876805238397878 0.4682339928060098 0.34456869417883246 0.387541430980741 0.3079453334129695 0.43259751704081734 0.11214469161811573
0 0.4292162147878019 0.45198402683965977 0.3767559854130332 0.43093389546190053 0.38734739178690347 0.3788726749105592 0.4398076211616722 0.3999228062883185
0 0.41338884177524227 0.46000765127509224 0.40267262868450143 0.5101740304174277 0.36129828078020204 0.49274211593847217 0.3720144938709429 0.4425757367961369
0 0.40273245484964415 0.5173398194381089 0.38255566818166953 0.6241462496211507 0.3406635494664792 0.6085373507180535 0.3608403361344538 0.5017309205350118
0 0.3805042016806722 0.6289535798583791 0.36812324929971985 0.681117230527144 0.32627450980392153 0.6615263571990558 0.33865546218487397 0.6093627065302911
0 0.32865786492837024 0.6592964888718399 0.365841308673488 0.6837401977268338 0.3543493297801854 0.7182198332769956 0.3171658860350676 0.6937761244220015
0 0.3172469952999294 0.6934131441007004 0.350090048081959 0.7104964699205341 0.34472433122826934 0.7308427109719557 0.3118812784462398 0.7137593851521222
0 0.43336299225572583 0.5295135835608832 0.42319986818256716 0.5937427685472302 0.3933036744109409 0.5844124589253483 0.40346679848409955 0.5201832739390013
0 0.38972570160139525 0.568991879815329 0.4112573331219279 0.5776316375458338 0.4010675968500607 0.6277184804714754 0.37953596532952805 0.6190787227409705
0 0.3598060762766645 0.7396296072141864 0.37799612152553325 0.6459601767233554 0.40795518207282916 0.6574350904799371 0.38976513682396036 0.7511045209707682
0 0.39082771918965886 0.8034192701426238 0.35728172288745524 0.7864588789358605 0.3683155981939518 0.7434143221081302 0.40186159449615544 0.7603747133148934
0 0.3366175828129417 0.7769148037736665 0.34600776090252616 0.7329560629136921 0.3667720299128826 0.7417045019813914 0.35738185182329807 0.7856632428413659
0 0.4306254301227475 0.7128077387805976 0.41848302180362684 0.7662400674421564 0.3878470040440169 0.7525085547194962 0.39998941236313745 0.6990762260579373
0 0.41050684424713285 0.6399358698395261 0.4461709211986681 0.6542463963897094 0.4344802071772105 0.7117111767587548 0.39881613022567514 0.6974006502085714
0 0.45684078431372543 0.6515612903225806 0.4166552380952381 0.635100550747443 0.4249438655462185 0.5951899291896144 0.46512941176470585 0.611650668764752
0 0.43792717086834737 0.5152635719905585 0.4658263305322129 0.528324154209284 0.4555742296918768 0.5715184893784421 0.42767507002801125 0.5584579071597168
0 0.4435424981566374 0.5604720026074301 0.4722787915448466 0.5728034371881954 0.463306903565943 0.614040367416673 0.4345706101777338 0.6017089328359079
0 0.4741234424804406 0.5001763477034105 0.46535303776683096 0.5309693697604386 0.4440065681444993 0.5189777259285386 0.4527769728581089 0.4881847038715104
0 0.40021943601721843 0.518640702020748 0.4128396917872581 0.4574124673535718 0.44641161256835016 0.47106074812165216 0.4337913567983105 0.5322889827888283
0 0.10947115837485431 0.882777549556826 0.15803336555861275 0.9271623625742395 0.13865387570957582 0.9689831015923634 0.09009166852581739 0.9245982885749499
0 0.41813047278054694 -0.07197718728355937 0.574693721647111 0.000999683156716092 0.5371968759722856 0.15966597241518626 0.3806336271057215 0.08668910197491081
0 0.6090729783037476 0.19931657037509487 0.5564450632323936 0.16852033761795912 0.571378847396947 0.1181849077509672 0.624006762468301 0.14898114050810293
0 0.5653902798232695 0.11693446997655875 0.579525830950937 0.06531913340417071 0.6197320165179474 0.08703675164453673 0.6055964653902798 0.13865208821692476
0 0.7031137667531603 0.035453112915484475 0.6702049658390269 0.16383454842498713 0.626204362764936 0.1415884528031061 0.6591131636790695 0.013207017293603452
0 0.6610644257703081 0.0 0.6610644257703081 0.03540519276160504 0.6039215686274509 0.03540519276160504 0.6039215686274509 0.0
0 0.6416753002570892 0.03583091730166089 0.6248302060550247 0.08787708955304312 0.5971835309466252 0.07022838235452612 0.6140286251486895 0.018182210103143893
0 0.6647507083934227 0.24176656216119524 0.6069733903699062 0.20596826322844997 0.6246441806266316 0.14971647929555373 0.6824214986501481 0.18551477822829898
0 0.600398617140537 0.25028068260436376 0.5407042502827621 0.2160622639267587 0.5544528414721832 0.16875618491878386 0.6141472083299581 0.2029746035963889
0 0.5814618489210919 0.2530891716090266 0.5326749565304241 0.4255620008492655 0.4987183852471296 0.40661713042602265 0.5475052776377973 0.2341443011857838
0 0.6040181589877331 0.36984182967524903 0.5745387810296534 0.47334436636913657 0.5235390708007341 0.44469464716894125 0.5530184487588139 0.34119211047505366
0 0.5977278780364605 0.2608866130966968 0.638474537355926 0.2832789464859217 0.6134132341461175 0.37322490358695226 0.5726665748266521 0.3508325701977274
0 0.6139510939510938 0.3720033172432858 0.6236899083957907 0.3275522572139409 0.6619940949352714 0.3441044506347417 0.6522552804905746 0.3885555106640866
0 0.6385835067972142 0.2696785742642865 0.7030863721635441 0.2968550372097387 0.6952997712846604 0.33330686665848597 0.6307969059183305 0.30613040371303374
0 0.6504831048626613 0.2343576637053035 0.7351218353870793 0.27465160921360104 0.7262991359903919 0.3112040319894518 0.6416604054659739 0.2709100864811542
0 0.6563453616740816 0.3767945573193873 0.6650716757291153 0.3216457629471931 0.6936035590706872 0.3305502846299811 0.6848772450156534 0.3856990790021753
0 0.6579271708683473 0.38143194335169156 0.7145658263305322 0.4079464988198269 0.7035854341736695 0.4542092840283241 0.6469467787114845 0.42769472856018875
0 0.6021260320792845 0.4064520775581857 0.6570061995783035 0.4343101626403472 0.6461419231962909 0.47652356068328117 0.5912617556972719 0.44866547560111963
0 0.6099020630149872 0.3642657370769611 0.6677135087611688 0.4021547491198952 0.6406775849025742 0.4835177772545326 0.5828661391563925 0.4456287652115985
0 0.5853440821800068 0.4513278583385082 0.6225301211057435 0.47619657044462643 0.6049467476454536 0.5280543795838053 0.567760708719717 0.5031856674776872
0 0.6436409570197505 0.4865263822558094 0.6234937287016717 0.5485574826983117 0.563744866099306 0.5102819887044154 0.5838920944173848 0.4482508882619132
0 0.658280631840365 0.43140801544363966 0.7103497068930664 0.4595334463487634 0.6931531375436771 0.5223259548857544 0.6410840624909756 0.4942005239806305
0 0.6116480586568904 0.5887057769417136 0.5690559509922949 0.5671717970949243 0.5784115345855056 0.5306744705937418 0.6210036422501012 0.5522084504405311
0 0.541758776503302 0.593751686987084 0.5463812386268374 0.5374893037840196 0.5728336298022858 0.5417758302847921 0.5682111676787504 0.5980382134878566
0 0.5548459383753501 0.5301337529504327 0.5412885154061625 0.5872541306058222 0.505658263305322 0.5705743509047994 0.5192156862745098 0.5134539732494099
0 0.5163363458590983 0.48874010955569086 0.47031340838222074 0.4702729985303505 0.4812007821996723 0.41675697341270423 0.5272237196765498 0.43522408443804456
0 0.44915743619151094 0.4599465763273464 0.4578985416639718 0.4071595149159587 0.4821612174885347 0.4150838514293879 0.47342011201607376 0.46787091284077564
0 0.432577928459798 0.38341855189432156 0.5284885688046788 0.42640710832055967 0.5140951368221898 0.4897450037399624 0.418184496477309 0.44675644731372427
0 0.38830928597854236 0.37925864346896665 0.43026267110617833 0.39609281059335244 0.4195655620738861 0.44867360420408836 0.3776121769462502 0.43183943707970257
0 0.5053644099149094 0.42622804803824066 0.4647428782833888 0.4099282989178035 0.4851857724221764 0.30944286923088343 0.525807304053697 0.32574261835132046
0 0.46751513883561724 0.36826950387024954 0.4175482641189256 0.34955649650192133 0.4240106000906587 0.31552245919996347 0.47397747480735036 0.33423546656829173
0 0.4551260504201681 0.35940204563335953 0.4451540616246499 0.4014162077104642 0.4083473389355742 0.38418568056648306 0.41831932773109237 0.34217151848937843
0 0.47097196400684155 0.6088704455414522 0.481567635903919 0.5518280498248886 0.5069046379613792 0.5611106856144209 0.4963089660643018 0.6181530813309846
0 0.46325989855401617 0.6140940310885236 0.43452191687485797 0.6016756331469155 0.4435581800287681 0.5604312416271502 0.4722961617079264 0.5728496395687582
0 0.4705481830741347 0.6568369937093037 0.47401599553848695 0.6166577070821065 0.4973218246574649 0.6206250823273085 0.4938540121931126 0.6608043689545056
0 0.5316734717661211 0.5894213469288028 0.5134333079442774 0.6709286950991544 0.48792563087642193 0.6596699957796683 0.5061657946982656 0.5781626476093167
0 0.5076130737411862 0.6796863818807726 0.5264453776188294 0.5822456443963425 0.5593847651206462 0.5948020041482153 0.5405524612430032 0.6922427416326453
0 0.5511653718091011 0.6247791814497573 0.5829818719940806 0.6375458337663109 0.5749696104857037 0.6769294716684232 0.5431531103007242 0.6641628193518697
0 0.5832497805989348 0.6341277693546699 0.5713840901167334 0.7041176053460659 0.5385388490160012 0.6931347355838227 0.5504045394982027 0.6231448995924266
0 0.5724741977327844 0.575276561815196 0.6088947793882654 0.5904831053073467 0.602409715564078 0.6211179697854567 0.565989133908597 0.6059114262933061
0 0.5973265672963888 0.6537748665150452 0.5573819771811164 0.6367753449367696 0.5642987893222892 0.6047191042463073 0.6042433794375615 0.6217186258245827
0 0.6046926635822868 0.653581626428805 0.5947597016334624 0.7140312414360098 0.5703333018600698 0.7061147994589768 0.5802662638088942 0.645665184451772
0 0.5983127368594496 0.7132595917989542 0.5912341407151096 0.7579950941824412 0.5515505025539628 0.7456102189105385 0.5586290986983029 0.7008747165270516
0 0.5519792822789493 0.7415495153125603 0.5895671476137626 0.7566319789795585 0.5792717086834734 0.8072383949645948 0.5416838433486602 0.7921559312975966
0 0.502149267167412 0.826376840387092 0.5153567309276651 0.7764381913268846 0.5549943937402794 0.7971146432897196 0.5417869299800263 0.8470532923499272
0 0.575159972245779 0.808653159038249 0.5650605196206923 0.8559322645608816 0.5419833988641327 0.8462093706465326 0.5520828514892194 0.7989302651238999
0 0.5356280112044818 0.6951439811172305 0.5204499719887955 0.7682278520849725 0.47196056022408955 0.7483656963021244 0.48713859943977583 0.6752818253343823
0 0.47103094896495173 0.7283337491124715 0.4969146683063469 0.7417263149814819 0.48488214798114365 0.787593790178657 0.45899842863974855 0.7742012243096467
0 0.49109243697478994 0.7546813532651456 0.5159663865546219 0.7663257277734068 0.5054341736694679 0.8107002360346185 0.4805602240896359 0.7990558615263571
0 0.4200973277554854 0.7651609705853133 0.43883759599630867 0.6829142681613621 0.4577827647749957 0.6914284148225629 0.4390424965341725 0.7736751172465139
0 0.4382072829131653 0.7713611329661685 0.4551820728291317 0.6998426435877263 0.4741736694677872 0.708733280881196 0.4571988795518208 0.7802517702596383
0 0.45018337231799926 0.6516907703164161 0.4832943486673019 0.6695758676908351 0.47383695746339766 0.7041091112607168 0.44072598111409506 0.6862240138862977
0 0.4550772618189595 0.7853894348739481 0.4423045749873937 0.8409973519333261 0.4044115667001956 0.823830523732862 0.4171842535317615 0.768222606673484
0 0.4627450980392156 0.9276160503540519 0.47130860368219496 0.8654784179446285 0.49576516664840453 0.8721262134160153 0.4872016610054252 0.9342638458254385
0 0.48051228921494826 0.8216889864605501 0.46971867777669535 0.8866544683666354 0.43954095863846065 0.876765388885066 0.45033457007671357 0.8117999069789807
0 0.49926050420168067 0.8314240755310779 0.5326722689075629 0.8381274586939418 0.5223865546218487 0.9392446892210857 0.4889747899159663 0.9325413060582218
0 0.5295328942387765 0.8439832436685308 0.5697781815428875 0.853403364024922 0.5587251116662881 0.946541348586982 0.5184798243621772 0.9371212282305911
0 0.590753007085187 0.9439626047114361 0.557950238919097 0.9337251816540936 0.5638556599110232 0.8964039431665661 0.5966584280771133 0.9066413662239087
0 0.6065689172220612 0.8282720638107383 0.5982930551530956 0.8714419816055782 0.5649624263498503 0.8588393608074012 0.5732382884188159 0.8156694430125613
0 0.6114192827390025 0.8095538986477949 0.5877040971829147 0.8007892280159641 0.5926459703052206 0.7744157225961363 0.6163611558613084 0.7831803932279672
0 0.7002207136129559 0.8136390216416601 0.588866365760278 0.7696078114746495 0.6001807395447263 0.7131710065656791 0.7115350873974042 0.7572022167326897
0 0.6515329419439009 0.8350667686968518 0.6106442577030813 0.813532651455547 0.6210275891178388 0.7746462175182954 0.6619162733586585 0.7961803347596004
0 0.5942684766214177 0.9080675422138835 0.6074552898082309 0.815469345760455 0.6550743374272786 0.828844640803728 0.6418875242404654 0.9214428372571566
0 0.5889927170868348 0.9591376868607396 0.5957333333333333 0.9070715971675846 0.6408425770308124 0.9185900865460266 0.6341019607843137 0.9706561762391817
0 0.7096600726549396 0.8644059637606762 0.6532566888340091 0.8490743670823644 0.6593354292569586 0.8049664335255965 0.7157388130778891 0.8202980302039083
0 0.8155083529454671 0.8259735298152641 0.7659098564112905 0.8099868092984503 0.7729901049007809 0.7666613705675216 0.8225886014349574 0.7826480910843351
0 0.821830570065864 0.7872583834818294 0.773842077371489 0.766521360069747 0.7933923839806192 0.67728751568248 0.8413808766749942 0.6980245390945625
0 0.7294306486639599 0.7426073427098895 0.7415824756869039 0.6686542490651438 0.7863028357410379 0.6831478354653064 0.7741510087180938 0.7571009291100521
0 0.6889947226155233 0.5981575182449079 0.6781874237660055 0.6778411526615443 0.6376159216421798 0.6669880364364453 0.6484232204916978 0.5873044020198089
0 0.6079903494244412 0.6445927397818833 0.6443803798891818 0.6631768766475042 0.6330286859269254 0.7070184405634967 0.5966386554621849 0.6884343036978757
0 0.6263986095043588 0.7323454459231062 0.5937201525745541 0.713389302749735 0.6013950190492021 0.6872936761716841 0.6340734759790069 0.7062498193450555
0 0.6968434270259826 0.7311457174638485 0.6458746257123535 0.7269350769147288 0.6480015454457643 0.6761550774573373 0.6989703467593933 0.680365718006457
0 0.6287736671432057 0.5483054803777859 0.6377837442030754 0.5008537075064232 0.6864953450259772 0.5190966044314438 0.6774852679661076 0.5665483773028066
0 0.7360787147911441 0.27746738436758245 0.6685891894700543 0.24449949117888609 0.6835914804370314 0.18392523314886627 0.7510810057581212 0.21689312633756266
0 0.7055942080209638 0.2108105523514555 0.7256851596440672 0.017754718812131837 0.7851771216568428 0.02996599940078574 0.7650861700337395 0.2230218329401094
0 0.76068694480311 0.15739604864968773 0.7478511807745768 0.21448035720301947 0.7026197884695439 0.19442038736630154 0.7154555524980771 0.1373360788129698
0 0.7260504201680672 0.0 0.7260504201680672 0.05192761605035405 0.6683473389355742 0.05192761605035405 0.6683473389355742 0.0
0 0.7708353929807216 0.16462257601703148 0.8081397264788268 0.177720183273939 0.7969681990443236 0.24047762299254868 0.7596638655462183 0.22738001573564118
0 0.7914146467835689 0.27442048725913326 0.751754667184793 0.25651732967077945 0.7595595926231764 0.2224155573645984 0.7992195722219523 0.2403187149529522
0 0.8132550244656316 0.3307012418451594 0.7733570804267882 0.31372157179072 0.7852588975034926 0.2585621276598561 0.825156841542336 0.27554179771429554
0 0.7281587816548969 0.35149402947749214 0.7385267488708109 0.29221062920868446 0.7730178515528126 0.30410805292565307 0.7626498843368985 0.3633914531944607
0 0.7453970352185818 0.4015373191064277 0.7762471280647091 0.4115356394593304 0.7719887955182073 0.4374508261211644 0.74113870267208 0.4274525057682617
0 0.7724325616461027 0.4274912326309682 0.7206884504348786 0.41364937754692715 0.7289508363520464 0.3527297205632465 0.7806949475632705 0.36657157564728754
0 0.8038610038610039 0.4371743891806835 0.7923536982360513 0.5341399621494035 0.7024150200620789 0.5130882259127736 0.7139223256870315 0.4161226529440535
0 0.7797861192126561 0.3810208712560091 0.8215504102478078 0.3906188018114732 0.8165619628405126 0.43343205683474495 0.7747976718053607 0.42383412627928074
0 0.8215870289721728 0.4010348768427642 0.754421476619845 0.35701528194938176 0.7712956715532929 0.3062333813825541 0.8384612239056207 0.3502529762759365
0 0.8638655462184871 0.30055074744295823 0.8513725490196076 0.35318646734854436 0.8107002801120448 0.3341463414634146 0.8231932773109244 0.28151062155782847
0 0.7926912303382893 0.2621315741693397 0.8081534152122388 0.18250922955879686 0.8403878474466709 0.19485565575258734 0.8249256625727215 0.27447800036313014
0 0.8342631582173351 0.19387205236490854 0.8459285683638883 0.10786145060575336 0.8843891166970069 0.11814987423538384 0.8727237065504537 0.20416047599453901
0 0.8050384678758383 0.1670356116785515 0.8111223493922457 0.09654563513960933 0.8453700394184824 0.10237565461335536 0.8392861579020751 0.17286563115229753
0 0.780696173436552 0.09689298558828743 0.8182557049077839 0.10694038189058393 0.8107190359732516 0.1625092322074488 0.7731595045020196 0.15246183590515233
0 0.8155235481616582 0.11062411127939055 0.7769089948352566 0.09216266120653742 0.7830071420048749 0.06700510530591137 0.8216216953312766 0.0854665553787645
0 0.8403361344537815 0.0 0.8403361344537815 0.05586152635719906 0.8173669467787115 0.05586152635719906 0.8173669467787115 0.0
0 0.7815928919338437 0.06885345307120634 0.7993630573248409 -0.01599873713962127 0.842735820442827 0.0019168416463288872 0.8249656550518298 0.08676903185715651
0 0.795489660832486 0.00045102156384208583 0.7855340862459633 0.04798869439279966 0.7591767917358028 0.03710153497672227 0.7691323663223252 -0.010436137852235306
0 0.7658263305322129 0.0 0.7658263305322129 0.02753737214791503 0.7322128851540616 0.02753737214791503 0.7322128851540616 0.0
0 0.900392156862745 0.11833202202989775 0.927955182072829 0.13123524783634935 0.912717086834734 0.19543666404405982 0.8851540616246498 0.18253343823760823
0 0.8715794009911659 0.17872057132481997 0.9110105580693819 0.18979604188101437 0.9045895281189401 0.23488470616716098 0.8651583710407241 0.22380923561096658
0 0.9064739495798321 0.23303855232100712 0.8893983193277313 0.3649346970889064 0.8517826330532213 0.3553296616837136 0.8688582633053221 0.22343351691581434
0 0.8597000638937273 0.29350587493508873 0.8251945357501195 0.2817580518921324 0.8350560345560599 0.22462866684453994 0.8695615626996678 0.2363764898874963
0 0.8644883835887294 0.23803859860230478 0.8355709342560553 0.23491461100569255 0.8374855824682813 0.1999583468320451 0.8664030318009555 0.2030823344286573
0 0.9338583825566982 0.3173527012649962 0.921519725807628 0.38474124750139466 0.8841206926874886 0.3712352237388896 0.8964593494365588 0.3038466775024911
0 0.922812406259113 0.3845498440165643 0.9372413099673595 0.25916610489368735 0.9739146250127773 0.2674900197121881 0.9594857213045306 0.39287375883506503
0 0.9332885154061624 0.2608654602675058 0.9402689075630251 0.1922423288749016 0.9714845938375349 0.19850511408339888 0.9645042016806723 0.2671282454760031
0 0.9358996000146784 0.26132502344885405 0.9305566768191994 0.3176022730786542 0.9000990789328832 0.3118989620661103 0.9054420021283622 0.25562171243631016
0 0.9048817780387265 0.2406728532702991 0.9096816018984013 0.190116093300671 0.9386346678409355 0.1955376744921133 0.9338348439812607 0.24609443446174145
0 0.9994397759103641 0.3084185680566483 0.9994397759103641 0.4169944925255704 0.9775910364145658 0.4169944925255704 0.9775910364145658 0.3084185680566483
0 0.9994397759103641 0.16050354051927615 0.9994397759103641 0.24154209284028325 0.9775910364145658 0.24154209284028325 0.9775910364145658 0.16050354051927615
0 0.9425770308123249 0.07120377655389462 0.9284593837535015 0.13068450039339113 0.8850980392156862 0.11038552321007082 0.8992156862745098 0.050904799370574294
0 0.8560785292567816 0.09543066122227534 0.8776528666213138 0.011025946395259755 0.9063985291262693 0.025517949582712293 0.8848241917617371 0.10992266440972787
0 0.8236165790791241 0.08324477960153684 0.8422368861818195 0.002302846680693571 0.8752956304682185 0.017302629160578138 0.8566753233655231 0.0982445620814214
0 0.9127116212338593 0.06366026366793956 0.9230511716881874 0.02424632035462753 0.9521022067363532 0.03927769568805052 0.9417626562820252 0.07869163900136256
0 0.9374229691876751 0.090558615263572 0.9498039215686275 0.03839496459480725 0.9738375350140056 0.04964594807238401 0.9614565826330531 0.10180959874114877
0 0.9379644278249197 0.1879543474037154 0.9425133378534788 0.14536423777361834 0.9612240006026861 0.14930584277055012 0.956675090574127 0.19189595240064714
0 0.9861116138763198 0.11232584881680086 0.9876543848308555 0.15132603038189194 0.9628631760396468 0.15326030381891909 0.9613204050851112 0.11426012225382802
0 0.8818732053824951 0.37081478145490987 0.9256109285219217 0.38352350971186905 0.9172018180134082 0.4406042342690687 0.8734640948739816 0.4278955060121095
0 0.884313725490196 0.3725413060582218 0.8749579831932773 0.4119590873328087 0.8341176470588234 0.3928402832415421 0.8434733893557422 0.3534225019669551
0 0.8736910148674853 0.44634751558433694 0.8356604180133592 0.435665436058827 0.8411118293471234 0.3973854626883737 0.8791424262012496 0.40806754221388364
0 0.8711939148683709 0.4418979272562364 0.8569911420838092 0.5273827516479725 0.805402118697848 0.5104773006328248 0.8196048914824097 0.4249924762410886
0 0.8200281274335458 0.5627169771898495 0.8112639910736077 0.6225006610928109 0.7701495868056765 0.6106127432576695 0.7789137231656146 0.550829059354708
0 0.7388515590811143 0.6041410046226688 0.7542069431595975 0.5279439885856957 0.784750234965443 0.5400841343348685 0.7693948508869599 0.6162811503718415
0 0.7016574315315647 0.5201110427782684 0.7535821315425734 0.5298341573357979 0.7491199099727227 0.5768349372464003 0.6971952099617139 0.5671118226888707
0 0.7371170006464126 0.6191732736185923 0.7141564318034909 0.615142528596502 0.717905623787977 0.5730194274647462 0.7408661926308987 0.5770501724868367
0 0.7927343244990305 0.617430248744175 0.7887696617108383 0.661974217757066 0.7379530273647921 0.6530533196150821 0.7419176901529844 0.6085093506021909
0 0.8204577440732389 0.620183838345071 0.8163667418186786 0.6469958358120166 0.7928373300539727 0.6399147972596956 0.796928332308533 0.61310279979275
0 0.8523637613890322 0.5403942999485893 0.9011598863372063 0.5552920324824537 0.8940256246903092 0.6013812711784973 0.8452294997421351 0.586483538644633
0 0.8917992901131573 0.6011046192912145 0.9015247398598429 0.5475213524698425 0.9289718775596882 0.5573470390579066 0.9192464278130026 0.6109303058792788
0 0.9429691876750702 0.619669551534225 0.9210998894970833 0.614328095337775 0.9221278236065068 0.6060271836811295 0.9439971217844937 0.6113686398775796
0 0.9549508123249301 0.5626511408339889 0.9469445378151261 0.6012022029897718 0.9220544537815125 0.5910067663257277 0.9300607282913166 0.5524557041699449
0 0.9938526762056176 0.5561273311076617 0.9814520402755698 0.6606204946094798 0.9427511545158603 0.6515618687137177 0.955151790445908 0.5470687052118995
0 0.9509803921568627 0.651848937844217 0.8866623572505925 0.6337832112812443 0.8911872441284204 0.6020093203413424 0.9555052790346907 0.6200750469043151
0 0.8548173986575762 0.5299199857488532 0.9051318640663812 0.5501091103424728 0.8813699064531473 0.6669091340943841 0.8310554410443423 0.6467200095007645
0 0.8548913905184716 0.7919481020738387 0.879477828867396 0.6710954084586493 0.9252787907615877 0.6894734498166649 0.9006923524126632 0.8103261434318543
0 0.9994397759103641 0.5397324940991345 0.9994397759103641 0.6624704956726987 0.9787114845938375 0.6624704956726987 0.9787114845938375 0.5397324940991345
0 0.7145088232229435 0.6258136824327234 0.7056187901856585 0.6913610641012178 0.6764258438605201 0.6835517786955947 0.685315876897805 0.6180043970271001
0 0.7419521654815774 0.6711856200447862 0.732083602671838 0.7404829631422867 0.6939452704158587 0.7297706227682625 0.7038138332255981 0.6604732796707621
0 0.7056613314697074 0.5846261508483043 0.7390083010891983 0.64624810286577 0.7156561610445396 0.6711729755523034 0.6823091914250486 0.6095510235348377
0 0.9299819912303212 0.25836542792133654 0.9463491332319927 0.10704018996135091 0.9919931386806875 0.11677731110299203 0.9756259966790161 0.26810254906297765
0 0.9372407716795916 0.6941250493197955 0.8792027196635329 0.671302532877918 0.8865920255342491 0.6342397280582357 0.9446300775503079 0.6570622445001131
0 0.937295893967343 0.5386770547485176 0.8989984286397483 0.5271516570397805 0.9069426795108285 0.4750858743835274 0.9452401448384232 0.4866112720922645
0 0.8580978700204914 0.5153369697801763 0.8636234090951818 0.4629562939924702 0.9039460079333747 0.4713458197582625 0.8984204688586843 0.5237264955459686
0 0.8767958896265688 0.42591077630612345 0.9105814259405418 0.43900004781548435 0.9036928362505222 0.47406966281389773 0.8699072999365491 0.4609803913045368
0 0.978375350140056 0.4671911880409128 0.9523809523809523 0.4854445318646737 0.9338935574229691 0.43351691581431945 0.9598879551820727 0.4152635719905586
0 0.9679179968930803 0.417386165691492 1.0003204775359926 0.4234536640337525 0.9957652930167701 0.4714336268591591 0.9633628123738578 0.46536612851689857
0 0.9994397759103641 0.27143981117230526 0.9994397759103641 0.3099921321793863 0.9770308123249299 0.3099921321793863 0.9770308123249299 0.27143981117230526
0 0.996078431372549 0.4767899291896145 0.996078431372549 0.5389457120377655 0.9719887955182073 0.5389457120377655 0.9719887955182073 0.4767899291896145
0 0.10189053304637478 0.38722553555109446 0.08420864626403166 0.4592399233786312 0.047209447009409516 0.44132202797465914 0.06489133379175265 0.3693076401471224
0 0.15092436974789913 0.5619197482297403 0.18095238095238095 0.5830055074744296 0.16436974789915965 0.6295830055074744 0.1343417366946779 0.6084972462627852
0 0.1556570009246086 0.7725529017499914 0.13151618747377153 0.8330948709667838 0.0929453389151032 0.8027601579697383 0.11708615236594028 0.7422181887529459
0 0.07088989441930613 0.8203716032197544 0.04516268045679812 0.7962839678024572 0.06748545572074986 0.7492586092114023 0.09321266968325788 0.7733462446286994
0 0.5044602456367163 0.9376021303637355 0.4993535875888818 0.9734612358530537 0.4547511312217195 0.960933244568178 0.459857789269554 0.9250741390788599
0 0.515516461542124 0.7783091095098102 0.5259432951650916 0.7376326998214696 0.5486180874616136 0.7490967608204822 0.538191253838646 0.7897731705088229
0 0.5258418444300798 0.7381758760515644 0.5374358974358975 0.6920413968407674 0.5605860805860806 0.7035163105973492 0.5489920275802629 0.7496507898081463
1 0.7507549332487126 0.28872398670471755 0.7157059738219218 0.2852080843170298 0.7181948697278905 0.23627186739984146 0.7532438291546814 0.23978776978752922
1 0.7933782031246828 0.5332522806665605 0.7945752444412094 0.5490551518064111 0.7854987991290266 0.5504111973532162 0.7843017578125 0.5346083262133655
1 0.9385633720792914 0.17274197359999807 0.9299374907229787 0.19177862441025137 0.9209989763992897 0.18379015425703496 0.9296248577556023 0.16475350344678166
1 0.9673056914189655 0.08766841051717608 0.9676031156577392 0.013320116267420223 0.9983531144019593 0.013562741403404136 0.9980556901631855 0.08791103565316
1 0.9556898428918935 0.1011183889127743 0.9439523865056778 0.12051151220570115 0.9341674094663752 0.1088307445948974 0.9459048658525909 0.08943762130197055
1 0.9772194775657865 0.3261581350724954 0.9759328088072763 0.3622967571335618 0.9633353450980086 0.36141212314273896 0.9646220138565188 0.3252735010816726
1 0.9577065615468295 0.5228240898261203 0.9482858504720453 0.5519311711543572 0.9303742361805469 0.5404969893415107 0.9397949472553311 0.5113899080132737
1 0.95565118745968 0.5227336311322794 0.9681512248996814 0.5066414833184707 0.9782381249786224 0.5220954637931084 0.965738087538621 0.5381876116069173
1 0.9847355356847812 0.6871629426523164 0.9461438924088195 0.6959701623451834 0.9423886022805156 0.6635150380051099 0.9809802455564772 0.6547078183122428
1 0.9634420395816541 0.8121850111583769 0.9595313512912131 0.7417030529575785 0.9961813534007353 0.7376922199240262 1.0000920416911763 0.8081741781248246
1 0.9135842677059964 0.7232342658288587 0.9481686438537964 0.7280913509797287 0.9443261712518289 0.7820548806038912 0.909741795104029 0.7771977954530213
1 0.8982782087963047 0.7689385732259416 0.9259787916040884 0.7742781734836995 0.9225650544841117 0.8092079313824917 0.8948644716763281 0.8038683311247337
1 0.9420117959981764 0.904787286780562 0.7640895781266421 0.8635193329091679 0.7688883272341849 0.8227127122016772 0.9468105451057192 0.8639806660730712
1 0.8736978384949485 0.8158585951321564 0.8514319886492896 0.815220399852792 0.851735403140649 0.7943415126722949 0.874001252986308 0.7949797079516592
1 0.8593642941717138 0.8113299805242337 0.8674053811746372 0.8328894899188917 0.8502647880184021 0.8454986765771667 0.8422237010154786 0.8239391671825087
1 0.8664555606183691 0.721634508346132 0.8305465773948574 0.696774273668806 0.8467597951517103 0.6505837974774101 0.8826687783752221 0.675444032154736
1 0.7977481916148591 0.6811076205626687 0.7964593301801502 0.645809934688832 0.8151640854347812 0.6444628423543002 0.8164529468694901 0.6797605282281368
1 0.7715896812818948 0.6596135724325216 0.7711108374005923 0.6754164915937382 0.7610787869835434 0.6748169329483427 0.761557630864846 0.6590140137871261
1 0.8338769196850728 0.7705361353727561 0.8437913766794886 0.7078783838493273 0.8702309302189214 0.7161298967742555 0.8603164732245058 0.7787876482976842
1 0.9797009834281787 0.8988447670744184 0.9154956317772809 0.9840057873031008 0.893147141892395 0.9507732197888498 0.9573524935432928 0.8656121995601672
1 0.9950270258617868 0.9341736757112719 0.971705757266271 0.959283932402616 0.9588162203844113 0.9356724273009512 0.9821374889799271 0.9105621706096071
1 0.8995887600347309 0.9830196387147214 0.8156828467756776 0.9692300608964272 0.818908248698162 0.9305211654461648 0.9028141619572153 0.9443107432644591
1 0.8644622709029252 0.9831371226962031 0.8900793927516647 0.9838095178636402 0.8898824568890057 0.9986079566409328 0.8642653350402663 0.9979355614734958
1 0.95855732623533 0.9952129656069638 0.9451866000306373 0.9831413311061664 0.9537510583325001 0.9644313151800161 0.9671217845371928 0.9765029496808135
1 0.9147885354462578 0.9664831648848239 0.9441663740711225 0.9700843550063334 0.9422623824898587 1.000719797266222 0.912884543864994 0.9971186071447126
1 0.9610994665624433 0.9884982980405538 0.9857852295395089 0.9904484457158587 0.9854341736694676 0.999213217938631 0.9607484106924019 0.9972630702633262
1 0.8833267348245937 0.8928277981979837 0.8973436655280874 0.9108378298102325 0.8845070310405039 0.9305427629753491 0.87049010033701 0.9125327313631003
1 0.6524300114293523 0.8655424539225302 0.6618153068097209 0.8497256652128503 0.6725067600235093 0.8622383848013484 0.6631214646431406 0.8780551735110282
1 0.6570791063939113 0.8814298940789524 0.6765959419116846 0.9078604667230271 0.660962583856475 0.9306292825376553 0.6414457483387017 0.9041987098935805
1 0.6502994607701722 0.9651322373180434 0.6313125930974469 0.9399214010138852 0.6485953480696084 0.9142491243944106 0.6675822157423338 0.9394599606985689
1 0.6720766045448046 0.85825600121916 0.7136571888221811 0.8654275305306257 0.7120445763491119 0.8838689422620514 0.6704639920717352 0.8766974129505856
1 0.7378668016624487 0.8855677561886243 0.714396646249425 0.8992433201008931 0.7069804246780297 0.8741395610282654 0.7304505800910532 0.8604639971159961
1 0.6947436982824682 0.8852761285801823 0.742997726299331 0.8926882348059223 0.7397753682284339 0.9340644798253848 0.6915213402115711 0.9266523735996448
1 0.6900958746440444 0.9383833778516679 0.7371920828784678 0.9298238359508253 0.741220401812456 0.9735402578095551 0.6941241935780327 0.9820997997103977
1 0.6671427780352763 0.9802195680580389 0.6791203641846818 0.9144180514369902 0.6984751901639804 0.9213668226105055 0.6864976040145749 0.9871683392315541
1 0.6507571525043669 0.9713028167665493 0.6527302690062361 0.951905986484307 0.6666666786113287 0.9547021219297385 0.6646935621094595 0.9740989522119807
1 0.6714498808490794 0.5827322756997411 0.6610588930331045 0.5953534701273258 0.6528599966728015 0.5820398207609304 0.6632509844887765 0.5694186263333457
1 0.7464024269398198 0.6386940708298171 0.7315784227091765 0.647825191879487 0.7241807773694967 0.6241376346677608 0.73900478160014 0.6150065136180911
1 0.6024806558181215 0.5954918569749102 0.6205717654293751 0.598480951171957 0.6185850831110106 0.6221968380346354 0.600493973499757 0.6192077438375887
1 0.7076302642560887 0.45874657807298147 0.70455585638182 0.49587991503046186 0.6951291253973176 0.49434054169831315 0.6982035332715864 0.4572072047408328
1 0.5684312326968022 0.45806280957110546 0.5840213622516621 0.4895368278205475 0.5560077480559308 0.5169053920673224 0.5404176185010708 0.4854313738178804
1 0.522521498907526 0.4933157497653467 0.5214439836093935 0.44640576376706625 0.5418157512028833 0.44548282647522763 0.5428932665010159 0.492392812473508
1 0.5221516952046336 0.511738852295844 0.49840393125382904 0.5333555475080383 0.4859160337575252 0.5062967751303802 0.5096637977083296 0.48468007991818596
1 0.46743564373235114 0.4843596470350227 0.4499789284073488 0.5008447406438863 0.44170557871586136 0.48356497559746264 0.4591622940408638 0.46707988198859923
1 0.6189940699181544 0.2899344996755287 0.6050464312043249 0.2403879119386526 0.6402607670659931 0.2208358852637089 0.6542084057798228 0.270382473000585
1 0.5978079795693461 0.25245008221043297 0.5842802633981106 0.2768766967225829 0.5638535649697163 0.25456437718140684 0.5773812811409517 0.2301377626692569
1 0.5705090582929119 0.29371249469458144 0.5878105136861971 0.3029690021085299 0.5808526257330036 0.32861964501019447 0.5635511703397184 0.319363137596246
1 0.6078360177608946 0.26961667526093674 0.5926052182684765 0.262810724644908 0.6009993160629293 0.22576029302213685 0.6162301155553475 0.23256624363816558
1 0.5549327307562217 0.20036456492966978 0.5245359256256735 0.22033221775735218 0.5088539027712656 0.17324659222154862 0.5392507079018138 0.15327893939386622
1 0.5777149232934676 0.09251415553501066 0.5618936166315835 0.11231851201597809 0.5495611204332179 0.0928864922551874 0.5653824270951019 0.07308213577421996
1 0.5969208478353109 0.02646655663556648 0.5835131720893303 0.04083665980845368 0.5739793654114398 0.023291986204126744 0.5873870411574204 0.008921883031239542
1 0.7236844490440955 0.08962598257221825 0.717260128304395 0.10595207333401037 0.7091387547030351 0.09964889146774678 0.7155630754427356 0.08332280070595466
1 0.7063994870828206 0.07570255978445879 0.6994278019243823 0.06101596330646112 0.7078742532169117 0.053107789142407553 0.71484593837535 0.06779438562040523
1 0.49587083683319755 0.24110198664715315 0.5068918482290545 0.19648893569125994 0.546831272302695 0.21594910726222896 0.535810260906838 0.2605621582181222
1 0.4788148440716887 0.25148368600662335 0.5052486456184493 0.2388458107907339 0.5133455628821733 0.2722492053653644 0.48691176133541275 0.2848870805812538
1 0.5376871980200462 0.2825046387755607 0.5129644635012555 0.30545565463752483 0.4989984949973085 0.27578336973788015 0.5237212295160992 0.252832353875916
1 0.483372774810762 0.6549151166393905 0.5059405060288817 0.6757427864965859 0.49331111049204185 0.7027335469348658 0.4707433792739222 0.6819058770776704
1 0.4685742356368094 0.6636570072065573 0.44632211524519 0.651582731257073 0.4548339286948681 0.6206429142755193 0.4770860490864875 0.6327171902250035
1 0.39081586920707656 0.654310531573015 0.3758683194238367 0.6470944609854395 0.38174021313122597 0.6231043221730154 0.39668776291446584 0.6303203927605907
1 0.3255910142931082 0.4547423142431671 0.3379650456274966 0.37529943975813207 0.3771015574799272 0.3873227406763609 0.36472752614553877 0.46676561516139586
1 0.3480588940417181 0.3328206270415221 0.3085452548500612 0.3429718588031737 0.30405013137642456 0.3084610409086544 0.34356377056808146 0.29830980914700284
1 0.3252955918993124 0.3982038740956604 0.27512339710996603 0.357634555869962 0.29091081506865024 0.3191255917102463 0.3410830098579966 0.3596949099359447
1 0.28150547883908233 0.347009396174875 0.28345404940546254 0.37601696724165784 0.2635391573063891 0.37865553390271295 0.2615905867400089 0.34964796283593014
1 0.2635516014461344 0.3946875612057102 0.22580638316931065 0.3979198798595825 0.22473437988970224 0.37322941728859205 0.26247959816652594 0.36999709863471975
1 0.2894286009519186 0.11242737675364087 0.27408662847272525 0.13265457255662283 0.26084827823372153 0.11285003402107398 0.2761902507129149 0.09262283821809199
1 0.26325719619542637 0.1589293562705862 0.244978868525255 0.1866128663995121 0.22648303526767116 0.1625263194340614 0.24476136293784254 0.13484280930513548
1 0.24396631845771147 0.3698279669682937 0.22613150411975372 0.3173093345215489 0.26881488921483304 0.2887203072861674 0.2866497035527908 0.34123893973291214
1 0.2466805515679366 0.3274263323558023 0.2110440604911384 0.3456978792634117 0.1990663422485903 0.29962142510483025 0.2347028333253885 0.2813498781972208
1 0.179333653256741 0.313696119654543 0.18922299006399118 0.2735183262649972 0.21331002117302936 0.28521196574955593 0.20342068436577923 0.32538975913910173
1 0.19547586991692448 0.2507380748380019 0.2179736756707886 0.2471475886531536 0.22033319984762817 0.2763082033283341 0.19783539409376402 0.2798986895131824
1 0.22919836110097835 0.2516536027553204 0.2046027628561326 0.2428343256628717 0.2104311840305293 0.21077453593004947 0.23502678227537505 0.2195938130224982
1 0.2175191420740026 0.18239125292157876 0.24383397266896553 0.19203217177665538 0.2380473599508928 0.22318460028250872 0.21173252935592987 0.21354368142743207
1 0.25045066352291273 0.2475249808526461 0.260318244691436 0.22022875249496748 0.2759560952599473 0.23137863942617562 0.26608851409142403 0.2586748677838542
1 0.2794929303260692 0.4927604548500733 0.3343644154067417 0.547029376620975 0.300486170912854 0.6145912617923478 0.24561468583218152 0.5603223400214461
1 0.33780975878988034 0.6473591831771328 0.30493110384659977 0.6644610591751066 0.29184726001404193 0.6148485741524936 0.3247259149573225 0.5977466981545199
1 0.22888549599704405 0.636682659218332 0.21607901090049722 0.5422587462963991 0.2488295542289436 0.5334977841494764 0.26163603932549045 0.6279216970714091
1 0.21810584536158256 0.5479203844130074 0.190142558290312 0.5939892610427074 0.17089087880546264 0.5709411912001724 0.1988541658767332 0.5248723145704722
1 0.2914698270255937 0.7130949338606876 0.3195651094926602 0.7057880346321653 0.32254981175445085 0.7284233546734468 0.29445452928738436 0.7357302539019691
1 0.2532269444345005 0.7557775834703695 0.29608002891312296 0.7867807053798666 0.277520739132659 0.8373775404330589 0.23466765465403655 0.8063744185235618
1 0.23659291283152242 0.7878455457475947 0.22384765873571033 0.815003475199702 0.20875337510458591 0.8010317611516905 0.221498629200398 0.7738738316995835
1 0.14380288897463928 0.8282441767658364 0.14457343603409123 0.7936163820062538 0.16753214437659625 0.7946240260067461 0.1667615973171443 0.8292518207663286
1 0.16432168570553218 0.686841002793691 0.15721640556210992 0.7267557944727113 0.13419657147957986 0.7186734963143093 0.14130185162300213 0.678758704635289
1 0.11059016856731144 0.7153738212010012 0.15108240468491002 0.718928066679202 0.14955649175593944 0.7532158519285034 0.10906425563834085 0.7496616064503027
1 0.13918733793738866 0.969590950046915 0.10348838094578869 0.983444429961408 0.09451302674437441 0.9378267089826837 0.13021198373597437 0.9239732290681907
1 0.10438551916205638 0.9413331929493451 0.07847580320051609 0.9531805097554424 0.06990714500643566 0.9162197568932258 0.09581686096797595 0.9043724400871285
1 0.14531544416285536 0.9724781674917666 0.17955703473063883 0.9758177738370316 0.17834458090302774 1.00033713784831 0.14410299033524426 0.9969975315030448
1 0.23611371537701867 0.9651718385635171 0.2828298964899307 0.9670463214468973 0.2821901780312596 0.9984919352516864 0.2354739969183476 0.9966174523683062
1 0.11412335298390519 0.7507560721140557 0.09910950066247463 0.7895978764385447 0.08622175197225425 0.7797723655267867 0.10123560429368479 0.7409305612022976
1 0.0008258342438938216 0.7890643070953999 0.0005421819131208374 0.7496264995776933 0.011751041358926384 0.7494674910718675 0.012034693689699366 0.788905298589574
1 0.012844161559887627 0.7932202378940058 0.012844161559887627 0.8166317583349725 0.0019129603516821769 0.8166317583349725 0.0019129603516821769 0.7932202378940058
1 0.023107613525851084 0.8297430252645964 0.007052539186000878 0.8064176534408865 0.024438237354673816 0.7828149787442791 0.040493311694524026 0.8061403505679889
1 0.03872632884316067 0.8036869699971328 0.07899901042721447 0.8302352373584666 0.07057692114215972 0.8554340192019773 0.030304239558105912 0.8288857518406436
1 0.056589919262769774 0.5298320038753291 0.039795172042025505 0.5589684297933052 0.01908018880989016 0.5354175508297491 0.03587493603063443 0.5062811249117729
1 0.036498293328386874 0.5443610785351668 0.03678391299482352 0.6125524828015946 0.0024595204521627987 0.6128360439153472 0.0021739007857261485 0.5446446396489194
1 0.11315301829533066 0.26261671865794667 0.09798363547778749 0.23379369625253454 0.12085831260146294 0.21004888593762547 0.1360276954190061 0.2388719083430376
1 0.05989626344192841 0.32008118082699843 0.08115167885226583 0.26805473421316134 0.09920613100388329 0.2826031293074154 0.07795071559354587 0.3346295759212525
1 0.047211565432951 0.3219581164555448 0.02099517221634053 0.30866256197295444 0.029240999553356926 0.2765935141851871 0.0554573927699674 0.2898890686677774
1 0.06755646716479241 0.0825120847206371 0.06411333813287735 0.12965869106825653 0.041441148171944026 0.12639295056617014 0.044884277203859076 0.0792463442185507
1 0.06625258953391809 0.1689813997515223 0.07794421847323321 0.1197219986341154 0.09974424573942488 0.12992735730275912 0.08805261680010974 0.17918675842016601
1 0.07716658680624881 0.05064849548763321 0.06176973680753153 0.038755607983191505 0.07478070003419794 0.005532568902314611 0.09017755003291522 0.017425456406756315
1 0.3539770502184912 0.08869498611517801 0.3570455961163544 0.036982060377802134 0.3901382738527224 0.040855089514343565 0.3870697279548591 0.09256801525171944
1 0.3348687884973693 0.05605977008358154 0.35115870447781244 0.026403593061927043 0.3670324698413329 0.04360123788047726 0.3507425538608897 0.07325741490213175
1 0.3508305677461483 0.03462466956808316 0.3303203582418472 0.0625001733908735 0.31126360311856327 0.0348446638770784 0.3317738126228644 0.006969160054288054
1 0.32192587972689074 0.03762300552860383 0.2837656742384454 0.03762300552860383 0.2837656742384454 0.0005644306153598308 0.32192587972689074 0.0005644306153598308
1 0.7452882375219667 0.8179210869079437 0.7201805108854266 0.8344723850963852 0.7068636718781681 0.7946284872680935 0.7319713985147083 0.778077189079652
1 0.7380011156196002 0.7822063831551128 0.7203207284909069 0.7689634927929277 0.7310158436103387 0.7408004360703861 0.7486962307390319 0.7540433264325713
