0 0.7191718475163331 0.09609946450383308 0.6544582076937134 0.23428095441455027 0.5559706213878609 0.21091452448722847 0.6206843058268229 0.07273303457651129
0 0.5405501427009092 0.08404229806191467 0.6139183267515306 0.10082745824966668 0.5927848592836257 0.14762448123292793 0.5194167198493467 0.13083932104517593
0 0.585808157223707 0.14496167170021462 0.5567579213638751 0.20699209477229125 0.49912966901098776 0.19331963228509527 0.5281799941035042 0.1312892647861318
0 0.5333885951348912 0.1055211157506016 0.5116064060501188 0.15344157303285152 0.4612999631647478 0.1418572623325312 0.4830821522495203 0.09393687650142674
0 0.5649836579261468 0.04134787282636089 0.5482216996756214 0.0783323274070589 0.5176286753158124 0.07130822728501399 0.5343906335663378 0.0343237687348079
0 0.5174156768977294 0.03292721044756743 0.49780621444969847 0.07828800387982895 0.4687622694941292 0.07192732764332402 0.4883717319421601 0.02656646871417916
0 0.38170855784276775 0.04930633957750715 0.462006239863167 0.0521639566887926 0.4597916630973593 0.08368866252601456 0.37949398107696 0.08083104541472913
0 0.46271787052266083 0.11250000317560646 0.37495547289039655 0.11018645478088823 0.3764879996316475 0.0807359677571784 0.46425030803122713 0.08304951615189662
0 0.45661707649454036 0.14849188226070661 0.39284814310352706 0.14849188226070661 0.39284814310352706 0.10702622619057298 0.45661707649454036 0.10702622619057298
0 0.4407199614229258 0.18639498421850612 0.4599178381133498 0.14084751474497595 0.5166879843550118 0.15296953500991806 0.4974901076645879 0.19851698860541592
0 0.5440041168391356 0.2717681789497431 0.44646123696488943 0.2486258198145649 0.46693027786344116 0.20491877306760536 0.5644731577376874 0.22806111632475123
0 0.5490400972422104 0.3262705093367911 0.5846614726105629 0.2610749910574922 0.6342785483912418 0.27480875862748766 0.5986571730228892 0.34000427690678653
0 0.5936808892857959 0.24414305433894543 0.5569153724358096 0.32264768221375845 0.5207796152572186 0.3140743386609001 0.5575451767235472 0.2355697901762487
0 0.4864814267521016 0.3092395095745805 0.505583467539291 0.26694078078255074 0.5446248193930464 0.27587261854920003 0.5255228232221993 0.3181713473412298
0 0.35501286021450107 0.17201112237110594 0.46555462218167487 0.2085407110208279 0.44574068303693803 0.2389158631958897 0.3351989433779354 0.20238627454616773
0 0.265963169566372 0.15644399779892365 0.3567243877210115 0.17654177599221188 0.3284379390248081 0.2412553959905047 0.23767674317833973 0.22115761779721643
0 0.36505026566354853 0.18309725980728897 0.2740705612807246 0.1598830208197841 0.30608193916186954 0.09632663151227969 0.3970616212365223 0.1195408625607684
0 0.40119920697128564 0.027142343114243586 0.3685153715791758 0.11244001596948978 0.31102645606325385 0.10128048232889324 0.3437102914553637 0.01598281046602406
0 0.2763854802003381 0.013454135573245237 0.33910113329078717 0.036317676460829784 0.3062694839566772 0.08194134064197044 0.24355383086622806 0.05907772830324044
0 0.2006341142264026 0.03582901810756211 0.2254311634086029 0.0061035523429497475 0.2699412295692845 0.02491381562835344 0.24514418038708424 0.05463927841583474
0 0.3112137554681789 0.08414668024640674 0.28879085339997945 0.11316425271882723 0.25515430294282254 0.0999965846352473 0.277577205011022 0.0709790756749561
0 0.2966381987633064 0.29615289884601004 0.3217222648754455 0.2515183844749935 0.382396407991822 0.2687925721802647 0.3573123418796829 0.3134270547952166
0 0.4004836500736705 0.20609917774656933 0.3655775192885371 0.26692595070036096 0.31740717302288923 0.25292200253235564 0.3523133261161938 0.1920951660664347
0 0.21798953675387198 0.2804904902018568 0.2647879751105058 0.20832053034660347 0.3297397546600877 0.22965741430435418 0.2829412939952828 0.3018273582815752
0 0.2687082346419842 0.14853224421887196 0.2334548548648232 0.18660271651538923 0.19123077392578125 0.16679488707035314 0.22648422062745568 0.1287243433226904
0 0.24232192903931377 0.1386297982143438 0.2136653208593179 0.12843144126042616 0.22956814682274534 0.10579349545608822 0.25822482192725466 0.11599177301984424
0 0.018945529446964374 0.24365917130389894 0.06642251265676398 0.17057400166554207 0.14588063781024418 0.19672308851355197 0.09840375219869335 0.2698083216640381
0 0.0625037477727522 0.23237117644279234 0.10727256641053316 0.2457878279512308 0.09798090081465871 0.2614947109639211 0.05321208775392053 0.24807805945548256
0 0.20926862571671692 0.0975097751518194 0.07230272906565527 0.2621183365614432 0.015608373441194234 0.2382201513316207 0.1525742714865166 0.07361158198298078
0 0.20950513694718567 0.22589120854944394 0.1613578350223296 0.28681436115943676 0.09531118158708539 0.26037168949377276 0.14345847235785592 0.19944855276181225
0 0.4376221595451846 0.2999839504849278 0.5149553979349415 0.31979929023925274 0.49787403128997626 0.35357084879641976 0.42054088213290386 0.3337555725542241
0 0.020463659052263227 0.25690024353090857 0.09794679162097954 0.279410148882593 0.082791635167529 0.3058378951978733 0.005308503993073402 0.28332798984618884
0 0.09078879105417352 0.30251398791135536 0.10712822138914588 0.2687877770145031 0.14349748934918677 0.27771405746983935 0.12715807016829997 0.3114402048545623
0 0.17730727390936243 0.3227987140572158 0.12643182765670688 0.3112111801163339 0.141249372248064 0.2782532119354026 0.1921249300415753 0.2898407776323491
0 0.09986210427089044 0.3058960405522405 0.17393263878180967 0.3183008168167924 0.16415498967756303 0.3478779073312305 0.0900844607436866 0.3354731310666786
0 0.16887525368852224 0.3505209645917339 0.14782940156278554 0.3994542339217774 0.06534434201424583 0.38148195264738877 0.08639018856293974 0.3325486833173452
0 0.06649180183633727 0.3669379290879455 -0.025360651183546634 0.3477093778961531 0.0012034902795713548 0.2834247823312305 0.0930559426023249 0.30265330176695826
0 0.0863284897385982 0.3831608957852335 0.14802699618869358 0.39660406360765155 0.12954890379431652 0.4395670657599506 0.06785040292126393 0.42612386618146786
0 0.010366372894822505 0.376436930169176 0.08410035518177769 0.3879570777408786 0.07167873605650071 0.4282337073604969 -0.00205534191159477 0.4167135597887942
0 0.10997563635396679 0.26780867402933145 0.2335876777158146 0.301766608929907 0.1988503082453856 0.3658258317040355 0.07523827246058057 0.33186789680345996
0 0.16086454558790775 0.36409433227920135 0.20000007138614767 0.37384360290590857 0.18333242092913354 0.4077389783591311 0.14419682820638022 0.39798967597635926
0 0.1370823731896473 0.4010635995219823 0.18344110633894714 0.40597791403811134 0.17536264832256832 0.4445842699255333 0.12900400440595303 0.4396699236533396
0 0.10539309183756511 0.45744979493203697 0.039797057882387035 0.44624457225343067 0.04774366903026202 0.422677793314256 0.11333960817571272 0.4338830159928623
0 0.22863912303545322 0.3309787269933663 0.24433671382435582 0.29885661018998766 0.2738334700378061 0.30615910779176964 0.2581358792489035 0.33828122459514826
0 0.7778718290273209 0.1141692130796371 0.7369034081174616 0.19104445315548582 0.6896754036172789 0.17829396449316304 0.7306437352944536 0.10141865296616887
0 0.7344170732107776 0.1907645552016942 0.7568978649830957 0.15449584262304078 0.8001208389014528 0.16806832114069817 0.7776400025127924 0.20433708135344855
0 0.7839404546726517 0.11082129026923046 0.8711273907220851 0.131056977112261 0.8565690782335069 0.1628337467126122 0.7693821421840734 0.1425980519305655
0 0.8469365883988944 0.18268808291432265 0.8252982870180007 0.21769095112208148 0.7829797755905062 0.20443790685870025 0.8046181662040844 0.16943505452897373
0 0.845371447111431 0.18513857139881146 0.8022289610745614 0.16978505399547184 0.815927427414565 0.1502849725729221 0.85906982421875 0.1656384899762617
0 0.7685187267281158 0.13754083512352855 0.8153402763500548 0.15195191191833052 0.8040926749246162 0.17046469729102987 0.7572712145353618 0.1560536204962279
0 0.8238280893069262 0.22122382919200378 0.8580100076240406 0.16526665821531933 0.9128210948921783 0.1822284932687305 0.8786392658077485 0.23818566424541493
0 0.9130938792089273 0.18256558389494992 0.8577908521507218 0.1678046981700377 0.8732881601790936 0.13839032573084678 0.9285912764699835 0.15315121145575897
0 0.8958784850717288 0.010676342292333121 0.95411735668517 0.027454527062010195 0.9387911077131305 0.05440520843283567 0.8805521468670048 0.03762702267078157
0 0.9270869918734009 0.019365820750733693 0.9399701391744335 -0.0047046689163509695 0.958565338313231 0.00033728879150565284 0.9456821017795138 0.024407848235099547
0 0.9344904492473045 0.012887974559454467 0.9029996102316338 0.012887974559454467 0.9029996102316338 0.0 0.9344904492473045 0.0
0 0.999833937974004 0.027456990141774315 0.9478740134434394 0.027456990141774315 0.9478740134434394 0.0 0.999833937974004 0.0
0 0.9424524139939693 0.059119455772185546 0.9617892259742782 0.02333523951757711 1.0055761504591556 0.03532209207810671 0.9862392492461622 0.07110623489681565
0 0.8693723622818439 0.25834146076881176 0.9017496387860928 0.20672102500447126 0.9557655736019737 0.2238845110683858 0.9233882970977247 0.2755049468327263
0 0.9958975273266173 0.1692247182347896 0.9650365818313688 0.21315591516405438 0.9115021465814601 0.19410411822808274 0.9423630920767087 0.15017292129881796
0 0.8113048174227887 0.2544819715740033 0.9159078319170322 0.27575407315987577 0.8998355977019371 0.31579240527038893 0.7952325832076937 0.2945203513186134
0 0.6929492615816886 0.2651438003524161 0.7691743192616959 0.27085474750625976 0.7624361807839912 0.3164162849164282 0.6862110784876416 0.3107053695186492
0 0.775590149282712 0.32497321058386447 0.7390398170515807 0.3994049167533819 0.6916874221890991 0.3876250680850026 0.7282376651875457 0.3131933301594205
0 0.6693008601316932 0.33975419789769773 0.6457171969943576 0.38591528980838646 0.6096233791775174 0.37657344949109 0.6332070869311952 0.3304123575804013
0 0.6593098779867964 0.4199908174163469 0.6106279607404742 0.4091628250296729 0.6196913691292032 0.38851976345034467 0.6683732863755254 0.3993477240809541
0 0.8928783037509137 0.4352229948966734 0.7411401759811312 0.39775328383113295 0.7589767188356634 0.36116099283176706 0.9107148466054459 0.39863067214124287
0 0.879583526075932 0.3532969209827816 0.9003587689316064 0.31415499906510147 0.9429509570026955 0.3256074109509138 0.9221758033797057 0.3647493963807232
0 0.8996558830752011 0.29459478753414414 0.9386002390008223 0.24680346628877797 0.9881080493592379 0.2672412884222977 0.9491636934336166 0.31503264142372855
0 1.0204603407118056 0.22391453642750878 0.9962124294704862 0.25843188616289187 0.9461420962685033 0.24061290729058274 0.9703899182771382 0.20609555755519965
0 1.0095453987344665 0.40644441062776404 0.9224803545321637 0.5393786633796176 0.8537616395113761 0.5165779995000325 0.9408267729463633 0.38364374674817897
0 0.7904121443542124 0.496081809719693 0.8299965663262975 0.4196081885934248 0.888296830026727 0.4348960344550761 0.8487124972873263 0.511369687337409
0 0.8509733858164291 0.5134024565475416 0.6550512034990634 0.46833650428224183 0.6916972377844024 0.38762627481545914 0.887619553950795 0.432692227080759
0 0.5475691410533169 0.42931017443987385 0.5686323377821181 0.37683851736269186 0.6207258882578354 0.38743214999227693 0.5996626915290342 0.4399039023376528
0 0.5395404748749315 0.41347939514096643 0.4893429404810855 0.4027607706409339 0.5067857441149259 0.3613774104123309 0.5569832785087719 0.3720959396441695
0 0.4821726927283215 0.402820630822792 0.3752999556692023 0.38263939769161354 0.39091853091591283 0.34073815956076026 0.49779131259137427 0.36091932917980946
0 0.3704896224172492 0.38058747957449923 0.3182935658951252 0.36820382109293703 0.33789662589803776 0.32634596174639047 0.3900926824201617 0.338729588471888
0 0.3401278891758612 0.32872982600725154 0.3156689649436906 0.36592138570255595 0.2811679282383612 0.35442689703108743 0.30562683016236064 0.317235337335783
0 0.30599000718858504 0.3173164423248894 0.2888960810432657 0.35016663042241153 0.2685372202019942 0.34479985549720343 0.28563114634731357 0.3119495086193581
0 0.4699914051078216 0.4334578657993789 0.4057223225197597 0.4232924954576125 0.415058425992553 0.3933898100123569 0.47932750858061496 0.403555116841994
0 0.43048858642578125 0.38981102855098854 0.4218434562460024 0.4113473882288144 0.3717254950986271 0.4011554063048745 0.38037060297023484 0.37961904662704865
0 0.2597448784008361 0.3598848753739594 0.3534724809970075 0.3780789092477725 0.34199044300101655 0.4080444717010276 0.24826279578850283 0.3898504378272145
0 0.19591557909870705 0.39091324979879355 0.21288649798833836 0.3573598871618106 0.25595779865108736 0.3683962310886284 0.2389868574532849 0.40194959372561134
0 0.22243646989788926 0.3366912301943776 0.26642253942656935 0.34608346738626755 0.2576686792206346 0.36685228298159467 0.2136826096919545 0.35746010930183403
0 0.2865833929407666 0.43071969912526015 0.23311786763152184 0.4185746239573849 0.24685791640253793 0.3879318951816142 0.30032341940361157 0.40007697034948947
0 0.3595005057708562 0.41059667486057816 0.3451810914870591 0.44626861159436787 0.2876806426466557 0.4345753299582141 0.3020000346222816 0.3989033932244244
0 0.34786788761964316 0.4569408087278876 0.3643388134694239 0.4167464590717677 0.40427425451446 0.425036887844693 0.38780328404833697 0.46523123750081297
0 0.4842502527069627 0.43802305414078757 0.4711815460383543 0.4659283148758617 0.42796035677368877 0.45567396404095667 0.44102910805863943 0.42776870330588257
0 0.43901374326114767 0.44363962227050274 0.4266746922543174 0.4723821951621033 0.38541211579975326 0.4634083123658624 0.3977512114229258 0.43466577123032646
0 0.4993468613652458 0.4742272542741123 0.46853472614846037 0.46545489546411617 0.4805338006270559 0.4441037689113716 0.5113459358438414 0.4528760959653031
0 0.480871055558411 0.40030707479391586 0.5421373244614629 0.4129300469786518 0.5284805297851562 0.4465093543204507 0.4672142608821043 0.43388631862358545
0 0.11650800426103915 0.10949511731452426 0.07209563115883989 0.1580679870668981 0.030248901300262986 0.13868424398717968 0.07466127719098364 0.09011137423480586
0 1.0718557792797423 0.4182220363716181 0.9988335503472222 0.5748195112309769 0.8400687948305007 0.5373144556654852 0.9130909345303363 0.38071694905006176
0 0.8003935339855172 0.6092063752967287 0.8312088815789473 0.5565668874178915 0.8815755565264072 0.5715039240333962 0.850760208932977 0.6241433484001041
0 0.8828267772295322 0.5655140951198296 0.9344742088987116 0.5796527207579995 0.9127431055258589 0.6198677118561394 0.8610956738566795 0.6057290862179696
0 0.9643587703593293 0.7032677117545201 0.8358976129899945 0.670351725091051 0.8581574200189601 0.6263414396827849 0.9866186666209795 0.659257426346254
0 0.999833937974004 0.6612091540794095 0.9644066883109467 0.6612091540794095 0.9644066883109467 0.6040537632714945 0.999833937974004 0.6040537632714945
0 0.9639806914747807 0.6418157889121032 0.9119022659390991 0.624966973692768 0.9295619496128016 0.5973143006958896 0.9816403751484832 0.6141630524030958
0 0.7579171699390077 0.6648962237212214 0.7937376680429916 0.6071062832295461 0.850024396215963 0.6247809466660705 0.8142038981119791 0.6825708871577458
0 0.7493977686117964 0.6005300468262227 0.7836374204758315 0.5408226116390804 0.8309728611282438 0.5545741943613424 0.7967332092642087 0.614281693060614
0 0.7465875190601015 0.5815891420679956 0.5740075808519508 0.5327915664021852 0.5929642169796235 0.4988275978493269 0.7655441551877741 0.5476251417590726
0 0.6297623483758223 0.6041503652201483 0.5261955038148757 0.5746646051476326 0.554863020690561 0.5236536635320467 0.6584298652515077 0.5531395188727563
0 0.7387851915861431 0.5978587266681842 0.7163789983381305 0.6386142694987318 0.6263771280210618 0.6135475563581231 0.6487834105017589 0.5727919500154461
0 0.6275994819507265 0.6140855040932297 0.6720781828227796 0.6238264863870643 0.6555157042386239 0.6621390351643796 0.6110370033665707 0.652398052870545
0 0.7299877858301352 0.6387233198247269 0.7027944821363304 0.7032402745146658 0.6663199530707465 0.6954519726359261 0.6935133459972359 0.6309350179459873
0 0.7653306213735837 0.6506254928541233 0.7250117251747533 0.7352827788639763 0.68843658625731 0.7264581495715726 0.7287555270724826 0.6418008635617196
0 0.6228052775065104 0.6564889961425273 0.6779883312203033 0.6652172775347945 0.6690783138163605 0.6937554366382674 0.6138952601025676 0.6850271552460002
0 0.6181650440595303 0.6580712103074596 0.5916339807343065 0.7147222512966637 0.5453424732587491 0.703739479850904 0.571873536583973 0.6470884388617001
0 0.5931293420624315 0.6022578307914932 0.5652539437277275 0.6571500303842026 0.5230143586097405 0.6462833591107895 0.5508897123281021 0.5913912230302094
0 0.635341889676992 0.6100355896567703 0.5974293312831231 0.6678596996740049 0.5160157945421007 0.6408178228245317 0.5539283083196271 0.5829937128072971
0 0.5482257151464273 0.5854722736529332 0.5233415302477384 0.6226664373455385 0.4714515195255391 0.6050791665989204 0.4963356598078856 0.567885002906315
0 0.5130052622298749 0.6437818068743496 0.45093567608392726 0.6236302339075507 0.48923492431640625 0.5638683053134755 0.5513045996950384 0.5840199417924038
0 0.5681578875982274 0.6584247188191013 0.5400150142915068 0.7105052364480359 0.47718351486830685 0.6933048815930671 0.5053263881750274 0.6412244274762617
0 0.41076240762632493 0.6117819191637942 0.4323097809016356 0.5691805233196214 0.46882977402001097 0.5785381464010471 0.44728244536104256 0.6211395422452198
0 0.40571339925130206 0.5418774210823686 0.4620107014973958 0.5465008500463384 0.45772150943153783 0.5729590504276144 0.4014242071854441 0.5683355579515154
0 0.4693708364029377 0.5549673979537916 0.41221498188219574 0.5414070502528291 0.42890510782163743 0.5057689654839522 0.4860610069587217 0.5193293449409795
0 0.5107901946843019 0.5164493874382154 0.5292687667043585 0.47041639949230946 0.5828180591962491 0.4813061574247203 0.5643394871761924 0.5273391453706263
0 0.5396015992638661 0.44925577757137747 0.5924214591756899 0.45799876202157586 0.5844921982079222 0.48226677838026794 0.5316723382960983 0.47352373041794027
0 0.6161772075452303 0.43267263358887226 0.5731619227002238 0.5286042752300664 0.5097846761781569 0.5142076633227107 0.5527999164068211 0.4182760534375813
0 0.6203396891989903 0.38839429523892754 0.6034950568662052 0.43035685433061266 0.5508815921538057 0.4196574422496911 0.5677262244865908 0.3776948514019413
0 0.5733411019308525 0.5054750631056517 0.5896509627849735 0.4648446391698101 0.6901987979286596 0.4852919881227237 0.6738889370745386 0.5259224120585653
0 0.6313356098375822 0.4676174834665225 0.6500602409853573 0.4176397254142007 0.6841154488903737 0.42410341832441795 0.665390862358941 0.474081239888869
0 0.6402085956774259 0.4552256954324109 0.5981683117604395 0.44525149659981467 0.615409583376165 0.40843675436760213 0.6574498226768092 0.41841088968806905
0 0.3905852468390214 0.4710750520291363 0.4476630673771016 0.48167306699564255 0.43837465877421417 0.5070156133137682 0.381296838236134 0.4964176301033266
0 0.3853584423399808 0.46336134514625066 0.39778449521427267 0.4346170574271592 0.43905452259799893 0.4436552780103733 0.4266283804910225 0.47239956572946473
0 0.34258888200012566 0.4706512038343035 0.382793136507447 0.4741197599952849 0.37882330821968657 0.49743071207766976 0.33861907602053637 0.4939621241606237
0 0.4100464045652869 0.5317898848550501 0.32848844472427813 0.5135457081551607 0.33975413807651456 0.48803247298956165 0.4213121202256944 0.5062765861773219
0 0.3197253043191475 0.5077242181402836 0.4172265571460389 0.5265606454458247 0.4046624166923657 0.5595072449556127 0.3071611638654742 0.5406708176500715
0 0.374666626690424 0.5512860444036161 0.36189205325834933 0.5831094954189971 0.3224839104546441 0.5750955349448816 0.33525852850306104 0.5432720204173712
0 0.36531223051729256 0.5833774530924818 0.29527891727915984 0.5715091955401275 0.30626861393800253 0.5386567845180801 0.37630194948430645 0.5505250420704344
0 0.42420000221297055 0.5725995082636902 0.4089840002227248 0.6090280967498048 0.3783301191720349 0.6025416029851717 0.3935461211622807 0.5661130144990569
0 0.34565290930675485 0.5974573300110562 0.3626629790367439 0.5575040088856009 0.39473916215506216 0.5644223216172932 0.3777290924250731 0.6043757062548777
0 0.3458462765342311 0.6048250545696214 0.2853591428165547 0.59488991569654 0.2932804620753952 0.5704581333124675 0.35376764040941383 0.5803932721855489
0 0.2861312732361911 0.5984437368910965 0.2413679870248538 0.591363531741838 0.25376053302608736 0.5516712454677745 0.2985238192374246 0.5587513871049038
0 0.2578237433182566 0.552100142876886 0.2427319086085983 0.5896962113236538 0.19209407784088314 0.5793985452165713 0.20718589024237025 0.5418024132576743
0 0.1729437510172526 0.5022591899510601 0.22291339628877696 0.5154695540635569 0.20222412912469162 0.5551158893120772 0.15225443923682497 0.5419055569556451
0 0.19067837899191337 0.575285880796371 0.14336996468884206 0.5651842131202849 0.15309889274731017 0.5421020634836758 0.20040735166672377 0.552203731159762
0 0.30425811232182015 0.5357452614870577 0.23112884878415113 0.5205638937101652 0.25100335461354395 0.47206387237008973 0.3241325958430418 0.48724527190304695
0 0.27104771485802726 0.47113405479724896 0.2576468618292558 0.4970234405485822 0.21175090053625273 0.4849883048765121 0.2251517535650242 0.45909891912517886
0 0.24468373973467197 0.4911999499016324 0.23303215963798657 0.5160793340168932 0.1886300650256419 0.5055448311796794 0.20028171204684073 0.48066541530835394
0 0.234197627731234 0.4201893245764503 0.3164954380682337 0.43893369105058205 0.30797596981650904 0.45788297940987577 0.2256782040958516 0.439138612935744
0 0.2279935914870591 0.43830323789916104 0.2995565314041941 0.4552817131304468 0.29066038968270286 0.47427749236838257 0.2190974497655679 0.4572989536249675
0 0.3477383217616388 0.4502819430443548 0.3298421045492964 0.4834001523274909 0.2952874166923657 0.47394068754674495 0.3131836115965369 0.4408224465075442
0 0.21395659864994518 0.4551768863610497 0.15831417507595485 0.4424014215538827 0.1754916118599518 0.4045000820576711 0.23113409120436998 0.41727554686483803
0 0.07164164314493102 0.4628464205580125 0.13381787350303248 0.47141176158257997 0.1271659561067994 0.4958736804720018 0.06498972017165514 0.4873083394474343
0 0.1776345013177883 0.48061746365073815 0.11262863560726769 0.4698215131332921 0.12252391569795665 0.4396371831506894 0.18752969217579268 0.45043316542420003
0 0.1678933706897044 0.49936980089709615 0.16118581671463816 0.5327888988927549 0.06000575684664542 0.5225009183853896 0.06671331639875445 0.4890818521457954
0 0.1553263524819536 0.5296487957084092 0.1459004363121345 0.5699029102781933 0.052704571283351605 0.5588474174443938 0.06213058226289805 0.5185933346306745
0 0.05528491840027926 0.5908823638503187 0.06552875808805053 0.5580723789306387 0.10287309390062477 0.5639791339790908 0.09262934902258087 0.5967890553866415
0 0.1710473556964718 0.6067017109659535 0.12785058272512337 0.5984240481310159 0.14046104609617713 0.5650861503926574 0.1836578190675256 0.573363813227595
0 0.18977712887769554 0.611553148474083 0.19854725174039428 0.5878327019380853 0.2249371043422766 0.5927757239366546 0.216167003787749 0.6164961069605229
0 0.1856894242136102 0.7003739721196995 0.2297480399148506 0.5889952914647828 0.28621988129197506 0.6003121367106204 0.24216135482341922 0.7116908173655372
0 0.16424840514422856 0.6516756023998439 0.18579590111448055 0.6107779194239399 0.224706504777161 0.6211635498300924 0.2031590199609946 0.662061169293867
0 0.09120232319971275 0.594398585864334 0.18385800144128633 0.607588276778746 0.17047439262880917 0.6552178008747399 0.07781871996427837 0.6420281099603278
0 0.04010045179846691 0.5891216806020747 0.09219890170627171 0.5958637471749805 0.08067324565865143 0.6409828908485627 0.02857479575084664 0.6342407607635275
0 0.13489095230548703 0.7098154947239204 0.15023215890627856 0.6533997026616155 0.1943674143294842 0.6594797823109066 0.1790263527318051 0.7158955108610822
0 0.17334728352507653 0.8156868481115049 0.18934390419407895 0.7660775239212084 0.2326963324295847 0.7731593168736993 0.21669965599015442 0.8227687045761252
0 0.212086482354772 0.8220104967766324 0.23283638312802676 0.7740115226245448 0.32212564122607135 0.7935660815759951 0.3013757404528166 0.8415650557280827
0 0.25676526521381576 0.7295903137397568 0.3307643020362185 0.7417448204588319 0.316261715359158 0.7864749523404981 0.24226270084492643 0.774320445621423
0 0.40130485846982367 0.6891455992699662 0.32157166241205226 0.6783358983765283 0.3324315255148369 0.6377555219985692 0.41216469926443716 0.6485651593798777
0 0.3548407749822962 0.6081234934922932 0.33624506275556243 0.644521469132089 0.2923762895907575 0.6331672787542274 0.310971957201149 0.5967693031144315
0 0.26703356023420366 0.6265357232862904 0.28600148429647526 0.5938501586278941 0.3121133101613898 0.6015266791590791 0.29314540840728937 0.6342123073296045
0 0.26823402984797606 0.6969959524990245 0.27244724028291756 0.6460160365585979 0.3232587847793311 0.6481433753292469 0.3190455743443896 0.6991234182939321
0 0.4511878476505391 0.6289113309703434 0.4986690498932063 0.637923384556289 0.4804148534585161 0.6866456348367586 0.4329335619831643 0.677633581250813
0 0.7221942031592653 0.7362398431402836 0.7551825450874908 0.6687355954490765 0.8157944707145468 0.6837411616520876 0.7828060395536367 0.7512454093432948
0 0.7888924225031981 0.7057486860610692 0.9820681566383407 0.7258440507934444 0.969849257441292 0.7853490093124025 0.7766735233061495 0.7652537080921566
0 0.8423400343510142 0.7608534607505203 0.7852203190675255 0.7480148648868367 0.8052927652994791 0.7027735873886252 0.8624124805829678 0.7156121832523088
0 0.999833937974004 0.7262093725611343 0.9478740134434394 0.7262093725611343 0.9478740134434394 0.6684936777486017 0.999833937974004 0.6684936777486017
0 0.8351089745237116 0.7710041597904201 0.8220033701400311 0.8083166465798972 0.759206849929185 0.7971427036249675 0.7723126327782347 0.7598301533233611
0 0.7252429270604898 0.7915879327970539 0.7431571915832876 0.7519192730350871 0.7772801270958973 0.759725866407063 0.759365951805784 0.7993945261690296
0 0.6689272428813734 0.813433120203564 0.6859174583390443 0.7735264169810093 0.741111175358644 0.7854308129349311 0.7241209599009731 0.8253374526453564
0 0.6481215270639163 0.7283182293021592 0.707441764965392 0.7386884262608936 0.6955369202017087 0.7731871351863293 0.6362167269165753 0.7628168747154657
0 0.5980471337747852 0.7455601846018145 0.5880426328781753 0.7764170445214945 0.5621113470423291 0.7721577941068873 0.5721158925552814 0.7413009976993367
0 0.5720771209538331 0.772601680378512 0.5859275951720121 0.7208462178272957 0.6468850743700887 0.7291104160908234 0.6330346001519097 0.7808658786420395
0 0.5623879683645148 0.8040369452596579 0.4653621472810444 0.79252715016503 0.48642695019816795 0.7025687607716571 0.5834527712816383 0.7140786193784144
0 0.6185763621190835 0.7799568295354774 0.6089724713598775 0.8217302812621944 0.5661326179727476 0.8167407048728538 0.5757365087319536 0.7749672531461368
0 0.5985499153360289 0.8217668642486667 0.6425968638637609 0.7545866554411095 0.6934102822465507 0.7714645592156608 0.6493633783351608 0.8386448315353473
0 0.6990964566057886 0.8640547007105229 0.6464280245596903 0.8515589433207597 0.6654800058108324 0.8108777731936134 0.7181484378569307 0.8233735305833767
0 0.7375395479258041 0.7928647806443483 0.8172113072802449 0.8083303651998244 0.8048572205660636 0.8405717895380789 0.7251853719789382 0.825106268494732
0 0.8058414570769371 0.8344458541314386 0.8919053997909814 0.8461137944280047 0.8816106249714455 0.8845827100676379 0.7955465930247168 0.8729147697710719
0 0.8326945165444536 0.8052147141852563 0.9032283136022021 0.8112999383170201 0.89739463761536 0.8455550782266195 0.826860929790296 0.8394698540948556
0 0.9028807522957785 0.7808671488846254 0.8928270841899671 0.8184348274095994 0.8372237891481634 0.8108965092717547 0.8472772787886056 0.7733287672346514
0 0.8891410604555007 0.8157020275104059 0.9076139215837445 0.7770790949572386 0.9327871757641173 0.7831785458059638 0.9143143146358735 0.8218015418712604
0 0.999833937974004 0.8405200906648348 0.9439376920287372 0.8405200906648348 0.9439376920287372 0.8175459116480229 0.999833937974004 0.8175459116480229
0 0.9309377391435947 0.7817640036623634 1.0158425492849963 0.7995380635812305 0.9979158814190424 0.8429203410550533 0.9130109820449561 0.8251462811361863
0 0.9993825990554185 0.7956638236943938 0.9518153318884777 0.7857060745032843 0.9627093934176261 0.7593430152916884 1.0102764821191976 0.7693007644827978
0 0.999833937974004 0.7659940054711889 0.9722794203730355 0.7659940054711889 0.9722794203730355 0.7323731611968327 0.999833937974004 0.7323731611968327
0 0.8814283225968568 0.9005892274282974 0.8685170670001827 0.9281583819751561 0.8042757803933662 0.9129168682118236 0.8171870359900402 0.8853478406892235
0 0.8210023578844572 0.8717702176890934 0.8099200153908535 0.9112099797370903 0.7648032562077394 0.9047875697109131 0.7758855987013432 0.8653478076629162
0 0.7666505512438322 0.9066724191719238 0.6346725106936449 0.889593054923257 0.6442834954512747 0.8519691046517299 0.7762616252341465 0.8690484689003968
0 0.7061457048382676 0.8598882415168119 0.7179008171572323 0.8253752423622854 0.7750656395627741 0.8352388665777836 0.7633105718601517 0.8697519292444393
0 0.7616474530850238 0.8646776911867521 0.7647733632584064 0.8357538864342157 0.7997513263546235 0.8376689041566402 0.7966254161812408 0.8665927089091766
0 0.6822840818884777 0.9340628505869537 0.6148536637512564 0.9217214911835002 0.628368087679322 0.8843142442971189 0.6957985058165433 0.8966556037005723
0 0.6150452017086988 0.9230144075995057 0.7405068023860106 0.9374464592750065 0.7321776897586577 0.974127826035705 0.6067160890813459 0.9596957743602043
0 0.7388063843487299 0.9334928927386836 0.807472184387564 0.9404747811117976 0.8012054621824745 0.971697280359814 0.7325397067599826 0.9647153919867001
0 0.7383465683251097 0.9361045114951873 0.6820343196043495 0.9307604104001366 0.687741195946409 0.9002961189516129 0.744053400050827 0.9056402200466637
0 0.759011519582648 0.9050799160420461 0.8095996700532255 0.9098807343831296 0.8041747689944262 0.938840169440199 0.7535866185238487 0.9340392875869862
0 0.691223769160042 0.9996585587929241 0.5825803879408809 0.9996585587929241 0.5825803879408809 0.9778050512974766 0.691223769160042 0.9778050512974766
0 0.8392306322242782 0.9996585587929241 0.7581417686060855 0.9996585587929241 0.7581417686060855 0.9778050512974766 0.8392306322242782 0.9778050512974766
0 0.928585922508909 0.9427833834994472 0.8690682572928089 0.9286626682817378 0.8893797578867416 0.8852918229911876 0.9488975123355263 0.899412538208897
0 0.9043439898574561 0.8562659542468782 0.9888010303876553 0.8778450258316532 0.9743000945152595 0.9065969667623244 0.8898429647523757 0.8850178951775495
0 0.9165374577394005 0.8237969024372399 0.9975296823601973 0.8424212627430736 0.9825204771164565 0.8754872650559313 0.9015282524956597 0.8568628412379683
0 0.9361340260645102 0.9129114061687045 0.9755725525973136 0.9232532767177745 0.9605317589832328 0.9523106474782128 0.9210933216831141 0.9419688404412722
0 0.909219039113898 0.9376282309890414 0.9614150733278509 0.9500118894706036 0.9501571209110015 0.9740507858228733 0.8979609974643641 0.9616670638291819
0 0.8117627595600329 0.9381697354033884 0.8543793973866959 0.9427196808337669 0.8504353127284356 0.9614344188995838 0.8078187641344572 0.9568845369813346
0 0.887438322368421 0.9863274898787071 0.8484138354920504 0.9878706440841246 0.8464783785635965 0.9630739845172672 0.8855027762072826 0.9615308303118496
0 0.628788819787098 0.8820662959929435 0.6160721806754843 0.9258135141616806 0.558955945466694 0.9174026028794875 0.57167262919465 0.8736553211986212
0 0.6270611857810215 0.8845073211701678 0.587618911475466 0.8751495710644837 0.6067495959544043 0.8343002843311004 0.6461918702599598 0.8436580344367846
0 0.5532091374982867 0.8738823135487123 0.5638978300038834 0.8358433750243887 0.6022015844869335 0.8412960183484001 0.5915128473649945 0.8793349568727237
0 0.5576614469115497 0.8713846355521592 0.4721235754894234 0.857178814081198 0.48903950473718477 0.8055784481497138 0.5745774207756533 0.8197843331328044
0 0.43676739965963085 0.8202077049866675 0.37694652178134136 0.8114415703653421 0.38884186326411735 0.7703182287940622 0.4486626519097222 0.779084236391129
0 0.3953176130328262 0.7390132908022242 0.4715619895890442 0.7543720479562305 0.459414253457945 0.7849220172671696 0.3831699215180693 0.7695632601131633
0 0.47939974243877925 0.7018110610691988 0.4696706582231131 0.7537471521161225 0.4226406164336623 0.7492839642543574 0.43236978988201297 0.6973478096953044
0 0.38027601632458424 0.7372783934784729 0.3843092890510782 0.7143127885991155 0.42645852607593204 0.7180627987610562 0.42242525334943803 0.7410284036404137
0 0.3820201137609649 0.7929078418680086 0.33744849935609694 0.7889423350513788 0.34637493557400173 0.7381145306606074 0.3909465499788697 0.7420801645014958
0 0.37926483154296875 0.8206373645413306 0.3524361549065127 0.816545468587409 0.35952158699258724 0.7930108585417208 0.3863502636290433 0.7971028180077718
0 0.45910394679733185 0.852550367659014 0.4441969129774306 0.9013572160957011 0.3980790523060581 0.8942213108090531 0.41298604150961715 0.8454145258844953
0 0.39835589670995525 0.8919945120439321 0.4519724260296738 0.901722093278486 0.442140679610403 0.9291752746772568 0.3885241056743421 0.9194476934427029
0 0.3797794364349187 0.9431756344099571 0.38512416192662646 0.9213015489846189 0.3934302525213587 0.9223296833336043 0.38808548241330865 0.9442038322710719
0 0.43683325338084794 0.9551598651103993 0.39825823153668677 0.9471518747764373 0.40845998128255206 0.9222563268242716 0.4470350031267133 0.9302643806703629
0 0.4433611150373492 0.994070253560744 0.3388030738161321 0.9816669063191013 0.3478673076071934 0.942957533757967 0.4524253711365817 0.9553608809996098
0 0.3475800452873721 0.951188578690004 0.3656570033023232 0.886856444296306 0.39745058650858917 0.8913823821418119 0.3793736954181515 0.9557144530233805
0 0.4695847271478664 0.8550045398470019 0.44938307198864674 0.9053300268071995 0.33251051874885784 0.8815628353440427 0.3527121515999063 0.8312374118959742
0 0.2073938693219458 0.8550785314776275 0.32832160191229215 0.8796703644275169 0.3099321733441269 0.9254814092376106 0.18900437382926719 0.9008895127755918
0 0.45976614254957054 0.9996585587929241 0.33695189715826024 0.9996585587929241 0.33695189715826024 0.978925722818841 0.45976614254957054 0.978925722818841
0 0.3736314829329998 0.714665217404559 0.30804338510970625 0.7057732652551053 0.31585751360619974 0.6765739448856984 0.3814456337376645 0.6854658970351521
0 0.3282313653600146 0.7421145880755723 0.2588909439176147 0.7322439140137227 0.2696099755359672 0.6940971954059899 0.33895035236202486 0.7039679329799687
0 0.41484462448030884 0.7058158183817312 0.3531843486585115 0.7391700387373179 0.32824401409305326 0.7158128815808728 0.38990422299033717 0.6824585342010275
0 0.7413079780444765 0.930185562117911 0.8927272328159266 0.9465562580279332 0.8829840944524396 0.992210300854416 0.7315648396809896 0.9758396049443938
0 0.305277707283957 0.9374459511779721 0.3281143590023643 0.8793951663712929 0.36520017657363624 0.8867861363691792 0.3423635248552289 0.9448368576637292
0 0.4608222559878701 0.937501079706198 0.4723547773751599 0.8991951997024584 0.5244528787177906 0.9071412657103604 0.5129203573305007 0.9454470822019706
0 0.48417681420755665 0.8582857669826353 0.5365900407757676 0.8638124654494017 0.5281952528925667 0.9041438742805346 0.4757820709406981 0.8986171758137682
0 0.5736585918225741 0.8769878661347229 0.5605611522295322 0.9107807647673322 0.5254697743912189 0.9038906514210457 0.5385671693679185 0.8700977527884365
0 0.5323525144342791 0.9785895531184964 0.5140878331591512 0.9525894657258065 0.5660477130733735 0.9340980363065817 0.5843123943485015 0.9600981236992716
0 0.582188477990223 0.9681299310817183 0.5761172199806972 1.0005394720262097 0.5281074479309439 0.9959833024071605 0.5341787059404697 0.963573761462669
0 0.7282254849261011 0.9996585587929241 0.6896492138243558 0.9996585587929241 0.6896492138243558 0.9772446837807297 0.7282254849261011 0.9772446837807297
0 0.522747820580912 0.9962964807167014 0.4605533979092425 0.9962964807167014 0.4605533979092425 0.9722015666663957 0.522747820580912 0.9722015666663957
0 0.6123677750079952 0.10191285672222539 0.5403086790564464 0.08422711835815556 0.5582377562048839 0.04721974780730725 0.6302968521564327 0.06490555365301444
0 0.4375650952433982 0.15095742311983773 0.4164662500571089 0.180991991501569 0.3698597958213405 0.1644057513027608 0.3909586410076297 0.13437118292102954
0 0.22680110819855628 0.15569109326222685 0.16622157403600146 0.13154495667964686 0.1965750755622373 0.09296571253241659 0.2571546766493056 0.1171117856028673
0 0.17895274692111546 0.07090540954399308 0.2030553092733461 0.04517255340480904 0.2501098900510554 0.0675002384880455 0.2260072496202257 0.09323309065772145
0 0.06164939501132184 0.5045706821405925 0.025767934252644144 0.49946290967863877 0.03830372102079336 0.4548506880650039 0.0741850869697437 0.4599584605269576
0 0.22104131687454312 0.5156293188247919 0.26174297667386237 0.526058423283445 0.2502718250653897 0.548738191824922 0.2095701429578993 0.5383090556102043
0 0.261199482700281 0.5259569626569004 0.3073626512672469 0.5375535788322711 0.29588056865491363 0.5607088309296956 0.24971744470429003 0.5491122147543249
1 0.7109305398506031 0.7509192745593782 0.7144486276726973 0.715862675090238 0.7634153310318439 0.7183520965099831 0.759897153977065 0.7534087594912526
1 0.46625036942331416 0.7935518548590336 0.4504376684713085 0.7947491855204539 0.4490807962696455 0.7856707617593978 0.46489349722165113 0.7844734946101066
1 0.8269846062911185 0.9387688453190036 0.8079361943473593 0.9301411036274063 0.8159295689989949 0.9212006282111732 0.8349780701754386 0.9298283699027705
1 0.9121110704210069 0.9675174201068223 0.9865055195769371 0.9678149109204279 0.9862627174422057 0.9985716757243431 0.9118682682862755 0.9982741849107375
1 0.8986527292351973 0.9558990827832337 0.8792474757858187 0.9441589927077914 0.8909355297423246 0.9343719006080905 0.9103407831917032 0.9461119271714035
1 0.6734731573807565 0.9774334418289867 0.6373121027360883 0.9761464320410055 0.6381972909670824 0.9635462607106855 0.6743583456117507 0.9648332069865374
1 0.47668506109226516 0.9579162280095603 0.44755986977738943 0.9484934414834808 0.45900115074470027 0.9305779400526795 0.488126342059576 0.9400006630666298
1 0.47677554303442526 0.9558604038964945 0.49287767019885326 0.9683631476204799 0.47741413674159355 0.9784523034070954 0.46131200957716556 0.96594955968311
1 0.31224412527697826 0.9849511185248114 0.30343143842373677 0.9463509868260601 0.33590669241565013 0.9425949430118367 0.3447193792688916 0.9811949476863293
1 0.18714440775196456 0.9636529610878968 0.25767010694358783 0.9597413760690362 0.26168343616507905 0.9963994338782843 0.19115773697345578 1.000311018897145
1 0.2761503743846514 0.91378425336157 0.271290271602876 0.9483762616049363 0.21729323180795412 0.9445328886129357 0.22215331228155838 0.909941007393828
1 0.23041768659625136 0.8984749086441532 0.22507476806640625 0.92618156695093 0.1901233070775082 0.9227670278559118 0.1954662032991822 0.8950604330612643
1 0.09448460807577211 0.9422180620366155 0.13577817058005529 0.7642568852229124 0.17661015471519784 0.7690566873699272 0.13531659221091466 0.947017800671501
1 0.18346850077311197 0.8738891093465465 0.1841070944802803 0.8516183906737773 0.20499899791695222 0.8519218516275364 0.20436038190161276 0.874192633812435
1 0.18799992611533717 0.8595523893771136 0.16642704344632334 0.8675953113821865 0.15381005493520994 0.8504509107131244 0.1753829264501382 0.8424080522201808
1 0.27775114182143185 0.8666452334401015 0.3026268049987436 0.8307284256918249 0.348845967075281 0.8469451682004423 0.32397028158979807 0.8828619759487187
1 0.31830318071688823 0.797922823109066 0.35362281576234694 0.7966337174208181 0.35497076469555233 0.8153425488586108 0.31965110734192254 0.816631718058988
1 0.33981060005768 0.7717586203742846 0.3239978767975032 0.7712796754072906 0.3245977881359078 0.7612453941003837 0.3404105337042558 0.7617243390673777
1 0.2288191276684142 0.8340595098489529 0.29151579650521975 0.8439761031802809 0.28325916312591376 0.8704214105993107 0.22056247198093704 0.8605048172679826
1 0.1004308399401213 0.9799154323296045 0.015216852489270662 0.9156960319654006 0.048470106738352635 0.893342684012422 0.1336840021679973 0.9575620843766259
1 0.06507996230097542 0.995244910392007 0.03995408788759109 0.9719184931061394 0.06358028434173406 0.9590261024689452 0.08870615596659699 0.9823525197548127
1 0.016203632131654617 0.8997857354806191 0.030001821573714765 0.8158614429549298 0.06873473786471183 0.8190875415623374 0.05493654842265168 0.9030118340880268
1 0.01608609874346103 0.8646515241894837 0.015413285696018509 0.8902742860220474 0.0006056372620906049 0.8900772713969823 0.0012784500916798909 0.8644545730765478
1 0.004002760725411755 0.95876716351782 0.016081869950768542 0.9453935414769771 0.03480347973561426 0.9539598669395486 0.022724371904518172 0.9673334889803915
1 0.032750349992897075 0.9149888244057297 0.029146989186604817 0.944373092095636 -0.0015075581464153982 0.9424686808988033 0.0020958971210390505 0.913084413208897
1 0.010721567081429108 0.9613098716140414 0.008770207912601226 0.9860010375341441 0.0 0.9856499424834158 0.0019513589945452951 0.960958776563313
1 0.10645146955523574 0.8835201521445759 0.08843024850588793 0.8975401371252276 0.0687131156698305 0.8847007156038632 0.08673433114213554 0.8706806671110822
1 0.13375377097325017 0.6525728382503577 0.1495803922240497 0.6619601850082921 0.13705988655313414 0.6726539762657713 0.12123326530233461 0.6632666930199662
1 0.11785651089852317 0.6572230058207597 0.09140951591625548 0.6767440938800728 0.06862652650353504 0.6611072806240245 0.09507352148580273 0.6415861925647113
1 0.03410212477745368 0.6504418157762096 0.059328620196783054 0.6314507999479708 0.08501688639322917 0.6487373407623894 0.05979038818537841 0.6677283565906282
1 0.14104477285641676 0.6722237451019446 0.13386880305775425 0.7138133927264894 0.11541589658859877 0.7122004386909795 0.12259186638726129 0.6706107910664347
1 0.11371603625559668 0.7380283447011576 0.10003201445640876 0.7145530549842287 0.12515136094121207 0.7071352193556517 0.13883537158631443 0.7306104455604514
1 0.11400790521275928 0.6948957969197126 0.10659119678519623 0.743160378796501 0.06518923330028155 0.7399373287712995 0.07260593057375903 0.691672746894511
1 0.060867599576537375 0.6902469631040258 0.06943243707132618 0.7373534648152965 0.025688938230101824 0.7413826742976066 0.017124004531324954 0.6942761725863359
1 0.019005400395532796 0.6672888526559249 0.08484784064934267 0.6792690185800924 0.07789473505745158 0.6986280871975806 0.012052392401890448 0.6866478577612838
1 0.02792773888125057 0.6508996747162786 0.047336578369140625 0.6528731871097815 0.04453874889173006 0.6668126387104903 0.025129909403840002 0.6648390628048583
1 0.41673965900264986 0.6715968803858285 0.40411060177094754 0.661203628524161 0.41743255079838265 0.6530029423899258 0.4300615634137427 0.6633961307394641
1 0.36074309321174847 0.7465658356570304 0.3516063132481268 0.7317385480009431 0.3753085666232639 0.7243393214262487 0.38444536889505665 0.7391665455702068
1 0.40397211264448557 0.6026125460335913 0.40098116690652413 0.6207075962539021 0.3772505375376919 0.6187204922647308 0.3802414832756533 0.6006254420444199
1 0.5408023588838633 0.7077851389747009 0.5036459582590918 0.7047100722107505 0.5051862928602431 0.6952813155445174 0.5423426934850146 0.6983563823084677
1 0.54148655049285 0.5685556909916428 0.5099929898802997 0.584149252487643 0.48260743436757586 0.5561294793834547 0.5141009949801261 0.5405359178874545
1 0.5062117102550484 0.522635881660136 0.5531508685552586 0.5215581443381732 0.5540743376079359 0.5419343914623439 0.5071352685404102 0.5430121287843067
1 0.48777712994848776 0.5222660187752016 0.46614703797457513 0.4985130222729416 0.49322264375742414 0.486022409365651 0.5148527357313368 0.5097753741118464
1 0.5151733933833608 0.4675379662806484 0.4986780623943485 0.45007746574409796 0.5159685458356177 0.4418022798822028 0.5324638768246299 0.4592628121748179
1 0.7097193400065104 0.6191295738895031 0.7592966180098685 0.6051789441540387 0.7788608841031616 0.6404009292078564 0.7292834722507767 0.6543516224554501
1 0.7472270497104578 0.5979388789753513 0.7227852358455547 0.5844081914387682 0.7451113873755025 0.5639770380788242 0.7695531120077211 0.5775077256154071
1 0.7059389527081049 0.5706339348863488 0.6966766892817983 0.5879392117789087 0.6710101568210892 0.580979743187435 0.6802724202473959 0.5636745298070044
1 0.7300497579295733 0.6079690955059833 0.7368599071837308 0.5927349491496487 0.773933366028189 0.6011309350814581 0.7671232167740314 0.6163650179256633
1 0.7993448714763798 0.5550542190345343 0.7793647810729624 0.5246507722058728 0.8264797277617872 0.5089653086587864 0.8464597289325201 0.539368755487448
1 0.907262344806515 0.5778414183427094 0.8874456394485563 0.5620166091839555 0.9068897091157255 0.5496814739691728 0.9267063252409996 0.5655062196157974
1 0.9733508372167398 0.5970514875048777 0.9589717931914747 0.583640964916916 0.9765274315549616 0.5741050632885666 0.9909064755802266 0.5875156493886576
1 0.910152234529194 0.7238429106236993 0.8938160500331231 0.7174171344546696 0.9001231054116411 0.7092939966303005 0.916459289907712 0.7157197092872009
1 0.9240842228047332 0.7065541468847555 0.9387800428602431 0.6995809596733545 0.9466931080957602 0.7080292160875715 0.9319974665056195 0.7150024668111017
1 0.7585821319044682 0.49597939641120903 0.8032229239480537 0.5070028156197158 0.7837506567525585 0.5469509605066337 0.7391099093253153 0.5359275412981269
1 0.7481940196968658 0.47891968916655825 0.7608397188242416 0.505359248737887 0.7274155644645468 0.5134579661485432 0.7147698207208287 0.48701837482114985
1 0.7171538057383041 0.5378048963278811 0.6941885251050804 0.5130767663485302 0.7238792285584567 0.49910774985163564 0.7468445091916803 0.5238358798309866
1 0.3445119802017658 0.483478589807167 0.3236713520964684 0.506051276898657 0.296663853160122 0.49341909545517365 0.317504414340906 0.4708464401197483
1 0.33576465628997626 0.4686768340270552 0.3478464494671738 0.44641983397421303 0.3788054616827714 0.4549335078816012 0.36672369081374495 0.4771904761783786
1 0.3451169554950201 0.3909014365427452 0.3523375081737139 0.3759505860391194 0.37634255035578856 0.3818237749272405 0.3691219753689236 0.3967745936748016
1 0.5448091295030382 0.3256622854306224 0.6243013080797697 0.3380390210900917 0.6122705559981497 0.37718408685817184 0.5327783328050758 0.3648073511987025
1 0.6668065388997396 0.3481350996988001 0.6566490039490817 0.30861280363878774 0.6911812497858416 0.30411671649404914 0.7013388293528418 0.34363901255406154
1 0.601382651524237 0.3253667952490895 0.6419771874857227 0.2751836072145714 0.6805100468864218 0.2909745326523478 0.6399155555412783 0.3411577206868659
1 0.65260894953856 0.281567116061557 0.623583341899671 0.2835160810170883 0.6209431698447779 0.263596835419241 0.6499687328673246 0.2616478704637097
1 0.6049011855097542 0.2636092837965823 0.6016668576246117 0.2258558481714604 0.6263726217704907 0.22478358877064905 0.6296069496556332 0.2625370879079003
1 0.8873365971080044 0.2894920007743399 0.8670969288251553 0.27414664467961436 0.8869138126484832 0.2609053660381845 0.9071534809313322 0.27625073801094235
1 0.8408057675724141 0.2633148098091181 0.81310508683411 0.24503254170968555 0.8372066564727247 0.22653261754316792 0.8649072479783443 0.24481494915472976
1 0.6297761794419316 0.2440197137838596 0.6823274489731816 0.2261810302734375 0.710934243007013 0.2688737406815004 0.658382973475763 0.2867124241919225
1 0.6722041793734009 0.24673458738456036 0.6539212500142773 0.21109024667094822 0.7000263504117553 0.19910996960055444 0.7183092351545367 0.23475423092400494
1 0.6859429342704907 0.17937292442361472 0.7261456941303454 0.18926443046387226 0.7144447906672606 0.21335674051687695 0.6742420308074059 0.2034652344766194
1 0.748940094172606 0.19551867624971547 0.7525327805190059 0.21802138885275754 0.7233540495933845 0.2203814519431663 0.7197613632469847 0.19787873934012423
1 0.7480239868164062 0.22924857085006667 0.7568486977738944 0.20464756039749446 0.7889284725077668 0.21047722759901796 0.7801036277012519 0.23507825392962248
1 0.8173292728892544 0.21756680078734716 0.8076824165924251 0.24388735450641422 0.7765106736567983 0.23809947828596514 0.7861575299536275 0.2117789245668981
1 0.7521551477978801 0.25050549303703823 0.7794682909870705 0.26037524617301316 0.7683115284345303 0.2760165370341766 0.7409983406289976 0.26614678389820173
1 0.5067673621819033 0.2795541308796989 0.4524647227504797 0.3344375975546306 0.3848608808907849 0.3005519394571898 0.4391635203222085 0.24566847278225806
1 0.35207259864137885 0.33788373393397175 0.3349600674813254 0.30499785201978735 0.38460339997944076 0.29191117777908754 0.4017159088313231 0.3247969961811427
1 0.36275578102870293 0.22893556719888136 0.45723831444455865 0.21612632981696311 0.46600471184267633 0.2488840442542355 0.3715221338104783 0.26169328163615374
1 0.45157315438253837 0.21815362110594433 0.40547568337959156 0.1901842289983172 0.428538049173634 0.1709283358348644 0.4746355201765808 0.19889771206445922
1 0.2862959967719184 0.2915336616825735 0.293607455248024 0.3196350478729026 0.27095805831819947 0.3226204672663567 0.26364662215026496 0.29451898580783364
1 0.2435868469595212 0.25328240211002534 0.2125644572297035 0.2961448963177192 0.1619361855133235 0.2775815076560061 0.19295860870539794 0.23471907696044159
1 0.21149897435952347 0.23664471708649032 0.18432419760185376 0.22389668951917763 0.1983045388383475 0.20879906248475708 0.22547937136644508 0.2215470900520698
1 0.17107522975631625 0.14383441079543607 0.205724571183411 0.14460509872833474 0.20471626415587307 0.16756884587791038 0.17006702311554847 0.1667980944328824
1 0.3125662552682977 0.16435765674285413 0.2726266649034288 0.15725085588945434 0.2807139792637518 0.13422596243740245 0.32065354732044954 0.14133276329080222
1 0.28401572244209156 0.11061437569101197 0.2804592645656296 0.15111550480964653 0.2461501673648232 0.14958926070865308 0.24970664754945632 0.10908813159001854
1 0.029640669014021667 0.13921784114142982 0.015778570844416032 0.10351106006570711 0.061424612301832056 0.09453374761448442 0.075286709077177 0.13024046517807786
1 0.05791601102951675 0.1044083594283502 0.04606129830343682 0.0784930051551525 0.08304505599172492 0.06992247995303151 0.09489967390807749 0.09583782628721303
1 0.02675163815593162 0.1453472538371488 0.023409966139765512 0.17959632833840075 -0.001124590199593215 0.17838362774169159 0.0022170820779967727 0.14413455324043964
1 0.034062530562194465 0.23616542280278519 0.03218690136022735 0.28289178854220864 0.0007217289411533646 0.282251967351717 0.0025973593630985907 0.23552552222213188
1 0.2486114948116548 0.11414834934516455 0.20974552979943348 0.09913116836150901 0.21957714236967746 0.0862405878199995 0.25844310738189874 0.10125777674267121
1 0.21027943125942297 0.000826018968060163 0.249741760610837 0.0005422887023108062 0.24990086248743604 0.011753601288572186 0.2104385777523643 0.012037331802415799
1 0.2061209427682977 0.012847002289421724 0.182694875706009 0.012847002289421724 0.182694875706009 0.0019134007681172794 0.2061209427682977 0.0019134007681172794
1 0.16957545141030472 0.02311266126047188 0.1929153531615497 0.007054062465227109 0.21653267932914153 0.024443621441923493 0.19319279988606772 0.0405021532517194
1 0.19564770257960984 0.03873478932137544 0.16908293160778737 0.07901627364937647 0.14386854115982503 0.07059240589280778 0.1704332675153052 0.030310846144153226
1 0.46967275519120066 0.05660233909456092 0.4405182509394417 0.03980390884129487 0.4640837998418083 0.019084348886988043 0.49323825947722494 0.03588278112500813
1 0.4551346539056789 0.036506259850731256 0.38690091852556197 0.036791977103369296 0.3866171585886102 0.0024600671555819794 0.4548509385850694 0.0021743533762635103
1 0.7370540328890259 0.11317779668039883 0.7658949288708424 0.09800506655309005 0.7896544696294774 0.12088475539954718 0.7608135736476608 0.13605747758783981
1 0.6795538740548474 0.05990935612419517 0.7316126683999223 0.08116943010058289 0.7170552036218476 0.09922788939540518 0.6649964538931149 0.07796781541901746
1 0.6776757937425758 0.047221935006259756 0.6909795839186997 0.020999801270547444 0.7230685942354258 0.029247405005543337 0.7097648040593019 0.05546954072600969
1 0.9172705934758771 0.06757123710957824 0.8700947008634868 0.06412734747181077 0.8733624017726608 0.04145019880566711 0.9205382943850512 0.04489408844343457
1 0.8307475485996894 0.06626709095521226 0.8800375419750548 0.07796124985265186 0.8698258427848593 0.09976606736198051 0.8205358494094938 0.08807191243404901
1 0.9491538778383132 0.0771834565002886 0.9610542163514254 0.06178328943798371 0.9942979422229076 0.07479705175425581 0.9823976929424799 0.09019729026770616
1 0.9110838237561678 0.35405458892917535 0.9628288759822734 0.3571237808211661 0.9589535004911367 0.39022363509893665 0.9072083590323465 0.38715444320694586
1 0.9437393277709247 0.33494207439760015 0.973413924724735 0.35123563482659664 0.9562055799696181 0.3671128097359521 0.9265308937831231 0.35081934457514957
1 0.9651877419990406 0.35090737238634884 0.9372948540581597 0.33039266882032065 0.9649676049661915 0.31133172613773086 0.9928604036743878 0.33184646145982377
1 0.962187471445541 0.32199636532786485 0.962187471445541 0.28382779854765544 0.9992690950806378 0.28382779854765544 0.9992690950806378 0.32199636532786485
1 0.18140469378198099 0.7454513883243367 0.16484318560327005 0.7203381843050859 0.20471182482981543 0.7070184840620122 0.22127338877895422 0.732131688081263
1 0.21714162547685947 0.7381627363667403 0.23039274606091237 0.7204784190865635 0.258573275560524 0.7311758940475416 0.2453221995928134 0.7488601478155892