0 0.9038110123925553 0.2805973184089224 0.7655909967311334 0.3452960824420136 0.7889639758841419 0.44376094836845337 0.9271839915455639 0.3790622093088303
0 0.9158715734948645 0.45917786943151595 0.8990817125582751 0.3858266227959416 0.852271660224541 0.40695517582120755 0.8690615211611306 0.4803064224567819
0 0.8549352259069056 0.41393026548594775 0.7928875120647582 0.44297383459812295 0.8065637975305944 0.500588774485986 0.8686114402361961 0.47154518040034266
0 0.89438677167559 0.4663377627608429 0.8464529753287078 0.48811492670187195 0.8580404784018065 0.5384097434885178 0.9059742036121431 0.5166325795474888
0 0.9585779007776078 0.4347499716301401 0.9215831267528045 0.45150806782873876 0.9286092122395834 0.4820940732565722 0.9656039862643867 0.4653359271110372
0 0.9670008946131993 0.48230704699327437 0.9216274448208042 0.5019119687244271 0.9279898974723193 0.5309491696022146 0.9733634184012602 0.5113442478710618
0 0.9506172233528191 0.6179828550148322 0.9477588146716565 0.5377036436489873 0.9162253355368589 0.5399177413915456 0.9190837442180215 0.6201969028104541
0 0.8874059290319056 0.5369921994872647 0.8897201431381119 0.6247343322454224 0.9191788537796839 0.6232022099721256 0.9168646396734775 0.5354600772139679
0 0.851404007776078 0.543091619463482 0.851404007776078 0.6068458369827895 0.8928812378214234 0.6068458369827895 0.8928812378214234 0.543091619463482
0 0.8134903629898748 0.5589850342995601 0.8590505462148529 0.5397915754302629 0.8469251085828234 0.4830345241215732 0.8013649964943911 0.5022279829908705
0 0.7280933584644522 0.45572468809137173 0.7512421863618153 0.5532450824244323 0.7949614269194347 0.5327807737060147 0.7718125990220717 0.4352603793729542
0 0.6735758036722392 0.45068983711704685 0.7387895206193547 0.4150766975165584 0.7250519154510854 0.3654710735314802 0.6598382696405157 0.4010842381054368
0 0.7557262073863636 0.40605937751732557 0.677199641585628 0.4428164018546696 0.6857753655849359 0.4789438200855411 0.7643018602491258 0.44218677077472895
0 0.6906115836474723 0.513234090102675 0.7329221071896853 0.4941364794042809 0.7239877838632721 0.4551040974069149 0.6816772603210591 0.4742017580522453
0 0.8278782273228074 0.6446724000421952 0.791338442644595 0.5341561125460311 0.7609548146352345 0.553965467087766 0.797494599313447 0.6644817046369936
0 0.8434496615038607 0.7337015155099222 0.823346331402972 0.642961267948931 0.758614635689831 0.6712411733774039 0.7787180369272655 0.7619814708853314
0 0.8167889646161131 0.6346373113204532 0.8400097115612253 0.7255960267811478 0.9035838022654429 0.6935920278296338 0.8803631264568764 0.6026333123689392
0 0.9727874257903555 0.5984966571514423 0.8874659682765151 0.6311729918134973 0.8986285727618736 0.6886486296958112 0.9839500302757138 0.6559723449806926
0 0.9864794324328016 0.7232816355903489 0.9636095309313083 0.6605804493306311 0.9179730893292904 0.6934045270304828 0.9408431331038752 0.7561057132902005
0 0.9640983101371285 0.7990155259052782 0.9938320346645542 0.7742241642479031 0.9750165605878497 0.7297243908072064 0.9452827649238782 0.7545157524645816
0 0.9157671450457096 0.688461378631342 0.8867415136946387 0.7108791120313779 0.8999128719587703 0.7445079347701002 0.9289384321732954 0.7220902013700644
0 0.7037018462494536 0.7030335971064341 0.7483487785001457 0.6779552902995857 0.7310697826750073 0.6172951356478877 0.6864228504243153 0.642373442454736
0 0.7937806313965982 0.5992120471211385 0.7329369747277462 0.6341101214070172 0.7469448276333042 0.6822694069820223 0.8077885554387019 0.6473712827492072
0 0.7193686034018065 0.7816641100494834 0.7915586813902243 0.7348764672412029 0.7702158681162588 0.6699396561093495 0.6980257901278409 0.7167273488645662
0 0.8513636733546401 0.7309570811969364 0.8132825731397508 0.7662023366375562 0.8330959506801792 0.8084166881105513 0.8711770508950685 0.7731713827229951
0 0.8612688682573937 0.7573373048473302 0.871470062326996 0.7859873170743402 0.8941143187053832 0.770088158340579 0.8839131957723266 0.7414380961666326
0 0.7562102204436189 0.980662244431516 0.829315754639241 0.9331961723864566 0.8031593447242862 0.8537563692333265 0.7300537393921183 0.9012223413845131
0 0.7675013686671401 0.9371140100756956 0.7540809613563519 0.892355561451514 0.7383696727263622 0.9016450922539894 0.7517900800371503 0.946403540878171
0 0.9024003746904138 0.7903829971038768 0.7377458763567162 0.9273173180812705 0.7616507434622669 0.9839985998874795 0.9263051706594188 0.847064278910086
0 0.7739831173058712 0.7901465483070785 0.7130429994809878 0.8382827084505421 0.739492989920236 0.9043141566399857 0.8004331788816652 0.856177996496522
0 0.699869720530121 0.5620820939833521 0.6800488736523893 0.48476673382198754 0.6462678353547494 0.5018441407848302 0.6660886822324811 0.5791594509992584
0 0.7429654492642774 0.9791444569289587 0.7204492386682328 0.9016791560645969 0.6940141157670454 0.9168308588955094 0.71653032636309 0.9942961597598711
0 0.697338966778664 0.9088355531083777 0.731074619960118 0.892499908097637 0.7221458452842731 0.856138937992277 0.6884102632393648 0.8724746828968903
0 0.6770486186990093 0.8223369991720796 0.6886393229166666 0.8732007115640343 0.7216065591309732 0.8583865501291428 0.7100157126402243 0.8075227877902517
0 0.693955997209171 0.8997642904178601 0.6815477206712558 0.8257108647772606 0.6519623869782561 0.8354862294298537 0.6643706635161714 0.9095397050173896
0 0.6493185972556089 0.8307670930403539 0.6003716742242133 0.8518080391392185 0.6183489463823937 0.9342741271672974 0.6672958694137894 0.9132330811745601
0 0.6328970813528919 0.9331269459326411 0.652130980591674 1.024958184424867 0.7164335095243298 0.9984001996279153 0.6971996102855478 0.9065688612418167
0 0.616669554810424 0.9132948155879194 0.6032226135680726 0.8516105489527925 0.5602477102568655 0.8700843224158654 0.573694651499217 0.9317685890509922
0 0.623395444074155 0.989239432027414 0.6118720350287733 0.9155224489502353 0.5715842080282998 0.9279411553165916 0.5831075459371358 1.001658238287643
0 0.7320539567854021 0.8896531325120193 0.6980865407379079 0.7660695776806721 0.6340094435187209 0.8007989312154766 0.667976859566215 0.9243824360998875
0 0.6357414761345426 0.8387759843941797 0.62598943821478 0.7996494024748108 0.5920846223275422 0.8163132488044701 0.6018366602473048 0.8554397807769026
0 0.5987618541939831 0.8625526240921645 0.5938462121781214 0.8162045642709186 0.5552290625227637 0.8242811836704685 0.5601447756751712 0.8706291435978416
0 0.5423599634415064 0.8942345651979338 0.5535683087257794 0.9598154920212766 0.5771416795281541 0.9518707325337561 0.5659333342438811 0.886289905604286
0 0.6688662797976763 0.7710169715694046 0.7009973770532852 0.7553229948502711 0.6936928631264568 0.7258330249942461 0.6615617658708479 0.7415270516603161
0 0.885736283166703 0.22191089186847893 0.8088395979020979 0.2628698270956935 0.821593669188884 0.31008698858332906 0.8984903544534892 0.26912807832958263
0 0.8091195913461539 0.26535566114559894 0.8453983760380245 0.24288001427283654 0.831822108555507 0.199667048727432 0.7955432527270906 0.22214269560019434
0 0.8890851071942381 0.21584368766622342 0.8688437721946023 0.12867681874776238 0.8370581851416813 0.14323175558286877 0.857299520141317 0.23039862450132978
0 0.817198284300335 0.15286202438529306 0.7821856589861961 0.174495378609765 0.7954423811052229 0.21680406735883798 0.8304550064193619 0.19517071313436604
0 0.8147471323435679 0.15442691184885177 0.8301048723412005 0.19755941287975654 0.8496104420481861 0.1838640628196604 0.8342526309140079 0.14073156178875562
0 0.8623581110458551 0.23126185740269536 0.8479430014159018 0.18445110164960746 0.8294250915100524 0.19569606749789023 0.8438402011400058 0.24250681076424407
0 0.778651808803176 0.1759651421329979 0.8346246039117133 0.141791198530681 0.817658039795491 0.08699276014162553 0.7616852446869536 0.12116669750057539
0 0.8173208525686553 0.08671998743534869 0.8320858117305872 0.14201031574055722 0.8615083850069202 0.12651651385567972 0.8467434258449883 0.07122618555047118
0 0.9892579547730915 0.10393144573205426 0.9724751363545309 0.04570600131919848 0.9455169464324737 0.06102875055540993 0.9622997648510344 0.11925419184658219
0 0.9805660647945804 0.07273016896848788 1.0046432957504734 0.05984995915339543 0.9995999280667249 0.04125906636789075 0.9755226259742862 0.05413926993961615
0 0.9870457504734849 0.065328407599766 0.9870457504734849 0.09681198444772274 0.9999373287031978 0.09681198444772274 0.9999373287031978 0.065328407599766
0 0.9724726465754298 0.0 0.9724726465754298 0.05194789180974133 0.9999373287031978 0.05194789180974133 0.9999373287031978 0.0
0 0.9408013759515225 0.057368258212475064 0.9765955784937719 0.038035887548068935 0.9646053714352054 -0.005740883307449166 0.9288112400295018 0.013591490088430053
0 0.7415237960281905 0.13043142964914076 0.7931586134405959 0.09806156938868146 0.7759903772171839 0.044058164481055324 0.7243555598047785 0.07642802786319813
0 0.8306654283216783 0.003935446325573711 0.7867219653718677 0.0347893460487578 0.8057790902944711 0.08831141545222355 0.849722482107736 0.05745751963114387
0 0.7453843763658217 0.18848560289548383 0.7241063684850306 0.08390668878383606 0.6840568489128059 0.09997519260537605 0.705334856793597 0.20455409423028975
0 0.7347195854275932 0.30681389092228417 0.7290070362580128 0.23060637878318074 0.6834327679969769 0.23734299680019946 0.6891453171665574 0.31355050893930286
0 0.6748734765397363 0.22419211829352495 0.600421042986961 0.2607339462554982 0.612204171560861 0.3080754006943024 0.6866566762501821 0.2715335727323292
0 0.6600883857353584 0.3304568476450619 0.6139144363936845 0.35403504816482967 0.6232588619063228 0.3901205109691464 0.6694328112479968 0.36654231044937857
0 0.5798293960677994 0.3404455106894435 0.5906603975451632 0.3891162029459902 0.6113092026788316 0.38005487969581114 0.6004782367697407 0.3313841874392645
0 0.5645929794489365 0.10693090910216986 0.6020731181253642 0.25863402720949263 0.6386756452369245 0.24080162235640856 0.6011955065604968 0.08909850424908577
0 0.6465419244655084 0.1202226129959531 0.6856946967420601 0.09945216701776033 0.6742390808247742 0.056869750327252326 0.6350862374116769 0.07764020254881214
0 0.705260376830201 0.1001549328992878 0.7530650603465545 0.061219572825829835 0.7326215552839088 0.011723178108077978 0.6848168006310096 0.050658536620694174
0 0.775960357594879 -0.020621739901029147 0.7414333814785475 0.0036206104946604725 0.7592572832440997 0.05367948966018502 0.7937842593604313 0.02943714160575804
0 0.5933795564380281 -0.009709273929876899 0.46040824409965037 0.0773357947017089 0.4832152964629771 0.14603863605305722 0.6161866088013549 0.05899356898231319
0 0.5037172046296802 0.20937343666089148 0.5802121106839124 0.1697981938988019 0.5649200297180034 0.11151135533609094 0.4884250525272254 0.1510865856114464
0 0.4863917210718969 0.14882614959866639 0.5314702387456294 0.34470323728071295 0.6122029622395834 0.30806558612130475 0.5671244445658508 0.11218848595252404
0 0.5705074141353438 0.4521605246586027 0.6229937360003278 0.43110214707894334 0.612397093872924 0.3790206284842983 0.5599107720079399 0.40007895611702127
0 0.5863426226280231 0.4601872970156506 0.5970642516663024 0.5103732794279358 0.6384591767282197 0.49293450638042147 0.627737618826486 0.44274852396813624
0 0.5970043546947844 0.5175418635241918 0.6171911991003788 0.6243899481191183 0.6591041404884178 0.6087749874533296 0.6389173672193692 0.5019268529114669
0 0.6192437018547858 0.6291991887818382 0.6316308508386145 0.6813831984899243 0.6735003277972028 0.6617846699666274 0.6611132499499198 0.6096006602585413
0 0.6711158307837995 0.6595539398942564 0.6339139071377841 0.6840072107393106 0.6454115647536057 0.7185003152650624 0.682613559536167 0.6940469944730718
0 0.6825323927374709 0.6936839301925635 0.6496729995265151 0.7107739237833726 0.6550413189512311 0.7311280495601473 0.6879007832987325 0.7140381059162746
0 0.5663585885143503 0.5297203750735219 0.5765267752267264 0.5939746113728774 0.6064378431626967 0.5846406277970284 0.5962696564503205 0.5203863914976729
0 0.6100175764177229 0.5692140669752455 0.5884752251329399 0.5778571845271584 0.5986700880499709 0.6279636014697985 0.6202124393347538 0.6193204839178856
0 0.6399520482772436 0.739918410680493 0.6217529723694274 0.6462124139314392 0.5917790552952906 0.6576917682653949 0.6099781667713796 0.751397814961385
0 0.6089150310952068 0.8037329640989412 0.6424777513339525 0.7867659898124233 0.631438355345826 0.743704588245448 0.5978756351070804 0.7606716624258388
0 0.6631521656240894 0.7772181834019538 0.6537573754370629 0.733242253429956 0.63298272975397 0.7419941054623568 0.6423775199409965 0.7859700354343545
0 0.5690975233669325 0.7130860673620346 0.5812459736715108 0.7665392786703407 0.6118972173659674 0.7528023727591806 0.599748802629662 0.6993492113978109
0 0.589226142509834 0.64018576664152 0.5535442645733173 0.6545018572268821 0.5652408199710446 0.711989082798435 0.6009226979075611 0.6976729922130729
0 0.54286908769941 0.6518157109886457 0.5830746452847283 0.6353485556944303 0.5747819024643975 0.5954223233237009 0.5345763448790792 0.6118895285648527
0 0.5617921202332823 0.5154647702281097 0.5338791000259506 0.5285304392613288 0.5441362785570549 0.5717416816374284 0.5720493343326595 0.5586759626572729
0 0.5561740048281796 0.5606908720175685 0.5274234229312355 0.5730270660450337 0.5363997879561845 0.6142801387805595 0.5651503698531286 0.601943894806158
0 0.5255778208201304 0.5003716551535649 0.5343526204427084 0.5311766778974017 0.5557097321623689 0.519180372771967 0.546934932539791 0.4883753500281301
0 0.5995186047676282 0.5188432309514371 0.5868921168756374 0.4575910552628887 0.5533034673659674 0.47124469963111193 0.5659299908262311 0.532496825372724
0 0.890411661499308 0.8831222708993964 0.8418252584817526 0.9275243980794804 0.8612143776633523 0.9693614503951002 0.9098007806809076 0.9249593232150164
0 0.5815986686653191 -0.07200528908088047 0.4249575243685351 0.0010000735570092833 0.46247301790819856 0.15972831713587485 0.6191141622049825 0.08672295303469595
0 0.3905610838136473 0.19939440088849605 0.4432152167900459 0.16858614408052885 0.42827401683602856 0.11823105382841269 0.37561991942790285 0.1490393106363799
0 0.4342655635380245 0.11698013280690595 0.42012297801482373 0.06534464035408782 0.3798967552629662 0.08707073979604069 0.394039340786167 0.13870622600549176
0 0.29647350533581 0.03546695428276998 0.32939866428330783 0.16389851172114744 0.3734212310719879 0.14164374268776853 0.34049603655621724 0.013212174323498716
0 0.338543800763039 0.0 0.338543800763039 0.035419017710584276 0.39571510439430363 0.035419017710584276 0.39571510439430363 0.0
0 0.35794259451486016 0.03584490899368511 0.37479605152334644 0.08791140292553191 0.4024564658567344 0.07025581022721461 0.3856029732799752 0.018189310052000755
0 0.33485572654884177 0.24186097190344977 0.3926617460095243 0.20604869386763502 0.3749821802952906 0.149774941602042 0.3171761252663352 0.18558720715112265
0 0.39923981353119536 0.25037842296344365 0.45896388767482516 0.21614664080880472 0.4452084628018466 0.16882208092122927 0.3854843530899439 0.2030538505891341
0 0.418186001010708 0.25318798808146226 0.46699719551282054 0.4257281564066336 0.500970658166703 0.4067758912930902 0.45215946366459064 0.2342357229679189
0 0.39561850096518064 0.36998625160629345 0.4251124953334426 0.4735291726070223 0.47613763698053246 0.44486832189481895 0.4466435714757248 0.3413253509471537
0 0.4019119155990494 0.2609884758432641 0.36114494839470423 0.2833895769134871 0.38621869565167904 0.3733706560150496 0.4269856628560242 0.3509695799182948
0 0.38568058325138405 0.3721485793492993 0.37593690387574663 0.32768014761117786 0.33761369042741113 0.34423880569283194 0.34735733423477566 0.38870723743095337
0 0.36103589607007575 0.2697838816041837 0.2965009462583315 0.29697097303824416 0.3042914117132867 0.3334370065242686 0.3688263437408945 0.30624994006367634
0 0.3491304126374927 0.23444917120051656 0.26444950414982155 0.2747588462017952 0.27327660691765915 0.3113255477380831 0.3579574976211939 0.27101587273680444
0 0.3432652400090144 0.37694168715157017 0.33453454504479896 0.321771350117635 0.3059884451486014 0.3306793612466116 0.3147191401128169 0.38584969828054677
0 0.34168259413925917 0.3815808834694021 0.2850157553221518 0.4081058033944737 0.29600160327546804 0.45438660966589095 0.3526684598767118 0.4278617396877557
0 0.39751155115229825 0.40661079169490333 0.3426040258163061 0.4344797587043525 0.3534737611428285 0.47670964367456015 0.4083812153422749 0.4488407016385792
0 0.3897316316902499 0.3644079779642108 0.3318913955510635 0.40231178396072015 0.3589407825247669 0.4837065601504961 0.41678101866395323 0.445802779127455
0 0.41430180333988925 0.45150407207382875 0.37709724764168123 0.47638254118824164 0.39468942210946606 0.5282605759640957 0.4318939422394012 0.5033821567966192
0 0.3559759891394413 0.4867163625364413 0.3761332051737325 0.5487716849618964 0.43591180547967656 0.510481264704378 0.4157545183088396 0.4484258923319865
0 0.3413290099386291 0.43157644318675836 0.2892339746435205 0.4597129010139628 0.30643913073417467 0.5225299142191336 0.35853409489273746 0.4943935063388656
0 0.38798476710464014 0.5889356647497699 0.4305980477855478 0.5673932514097023 0.4212378299597538 0.5308816912911722 0.37862454927884615 0.5524240546843034
0 0.45790882599659455 0.5939835518744886 0.4532840613162879 0.5376991983716499 0.4268184919735213 0.541987392594108 0.43144325665382793 0.5982717460969466
0 0.4448151488404174 0.5303407659702333 0.45837932311015805 0.5874834575746727 0.4940273400508996 0.5707971351236446 0.48046316578115894 0.5136544435192052
0 0.4833439113376857 0.4889309597483633 0.5293897437604713 0.47045663686899036 0.5184969601931272 0.41691971449532017 0.47245112777034165 0.4353940373746931
0 0.5505562806740786 0.4601261619655278 0.5418108248766208 0.407318514809866 0.5175360477331913 0.4152459427104644 0.526281539098922 0.4680536398130626
0 0.5671440426842038 0.38356827206775523 0.4711856441897946 0.42657360819864976 0.4855862775326887 0.48993624173677885 0.5815446048905522 0.4469308806324161
0 0.6114346875455274 0.37940674327594365 0.5694604620233282 0.39624747668077437 0.5801628486259834 0.4488487930422719 0.6221371808530012 0.432008034663973
0 0.49432131182619465 0.42639449848480976 0.5349630787100269 0.41008837211346666 0.5145100057819785 0.30956369453093036 0.4738682388981461 0.3258697959288052
0 0.5321894292231206 0.36841329771251025 0.5821811347018867 0.3496929861714914 0.5757156407638585 0.31564565805288464 0.5257238641485468 0.3343659695939034
0 0.5445846877731644 0.3595423721837919 0.5545616594505755 0.40157296887786414 0.5913866661089562 0.38433568177168576 0.5814097655680908 0.3423051350245499
0 0.5287309126420454 0.6091081834658858 0.518129966753624 0.5520435589230002 0.49278031640397363 0.561329793227675 0.5033812622923951 0.6183944177705606
0 0.5364467736446497 0.614333781790226 0.5651990628186917 0.601910580199596 0.5561583192198427 0.5606500653705503 0.5274060300458006 0.5730733668550532
0 0.5291548864546911 0.6570935038614976 0.5256853437090253 0.6168985070261355 0.5023678866299716 0.6208673904843495 0.5058374293756374 0.6610623873197116
0 0.4679991537596518 0.5896515042418934 0.4862484165004917 0.6711906770247289 0.5117687589916594 0.6599275929252761 0.49351956738736524 0.5783884201424406
0 0.4920715118621613 0.6799518191872954 0.4732298595366222 0.5824730306522351 0.4402740763061808 0.5950342855750052 0.45911572863171984 0.6925130241631291
0 0.44849756769922783 0.625023175378478 0.4166652083674789 0.6377947568503222 0.4246814434344952 0.6771937993076156 0.45651380276624415 0.6644221678888349
0 0.4163972014313811 0.6343753895861037 0.4282687882999162 0.7043925533513196 0.4611303511755172 0.6934053761284011 0.4492587643069821 0.6233882123631853
0 0.4271781227805398 0.5755011875383592 0.3907393875655594 0.5907136757908398 0.3972276807664991 0.6213604666402414 0.4336664159814795 0.6061480283346972
0 0.40231341026323936 0.6540301583597586 0.4422778505267519 0.6370240256751227 0.435357616220043 0.6049551956001944 0.3953931048199847 0.6219613782317666
0 0.3949435929874162 0.6538368637159881 0.40488151070121287 0.7143100669848353 0.4293201153094952 0.7063905307001841 0.41938219759569856 0.6459172774844005
0 0.40132671080547055 0.7135380871362265 0.4084088518902972 0.7582910415974069 0.44811225659919507 0.7459013544010843 0.44103011551436844 0.7011483999399039
0 0.44768323209180144 0.7418391201187858 0.4100766837735832 0.7569274402874386 0.42037722002931965 0.8075536050499948 0.4579838039158107 0.792465284881342
0 0.49753807085655233 0.8266995144358633 0.48432403066497304 0.77674138994732 0.4446666513011728 0.7974258647612776 0.457880691492752 0.8473840391967573
0 0.42449104646980623 0.8089689513860474 0.43459549483719406 0.8562665024677782 0.4576841056485832 0.8465398360781505 0.4475796217129225 0.7992422350494834
0 0.4640426457900823 0.6954154406358685 0.47922827091528264 0.7685278160482304 0.5277417945417213 0.7486579258196092 0.5125562049847938 0.6755455004603109
0 0.5286718693090764 0.7286181660603774 0.5027752856274584 0.7420159322735526 0.5148137588323135 0.7879012836762224 0.5407103780822042 0.7745035674099836
0 0.5086004083806818 0.7549760634302117 0.48371407035347463 0.7666249876131598 0.4942515268748179 0.8110168257243504 0.5191378649020251 0.799367851594466
0 0.5796308184003497 0.7654597255875358 0.5608812523332787 0.6831808886239259 0.541926670741368 0.6916984395777925 0.5606762368084389 0.773977226594466
0 0.5615118778113163 0.7716623359343034 0.5445286321751166 0.700115896871164 0.5255275628505609 0.7090099977783603 0.5425108440550335 0.7805564368414996
0 0.5495298158872378 0.6519452233946655 0.5164023801719114 0.6698373148367175 0.5258644655312136 0.7043840623721358 0.5589919368148127 0.6864919709300839
0 0.544633487443546 0.7856961264352752 0.5574125632261618 0.8413256756022401 0.5953244295987216 0.8241522206807488 0.5825454249526515 0.768522571619911
0 0.536961837804123 0.9279783158372545 0.5283940810979385 0.8658163567026391 0.5039253501625328 0.8724667912809432 0.5124931068687172 0.9346286505216858
0 0.5191858109338578 0.8220098467388247 0.5299848009656359 0.887000750402772 0.5601775340544872 0.8771077607150164 0.549378544022709 0.8121169569449417
0 0.5004282775736633 0.8317487001809278 0.466999863133286 0.8384547256994169 0.47729068925052814 0.9396114567883082 0.5107191036909055 0.9329054812167553
0 0.47014082617415137 0.8443128020790712 0.4298754783221336 0.853736590246522 0.4409340456093386 0.9469110017517389 0.4811993578930835 0.9374871136904153
0 0.408890197327087 0.9443312424879807 0.4417093272531505 0.9340897230782017 0.43580093917313156 0.8967539885625512 0.40298188038361377 0.9069954080784575
0 0.39306647738654577 0.8285954501937142 0.4013464156286422 0.871782318464863 0.43469362770205056 0.859174712785137 0.42641365389168123 0.8159878944609247
0 0.38821364894057764 0.8098699941182488 0.41194067468176354 0.8011019093315261 0.40699632906969335 0.7747181394486498 0.38326930332850745 0.7834862242353723
0 0.29936805138221156 0.8139567523463073 0.410777805568455 0.7699082994226933 0.39945777590736087 0.7134494812710976 0.28804803950525387 0.7574978842477752
0 0.34808001040300846 0.8353928786057693 0.3889890728574811 0.8138503154248926 0.37860054069465693 0.7749486945069558 0.33769154937673 0.7964912077408961
0 0.4053729575274985 0.9084220923690671 0.3921795825024585 0.8157877570868709 0.3445368413324956 0.8291682916069967 0.3577302163575357 0.9218025769422565
0 0.4106513603583916 0.9595122142236089 0.4039074024120411 0.9074257508822627 0.35877567460209064 0.9189487088916735 0.3655197036849869 0.9710351722330196
0 0.2899239280007102 0.8647434965093085 0.34635541155621724 0.8494058911812091 0.34027366371421547 0.8052807697102599 0.2838422157269814 0.8206183250914229
0 0.18402300570116734 0.8262960930307641 0.23364620608883305 0.810303133950491 0.22656239329518138 0.7669607309194711 0.17693919290751567 0.7829536899997442
0 0.17769765075825866 0.7875657901045929 0.2257099996357809 0.7668206797098762 0.20614993933475378 0.6775520187352956 0.15813757267309514 0.6982971291300123
0 0.27014355781750804 0.7428973458597586 0.257985664136482 0.6689153443381751 0.21324305323176174 0.6834145903392236 0.22540094691278773 0.7573965419138707
0 0.3105995871803977 0.598391069327946 0.3214122709972319 0.6781058803127558 0.362003993321132 0.6672485151774754 0.3511913095042978 0.5875337041926657
0 0.39164427999572043 0.64484441729107 0.35523613349541083 0.6634358657362418 0.3665935098430216 0.7072945203016315 0.4030016563433311 0.6887031218033961
0 0.37322688602901005 0.7326314023980922 0.4059215625682911 0.7136678492769282 0.39824290597911205 0.6875620340949775 0.3655481938715581 0.7065255872161416
0 0.3027470017368699 0.7314312274639423 0.35374116341828743 0.727218952584774 0.35161318478884396 0.6764191223244426 0.30061898753915356 0.6806313972036109
0 0.3708506408549133 0.5485195528270765 0.36183607550489877 0.5010492852393617 0.3131002501730041 0.5192992964274754 0.3221148155230186 0.5667696139621267
0 0.2634921663013094 0.2775757285459927 0.33101524228538387 0.24459496730673333 0.31600550226954033 0.18399704653775828 0.24848242628546582 0.21697783275048588
0 0.29399181801678137 0.2108928724123491 0.2738908887743116 0.017761651896025663 0.21436932259228403 0.029977698568041312 0.23447025183475378 0.22310891908436478
0 0.23887170111382758 0.15745751713379705 0.25171387501252 0.2145640971032375 0.2969677798397891 0.19449630462596537 0.28412560594109665 0.13738969968305673
0 0.2735254603388148 0.0 0.2735254603388148 0.05194789180974133 0.33125724881401153 0.05194789180974133 0.33125724881401153 0.0
0 0.2287181863140115 0.16468684919141904 0.19139527718781868 0.17778957885142824 0.20257235796023637 0.24057151682052988 0.2398952670864292 0.22746881213398884
0 0.20812867349122233 0.2745276418333163 0.24780840751452324 0.2566174945737648 0.23999960661490202 0.22250241343596563 0.2003198725916011 0.24041256069551709
0 0.18627739397240128 0.3308303758087408 0.22619523979845024 0.31384407205784576 0.21428749778053977 0.2586630963264628 0.17436972309103657 0.27564940007735783
0 0.271416048347811 0.35163127693138807 0.26104289946300446 0.29232473420238336 0.22653461447406759 0.3042267894588789 0.23690774557473776 0.36353335716135177
0 0.25416922402548625 0.40169411517204123 0.22330378819178867 0.41169631383618044 0.22756420926892118 0.4376216207900726 0.25842964510261873 0.4276193971524652
0 0.22712022830278444 0.42765815597509205 0.27889011623142484 0.413810892308012 0.2706235872282015 0.35286746360666427 0.2188536992995611 0.3667147272737444
0 0.1956761678059896 0.43734506460336536 0.20718919091569238 0.5343485580918832 0.29717263530740096 0.5132885822102599 0.2856595944135617 0.41628516364214657
0 0.21976300219555836 0.38116964536876025 0.17797789318022472 0.39077134452357815 0.18296885101389496 0.4336012919873926 0.2247539600292286 0.423999642779511
0 0.17794129342743845 0.40119147417783346 0.24514027130909455 0.357154683863863 0.2282576483168524 0.30635295561994935 0.1610586704351963 0.3503897459339198
0 0.13564171602120212 0.3006680952156429 0.14814096730905812 0.3533243781806209 0.18883347233414371 0.3342768392859426 0.1763342299383559 0.28162053134749643
0 0.2068514523806272 0.26223392767523784 0.19138160118689904 0.18258050147523272 0.15913111902339197 0.19493174201728083 0.17460098800125656 0.27458518070402005
0 0.16525882107394557 0.1939477499104951 0.15358760807064029 0.10790356325439852 0.1151079653582095 0.11819600356581168 0.12677917836151478 0.20424020270864235
0 0.19449809325602782 0.16710083457334926 0.18841117023032306 0.09658333361636598 0.15414645677402025 0.10241563113348379 0.16023337979972502 0.17293313833383414
0 0.218852472194147 0.09693082069609248 0.1812742717894085 0.10698212968542221 0.18881471007020323 0.1625726952685467 0.22639291047494173 0.15252137379248287
0 0.18400781804865057 0.11066730205829327 0.22264154251916704 0.09219864815619885 0.2165403921843131 0.06703127347506009 0.1779065965772509 0.0854999273771545
0 0.15918285307628569 0.0 0.15918285307628569 0.055883342037419445 0.18216346082709609 0.055883342037419445 0.18216346082709609 0.0
0 0.21795533364747233 0.06888034027649026 0.20017633682642227 -0.01600498380520535 0.15678195908908799 0.0019175900960319756 0.17456095591013804 0.08680291183646494
0 0.20405160686074994 0.0004511976495702216 0.21401218156436663 0.04800743128000812 0.2403825702089252 0.03711602418590489 0.23042206664185425 -0.010440213005203272
0 0.2337297381776752 0.0 0.2337297381776752 0.027548123498595093 0.2673599136459244 0.027548123498595093 0.2673599136459244 0.0
0 0.09909695178478747 0.11837822247644103 0.07152016735299206 0.13128649622640906 0.08676588507521124 0.19551297451587432 0.11434260726252914 0.18260471325264038
0 0.12792399657634032 0.17879035312883593 0.08847325998586375 0.18987015694526135 0.09489749472735923 0.2349764110608889 0.1343482224257676 0.22389663221793166
0 0.09301209171890934 0.23312954816802628 0.1100962089769768 0.3650771919912285 0.14773064282112744 0.3554684003714454 0.13064652556305997 0.22352078152171134
0 0.13980929501406797 0.2936204825992865 0.17433194958524548 0.2818680683641699 0.16446554188405996 0.2247163613377148 0.12994288731288242 0.2364687755728314
0 0.1350185420963314 0.23813155903168473 0.16395040658804086 0.2350063542492456 0.16203482390005827 0.20003643129539178 0.13310296830041704 0.20316163607783091
0 0.06561401562813 0.31747661284651185 0.07795883392120574 0.3848914912796645 0.11537651471046857 0.37138017070664125 0.10303169197135872 0.30396531724695686
0 0.07666554484334025 0.3846999947256035 0.06222944548635772 0.25926730441578866 0.025537848750472346 0.26759448262166274 0.039973945884437825 0.3930271729314776
0 0.06618416615021534 0.2609673233157094 0.05920032243350725 0.19231739450008312 0.027969111373652388 0.1985826258183306 0.03495295731337754 0.2672325421472228
0 0.06357179210458325 0.26142705989157117 0.06891737006483101 0.3177262975814495 0.09939013216601107 0.31202075914548383 0.09404455865179742 0.25572152145560556
0 0.09460506127986597 0.2407668343152235 0.08980288205446897 0.19019032929415788 0.06083537370730669 0.19561402965489463 0.06563761962321532 0.24619054716269434
0 0.0 0.3085390081577332 0.0 0.4171573120716551 0.02185961583277562 0.4171573120716551 0.02185961583277562 0.3085390081577332
0 0.0 0.16056621445376432 0.0 0.2416364104775087 0.02185961583277562 0.2416364104775087 0.02185961583277562 0.16056621445376432
0 0.056891052317230295 0.07123157981959966 0.07101569809280076 0.1307355315712587 0.11439864507644049 0.1104286306228263 0.10027399485483592 0.05092467574948375
0 0.14343259051129534 0.09546792487661108 0.12184754840699664 0.011030251773016347 0.09308755870187754 0.025527915080518458 0.11467267194272199 0.10996558506242968
0 0.17591070072912113 0.08327728246510907 0.15728115979885998 0.0023037458597735764 0.12420593830811116 0.017309385508835415 0.14283555037491805 0.09828292172396047
0 0.08677136258923368 0.06368512217620001 0.07642662386238436 0.02425578846283708 0.04736113381552529 0.03929303320652139 0.05770580585186298 0.07872236535904255
0 0.06204765159766991 0.09059397795781761 0.04966055152021644 0.03840995576299739 0.02561495854304387 0.0496653324258308 0.03800212975704309 0.1018493514989675
0 0.06150596458595116 0.1880277393297361 0.05695475064791166 0.1454210047245806 0.038234826290246215 0.1493641530238275 0.04278597353777407 0.19197087514224886
0 0.013334797812508537 0.11236971841115999 0.011791225913521294 0.15138511845015856 0.03659478212014223 0.1533201501724568 0.03813835624214652 0.11430473764672412
0 0.11762509646115603 0.37095956755542914 0.07386562818691725 0.38367326052801504 0.08227892077608265 0.4407762692915047 0.12603838905032141 0.4280625763189188
0 0.11518336120463196 0.3726867825622059 0.12454373019558566 0.4121199387770433 0.16540441979895104 0.3929936585371701 0.15604404191592913 0.35356052729580095
0 0.12581136565664153 0.44652181522350654 0.1638609168134925 0.43583556829224634 0.1584067533621977 0.3975406528104542 0.12035720220534674 0.4082268997417144
0 0.12830968114323826 0.4420704943068484 0.14251951737837357 0.527588689775982 0.19413422982453743 0.5106766571194763 0.17992440248147035 0.42515846165034266
0 0.1795009444087813 0.5629366860647248 0.1882694662311972 0.6227437470431414 0.22940431608186734 0.6108511817045571 0.2206358476118608 0.5510441706730769
0 0.2607179655061735 0.6043769099708469 0.24535490805174642 0.5281501432877711 0.21479640862880608 0.5402950405489209 0.23015948386736962 0.6165218072319967
0 0.29793059520232373 0.520314168227675 0.24598000266335227 0.5300410344050481 0.25044446113782054 0.5770601812634257 0.302395053676792 0.5673332651391162
0 0.26245332375550884 0.6194150334684432 0.28542532398428394 0.6153827174010331 0.2816742939271015 0.5732431864387275 0.2587022936983264 0.5772755025061375
0 0.2068083614180416 0.6176713359726627 0.21077498856124344 0.6622326939859093 0.2616169536030376 0.65330832523527 0.25765025532329 0.6087469672220234
0 0.17907111961524802 0.6204260094076054 0.18316419196851325 0.647248513179598 0.20670532013152862 0.6401646890343698 0.2026122477782634 0.6133421852623773
0 0.14714920826447317 0.540605310917681 0.09832879268761838 0.5555088773686835 0.1054666514719005 0.6016160930627301 0.15428705815668706 0.586712576558664
0 0.10769408788436498 0.6013393370882774 0.0979637643951914 0.5477351861382467 0.07050295476313237 0.5575646433229338 0.08023327380627185 0.6111688941668372
0 0.05649872537537332 0.6199115060160086 0.07837886854763075 0.6145679829748875 0.07735043861371375 0.6062638552801504 0.05547022430491058 0.6116073783212714
0 0.044511132584863056 0.5628708060556464 0.05252136105979795 0.6014369334019538 0.07742385152892355 0.5912375692064751 0.06941356080951112 0.5526714418601678
0 0.005589908653205925 0.5563444896142339 0.017996715776848072 0.6608784327530431 0.056716852254800866 0.6518163103518821 0.04431004735417577 0.5472823172661364
0 0.048483508450167995 0.6521034552891009 0.11283358771762092 0.6340307057781812 0.10830638680980478 0.602244425522325 0.0439563786788976 0.6203171750332447
0 0.14469440166766828 0.5301269431356127 0.09435484737227291 0.550323885903616 0.11812867206849141 0.6671695490710668 0.16846816411940924 0.6469725563561273
0 0.14462037519975143 0.7922573557852138 0.12002166890319967 0.6713574498452843 0.07419788031589179 0.6897426673901647 0.09879658661244355 0.8106425733300942
0 0.0 0.5399432642760331 0.0 0.6627291665334748 0.02073861057663853 0.6627291665334748 0.02073861057663853 0.5399432642760331
0 0.2850728246159765 0.6260580259532272 0.29396725812436264 0.6916310112136865 0.32317471448636 0.6838187110014321 0.3142802987621103 0.6182457257409728
0 0.25761577188273965 0.6714477039593136 0.26748923988609047 0.7407721037170111 0.3056465984780194 0.7300555889423077 0.29577307712225925 0.6607311891846103
0 0.2939247006858701 0.5848544006847126 0.26056114499107663 0.6465004579135127 0.2839248586090017 0.6714350673844108 0.3172884854403409 0.6097890601025471
0 0.0694923801021976 0.25846630539714605 0.05311709850818127 0.10708198609796951 0.007450338288064881 0.11682291233793218 0.02382561877057269 0.26820723163710875
0 0.06222999234855314 0.6943960736113952 0.12029692287489528 0.6715646796843034 0.1129039239772272 0.6344874205643923 0.05483699345088505 0.6573188144914842
0 0.062174848187497724 0.53888738604107 0.10049137035449901 0.527357485407503 0.09254313293314759 0.47527142164164793 0.05422661076614629 0.4868012723282784
0 0.14141225925970188 0.5155381922245806 0.1358839982039445 0.4631370631840732 0.09554133381876913 0.471529896637812 0.10106959487452652 0.523930975731383
0 0.12270492162459935 0.42607708570414793 0.08890260460771325 0.4391714742257825 0.09579462438196569 0.47425480169867534 0.12959695029092003 0.46116036323010434
0 0.021074897481567097 0.4673736122743198 0.04708225187999663 0.4856341123190722 0.06557884749832686 0.43368620177922973 0.03957149532291439 0.4154257267079455
0 0.03153746055834221 0.41754914578751534 -0.0008811227508358189 0.4236189971773987 0.0036763166769956932 0.4716177033519589 0.03609489894413448 0.4655478519620755
0 0.0 0.271545809731741 0.0 0.31011318575145763 0.022420118460844168 0.31011318575145763 0.022420118460844168 0.271545809731741
0 0.0033630179914283308 0.4769761105801197 0.0033630179914283308 0.5391561505057028 0.027464646559495192 0.5391561505057028 0.027464646559495192 0.4769761105801197
0 0.8979960265971008 0.38737675093980156 0.9156866896124709 0.45941926297501534 0.9527043696050044 0.4414943563957651 0.9350136354530886 0.36945184436055134
0 0.8489377748716128 0.5621391833316285 0.8188948197798296 0.5832331730769231 0.8354857117979677 0.6298288698087152 0.8655286668897508 0.6087348800634206
0 0.8442027841136728 0.7728545693055697 0.8683557043542395 0.833420124459774 0.9069456442808493 0.8030736145918577 0.8827928663133742 0.742508009490717
0 0.9290121296346883 0.8206918969287029 0.9547521773473922 0.7965948975808101 0.9324182185815486 0.749551176829736 0.9066782420053905 0.7736482261245653
0 0.49522591971017266 0.9379682025815773 0.5003351598352819 0.9738413909063012 0.5449597907788826 0.961308505843392 0.5398506217903191 0.9254354174125409
0 0.4841642224149548 0.7786130514940927 0.47373219025440705 0.7379207330132467 0.4510461411553941 0.7493892988089453 0.461478137747669 0.790081567342855
0 0.4738337021051865 0.7384641556810045 0.46223389240967366 0.6923115881687295 0.43907215322925774 0.7037910423965579 0.4506719984930434 0.7499435100149601
1 0.24880865848425662 0.2888367398475859 0.28387504524284307 0.28531945161460465 0.28138494602728004 0.23636413674112622 0.24631847034801135 0.23988140000063932
1 0.20616416664390297 0.5334605015631393 0.20496652954386108 0.5492695560236804 0.21404748307519303 0.5506261148156198 0.21524512017523492 0.5348170603550788
1 0.060906737000792174 0.17280943225916787 0.06953685378139113 0.1918534998417681 0.0784798557663853 0.18386192758813036 0.06984967229527471 0.16481783503206193
1 0.032150099605391357 0.0877026434615864 0.03185253765755322 0.013325318181963482 0.0010872060880238637 0.013568038440960323 0.0013847680358619956 0.08794536059889974
1 0.0437717126521753 0.10115787362506073 0.05551504032873052 0.12055856857674407 0.06530489176859111 0.1088732455639129 0.05356155964600178 0.08947254436886252
1 0.022231346521622095 0.32628550428025266 0.02351868235981548 0.3624382456078662 0.03612240433415055 0.3615532358422412 0.03483506849595717 0.32540049451462766
1 0.04175398233053568 0.5230282348033449 0.051179423476710464 0.5521466993466142 0.06909991977931736 0.540708051765804 0.05967454532365421 0.5115895872225348
1 0.04381036647271999 0.5229377809015702 0.03130414602639792 0.5068393338916735 0.02121221769106138 0.5222993092138911 0.0337184403604005 0.5383977562237878
1 0.01471156118077276 0.6874312730155483 0.05332242970144276 0.6962419125920621 0.05707955082535466 0.6637741563363083 0.018468751218213345 0.6549635167597944
1 0.036015668393292906 0.8125020977713278 0.03992831179034182 0.7419926570012019 0.003260044506935529 0.7379802697614055 -0.0006525973617891609 0.8084897105315313
1 0.08589824151881648 0.7235166858729286 0.05129662538186098 0.7283756736842778 0.05514105327757366 0.7823602704486753 0.08974260272401752 0.7775012826373261
1 0.10121190353429123 0.7692388106875255 0.07349752768492088 0.7745804856920008 0.0769130199939221 0.8095239117961078 0.10462733804484903 0.8041822367916326
1 0.05745654784160338 0.905140578649243 0.23546735501233793 0.8638565388131649 0.23066620726685425 0.8230339587222535 0.05265546234059723 0.864318048505268
1 0.12580452765618172 0.8161771933497852 0.14808143491233702 0.8155387216621062 0.1477779219478438 0.7946516620742123 0.12550094355514277 0.7952901337618914
1 0.14014524624342128 0.8116468064328457 0.13210012084676392 0.8332146927104644 0.1492492391235067 0.845828791491919 0.15729435562809585 0.8242609052143003
1 0.13305041617724722 0.7219162861376074 0.16897727059317635 0.6970463579493147 0.15275602185087048 0.6508378498683 0.11682915854287314 0.6757077780565927
1 0.2017920256216765 0.6813736086781403 0.20308148221813993 0.6460620736529511 0.18436743107153264 0.6447144553626227 0.18307790333852345 0.680025990387812
1 0.22796351648432947 0.6598711029402363 0.22844258555165536 0.6756802073477138 0.23847964982608538 0.6750804445357252 0.23800056297462302 0.6592713401282477
1 0.16564525257457385 0.7708370127576463 0.1557258837150805 0.708154806333751 0.12927318119502568 0.7164095365084134 0.13919255005451905 0.7790917429323088
1 0.019748629945697205 0.8991956944941694 0.08398594889607462 0.9843900839747852 0.10634551681838669 0.9511445040788666 0.04210826455852091 0.8659502144921236
1 0.004414918817284502 0.9345384463545929 0.02774783892509265 0.959658558747187 0.04064378538331785 0.9360377534906915 0.017310866109141104 0.9109176410980974
1 0.09990068804689776 0.9834035320875102 0.18384840104963396 0.96960848794241 0.1806213983566889 0.9308845282771584 0.0966736942460209 0.9446794725283858
1 0.13504468477689302 0.9835210072818638 0.10941480978941306 0.9841936926209595 0.10961185802112926 0.9989978646685761 0.13524173300860923 0.9983252792233531
1 0.04090282911465162 0.9956015728889628 0.05428018547716119 0.9835252028245193 0.04571144175140452 0.9648078880996829 0.0323340831658779 0.9768842581641264
1 0.08469335738317672 0.9668606072908142 0.05530088375776242 0.9704630800237828 0.05720585376232654 1.00111062007723 0.08659832294170673 0.997507947556516
1 0.038359421950120196 0.9888843093097893 0.013661370132908676 0.9908352366445888 0.014012574593781869 0.9996034213251841 0.038710627522501914 0.9976524939903846
1 0.11617080759613108 0.89317648929777 0.10214694896778026 0.9111935479746317 0.11498993204468058 0.9309061053536722 0.12901387070164536 0.9128890466768106
1 0.3471825517418779 0.8658804885689444 0.3377925277034164 0.8500574989131546 0.3270957608878751 0.8625751002135331 0.3364857137897909 0.8783980898693229
1 0.3425310752886436 0.8817740032988952 0.3230045558689357 0.9082149124769845 0.3386456682965472 0.9309927133413461 0.35817222328452797 0.904551804163257
1 0.34931412276688156 0.965509143086385 0.3683104615111451 0.9402884375639321 0.3510190879270469 0.9146061224555033 0.33202274918278335 0.9398268279779562
1 0.32752613698963795 0.858591132780534 0.2859248625926482 0.8657654108275368 0.28753829280257504 0.8842141109285495 0.32913954941542833 0.8770398328815466
1 0.26170317109648167 0.8859136053856383 0.28518504251689064 0.8995944708341858 0.29260492213678246 0.8744808515433203 0.2691231218529192 0.8607999860947729
1 0.3048477350692927 0.8856218153833367 0.25656969119340944 0.8930367377697934 0.25979367058316033 0.9344291624578048 0.3080717144590436 0.9270142400713483
1 0.30949789549643064 0.9387497722419701 0.2623782746997469 0.930186969363748 0.25834794477982953 0.9739204069596461 0.3054675477923769 0.982483309731741
1 0.332462408603766 0.9806024080017389 0.3204788528122268 0.9147751428881956 0.301114418012001 0.9217266575989669 0.3130979738035402 0.9875538228186375
1 0.3488561812536422 0.971682084952946 0.34688210654092 0.952277700171338 0.3329387744823536 0.955074928396072 0.33491284919507575 0.97447931317768
1 0.32815313450384254 0.5829598134941438 0.3385493494136072 0.5955859494872647 0.3467523179132066 0.5822670494866254 0.33635617413998764 0.5696409634404409
1 0.2531632999162296 0.6389434364930697 0.26799471839602457 0.6480781317927834 0.27539601359334026 0.6243813572460618 0.2605646484659546 0.6152466619463483
1 0.39715672206211755 0.5957244023948957 0.3790566326577069 0.5987146755287183 0.3810443300189394 0.6224398199353007 0.3991444194233501 0.6194495468014781
1 0.29195478746107406 0.45892568734975964 0.29503071391499125 0.4960735214907682 0.30446210385480404 0.4945335575484605 0.3013861951850233 0.4573857234074519
1 0.4312230890447443 0.4582416640561068 0.4156251920686735 0.4897279630120959 0.44365277768292904 0.5171072252838584 0.4592506746589999 0.4856209263278693
1 0.4771557076549752 0.49350839667936786 0.4782337464374818 0.44658005335131956 0.45785184562345205 0.4456567842324315 0.45677380684094554 0.49258507761354337
1 0.4775256888293998 0.5119387163077946 0.5012852595402644 0.5335637918275624 0.5137793978888949 0.5064944502960055 0.49001979160975745 0.48486932482930134
1 0.5322689598812645 0.48454876539164793 0.5497343690245302 0.5010402947908142 0.5580118530557984 0.48375380995230666 0.5405464439125328 0.467262230606204
1 0.3806350814712631 0.29004770331999286 0.3945896531040574 0.24048178714933255 0.35935782052420234 0.22092211734253528 0.34540324889140805 0.2704880584866638
1 0.40183170914372085 0.2525486423223967 0.41536614833733976 0.27698480634174255 0.4358030377012311 0.2546637951839965 0.42226859850761217 0.23022763116465067
1 0.4291442657684113 0.2938271879954736 0.41183414770450905 0.3030873000524243 0.41879553450293194 0.3287479631639346 0.43610558143028844 0.31948785110698397
1 0.39179868186826194 0.26972197237654716 0.40703709031040575 0.26291335585074416 0.3986387808561881 0.22584845859758593 0.38340044355059005 0.2326570751233889
1 0.4447283266863345 0.20044279956973712 0.4751402670409018 0.22041825264838635 0.4908301080023492 0.17331423345837382 0.46041816764778193 0.15333879286645868
1 0.42193475469842656 0.09255028083164446 0.4377639877212631 0.11236237621151289 0.4501025860126202 0.0929227601096595 0.4342734241263294 0.07311067721652516
1 0.40271935096153844 0.026476889702380192 0.4161336405293925 0.04085260444303972 0.42567216210709863 0.023301080869184577 0.4122578725392446 0.008925366908945936
1 0.2758926000350561 0.08966098167307053 0.2823201248417923 0.10599344256661723 0.2904455722906651 0.09968780417684252 0.28401804748392884 0.08335533703992878
1 0.293186161067936 0.07573212344205515 0.30016133057209715 0.06103978882834876 0.2917106646202105 0.05312852500503465 0.2847355129001857 0.06782085961874106
1 0.5038196056872815 0.24119612823336486 0.4927931209822079 0.1965656686336436 0.45283383811826194 0.21603343607751124 0.4638603228233355 0.2606638956772325
1 0.5208840892587231 0.25158189439539436 0.4944371576909419 0.23893907612552423 0.48633619899794217 0.272355524490781 0.5127831305657233 0.28499834276065106
1 0.4619824247204618 0.2826149498772504 0.4867174908831403 0.3055749321920392 0.5006903801764642 0.2758910433555391 0.47595534958205854 0.2529310860142185
1 0.5163239165619536 0.6551708464926862 0.4937449279642883 0.6760066605238595 0.5063806280389532 0.7030079243811375 0.5289595810683457 0.6821721602969005
1 0.5311298148059622 0.6639161554764218 0.5533929927087886 0.6518371382243504 0.5448769878396343 0.6208852714875716 0.5226137743685351 0.6329642387927066
1 0.6089269108983465 0.6545659890931874 0.6238818757739656 0.6473471084320018 0.6180070641435388 0.6233476055039127 0.6030520992679196 0.6305665361120346
1 0.674184234548004 0.45491989310556463 0.6618040569456585 0.37544597619489056 0.6226480835245484 0.3874739726514551 0.6350282611268939 0.466947864588661
1 0.6517051572288388 0.3329505733109145 0.6912384388885854 0.3431057844146379 0.6957358335837339 0.30858148802712 0.6562024807874417 0.29842630189686475
1 0.6744798068955784 0.3983593580180416 0.7246769547184586 0.3577742006891878 0.7088816538279429 0.31925020358371264 0.6586844348685169 0.3598353609125665
1 0.718291667235759 0.3471448932653948 0.7163421701995921 0.3761637885910009 0.7362669475706585 0.3788033842845361 0.7382165157433712 0.34978448895893005
1 0.736254498675153 0.39484167020956934 0.7740184721691069 0.3980752598439418 0.7750910690058639 0.37337517621279154 0.7373270243753642 0.3701415865784191
1 0.7103645662605623 0.11247128550627813 0.7257142678285257 0.13270636276020356 0.7389591812809586 0.11289409880942487 0.723609550849541 0.0926590028253983
1 0.7365490751110868 0.1589914125233352 0.7548364314721736 0.1866857400697499 0.7733415367997888 0.16258978960752096 0.7550541093021562 0.13489546206110628
1 0.7558495581566871 0.3699723913314495 0.7736932358819566 0.31743323393227035 0.7309886158763111 0.2888330437742942 0.7131449381510416 0.3413721762000051
1 0.7531339205228366 0.32755418143764065 0.7887881974796037 0.3458328871407017 0.8007718599759616 0.29973840791543066 0.7651176541557401 0.28145975215930596
1 0.8205143855168269 0.3138185991202946 0.8106200745055726 0.27362512566649194 0.7865210757666813 0.2853233225021737 0.7964153156413899 0.32551682092944456
1 0.804364113263039 0.25083596187410495 0.7818551585946606 0.2472440778916479 0.7794944211875364 0.2764160855507109 0.802003375855915 0.280007969533168
1 0.770624832117752 0.25175186381987774 0.7952326705683639 0.24292913708476116 0.7894013945039335 0.2108568356977547 0.7647934849167759 0.21967956243287132
1 0.7823098633950685 0.18246246437784497 0.7559819432683202 0.1921071553581475 0.7617714621803977 0.2232717460969466 0.7880993111706003 0.21362706760337818
1 0.7493619763212048 0.247621626783705 0.7394894330929487 0.22031473762274958 0.7238438034946824 0.23146898734784166 0.7337163467229385 0.2587758765087971
1 0.7203052582996431 0.492952836906071 0.6654064827587777 0.5472430090272095 0.6993015529392482 0.614831253276519 0.7542003284801136 0.5605411311023168
1 0.6619593480250219 0.6476119770355974 0.694854451781942 0.664720550886738 0.7079447143839234 0.6150886797865948 0.6750497529000947 0.5979801059354541
1 0.7709379040555798 0.6369312742142748 0.7837507341291521 0.5424704793627251 0.7509838895642118 0.5337060906492942 0.7381710594906395 0.6281668855008439
1 0.7817228446195731 0.5481343121068177 0.8097000655594405 0.5942211993977599 0.8289613523683348 0.5711641452121267 0.8009841314284674 0.5250773078681209
1 0.7083223783052884 0.7133734120869988 0.6802131279365166 0.706063628001611 0.6772268868826486 0.7287078208111702 0.7053362083879662 0.7360175549496215
1 0.7465843076194638 0.7560726983652567 0.7037098135425772 0.7870879477642952 0.7222784438055434 0.8377045227150676 0.7651527956093386 0.806689273316029
1 0.7632266313601763 0.7881531660763604 0.7759782128678613 0.8153217022235577 0.7910800035739001 0.801344551548435 0.778328422066215 0.7741760154012377
1 0.8560628112935242 0.828567579803217 0.8552919045472757 0.7939262827172412 0.8323217716528264 0.7949343117871573 0.8330926783990749 0.8295755589261968
1 0.8355338001028919 0.6871092151698036 0.8426426173923732 0.727039593136252 0.865673927716164 0.7189541331289638 0.8585651104266827 0.6790237551625153
1 0.8892921145423587 0.7156531401039535 0.8487796383304196 0.7192088125575389 0.8503063708752185 0.7535099710068024 0.8908187759506119 0.749954298553217
1 0.8606806401606206 0.9699696042923998 0.8963973750045527 0.983828480622187 0.9053772257202433 0.938192963795264 0.8696605620128569 0.9243340874654766
1 0.8954998452068764 0.9417007371368658 0.9214224292959644 0.9535527455631138 0.9299953078334426 0.9165775280342164 0.9040727237443547 0.9047256195018413
1 0.8545495235558712 0.9728579357290814 0.8202908744900932 0.9761987864093188 0.8215039660046984 1.0007277268629808 0.8557625439339307 0.9973867762888707
1 0.763706020541958 0.9655487010599939 0.7169666067981497 0.9674239088392492 0.7176066223002258 0.9988817879884411 0.7643461071805798 0.9970066801030585
1 0.8857571261746067 0.7510491853454889 0.9007785325839525 0.789906203649243 0.9136726717293123 0.7800768463584288 0.8986512653199665 0.741219878001611
1 0.9991110777243589 0.7893724207402056 0.9993948414053394 0.7499191858569456 0.988180449514678 0.7497601548115282 0.9878966146971518 0.7892133397478519
1 0.9870867251238346 0.7935299537771072 0.9870867251238346 0.8169506216595489 0.9980233999399039 0.8169506216595489 0.9980233999399039 0.7935299537771072
1 0.9768182358819566 0.8300670367801248 0.99288129473066 0.8067325273629297 0.9754868442917759 0.7831206626080452 0.9594238565796183 0.806455122078304
1 0.961191742014496 0.804000779571783 0.920899006592366 0.8305594636258439 0.9293252015725161 0.8557680320427578 0.9696180081311917 0.8292093979356332
1 0.9433191828516535 0.5300389366337204 0.9601222751857518 0.5591866700817052 0.9808476232426427 0.5356266002998414 0.9640445309085446 0.5064788169049202
1 0.9634208768119901 0.5445736449595949 0.963135050171183 0.6127916701296543 0.997476573312755 0.6130753687282631 0.9977623288170163 0.5448573435582038
1 0.8867279266144013 0.2627192620559917 0.9019049086492934 0.23388499558069506 0.8790188591519158 0.21013090692448344 0.8638418771170236 0.23896519837324826
1 0.9400112623379225 0.3202061629724581 0.9187452765333625 0.26815940744552985 0.9006817868817381 0.2827134702092497 0.9219477726862981 0.33476022573617786
1 0.952702235508632 0.32208384312506394 0.9789316315195221 0.30878309883579685 0.9706817840362763 0.2767015073186247 0.9444523168888403 0.2900022516078918
1 0.9323472243088943 0.08254429868707486 0.9357920826731861 0.12970932181650216 0.9584755352882794 0.12644230519496089 0.9550306769239875 0.07927728830890063
1 0.9336517262847829 0.1690473790644819 0.9219543172485067 0.11976874518511534 0.9001434255035329 0.1299780862811349 0.9118408345398091 0.17925672016050148
1 0.9227323376493298 0.050668273151603736 0.9381368143575175 0.03877074121453368 0.92511939557838 0.0055347292786144 0.9097148477336465 0.017432259654842696
1 0.6457839645705856 0.08872962115048973 0.642713924665829 0.03699650116716001 0.6096048421793051 0.040871044227612584 0.6126748820840617 0.09260416108925877
1 0.6649018401032561 0.05608166259166262 0.6486037461074082 0.02641390349392805 0.6327221565869027 0.043618263082301365 0.6490201794462048 0.07328602218003592
1 0.6489321124025714 0.03463818788918653 0.6694525160711684 0.06252458013606345 0.6885188176081731 0.03485826969927149 0.6679982716664845 0.006971881354498981
1 0.6778511812081148 0.03763769808455497 0.7160303787195877 0.03763769808455497 0.7160303787195877 0.0005646509936905531 0.6778511812081148 0.0005646509936905531
1 0.25427808072461394 0.818240501291428 0.2793982801459608 0.8347982103812909 0.2927217283448973 0.7949387570644947 0.267601511139414 0.7783809980276953
1 0.26156877637743114 0.7825118094536364 0.27925801666188627 0.7692637342087766 0.26855755074596627 0.7410897162854184 0.25086839938219335 0.7543377415833419