0 0.09607843137254903 0.2804878048780488 0.2342296952960872 0.34516129992685385 0.21086834391959908 0.44358771659556945 0.07271708854440213 0.3789142455574474
0 0.0840239025297619 0.45899863734571694 0.10080536487055759 0.3856760140575826 0.1475921716342787 0.4067963390815549 0.130810709293483 0.4801189623696892
0 0.1449299788274685 0.4137687052825039 0.2069467752921481 0.44280093453420044 0.19327731092436976 0.5003933910306845 0.1312605059113489 0.47136111375762196
0 0.10549804516533176 0.4661557417418617 0.15340795009410013 0.4879244032288798 0.14182618726201418 0.5381996040734411 0.0939162823332458 0.5164309425864231
0 0.04133883350703563 0.43458030094413846 0.07831520914029674 0.45133183417031375 0.07129260578743216 0.48190588542178897 0.03431623442834165 0.46515430417424763
0 0.032919978294051994 0.48211876413749016 0.07827087744277399 0.5017160435158095 0.07191157835204394 0.5307419339471873 0.026560679203321953 0.511144654568868
0 0.04929552692659095 0.617741618542855 0.0521525321554403 0.5374937860352331 0.08367037733061974 0.5397069947537618 0.080813376375941 0.6199548272613837
0 0.11247534658394608 0.5367825896040274 0.11016231077391894 0.6244904933062058 0.0807183188216693 0.6229589478787618 0.08303134608335522 0.5352510921979494
0 0.1484593837535014 0.5428796223446105 0.1484593837535014 0.6066089693154996 0.10700280112044817 0.6066089693154996 0.10700280112044817 0.5428796223446105
0 0.1863541803440126 0.5587668670246115 0.14081669655166754 0.5395808906465136 0.1529360303691789 0.48284599970495673 0.1984735227098652 0.5020319280616886
0 0.27170868347338933 0.4555468135326515 0.24857143541010154 0.553029130144817 0.2048739564185049 0.5325727965492231 0.2280112044817927 0.43509047993705746
0 0.3261991271117822 0.4505139342637441 0.26101787150407035 0.4149146871619296 0.27474861038165266 0.3653284248454096 0.3399298488926821 0.40092769595790717
0 0.2440896426930147 0.4059008846688139 0.32257702397365196 0.4426435685176534 0.31400560224089635 0.478756884343037 0.2355182038635767 0.44201415247283143
0 0.3091718230260854 0.5130337670879229 0.2668823413154324 0.4939435933350954 0.2758122462852328 0.454926473526013 0.3181017279958859 0.47401664727884046
0 0.17197351108412115 0.6444207528367182 0.20849506794905462 0.5339476002378787 0.23886356300332634 0.5537492585501081 0.20234200613839284 0.6642223631275816
0 0.15640971720719538 0.7334151489353855 0.17650312322194503 0.6427102797993706 0.24120257722229516 0.6709791614163306 0.22110917120754553 0.7616840305523456
0 0.18305720481551996 0.6343895696824596 0.1598480139125963 0.7253127919699056 0.09630552660517332 0.693321294056722 0.11951470895975577 0.6023980717692762
0 0.02713639288723302 0.5982630479814123 0.11241543126039479 0.6309266049124705 0.10125835001969538 0.6883798474687746 0.01597931485216157 0.6557162905377164
0 0.013451186749113707 0.7229993146390638 0.03630975461473652 0.6603225960119984 0.08192340412727592 0.6931338666650275 0.05906483198748249 0.7558105852920929
0 0.03582117417279412 0.7987036536191975 0.006102195440554152 0.773921987562082 0.024908331863018645 0.7294395560828089 0.05462731112952994 0.7542212221399243
0 0.08412823503424807 0.6881926601839103 0.11313945866432511 0.7106016385658438 0.09997473110337886 0.7442173151215824 0.07096351174747242 0.721808336739649
0 0.2960880739014356 0.7027591732334284 0.2514633392419468 0.6776906755568942 0.26873370686165093 0.6170541926878442 0.31335845861782213 0.6421226903643784
0 0.20605407201943277 0.5989781821646342 0.2668675355884541 0.6338626312327892 0.25286660074185924 0.6820030902709481 0.1920531371728379 0.6471185931814271
0 0.28042905150341385 0.7813590085009343 0.20827491396949405 0.734589607484879 0.22960716268929446 0.6696781665672945 0.3017613002232143 0.7164475675833497
0 0.1484997319240196 0.7306717843356609 0.18656188793876927 0.7659032838162618 0.16675835617450105 0.8081011468270555 0.1286962001597514 0.7728695993250885
0 0.13859943635657387 0.7570417090535257 0.12840335963486957 0.7856805472745377 0.10577030983291755 0.7697875880519768 0.11596638655462185 0.7411487018095987
0 0.24360585787049194 0.9802794497750295 0.17053663750656511 0.9328319390489772 0.19668001233696603 0.853423135848987 0.26974923270089285 0.9008705505323072
0 0.23232032070640757 0.9367482735358478 0.24573405289850314 0.8920072470003934 0.26143747538077733 0.9012931385535503 0.2480237260919993 0.9460341650890047
0 0.09748841186865372 0.7900745022681451 0.262060991388743 0.9269553723999312 0.2381680357689951 0.9836145336472266 0.07359546479724702 0.8467336635154405
0 0.22584178935245974 0.7898381411044453 0.28675160982361697 0.8379555498869001 0.2603146849560137 0.903961205651308 0.19940486448485645 0.8558437968688533
0 0.2999182778580182 0.5618627084511457 0.31972926377582284 0.4845775061006343 0.35349346769957984 0.5016482373469463 0.33368248178177523 0.5789333916760917
0 0.25684404132746846 0.9787622627360346 0.27934901988139005 0.9013272337234461 0.3057709509585084 0.9164729804902636 0.28326597240458684 0.9939080095028521
0 0.30244776621586134 0.9084807845385031 0.2687289539839373 0.8921515031840087 0.277653251241903 0.8558048035196204 0.311372063473827 0.8721340848741149
0 0.3227280902595413 0.8220160099392703 0.31114310470281864 0.8728598798005999 0.27819232673538163 0.8580515311516522 0.2897773464854692 0.8072075652475905
0 0.3058290796787465 0.899413102072679 0.3182311498818277 0.8253885504769867 0.34780181115414915 0.8351601301263769 0.33539974095106795 0.9091846817220692
0 0.35044427438944326 0.8304427992537864 0.3993668072697829 0.8514755813274488 0.38139846759016105 0.9339094424604151 0.33247593470982145 0.9128766603867525
0 0.3668575682226015 0.9327626922391326 0.34763330625218836 1.0245581265981512 0.2833627738204657 0.9980104748045339 0.30258703579087887 0.9062150404455154
0 0.3830770198704482 0.9129383198207612 0.3965172690169818 0.8512781174702498 0.4394708371629902 0.8697447337849135 0.4260305880164566 0.9314049361354249
0 0.376354535955007 0.9888532805123919 0.38787219477634804 0.9151650705645161 0.42813997669380255 0.9275789778594611 0.4166223178724615 1.001267283850069
0 0.26775004923844536 0.8893058530745968 0.3017005728072479 0.7657705527604987 0.36574573677127103 0.8004863507910848 0.3317952473958333 0.924021651105183
0 0.36401466348258055 0.8384485372307731 0.3737617898721989 0.7993372955442319 0.40764973958333334 0.8159946108502164 0.39790257900035014 0.8551059005581235
0 0.4009758102459734 0.8622159440155389 0.40588905484068627 0.8158859865202105 0.4444869695925245 0.8239594346233281 0.4395736908044468 0.8702892960759244
0 0.4573496586134454 0.893885554712087 0.4461468864889706 0.9594408661056747 0.42258526457457984 0.9514991886309992 0.43378803669905464 0.8859439732801436
0 0.33090632248993346 0.7707160331431944 0.29879123035933125 0.7550281731750345 0.30609209504114143 0.7255497293899981 0.3382071871717437 0.741237589358158
0 0.11414420504529937 0.22182427983317762 0.19100263152135855 0.2627672244956604 0.17825491768973215 0.30996596053488884 0.10139648266533176 0.2690230398830891
0 0.19072282721682424 0.26525209008193595 0.15446201185552347 0.24278522194322877 0.16803152901785715 0.19958911478566335 0.20429234437915791 0.22205598292437057
0 0.11079705930223652 0.21575944541853118 0.13102829877068015 0.12862659757480577 0.1627980977547269 0.14317584694322877 0.14256685828628327 0.23030869478695418
0 0.18264806410845588 0.15280235404578088 0.21764329755339637 0.17442726357352725 0.20439318061208858 0.2167194405472438 0.16939794716714812 0.19509453101949745
0 0.18509803579634979 0.15436663803952966 0.16974789915966387 0.1974822974036192 0.1502521076790091 0.1837922943379352 0.16560224431569504 0.14067663497384564
0 0.13751071107153798 0.23117159071351298 0.15191864099155286 0.184379103425729 0.17042740680256477 0.19561968067328261 0.1560194854308911 0.24241214395038355
0 0.2211754037552521 0.1758964532571548 0.16523047695640755 0.1417358542501598 0.182188607865021 0.08695880640781742 0.23813353466386555 0.1211194054148124
0 0.18252561766894257 0.0866861410913835 0.1677679323682598 0.1419548797007155 0.1383599973192402 0.12646713677022892 0.15311768261992298 0.07119838615555542
0 0.010674001656326593 0.10389087595965898 0.027448524881143865 0.045688160942071634 0.054393313111377364 0.0610049268000713 0.03761878774947479 0.11920763881632326
0 0.01936156542695203 0.07270177905715235 -0.004703663844688266 0.059826596527939986 0.00033724381476223303 0.04124296114821775 0.02440247308640253 0.05411814067609473
0 0.01288515406162465 0.06530291109362707 0.01288515406162465 0.0967741935483871 0.0 0.0967741935483871 0.0 0.06530291109362707
0 0.027450980392156862 0.0 0.027450980392156862 0.05192761605035405 0.0 0.05192761605035405 0.0 0.0
0 0.05910653079591211 0.0573458667818155 0.023330156342322085 0.038021039625118325 0.03531433233693868 -0.005738642532744809 0.0710907025163581 0.01358618537428621
0 0.25828489843202906 0.1303805179430874 0.20667577577906163 0.09802329530873513 0.22383551076680672 0.04404096805983693 0.27544465051645656 0.07639819369552456
0 0.16918767507002802 0.003933910306845004 0.21310924027814251 0.03477576771277691 0.19406162123052345 0.08827694488453358 0.15014005602240896 0.057435090479937057
0 0.25442629688594187 0.18841203378936983 0.27569368079262957 0.0838739378634257 0.31572327173056725 0.09993616639864342 0.29445588782387955 0.2044742563219168
0 0.26508575353969716 0.3066941208017801 0.270795447085084 0.23051636318443894 0.31634702709208684 0.23725035132431402 0.3106373506433823 0.3134281089416552
0 0.3249020702030812 0.2241045984107617 0.39931746624431025 0.26063217055037863 0.3875402113970588 0.3079551618742624 0.313124781162465 0.2714275897346455
0 0.33967982700892857 0.3303278601141449 0.3858308167016807 0.35389686662507375 0.376491035867472 0.38996823578721235 0.33034001198135504 0.36639922927628343
0 0.41989893125218836 0.3403126306181157 0.4090732435552346 0.38896432511924667 0.3884346756280637 0.37990653505482885 0.39926032913165266 0.33125484055369786
0 0.43512773273371846 0.10688917398640342 0.397666234462535 0.25853308460826857 0.36108193277310924 0.24070762556242625 0.39854343104429274 0.08906372694590259
0 0.3532195788471639 0.12017568952919085 0.3140862301952031 0.0994133457811117 0.32553618615414914 0.05684755506898173 0.3646695689994748 0.07760989881706087
0 0.29453032677914914 0.10011583833972082 0.24674945906096812 0.06119567967136482 0.26718279841233367 0.011718602184232626 0.3149636661305147 0.05063876460425784
0 0.22386554963782387 -0.020613690608134897 0.258375356978729 0.003619197407264019 0.24056022067029936 0.05365853418429755 0.20605041332939425 0.02942565029573478
0 0.40635541814382004 -0.009705484241692687 0.5392606163559174 0.07730560542841206 0.5164649258140757 0.14598162731347733 0.3835597617953431 0.058970543646043344
0 0.49597321838891806 0.20929171174272226 0.4195163074995623 0.1697319144812463 0.4348008441657913 0.11146783115918199 0.511257755055147 0.15102761641531642
0 0.5132900718881303 0.14876805507320762 0.46823398793110993 0.34456869225910947 0.38754144235819327 0.3079453415049051 0.4325975263152136 0.11214469231366174
0 0.4292162128523284 0.45198401234264357 0.37675600025166317 0.4309338945558369 0.38734739501269255 0.3788726830651308 0.43980760761335785 0.39992280085193743
0 0.4133888565191702 0.460007662289167 0.4026726217830882 0.5101740467182583 0.3612982741924895 0.49274209875651553 0.3720145089285714 0.44257571432742426
0 0.4027324601715686 0.5173398429816581 0.38255567363664217 0.6241462281329908 0.34066353592218135 0.6085373633119837 0.36084032245710784 0.501730930139285
0 0.38050420851934524 0.6289535990669256 0.3681232356223739 0.6811172401314172 0.3262745234812675 0.6615263475947827 0.33865546218487397 0.6093627065302911
0 0.3286578693977591 0.6592964754622345 0.36584130722601543 0.6837402151664536 0.35434932762167365 0.7182198441188041 0.31716588979341737 0.6937761044145849
0 0.31724699645483195 0.6934131589299763 0.3500900311296394 0.7104964717741935 0.34472433993128504 0.7308426923774342 0.31188127106311275 0.713759379533217
0 0.4333629789806548 0.5295135954249852 0.4231998561143207 0.5937427487737263 0.39330367400866595 0.5844124374569729 0.403466796875 0.5201832841082317
0 0.38972571450455185 0.5689918644122492 0.4112573447347689 0.5776316284851987 0.4010675852372199 0.6277184895321105 0.3795359550070028 0.6190787254591611
0 0.35980607575061274 0.7396295939159618 0.37799612520789566 0.6459601737681944 0.4079551889115021 0.6574350712713907 0.3897651394542192 0.7511045394405242
0 0.39082773246017155 0.8034192557226102 0.3572817163974965 0.7864588775754819 0.3683156074929972 0.7434143018384884 0.4018615893623074 0.7603747280069827
0 0.3366175718334209 0.7769148231584382 0.3460077536874125 0.7329560646759441 0.366772016423757 0.7417045011002655 0.3573818687631303 0.7856632595827596
0 0.4306254239977241 0.712807740122197 0.4184830182072829 0.7662400576563729 0.3878469942664566 0.7525085401197384 0.39998940005689776 0.6990762225855626
0 0.4105068345697654 0.6399358933971774 0.44617092442445727 0.6542464045442811 0.43448021298363093 0.7117111722284373 0.39881612312893905 0.6974006610813336
0 0.4568407929578081 0.6515612898615756 0.41665524608280813 0.6351005740282012 0.42494385449492295 0.5951899206610198 0.465129401369923 0.6116506845157602
0 0.43792717770702033 0.515263591199105 0.4658263305322129 0.528324154209284 0.45557423653054974 0.5715185085869886 0.4276750837053571 0.5584578975554435
0 0.44354251466211486 0.5604720096903275 0.4722787894454657 0.5728034162783979 0.4633068950236345 0.614040371754524 0.4345706202402836 0.6017089171450876
0 0.47412345309217435 0.5001763344561369 0.4653530259760154 0.5309693631368018 0.4440065528164391 0.5189777077135376 0.452776979932598 0.48818472705423877
0 0.4002194530155812 0.5186406937665962 0.41283967688637957 0.4574124436037077 0.44641161151960784 0.471060740112977 0.4337913534554447 0.5322889902758655
0 0.10947116029028799 0.8827775404455154 0.15803337204022233 0.9271623444876081 0.1386538721934086 0.9689830957108084 0.09009166899181548 0.9245982916687155
0 0.4181304846157213 -0.07197718466481855 0.5746936958377101 0.0009996831932938257 0.5371968758206408 0.1596659758633089 0.38063363040528714 0.08668910040806636
0 0.6090730042016806 0.19931656952264457 0.5564450731464461 0.1685203354157959 0.5713788542760855 0.11818490377286585 0.6240067511379552 0.14898113787971454
0 0.5653902967436975 0.11693447542228068 0.5795258337710084 0.06531913631268133 0.6197320334383754 0.0870367510875879 0.6055964964110644 0.13865209019718724
0 0.7031137845763306 0.03545311208225253 0.6702049960609243 0.16383454257535898 0.6262043586966036 0.14158845266706827 0.6591131472120098 0.013207017671958749
0 0.6610644257703081 0.0 0.6610644257703081 0.03540519276160504 0.6039215686274509 0.03540519276160504 0.6039215686274509 0.0
0 0.6416752833946079 0.035830917178318315 0.6248301957501751 0.08787708897744456 0.5971835609243697 0.07022838457469205 0.6140286485688026 0.018182209774230428
0 0.6647506756608893 0.24176656871588562 0.6069733948266807 0.20596827305179238 0.6246441838454132 0.1497164770527021 0.6824214646796218 0.18551477271679534
0 0.600398626247374 0.25028068488456434 0.5407042602197129 0.2160622681528447 0.5544528309370623 0.16875618034981069 0.6141472311580882 0.2029745970815303
0 0.5814618620885854 0.25308916645665325 0.5326749400932248 0.42556198444261406 0.4987183984922094 0.40661712334345496 0.5475052862942051 0.2341443053574941
0 0.604018130689776 0.36984183298706724 0.5745387998949579 0.4733443481541355 0.5235390542935925 0.44469465710439615 0.55301845347514 0.3411921179266449
0 0.5977278509059873 0.26088661175839645 0.6384745108981092 0.2832789507369935 0.6134132363883054 0.37322491421463166 0.5726665763961835 0.3508325752360346
0 0.6139510980173319 0.37200332269435976 0.6236899154192928 0.32755224916711745 0.6619940749737395 0.3441044457028177 0.6522552575717787 0.38855551923006
0 0.638583519345238 0.26967857955104246 0.7030863614977241 0.29685504712240607 0.6952997800682773 0.33330686555707856 0.6307969379157913 0.306130397985715
0 0.6504830838585434 0.2343576642868558 0.735121851474965 0.27465160018716805 0.7262991427039566 0.31120402338371606 0.641660375087535 0.27091008748340384
0 0.6563453311011904 0.3767945584493017 0.665071682970063 0.32164576520702204 0.6936035840117297 0.3305502950816901 0.6848772321428571 0.3856990883239698
0 0.6579271845456933 0.38143193374741835 0.7145658263305322 0.4079464988198269 0.7035854478510154 0.45420927442405096 0.6469468060661765 0.4276947093516424
0 0.602126006652661 0.4064520739083399 0.6570062204569328 0.43431018076010525 0.6461418942577031 0.47652355467213314 0.591261748840161 0.4486654958417339
0 0.6099020565257353 0.3642657360253983 0.6677135307247899 0.4021547379032258 0.6406775893951331 0.48351777059463513 0.5828661151960784 0.4456287687168076
0 0.5853441083464636 0.4513278483969316 0.6225301448704482 0.4761965771906963 0.604946754092262 0.5280543701748132 0.5677607175682773 0.5031856894024145
0 0.6436409231661414 0.4865264052204219 0.6234937138918067 0.5485574765809402 0.5637448778339461 0.5102819987491395 0.5838921213016457 0.4482508793672551
0 0.6582806071647409 0.4314080095028521 0.7103497160582983 0.45953345129941975 0.6931531206232493 0.5223259494400324 0.6410840801164216 0.4942005076434648
0 0.6116480381214986 0.5887057876887047 0.5690559622286414 0.5671718066175747 0.5784115403974089 0.5306744639278865 0.6210036162902661 0.5522084449990166
0 0.5417587835915616 0.5937516807478118 0.5463812478116247 0.5374893200481904 0.5728336451768208 0.5417758512459432 0.5682111809567577 0.5980382119455645
0 0.554845952052696 0.5301337433461595 0.5412885222448355 0.5872541498143686 0.5056582496279762 0.5705743605090726 0.5192156794358368 0.5134539540408635
0 0.5163363587622549 0.48874009415261116 0.47031342322085085 0.470272997624287 0.4812007957479867 0.41675697884908536 0.5272237312893907 0.43522407537740954
0 0.4491574412968312 0.45994657911155096 0.45789853050595236 0.4071595246729937 0.4821612189797794 0.415083866434525 0.4734200955772934 0.46787092087308224
0 0.43257793351715684 0.38341855365023847 0.5284885780484069 0.42640711246373425 0.514095120470063 0.48974498925858084 0.4181845101321779 0.4467564544557681
0 0.3883092885591737 0.3792586547947605 0.4302626665900735 0.39609280878122544 0.4195655459449405 0.4486736114525964 0.3776121679140406 0.43183943345544845
0 0.505364426043855 0.4262280407897325 0.46474287957370447 0.40992829257535895 0.48518575887386206 0.30944286379450237 0.5258073053440127 0.3257426120088759
0 0.4675151408219538 0.36826949340916354 0.4175482741924895 0.34955650347597855 0.42401061498818277 0.3155224647792093 0.4739774816176471 0.3342354547123943
0 0.455126064097514 0.3594020360290863 0.4451540479473039 0.4014162173147374 0.40834735261292016 0.38418567096220985 0.4183193345697654 0.34217151368724186
0 0.47097195323441876 0.6088704395069089 0.4815676221660539 0.5518280677585317 0.5069046319699755 0.5611106938587972 0.4963089630383403 0.6181530656071744
0 0.4632599133403361 0.6140940116204022 0.43452192888874297 0.6016756383384146 0.4435581752232143 0.5604312395505507 0.4722961596748074 0.5728496608539044
0 0.47054819486388305 0.6568370131785995 0.4740159833464636 0.6166577282897325 0.4973218388918067 0.6206250614673485 0.49385401621586134 0.6608043463562155
0 0.531673484823617 0.5894213540642211 0.5134333078934699 0.6709286909606117 0.48792563900560226 0.6596699856473741 0.5061657817423845 0.5781626487509834
0 0.5076130842962185 0.6796863955085808 0.5264453877254026 0.5822456653994148 0.559384779302346 0.5948020040660651 0.5405524758731618 0.6922427341752311
0 0.5511653782606792 0.6247791977589005 0.5829818939294468 0.6375458219874852 0.5749696362920168 0.67692948888363 0.5431531206232493 0.6641628166336792
0 0.5832497647496498 0.6341277571947531 0.5713840858609068 0.7041176016362608 0.5385388628107493 0.6931347310496164 0.5504045416994923 0.6231448866081087
0 0.5724742045255602 0.5752765646513572 0.6088947883841036 0.5904831064675944 0.6024097431941526 0.6211179527684894 0.5659891251422444 0.6059114109522522
0 0.5973265575761555 0.6537748827510327 0.5573819713432248 0.6367753671905734 0.5642987761510855 0.6047190884545879 0.6042433965773809 0.6217186040150472
0 0.6046926973914566 0.653581644774046 0.5947597300639006 0.714031228486428 0.5703332895658263 0.706114810250295 0.5802662568933824 0.645665178516547
0 0.5983127626050421 0.7132595731553649 0.5912341206013656 0.7579950772337234 0.5515504981289391 0.745610222865239 0.5586291059392507 0.7008747187868805
0 0.5519792829241071 0.741549536152021 0.5895671256783963 0.7566319907583842 0.5792717086834734 0.8072383949645948 0.5416838317358194 0.7921559403582317
0 0.5021492581407563 0.826376830190303 0.5153567188594188 0.7764382111003885 0.5549943854494923 0.7971146266165913 0.5417869247308298 0.8470532937278717
0 0.5751599565607493 0.8086532004511703 0.5650605359331232 0.855932252225118 0.5419833998052346 0.8462093662409028 0.5520828546262255 0.7989302664455891
0 0.5356280158547794 0.6951439930265293 0.5204499573266806 0.7682278540826613 0.47196055179884455 0.7483656888492083 0.4871386103269433 0.6752818277930763
0 0.471030936788778 0.7283337680867673 0.4969146643032213 0.7417263028004524 0.484882155987395 0.7875937665193499 0.4589984284729517 0.7742012318056648
0 0.49109242329744396 0.7546813628694188 0.5159663865546219 0.7663257277734068 0.5054341805081407 0.8107002552431648 0.4805602172509629 0.7990558423178108
0 0.4200973211550245 0.7651609695398555 0.43883761023940826 0.6829142476703874 0.45778275177258404 0.6914284358711152 0.4390424968815651 0.7736751097192172
0 0.43820728975183826 0.7713611521747148 0.45518207282913165 0.6998426435877262 0.47417368314513303 0.7087332712769226 0.4571988658744748 0.7802517798639113
0 0.4501833790156688 0.6516907554644473 0.48329435289740896 0.6695758810576072 0.4738369468881303 0.70410910185447 0.44072597300639005 0.686224024282676
0 0.45507727016587884 0.7853894417535405 0.44230457808123247 0.8409973192552616 0.4044115595456933 0.823830545276849 0.4171842516303396 0.7682226197537618
0 0.4627450980392157 0.9276160503540519 0.47130858691132704 0.8654784195822679 0.4957651517638305 0.8721262093700826 0.4872016628917192 0.9342638401418666
0 0.4805122781534489 0.8216889844364673 0.4697186638327206 0.8866544974122246 0.4395409677542892 0.8767653614587431 0.45033458207501753 0.8117999445257179
0 0.4992605000984769 0.8314240678476593 0.5326722730107668 0.8381274663773604 0.5223865669314601 0.9392447122713414 0.48897479401917016 0.9325413137416404
0 0.5295328776041667 0.8439832877962726 0.5697781944809174 0.8534033510461743 0.5587251209077381 0.9465413667572286 0.5184798382243523 0.9371212074645948
0 0.5907530199579832 0.9439626194003246 0.5579502308735994 0.9337251364575138 0.563855664336047 0.8964039872332317 0.5966584192270659 0.9066413741333104
0 0.6065688873205533 0.8282720414228462 0.5982930672268908 0.8714420009465972 0.5649624351693803 0.8588393696830744 0.5732382894564075 0.8156694101593234
0 0.6114192845106793 0.8095538891928108 0.5877040660014006 0.8007892215467644 0.5926459646358544 0.7744157432478118 0.6163611831451331 0.7831804108938581
0 0.7002206839767157 0.8136390668027144 0.5888663668592437 0.7696077960574843 0.6001807461265757 0.713171021756368 0.7115350632440476 0.7572021964588661
0 0.6515329569327731 0.835066776590775 0.6106442577030813 0.8135326514555468 0.621027620032388 0.7746461977834874 0.6619162508753501 0.7961803229187155
0 0.5942685081845238 0.9080675126622738 0.6074553161108194 0.8154693531483576 0.6550743637298669 0.8288446481916306 0.6418875558035714 0.9214428077055468
0 0.5889927455357142 0.9591376592004327 0.5957333519345238 0.9070715495303895 0.6408426065738796 0.9185900504339595 0.6341019317883403 0.9706561601040028
0 0.7096601042760854 0.8644060064356314 0.6532567128413865 0.849074320939467 0.6593354040835084 0.8049664561153865 0.7157387955182073 0.8202979975474528
0 0.8155083322391457 0.825973546758212 0.7659098307291666 0.8099868498291207 0.7729901140143557 0.7666613491007327 0.8225886155243347 0.78264809405119
0 0.8218305486257003 0.7872583852988543 0.7738420758928571 0.7665213668186959 0.7933924057904411 0.6772875361889015 0.8413808785232844 0.6980245546690598
0 0.7294306394432774 0.7426073508033783 0.741582482602416 0.6686542550003688 0.786302821910014 0.6831478235948564 0.7741509787508754 0.7571009193978658
0 0.6889947287508753 0.5981574970188336 0.6781874370842087 0.677841174518096 0.6376159155068277 0.6669880576625197 0.6484232071734944 0.5873043801632573
0 0.6079903738839286 0.6445927173485445 0.6443803888742997 0.6631768899672994 0.6330286704525561 0.7070184282952645 0.5966386554621849 0.6884343036978757
0 0.6263985770089285 0.7323454249852478 0.5937201833858543 0.7133892788650669 0.6013950208989846 0.6872936521900816 0.6340734829087885 0.7062497983102626
0 0.6968434053308824 0.7311457071972118 0.6458746389180672 0.7269350977791847 0.6480015345982143 0.676155096334702 0.6989703693977591 0.6803657057527291
0 0.6287736481311275 0.548305460451908 0.6377837365414916 0.5008537238456432 0.6864953305540966 0.5190966086158783 0.6774852421437325 0.566548393243509
0 0.7360787185968137 0.27746738100689666 0.6685892227984944 0.2444994886684943 0.6835914932379201 0.18392522948450407 0.7510809890362395 0.21689313382824793
0 0.7055942396489846 0.2108105555188459 0.7256851666447829 0.01775471907164711 0.785177107952556 0.029965998711874876 0.7650861809567577 0.22302183665974135
0 0.7606869310224089 0.15739605391147474 0.7478511521796218 0.21448034831241394 0.7026197588410364 0.19442038307219955 0.7154555376838235 0.13733607666591882
0 0.7260504201680672 0.0 0.7260504201680672 0.05192761605035405 0.6683473389355742 0.05192761605035405 0.6683473389355742 0.0
0 0.7708353849352241 0.16462257319224527 0.8081397305015756 0.17772018468633213 0.79696821111257 0.24047762722972807 0.7596638655462185 0.22738001573564123
0 0.7914146615677521 0.27442049736305074 0.7517546667104342 0.2565173397469389 0.7595595757834384 0.22241556691335562 0.7992195706407563 0.24031872452946745
0 0.813255057882528 0.3307012502458694 0.7733570772058823 0.3137215675095889 0.7852588984812675 0.25856213753472906 0.8251568107711835 0.2755417962603265
0 0.7281587830444678 0.3514940215320122 0.7385267583595938 0.2922106366941631 0.7730178790266107 0.3041080501865534 0.7626499037114846 0.3633914590350856
0 0.7453970259978991 0.4015373271999164 0.7762471004026611 0.4115356157184304 0.7719887955182073 0.4374508261211644 0.7411387211134454 0.4274524895812844
0 0.7724325570071778 0.42749124282368706 0.7206884218531162 0.4136493721878688 0.7289508381477591 0.35272973133390295 0.7806949733018207 0.36657157795903816
0 0.8038609779849439 0.43717436711681257 0.7923536797531513 0.5341399738302763 0.7024150089723389 0.513088223317024 0.7139223072041316 0.41612266462492625
0 0.7797861136642157 0.38102087085402736 0.8215504365808823 0.3906188052437795 0.8165619665835084 0.43343206206050844 0.7747976436668418 0.4238341276707563
0 0.8215870234812676 0.4010348796469316 0.7544214756214986 0.35701527809365163 0.7712956960127801 0.30623337980521 0.8384612438725491 0.35025298135848987
0 0.8638655462184874 0.3005507474429583 0.851372521664916 0.35318646254640784 0.8107002664346988 0.33414635106768786 0.8231932909882703 0.28151061195355526
0 0.7926912366509103 0.26213156567325185 0.808153407847514 0.1825092354691188 0.8403878348214285 0.19485566073942148 0.8249256636248249 0.27447800294889607
0 0.8342631876969537 0.19387205110395359 0.8459285960477941 0.10786145057948343 0.8843890876663165 0.11814987218633212 0.8727236793154762 0.2041604847161438
0 0.8050384606967788 0.16703561082025103 0.8111223493303571 0.09654563585667043 0.8453700132396709 0.10237565779667215 0.8392861246060924 0.17286563276025274
0 0.7806962042629552 0.09689298640265416 0.8182557007177871 0.1069403767679546 0.8107190043986344 0.1625092369097598 0.7731595079438025 0.15246183453911782
0 0.8155235140931373 0.11062410776301879 0.7769090155593488 0.0921626597478763 0.783007128632703 0.0670051064480017 0.8216216955532213 0.08546655446314418
0 0.8403361344537815 0.0 0.8403361344537815 0.05586152635719906 0.8173669467787115 0.05586152635719906 0.8173669467787115 0.0
0 0.781592891062675 0.06885345482995057 0.7993630459996499 -0.015998736785960702 0.8427358247986695 0.0019168416690301183 0.8249656698616947 0.08676903197185717
0 0.7954896900166316 0.00045102154711491475 0.7855340866815477 0.04798869351342754 0.7591768152573529 0.03710153551199228 0.7691323502057072 -0.010436137579821115
0 0.7658263305322129 0.0 0.7658263305322129 0.02753737214791503 0.7322128851540616 0.02753737214791503 0.7322128851540616 0.0
0 0.9003921295080533 0.11833201722776111 0.927955195750175 0.13123525023741764 0.912717059480042 0.1954366592419232 0.8851540616246498 0.18253343823760818
0 0.8715794325542717 0.1787205657838931 0.9110105370273109 0.18979604557496557 0.9045895018163516 0.23488469877925847 0.8651583973433123 0.223809242998869
0 0.9064739665397409 0.23303854137213562 0.8893983472295168 0.3649346976651628 0.8517826368828781 0.35532965611323514 0.8688582561931022 0.22343352383089102
0 0.8597000421262255 0.2935058689792732 0.8251945602459734 0.28175804204212973 0.8350560634410014 0.22462865557846923 0.8695615453212535 0.23637648251561272
0 0.864488412552521 0.23803859803734756 0.8355709471288515 0.23491461609030784 0.837485570400035 0.19995835106922452 0.8664030358237045 0.20308233301626427
0 0.9338584066439075 0.31735270310348646 0.9215197309392507 0.38474125415672944 0.8841206697522759 0.3712352209443843 0.8964593454569327 0.30384666989114134
0 0.9228123769038865 0.38454984099165274 0.9372412930015757 0.2591661022555444 0.9739146342130602 0.2674900298039806 0.9594857181153712 0.392873768540089
0 0.9332885400253852 0.26086545834665126 0.9402689102984944 0.19224232599361968 0.9714845801601891 0.1985051164844672 0.9645042098870799 0.26712823683215725
0 0.9358996137517507 0.26132502281975317 0.9305566953343838 0.31760227014285014 0.9000990923713236 0.31189896458251376 0.9054420107886905 0.2556217172594168
0 0.9048817866990546 0.24067285809340577 0.9096815777092087 0.19011609597434967 0.9386346726190476 0.1955376721854101 0.9338348132221639 0.24609444630980773
0 0.9994397759103641 0.3084185680566483 0.9994397759103641 0.4169944925255704 0.9775910364145658 0.4169944925255704 0.9775910364145658 0.3084185680566483
0 0.9994397759103641 0.16050354051927615 0.9994397759103641 0.24154209284028325 0.9775910364145658 0.24154209284028325 0.9775910364145658 0.16050354051927615
0 0.9425770308123249 0.07120377655389457 0.9284594111081933 0.13068450519552763 0.8850980528930322 0.11038552561113911 0.8992156725971638 0.05090479696950605
0 0.8560785544686624 0.0954306637743718 0.8776528580182072 0.011025946502325386 0.9063985359768908 0.025517950650747134 0.8848241640406163 0.10992265966912126
0 0.823616604845063 0.08324477993344623 0.8422368752188375 0.0023028466009324595 0.875295635832458 0.017302629424304498 0.8566752970719538 0.0982445597554829
0 0.9127115885416667 0.06366026223315488 0.9230511833639706 0.024246320867050735 0.9521022080707283 0.03927769574661315 0.9417626816351541 0.07869164011405266
0 0.9374229965423669 0.09055861406303783 0.9498039352459734 0.03839496399454016 0.9738375623686975 0.0496459468718498 0.9614565552783614 0.1018095939390121
0 0.9379644142813376 0.1879543421495439 0.9425133627669818 0.14536424062085096 0.9612239720106792 0.14930584635160551 0.9566750919117647 0.19189594788029848
0 0.9861116126137955 0.11232585291708669 0.9876544172356443 0.15132603318929486 0.9628632019213935 0.15326030980312008 0.9613203972995448 0.11426011752557041
0 0.8818732082676821 0.37081476987393047 0.9256108986563375 0.38352350434574156 0.9172017928265056 0.44060424516559304 0.8734641024378501 0.42789548668309896
0 0.884313725490196 0.3725413060582219 0.8749580105479692 0.4119590681242624 0.8341176607361694 0.39284027363726887 0.8434733756783963 0.35342251157122834
0 0.8736910096069678 0.4463475045024833 0.8356603969712885 0.4356654397527783 0.8411118451286764 0.39738547192325185 0.8791424577643557 0.40806756068363986
0 0.8711939365589986 0.44189794076698957 0.8569911753764006 0.5273827433492329 0.8054021413252801 0.5104773016448663 0.8196049025078781 0.42499249906262293
0 0.8200281479779412 0.5627169605318155 0.811263978247549 0.6225006799825433 0.770149602809874 0.6106127507099479 0.7789137041535364 0.5508290792805861
0 0.7388515269389005 0.6041410072500738 0.7542069464504552 0.5279439690542633 0.7847502379858193 0.5400841545627213 0.7693948184742647 0.6162811447371657
0 0.7016574207808123 0.520111059973692 0.7535821652879902 0.5298341380433713 0.7491199311755953 0.5768349540224232 0.6971951866684174 0.5671118279313778
0 0.7371170343137254 0.6191732795289142 0.7141564633665967 0.6151425101267457 0.7179056290484944 0.5730194163828924 0.7408661999956232 0.577050185785061
0 0.7927343202906163 0.6174302480053845 0.7887696680234594 0.6619741948545682 0.737952993697479 0.65305331370476 0.7419177143513656 0.6085093668555763
0 0.8204577534138655 0.6201838411560779 0.8163667224702381 0.6469958505698024 0.7928373107055322 0.6399148120174813 0.7969283416491597 0.6131028026037569
0 0.8523637873117997 0.5403942765446744 0.9011599073223039 0.5552920409772079 0.8940255985206582 0.601381267364526 0.8452294785101541 0.5864835509533586
0 0.8917992685355393 0.6011046162747099 0.9015247505252101 0.5475213675870377 0.9289719012605042 0.5573470192946007 0.9192464192708333 0.6109303160036389
0 0.9429691603203781 0.6196695323256786 0.9210999048056723 0.6143281157798978 0.9221278257396709 0.6060271904657996 0.9439971496411065 0.6113686550329465
0 0.9549507889093137 0.5626511232389605 0.9469445493040967 0.6012021956905242 0.9220544467787115 0.5910067794643735 0.9300607547706583 0.5524557070128098
0 0.9938526484812675 0.5561273246182877 0.9814520143995098 0.6606204725456087 0.9427511434261204 0.6515618661179682 0.9551517775078782 0.5470687181906472
0 0.9509803921568627 0.6518489378442172 0.8866623309480042 0.6337832038933419 0.8911872756915266 0.6020093388110985 0.9555052685136555 0.6200750247406078
0 0.8548173663996849 0.5299200002458694 0.9051318769695378 0.5501090949393932 0.8813698819371498 0.6669091105367329 0.8310554397540266 0.646720015843209
0 0.8548913608412115 0.7919481038859658 0.8794778262867647 0.6710954211435386 0.9252788126969538 0.6894734380378393 0.9006923472514006 0.8103261688016326
0 0.9994397759103641 0.5397324940991345 0.9994397759103641 0.6624704956726987 0.9787114845938375 0.6624704956726987 0.9787114845938375 0.5397324940991345
0 0.7145087917979692 0.6258136740263572 0.705618790484944 0.6913610618945466 0.6764258633140756 0.683551779326072 0.6853158646271008 0.6180043914578826
0 0.7419521812631302 0.6711856052689811 0.7320836342349439 0.7404829816120427 0.6939452441132703 0.7297706153803599 0.7038138595281863 0.6604732870586645
0 0.7056613270308123 0.5846261325358969 0.7390082693233544 0.6462481098790323 0.7156561843487395 0.6711729756497099 0.6823091736694678 0.6095510463279405
0 0.9299819732580532 0.2583654180087038 0.9463491060486695 0.10704018917729027 0.9919931449142156 0.11677731349653939 0.9756260121235995 0.2681025423279529
0 0.9372407459077381 0.6941250276603068 0.8792027064732143 0.6713025372953138 0.8865920293898809 0.6342397430203826 0.9446300688244048 0.6570622333853757
0 0.9372958656118697 0.5386770324947138 0.8989984079569328 0.5271516645357985 0.9069426891850491 0.4750858910153177 0.945240146839986 0.4866112589742329
0 0.8580978778230042 0.51533696784643 0.8636233888086484 0.46295627020739083 0.903945982689951 0.47134584296321796 0.8984204717043067 0.523726492580891
0 0.8767959039084384 0.4259107636242378 0.9105814102984944 0.43900004341131493 0.9036928150166317 0.47406966286696006 0.8699073086265756 0.460980383079883
0 0.978375363817402 0.46719117843663943 0.9523809523809523 0.4854445318646735 0.9338935574229692 0.43351691581431945 0.9598879688594187 0.4152635623862854
0 0.9679180070465686 0.4173861547870771 1.0003204602153362 0.42345365438753935 0.99576528853729 0.471433626020358 0.9633628353685224 0.4653661264198958
0 0.9994397759103641 0.27143981117230526 0.9994397759103641 0.3099921321793863 0.9770308123249299 0.3099921321793863 0.9770308123249299 0.27143981117230526
0 0.996078431372549 0.4767899291896145 0.996078431372549 0.5389457120377655 0.9719887955182073 0.5389457120377655 0.9719887955182073 0.4767899291896145
0 0.1018905340456495 0.3872255434866124 0.08420864928002451 0.45923994471012 0.04720944530155812 0.4413220205239477 0.06489133434135373 0.36930764331112315
0 0.15092436632856268 0.5619197578340136 0.18095238095238095 0.5830055074744296 0.16436974447982317 0.6295830151117476 0.1343417384043461 0.6084972654713316
0 0.15565700157015933 0.7725528984159864 0.13151618679698443 0.8330948272152833 0.09294533609342175 0.8027601624735691 0.11708615086659664 0.7422181856529062
0 0.07088989343295912 0.8203715662802419 0.04516268177192752 0.7962839530266522 0.06748545670709691 0.7492585981295485 0.0932126683681285 0.7733462594045043
0 0.5044602508972339 0.9376020934242231 0.49935357443758754 0.9734612801804682 0.4547511338519783 0.9609332741197876 0.4598577761182598 0.9250741834062746
0 0.515516470259979 0.7783091235217102 0.5259432923560049 0.73763272145149 0.5486180751597514 0.7490967661259589 0.5381912530637255 0.7897731681961792
0 0.525841840642507 0.7381758911228855 0.5374358874409139 0.692041380587382 0.5605860947894783 0.7035163261119444 0.5489920137977066 0.7496507886260818
1 0.7507549211090686 0.28872399739071103 0.7157059698879552 0.28520808906465134 0.7181948365283614 0.236271867969672 0.7532438561362045 0.2397877762957317
1 0.7933781813506653 0.5332522988788355 0.7945752226671918 0.5490551700186861 0.7854987991290266 0.550411197353216 0.7843017578125 0.5346083262133655
1 0.938563345259979 0.17274197774267308 0.9299375218837534 0.19177861967769597 0.9209989659926471 0.18379015738714594 0.9296248577556022 0.16475350344678158
1 0.9673056722689075 0.08766841213127274 0.9676030861563375 0.013320116993013468 0.9983531107755602 0.013562741943647504 0.9980556968881302 0.0879110340805714
1 0.9556898442970938 0.10111838640142481 0.9439523563331582 0.12051151494732248 0.9341673778886554 0.10883074984786831 0.945904865852591 0.08943762130197064
1 0.9772194913121499 0.3261581408893096 0.9759327949929972 0.3622967639746017 0.9633353439031863 0.36141211436922205 0.9646220402223389 0.32527349128392996
1 0.9577065689557073 0.5228240750700728 0.9482858182335434 0.5519311696314417 0.9303742395395658 0.5404969942466562 0.939794921875 0.5113898996852871
1 0.9556512057948179 0.5227336508378 0.968151205794818 0.5066414989888621 0.9782381116509103 0.5220954468829908 0.9657381116509104 0.5381875987319286
1 0.9847355348389356 0.6871629380316926 0.9461438774728641 0.6959701526080596 0.9423886253720238 0.663515056427026 0.9809802143513655 0.6547078418506589
1 0.9634420272015056 0.8121849798387096 0.9595313320640756 0.741703060459284 0.9961813534007353 0.7376922199240263 1.0000920485381652 0.808174139303452
1 0.9135842715992647 0.7232342831831481 0.9481686717655813 0.7280913562309451 0.9443261581976541 0.78205488611637 0.9097418264180672 0.7771978130685729
1 0.8982782273065476 0.7689385703002065 0.9259788192620798 0.7742781620340775 0.9225650221025911 0.809207943271784 0.8948644985337885 0.803868351537913
1 0.9420118144914216 0.9047872691901062 0.764089581144958 0.8635193399328777 0.7688883463541667 0.8227127039179288 0.9468105113139006 0.8639806331751574
1 0.873697848279937 0.8158586143415618 0.8514320181197479 0.8152204103867525 0.851735381652661 0.7943414887699154 0.8740012801995798 0.7949796927247246
1 0.8593642632834384 0.8113300074375491 0.8674053801207983 0.8328894878540519 0.8502647934173669 0.8454986500233576 0.842223676580007 0.8239391696068549
1 0.8664555568321078 0.7216344993945466 0.8305465740983894 0.6967742703825728 0.8467597683604692 0.6505838149556206 0.8826687510941876 0.6754440439675944
1 0.7977481617647059 0.6811076358582071 0.7964593454569328 0.6458099149138228 0.8151640734418768 0.6444628195533783 0.8164529581363795 0.6797605404977626
1 0.7715896905637255 0.6596135605422649 0.771110846682423 0.6754164797034815 0.7610787869835434 0.6748169329483429 0.761557630864846 0.6590140137871263
1 0.8338769394476541 0.7705361451059697 0.8437913739714635 0.7078783949184942 0.8702309146314776 0.7161299062469266 0.860316480107668 0.7787876564344021
1 0.9797009721857493 0.898844721184107 0.9154956123074229 0.9840058117378049 0.8931471709777661 0.95077320161905 0.9573524624693628 0.8656122071080842
1 0.9950270537902661 0.9341736560164241 0.9717057428440126 0.9592839322814221 0.9588162120316877 0.9356724028508556 0.9821375229779412 0.9105621265858576
1 0.8995887905943627 0.9830196449645948 0.8156828551733193 0.9692300215750393 0.818908246892507 0.9305211509146342 0.9028141823135504 0.9443107743041896
1 0.8644622888217787 0.983137105225954 0.8900794106705182 0.983809500393391 0.8898824568890056 0.9986079566409324 0.8642653350402661 0.9979355614734953
1 0.9585572998730743 0.9952129421039044 0.9451866000306373 0.9831413311061664 0.9537510805103291 0.9644313425083596 0.9671217803527661 0.9765029535060976
1 0.9147885619091387 0.966483199436959 0.9441664067970938 0.9700843216770751 0.9422623834690126 1.0007198402770947 0.9128845385810574 0.9971186219942466
1 0.9610994397759104 0.9884983065745476 0.9857852027529762 0.9904484542498525 0.9854341736694678 0.999213217938631 0.9607484106924019 0.9972630702633262
1 0.883326768207283 0.8928278361034618 0.8973436542585784 0.9108378652697188 0.884507054775035 0.9305427605293568 0.8704901003370098 0.9125327313630999
1 0.6524299856661414 0.8655424800845791 0.6618153120623249 0.849725682748574 0.6725067566088936 0.8622384180148505 0.6631214985994398 0.8780552153508556
1 0.6570791207107843 0.8814298688286782 0.6765959411108193 0.9078604445318647 0.660962597929797 0.9306292950309796 0.641445777529762 0.904198719327793
1 0.6502994654893207 0.9651322623672305 0.631312573857668 0.9399214293617231 0.6485953365721289 0.9142491110284717 0.6675822282037815 0.9394599440339791
1 0.6720766040791316 0.8582560061282947 0.7136571718531163 0.8654275169342546 0.7120445443802521 0.8838689700531078 0.6704639766062676 0.8766974592471479
1 0.7378668264180672 0.8855677738985052 0.7143966375612745 0.899243298522325 0.706980438659839 0.8741395531631098 0.730450559129902 0.8604640285392899
1 0.6947437275691527 0.8852760921211152 0.7429977459733893 0.8926881899709874 0.7397753632703081 0.9340644554300256 0.6915213448660714 0.9266523575801534
1 0.690095891872374 0.9383834010498623 0.7371920545561975 0.929823880679583 0.7412203748686975 0.9735402273062549 0.694124212184874 0.9820998437192663
1 0.6671427750787815 0.9802196151529308 0.6791203688506653 0.9144180501942368 0.6984751810880602 0.9213668379044552 0.6864975873161765 0.987168306820417
1 0.6507571778711485 0.9713028158192368 0.6527302717962185 0.9519060256441778 0.6666666666666666 0.9547021177038257 0.6646935727415967 0.9740989078788848
1 0.6714499080882353 0.5827322659016031 0.661058886445203 0.5953534814337874 0.6528600014224439 0.582039797803157 0.6632509546787465 0.5694186302923387
1 0.7464024476978292 0.6386940608711152 0.7315783930759804 0.6478251795614919 0.724180795365021 0.6241376323084677 0.73900478160014 0.6150065136180911
1 0.6024806602328432 0.5954918790107445 0.620571754092262 0.5984809689405488 0.6185850512079832 0.6221968487995427 0.6004939573485645 0.6192077588697384
1 0.7076302493653711 0.45874657319531864 0.7045558555453432 0.49587991085697775 0.695129155177696 0.4943405379468676 0.6982035489977241 0.4572072002852085
1 0.5684312494529061 0.45806279696412766 0.5840213722207633 0.4895368166367526 0.5560077400100665 0.5169053936830006 0.5404176172422094 0.48543137401037567
1 0.5225214939491422 0.49331576199535304 0.521443992636117 0.44640575441950237 0.541815749737395 0.4454828317853806 0.5428932510504202 0.49239279133986524
1 0.5221516927083333 0.5117388709523751 0.49840392211572127 0.5333555448158438 0.48591602656687677 0.5062967536019867 0.5096637971594888 0.4846800797385179
1 0.467435641248687 0.4843596331628639 0.4499789368872549 0.5008447438501917 0.44170557871586136 0.48356497559746264 0.4591622830772934 0.46707986491013476
1 0.6189940722382703 0.28993449597542537 0.6050464619441527 0.240387923317946 0.6402607722776611 0.2208358800664462 0.6542083825717787 0.2703824767346086
1 0.5978080001531862 0.2524500741065721 0.5842802843793767 0.27687669419379424 0.5638535785407913 0.2545643828217201 0.5773812943146008 0.23013776273449793
1 0.5705090434611344 0.2937125049173879 0.5878105441395308 0.30296900739452204 0.5808526047137605 0.3286196440810017 0.5635511724220938 0.31936314160386753
1 0.607836025035014 0.26961668001020356 0.5926052061449579 0.262810731853302 0.6009993352809874 0.22576030308012884 0.6162300857843137 0.2325662512370304
1 0.554932734812675 0.20036456380464449 0.5245359276523109 0.22033220796862707 0.5088538931197479 0.17324658625713021 0.539250700280112 0.15327894209314763
1 0.5777149531687675 0.09251415813935263 0.5618936148678221 0.1123185176534225 0.5495611281622024 0.09288649180102404 0.5653824322697829 0.07308213828962493
1 0.5969208191088936 0.026466555711699695 0.583513190432423 0.040836658372736465 0.5739793964460784 0.023291986256861293 0.587387025122549 0.008921882845490678
1 0.7236844444809174 0.08962598511030316 0.7172601267069327 0.1059520730439553 0.7091387238489145 0.09964889058158868 0.7155630416228992 0.08332280264793654
1 0.7063994933911064 0.07570256218958989 0.699427808232668 0.061015965711592124 0.7078742532169118 0.053107789142407553 0.7148459383753502 0.06779438562040531
1 0.49587084345456933 0.24110197702043173 0.5068918436515231 0.19648893943084308 0.5468312666863621 0.21594910580374704 0.5358102664894082 0.2605621553986772
1 0.47881485113576683 0.2514836921361748 0.5052486473104867 0.23884581318997097 0.5133455677192752 0.272249211297084 0.48691177154455534 0.2848870902432878
1 0.5376872086725315 0.28250463022011457 0.5129644484747024 0.3054556497713415 0.4989985105370273 0.2757833677422428 0.5237212365414916 0.2528323481910159
1 0.4833727582830007 0.6549151020665323 0.5059405158547794 0.6757427848857936 0.49331109396883754 0.7027335298239575 0.47074337059042365 0.6819058950260621
1 0.4685742461046919 0.6636570075850708 0.446322127483806 0.651582707390834 0.45483391598827033 0.6206429254155192 0.47708603460915616 0.6327171775883901
1 0.39081586736257 0.6543105130679583 0.37586830630689777 0.6470944384343037 0.38174019607843135 0.6231043085537962 0.39668775713410365 0.6303203831874509
1 0.3255909981179972 0.45474231158720985 0.3379650297619048 0.37529943722800696 0.3771015583967962 0.3873227387314983 0.36472752675288866 0.4667656130907012
1 0.34805891106442577 0.3328206252151357 0.30854526380864844 0.34297186178452005 0.3040501356792717 0.30846104295491983 0.343563782935049 0.2983098063855355
1 0.32529560163909316 0.398203876054165 0.27512340385372897 0.357634561630237 0.2909108223367472 0.3191255799060164 0.34108302012211134 0.35969491834062745
1 0.28150547572544643 0.3470094021993017 0.2834540530079219 0.37601697247953136 0.26353915345435047 0.3786555304478511 0.26159059326855744 0.34964796016762145
1 0.26355159983915444 0.3946875595464939 0.22580638212316176 0.39791987769534326 0.22473438594187675 0.3732294282230404 0.2624796036578694 0.3699971100741911
1 0.28942860835740547 0.11242738209025865 0.2740866268382353 0.1326545697324019 0.26084827241443453 0.11285003013820934 0.2761902539336047 0.09262283649339534
1 0.2632571949678309 0.1589293521187795 0.24497887533919818 0.18661286528892726 0.22648303462009803 0.1625263205107322 0.24476137134541318 0.13484280734058443
1 0.24396632432269783 0.36982797882296176 0.22613150973279936 0.31730933980994297 0.2688148819097952 0.28872029974552516 0.28664969649969363 0.34123893875854394
1 0.24668055943080358 0.3274263371453334 0.21104406362154238 0.3456978906711005 0.19906635017288166 0.2996214139564688 0.23470282888546043 0.28134988444138476
1 0.1793336499638918 0.31369611618558224 0.1892229865579044 0.27351831995906273 0.21331002371651786 0.2852119547846184 0.20342068712250524 0.3253897510111379
1 0.1954758758972339 0.25073806438551094 0.2179736738445378 0.24714757887797503 0.22033320408241422 0.27630819325180717 0.19783538903842787 0.27989867875934304
1 0.22919836391587886 0.25165359172926094 0.20460276884191175 0.24283432379001524 0.21043118175004377 0.21077453949430813 0.23502677682401085 0.2195938074335538
1 0.21751914144564075 0.1823912469727331 0.24383397890406164 0.19203217249044183 0.23804736738445378 0.223184605079969 0.21173252992603292 0.21354369156760178
1 0.2504506685486695 0.24752497879376475 0.26031824106595763 0.22022874593547156 0.2759560977711397 0.2313786348332391 0.2660885081571691 0.25867486769153225
1 0.2794929226573442 0.49276044291834675 0.33436440005689777 0.5470293886918519 0.30048616126137956 0.6145912728658537 0.24561468386182597 0.5603223270923485
1 0.33780975769213933 0.6473591802253393 0.3049310935311625 0.6644610773382179 0.2918472760197829 0.6148485713451515 0.324725905987395 0.5977466742322728
1 0.22888549462753852 0.6366826379327302 0.21607900240174194 0.5422587541029456 0.24882956112132354 0.5334977841020849 0.2616360362504377 0.6279217159532356
1 0.2181058482963498 0.5479203771175502 0.19014256581538866 0.5939892424456629 0.17089088076636905 0.5709411957243312 0.19885416324733018 0.5248723303962185
1 0.2914698154652486 0.7130949559125442 0.3195651014311975 0.7057880248543223 0.3225498060552346 0.7284233759558173 0.2944545200892857 0.7357302589926731
1 0.2532269475172882 0.7557775946136163 0.2960800384606968 0.7867807167707513 0.2775207348564426 0.837377564725118 0.2346676610097164 0.8063743945466169
1 0.23659291841736696 0.7878455425415519 0.22384766650800944 0.8150034498549371 0.20875338172378327 0.8010317774666847 0.22149863363314076 0.7738738221319336
1 0.14380289713541666 0.828244189030537 0.14457342751553748 0.793616366142555 0.16753215202096464 0.7946240464877558 0.16676160454416142 0.8292517733330055
1 0.1643216857055322 0.686841002793691 0.15721640707064075 0.7267557859983527 0.1341965704738927 0.7186735019638818 0.14130184910878413 0.6787587187592201
1 0.11059017234823616 0.7153738098384638 0.1510824080608806 0.7189280632253147 0.14955649496126575 0.7532158468202941 0.10906425924862133 0.7496615934334432
1 0.13918733997505253 0.9695909501622738 0.103488381436559 0.9834444419686762 0.09451302493653711 0.9378267373746066 0.13021198347503063 0.9239732455682041
1 0.1043855212983631 0.9413331614808713 0.0784758068266369 0.9531805126991542 0.06990714620809262 0.916219715805714 0.0958168606798188 0.9043724606301633
1 0.14531544062937676 0.9724781867746853 0.17955703521643032 0.9758177846552911 0.1783445726923582 1.0003371099896734 0.14410299520198705 0.9969975121090676
1 0.23611371550573354 0.965171831972856 0.28282990442270656 0.9670462979752655 0.2821901807598039 0.9984919370205547 0.23547399184283088 0.9966174710181451
1 0.11412335564108456 0.7507560483870968 0.09910950219931723 0.7895978902100954 0.08622174944196428 0.7797723825666306 0.10123560288373162 0.740930540743632
1 0.0008258342742919922 0.7890643248119099 0.0005421819139261539 0.7496264898148604 0.011751041358926384 0.7494674910718676 0.012034693485548517 0.7889052780475512
1 0.012844161559887627 0.7932202378940058 0.012844161559887627 0.8166317583349725 0.0019129603516821769 0.8166317583349725 0.0019129603516821769 0.7932202378940058
1 0.0231076131013929 0.8297430319077006 0.007052539109515876 0.8064176137760621 0.024438237208946077 0.782814968298215 0.04049331280363708 0.8061403384084874
1 0.03872632793351716 0.8036869748383408 0.07899900805048582 0.8302352509097167 0.07057692156452425 0.8554339825309796 0.03030423931047028 0.8288857544809697
1 0.05658992051410408 0.5298320251032651 0.03979517405106574 0.5589684126979249 0.019080188227634805 0.53541753425268 0.03587493469067314 0.5062811466580203
1 0.03649829255432642 0.5443610814872639 0.036783914005055145 0.6125524777488198 0.0024595204521627987 0.6128360439153472 0.002173900737815878 0.5446446476537913
1 0.11315301633348653 0.2626167255344586 0.09798363437171743 0.23379370136396047 0.1208583115863533 0.21004888863192123 0.13602769354812239 0.23887191280241934
1 0.059896265024564514 0.32008118107973543 0.08115167697938551 0.2680547370580498 0.09920613264837184 0.28260312204188387 0.07795071641938026 0.33462956606356953
1 0.04721156529017857 0.32195812018249653 0.020995172666234463 0.30866256461755015 0.029240998767671132 0.27659351219819533 0.05545739352870054 0.2898890677631417
1 0.06755646777754071 0.08251208193559144 0.0641133369851847 0.129658696784643 0.041441148602995886 0.12639295576502263 0.04488427512118129 0.07924634691864181
1 0.06625258929255295 0.16898140055658684 0.07794421968005952 0.11972199566808861 0.09974424217929359 0.1299273523170117 0.08805261606595763 0.17918675720550994
1 0.07716658562839199 0.0506484949335538 0.0617697365811559 0.0387556074549137 0.07478070085456058 0.005532568969846616 0.09017755417596726 0.01742545607331979
1 0.35397706445859595 0.08869498888401418 0.3570456112132353 0.03698206135459438 0.39013825745141806 0.04085508957329367 0.38706974489014356 0.0925680141013781
1 0.33486878638174017 0.05605977056159643 0.3511587105545343 0.026403593698136926 0.3670324672837885 0.04360123641091383 0.3507425431109944 0.07325741627570871
1 0.35083055683210784 0.03462466848449947 0.33032035079656863 0.06250017407745194 0.3112636021205357 0.03484466336638228 0.33177380815607493 0.0069691600244313505
1 0.32192587972689074 0.03762300552860383 0.2837656742384454 0.03762300552860383 0.2837656742384454 0.0005644306153598308 0.32192587972689074 0.0005644306153598308
1 0.7452882227109594 0.8179211320134244 0.7201805136116947 0.8344723681218037 0.7068637025122549 0.7946284644534324 0.7319714116115196 0.7780771803236871
1 0.7380011379551821 0.7822063935262589 0.7203207064075631 0.7689634933891867 0.731015843837535 0.7408004508630016 0.7486962069984243 0.7540433029787077