0 0.9038111501963351 0.28062863069422106 0.7655911270860603 0.34533458036534925 0.7889640768160995 0.44381040685317097 0.9271840999263743 0.3791044796214384
0 0.9158716970713351 0.45922909904928766 0.8990818522987566 0.38586964326746326 0.8522717860356676 0.40700055290670956 0.869061630808246 0.480360008688534
0 0.8549353474721859 0.41397642247817096 0.7928875828288613 0.4430232328527114 0.8065638676987893 0.5006445940803079 0.8686115684309555 0.47159778370576744
0 0.8943868746932264 0.4663897794835708 0.8464530585323953 0.4881693671731388 0.8580405989242473 0.538469830681296 0.9059743511739201 0.5166901981129366
0 0.9585780278550393 0.43479847627527574 0.9215832455620092 0.4515584160299862 0.9286093187581806 0.48214784509995406 0.9656041010512108 0.46538781558766085
0 0.967001007239856 0.48236079496495865 0.9216275999059228 0.5019679350011489 0.9279900196335078 0.5310083725873161 0.9733635547897579 0.5114012774299173
0 0.9506173178787631 0.6180517757640166 0.9477588913203534 0.5377636180204504 0.9162254453329516 0.5399779375861673 0.9190838079802028 0.6202660953297334
0 0.8874060505971859 0.5370520647834329 0.8897202097308573 0.6248040143181296 0.9191789716950262 0.6232717177447151 0.9168647486501963 0.5355198130888097
0 0.8514041281495419 0.5431521696202896 0.8514041281495419 0.606913532930262 0.8928813195353403 0.606913532930262 0.8928813195353403 0.5431521696202896
0 0.8134904312213678 0.5590473848230698 0.8590506508712369 0.5398517833036535 0.8469252341704843 0.4830884148092831 0.8013650784317735 0.5022839714499081
0 0.7280934278877618 0.45577554141773896 0.7512422411853731 0.5533067591050091 0.7949614999181938 0.5328401902142693 0.7718126866205824 0.4353089276482077
0 0.6735759315690445 0.4507400961483226 0.7387895993537303 0.41512298583984375 0.7250520236829189 0.36551183812758503 0.6598382919870746 0.40112897087545957
0 0.7557263119682591 0.40610468247357534 0.6771997581601767 0.4428657980526195 0.6857754852135144 0.47899726418887867 0.7643019111992801 0.4422360588522518
0 0.6906116425678992 0.5132913477280561 0.7329221715477748 0.49419156242819395 0.723987838984784 0.4551548677332261 0.6816773739160668 0.4742546081542969
0 0.8278783029286649 0.6447442896225873 0.7913385680832788 0.5342156802906709 0.760954947746237 0.5540272881002987 0.797494682591623 0.6645558525534238
0 0.8434498092891034 0.7337833628934972 0.8233464265993128 0.6430329715504366 0.7586147128599476 0.6713160346536076 0.7787180955497383 0.7620664708754595
0 0.816789077838678 0.6347080455106847 0.8400097911894634 0.7256769516888787 0.9035839460283049 0.6936693976907169 0.8803632326775196 0.602700491512523
0 0.9727875235193063 0.5985634298885569 0.8874660631749018 0.6312433579388786 0.8986287221858639 0.6887254602768842 0.9839501825302683 0.6560454873477711
0 0.986479530534195 0.7233622831456802 0.9636096255317408 0.6606541353113511 0.9179732237810864 0.6934818492216223 0.940843192694699 0.7561900419347426
0 0.9640984180710078 0.7991046681123621 0.9938321897496728 0.7743105720071232 0.9750166808123364 0.7298057556152344 0.9452829091336714 0.7545998965992647
0 0.9157672662385471 0.6885381810805377 0.886741630194699 0.7109584135167739 0.8999129530022906 0.7445909387925091 0.9289385251349803 0.722170706356273
0 0.7037019260266688 0.7031119851505055 0.7483488552233312 0.6780309340533088 0.7310698983556937 0.61736400828642 0.6864229691590314 0.6424450593836167
0 0.7937807412671793 0.5992788875804228 0.7329369989365183 0.6341808543485754 0.7469448548961061 0.6823454912971048 0.8077886611379254 0.6474434796501608
0 0.7193687239242473 0.7817512960994945 0.7915588059350458 0.7349584242876839 0.7702159302396924 0.6700143701889936 0.698025848228894 0.7168072420008043
0 0.8513637362974477 0.731038620892693 0.8132826560454843 0.7662877699908088 0.8330960098985603 0.8085068646599265 0.871177154061682 0.773257625804228
0 0.8612689432673429 0.7574217852424173 0.8714701867228403 0.786075008616728 0.8941144214250655 0.7701740938074448 0.8839133057918848 0.7415207806755515
0 0.7562103111706479 0.9807715920840993 0.829315856614038 0.9333002427045036 0.8031594481143652 0.8538515876321232 0.7300538387598168 0.901322847254136
0 0.7675014316099477 0.937218609978171 0.754081047018161 0.8924550673540901 0.7383697669543521 0.90174560546875 0.7517901515461387 0.9465091480928309
0 0.9024004391974804 0.7904711555032169 0.737745994048593 0.9274207620059742 0.7616508124386453 0.9841083302217372 0.926305321498691 0.8471588134765625
0 0.7739831734702225 0.7902346442727481 0.7130430531127291 0.8383762135225183 0.739493133385144 0.904415085736443 0.8004332537426374 0.8562735164866728
0 0.6998698129703861 0.5621447843663833 0.6800489176006217 0.4848207810345818 0.6462679718177357 0.5019000782686122 0.6660887393651832 0.5792240367216223
0 0.7429655544420811 0.9792536118451287 0.7204493337900851 0.9017797133501838 0.6940142087287303 0.9169331270105698 0.7165304293807264 0.9944070255055147
0 0.6973390589209751 0.9089368932387408 0.731074691692572 0.8925993975471048 0.72214591940036 0.8562344719381894 0.6884103505399215 0.8725719676298254
0 0.6770486721817736 0.8224287145278033 0.6886394081315445 0.8732981064740349 0.7216066370459752 0.8584823608398438 0.7100157732738874 0.8076127893784467
0 0.6939560495746073 0.8998646455652574 0.6815478259980366 0.8258029713350183 0.6519624560291231 0.8355794570025276 0.6643707435168521 0.9096411312327666
0 0.6493187070517016 0.8308597340303309 0.6003717712082788 0.8519030402688419 0.6183490213923429 0.9343783210305606 0.6672959572357657 0.9133350147920496
0 0.6328971822848495 0.9332309498506434 0.6521310536649214 1.0250725241268381 0.7164336039757854 0.9985115500057444 0.697199668684555 0.9066699757295497
0 0.6166696917948299 0.9133966782513787 0.6032227201611584 0.8517054838292739 0.5602477707787958 0.8701813641716453 0.573694678501309 0.93187255859375
0 0.6233955103689464 0.9893497242647059 0.6118721367801047 0.9156245512120864 0.5715842681405432 0.9280446669634651 0.5831076417293848 1.0017699297736673
0 0.7320540662835405 0.8897523767807904 0.6980866277405104 0.7661550185259651 0.6340095559964005 0.8008882410386029 0.6679769945394306 0.9244855992934283
0 0.6357415483884162 0.8388695211971507 0.6259895364651505 0.7997386259191176 0.5920847308573298 0.8164042753331802 0.6018367427805955 0.8555351706112132
0 0.5987619769510798 0.8626488180721508 0.5938462502045158 0.8162955789005055 0.5552291470672448 0.8243731330422794 0.560144873813809 0.8707261926987592
0 0.5423600601276178 0.894334321863511 0.5535684156168194 0.9599225212545955 0.5771417268283704 0.9519769107594209 0.5659333713391689 0.8863888011259191
0 0.6688663822194044 0.7711029950310202 0.7009974614487893 0.7554072660558364 0.6936929273355694 0.7259140014648438 0.6615618481061846 0.7416097304400275
0 0.8857363715845877 0.22193565368652343 0.8088396801374346 0.26289915197035846 0.821593726991983 0.31012158113367416 0.8984904823502945 0.26915810528923484
0 0.809119674922284 0.2653852574965533 0.845398460508017 0.24290710898006665 0.8318222605121073 0.19968932656680835 0.7955433471040576 0.22216747508329504
0 0.8890852523723822 0.2158677718218635 0.8688438854916558 0.12869117961210363 0.8370582460732985 0.14324772778679343 0.8572996129540249 0.2304243199965533
0 0.8171983648969241 0.1528790642233456 0.7821857871809555 0.17451483782599955 0.7954424952961388 0.21682824527516084 0.8304551369232657 0.1951924716725069
0 0.8147471802396924 0.15444413353415096 0.8301050315976767 0.19758143705480238 0.8496105254008508 0.18388456456801472 0.8342527379540249 0.1407472610473633
0 0.8623582450507199 0.23128765330595127 0.8479431471899542 0.1844716689165901 0.829425208606021 0.19571789012235755 0.8438402425556283 0.24253385207232306
0 0.7786518835896596 0.1759847640991211 0.8346247008957788 0.1418070176068474 0.8176580778591296 0.08700246249928194 0.7616853244641688 0.12118020899155561
0 0.8173209464986911 0.08672966115614947 0.8320858940404123 0.1420261495253619 0.8615084822889398 0.12653062483843636 0.8467435347472186 0.071234130859375
0 0.9892581320557919 0.1039430393892176 0.9724752535994764 0.04571109940023983 0.9455170157068062 0.06103555454927332 0.9622998941631218 0.1192674861234777
0 0.9805662145165248 0.07273827721090878 1.00464340130072 0.059856633579029754 0.999600043970877 0.041263667274923886 0.9755227932755236 0.054145308101878446
0 0.9870458473085733 0.06533569448134478 0.9870458473085733 0.0968227835262523 0.999937430975949 0.0968227835262523 0.999937430975949 0.06533569448134478
0 0.9724727610642997 0.0 0.9724727610642997 0.051953685984892 0.999937430975949 0.051953685984892 0.999937430975949 0.0
0 0.9408014587082788 0.05737465690164005 0.9765956698911976 0.03804012747371898 0.9646054892015706 -0.005741523644503426 0.9288113419298102 0.013593006134033202
0 0.741523910442572 0.13044597401338465 0.7931587578738547 0.09807251200956457 0.7759904951325262 0.044063080058378334 0.7243556477012435 0.07643654767204733
0 0.8306655324566427 0.003935885429382324 0.7867220733802356 0.03479322826161104 0.8057791664962369 0.08832126505234662 0.849722625572644 0.05746392642750459
0 0.7453844639643324 0.1885066312902114 0.7241064580947317 0.08391604704015396 0.6840569780759163 0.09998633440803079 0.7053349200343586 0.20457691865808825
0 0.7347196728771269 0.30684809965245863 0.7290071657190772 0.23063208636115579 0.6834328856143652 0.23736947003532857 0.6891453927724149 0.31358546088723577
0 0.6748735837287304 0.22421711192411534 0.6004211106225458 0.26076301125919116 0.6122042191590314 0.3081097771139706 0.6866567561763743 0.27156385533949906
0 0.660088440260962 0.3304937026079963 0.613914481757199 0.3540745454676011 0.6232589322234947 0.39016400505514703 0.6694328907272579 0.36658318463493794
0 0.5798294466827553 0.3404834747314453 0.5906604706928992 0.3891596177045037 0.6113093351194372 0.38009728824391087 0.6004783111092932 0.3314211452708525
0 0.5645930265256872 0.10694283878102022 0.6020732140665903 0.25866288577809055 0.6386757096695026 0.24082848044002758 0.6011955221285995 0.08910843905280619
0 0.6465419589536976 0.12023602653952206 0.6856948293316427 0.09946326087502873 0.6742392015706806 0.05687609840841854 0.6350862672815772 0.07764886407291188
0 0.7052604635348495 0.10016609640682445 0.7530651152446007 0.06122640160953297 0.732621597369928 0.011724485369289623 0.6848168817490183 0.05066418928258559
0 0.775960456888089 -0.020624040154849782 0.7414334761534686 0.0036210144267362705 0.7592574034685864 0.053685474395751956 0.7937843842032068 0.02944042261909036
0 0.5933796348372055 -0.009710356768439798 0.4604082836530596 0.07734441757202148 0.48321533203125 0.1460549186257755 0.6161866512598168 0.05900014989516315
0 0.5037172647046794 0.20939678865320543 0.5802122106102748 0.16981712790096506 0.5649200599231021 0.11152379653033088 0.48842511401750655 0.15110343484317554
0 0.48639178051374343 0.1488427442662856 0.5314703017629254 0.3447416866526884 0.6122030048470223 0.3080999486586627 0.5671244835978403 0.11220099505256204
0 0.5705074929442081 0.4522109536563649 0.6229937648273888 0.43115023444680606 0.6123971669461714 0.37906287698184743 0.5599108311518325 0.40012359619140625
0 0.58634269674411 0.46023860258214616 0.5970643048511126 0.5104301901424633 0.6384592425760799 0.49298948400160847 0.6277376983802356 0.44279789644129136
0 0.5970044200957133 0.5175995770622702 0.6171913346695026 0.6244595695944394 0.6591042084219568 0.608842872170841 0.6389174216704843 0.5019828347598805
0 0.6192437776096205 0.6292693643008962 0.6316309105039267 0.6814591800465303 0.6735004524910013 0.6618584576775046 0.6611133195966951 0.6096686419318704
0 0.6711159271719568 0.659627488080193 0.6339139449034686 0.6840834673713235 0.6454116901178011 0.7185804479262408 0.6826136084751309 0.6941244237563189
0 0.6825324413039922 0.6937613094554228 0.6496730944249018 0.710853172751034 0.6550413760839332 0.7312096090877758 0.6879009146964987 0.7141177457921645
0 0.5663586361870092 0.5297794566434972 0.5765268375736257 0.5940408594468061 0.6064378988056283 0.5847058464499081 0.5962697613301702 0.5204444436465993
0 0.6100176266974804 0.5692775501924403 0.5884752842768325 0.5779216093175551 0.5986701366164922 0.6280336267807904 0.62021247903714 0.6193895227768842
0 0.6399521433246074 0.7400009155273437 0.6217530575098168 0.6462844848632813 0.5917791716091296 0.657765152875115 0.6099782574239202 0.7514816284179687
0 0.6089150953043194 0.8038225959329044 0.6424778483925065 0.7868537454044118 0.6314384100948953 0.7437875186695772 0.5978757209178664 0.7607564589556526
0 0.6631522772823953 0.7773048849666819 0.6537574009121401 0.7333240284639246 0.6329828232370746 0.7420768737792969 0.6423776356961715 0.7860576854032628
0 0.5690976127904123 0.7131655973546646 0.5812460375081806 0.766624719956342 0.6118973177765052 0.752886334587546 0.5997488930587369 0.6994272119858685
0 0.5892262403877618 0.6402571734260111 0.5535443211101112 0.6545748542336857 0.5652408939381545 0.7120684904210708 0.6009227493046466 0.6977508096133962
0 0.5428691764152487 0.6518884097828584 0.5830747274828206 0.6354194192325368 0.5747819990387761 0.5954887390136718 0.534576416015625 0.6119577744427849
0 0.5617921839209752 0.5155222724465763 0.5338791452777323 0.5285894057329963 0.5441363429523888 0.5718054378733916 0.5720494135512108 0.5587382597081801
0 0.5561740735438482 0.5607534071978401 0.5274234791700753 0.5730909908519072 0.536399833319699 0.6143486471737132 0.5651503957378927 0.6020110186408548
0 0.5255778846940445 0.5004274704877067 0.5343526950057265 0.5312359529383043 0.5557098228893979 0.51923828125 0.5469350125777159 0.4884298436781939
0 0.599518685066263 0.5189010620117187 0.5868922048838351 0.45764209522920496 0.5533035038653469 0.4712972304400276 0.5659300479589332 0.5325562421013327
0 0.8904117923756545 0.8832207174862132 0.8418253793766362 0.9276278327493107 0.8612144909604058 0.969469586540671 0.909800903959424 0.9250624712775736
0 0.5815987631912631 -0.07201332204482135 0.4249575629908377 0.0010001850478789387 0.4624730614467441 0.1597461363848518 0.6191142936027487 0.08673262315637925
0 0.3905611527527814 0.19941664303050322 0.4432152872934391 0.1686049405266257 0.42827407277691426 0.11824423846076516 0.37561997019183574 0.14905592974494486
0 0.43426561605243785 0.11699318605310777 0.4201230353709915 0.06535192938411936 0.37989680904368456 0.0870804506189683 0.3940393897251309 0.13872170167810777
0 0.2964735420586551 0.03547091203577378 0.3293987174308737 0.1639168010038488 0.37342126656577224 0.14165953467873965 0.3404960911935537 0.013213648515589097
0 0.3385438289941918 0.0 0.3385438289941918 0.03542296746197869 0.3957151402977749 0.03542296746197869 0.3957151402977749 0.0
0 0.3579426231184555 0.03584890646093032 0.37479612340477747 0.08792120989631204 0.40245652123895614 0.0702636438257554 0.38560302095263416 0.01819133758544922
0 0.3348557397333115 0.2418879565070657 0.39266181666189465 0.20607167412252986 0.374982200742392 0.14979163899141199 0.31717615576938807 0.18560791015625
0 0.3992398406822644 0.2504063325769761 0.45896392342931935 0.21617074854233687 0.4452085165453207 0.16884090199190027 0.3854844018426865 0.2030765084659352
0 0.4181860479384817 0.2532162385828355 0.466997268437091 0.42577564015107994 0.5009707146290086 0.4068212621352252 0.4521595260859784 0.2342618605669807
0 0.3956185385818881 0.37002751967486214 0.42511254754990185 0.47358200970818015 0.47613768253026834 0.4449179256663603 0.44664360965109623 0.3413634131936466
0 0.4019119662140052 0.26101758620318244 0.3611449875756708 0.283421168607824 0.3862187410524378 0.3734123005586512 0.42698571969077226 0.35100871815400964
0 0.38568064105448296 0.3721900939941406 0.3759369695373855 0.327716692756204 0.3376137299063318 0.34427721360150504 0.3473574014234293 0.38875059240004595
0 0.36103592318390054 0.2698139639461742 0.296500991901178 0.29700409384334786 0.30429144255153795 0.33347419289981617 0.36882640578983966 0.30628408544203817
0 0.3491304567347022 0.23447532653808595 0.2644495299973413 0.27478949602912456 0.27327663561436516 0.311360258214614 0.3579575463739365 0.2710460887235754
0 0.3432652977748691 0.3769837323357077 0.3345345861624673 0.3218072554644416 0.3059884755399215 0.33071625653435205 0.3147191871523233 0.3858927109662224
0 0.34168263380440117 0.381623436422909 0.2850158052294666 0.4081512899959789 0.29600165402077877 0.45443730073816635 0.3526684825957134 0.4279094471650965
0 0.39751161904859295 0.4066561530618107 0.34260407293030104 0.434528216193704 0.3534737951468423 0.476762794045841 0.4083812773539758 0.4488907309139476
0 0.389731681783786 0.3644486146814683 0.3318914123854712 0.4023566302131204 0.3589408195455661 0.48376051958869487 0.4167810889438809 0.44585248161764707
0 0.41430184728812175 0.4515544218175552 0.37709730857329843 0.4764356725356158 0.39468946207256217 0.5283194598029641 0.4318940007873855 0.5034382988424863
0 0.35597601286403796 0.48677067476160385 0.3761332726603403 0.5488328821518842 0.43591183966991165 0.5105381685144761 0.4157545798736093 0.4484759162454044
0 0.34132904532068065 0.4316246032714844 0.2892340055935046 0.45976414399988513 0.3064391770287958 0.5225881688735065 0.3585341208892343 0.4944486281451057
0 0.38798483004744766 0.5890013302073759 0.43059810618455496 0.567456548354205 0.42123786966214005 0.5309408748851103 0.37862459352503275 0.5524857016170726
0 0.45790887802683244 0.5940497903262868 0.45328410682877945 0.5377591750201057 0.4268185600560373 0.5420478372012868 0.4314433312540903 0.5983384525074679
0 0.44481520727666884 0.5303999059340533 0.45837939197480365 0.587548962761374 0.4940274063829352 0.5708608290728401 0.4804632216848004 0.513711727366728
0 0.4833439851930628 0.48898548799402575 0.5293898337798593 0.47050911398494943 0.5184970396351439 0.4169662026798024 0.47245119104834754 0.4354425766888787
0 0.5505563466336715 0.4601774776683134 0.5418108715436846 0.40736393648035385 0.5175361353689464 0.4152922686408548 0.5262816104589333 0.46810580982881433
0 0.5671441043234621 0.3836110283346737 0.4711856862013253 0.42662120145909926 0.4855863401402978 0.48999086267807906 0.5815446943512762 0.44698073443244485
0 0.6114347927233311 0.3794490589815028 0.5694605003476767 0.3962916654698989 0.5801629351071662 0.4488988539751838 0.6221372274828206 0.43205624748678767
0 0.49432136575589003 0.426442045323989 0.534963142434964 0.410134079877068 0.5145100698421139 0.3095982271082261 0.4738682931630399 0.3259061476763557
0 0.5321894940281413 0.36845438340130976 0.5821811855775524 0.349732006297392 0.5757157410626637 0.3156808740952436 0.525723953646515 0.3344032511991613
0 0.5445847436395616 0.35958247465245863 0.5545617228403141 0.4016177457921645 0.5913867570966951 0.38437854542451744 0.5814098418071008 0.34234329672420727
0 0.5287309736481511 0.6091761420754825 0.5181300298081642 0.5521051294663373 0.4927804038162631 0.5613923914292279 0.50338134765625 0.6184634040383732
0 0.5364468719322644 0.6144023222081801 0.5651991599517343 0.6019777185776655 0.5561584153100458 0.5607126123764936 0.5274060953349967 0.5731372608857996
0 0.5291549283172448 0.6571667839499081 0.5256854152180137 0.6169673246495864 0.5023679723290249 0.6209366293514476 0.5058375173838351 0.6611360886517693
0 0.4679992036669666 0.5897172815659467 0.4862484597410831 0.6712655460133272 0.5117688243925883 0.6600011937758502 0.49351960027405106 0.5784529293284697
0 0.4920715971142834 0.6800276363597196 0.4732299165575916 0.5825379764332491 0.44027412774051045 0.595100627225988 0.4591158082972022 0.6925902871524586
0 0.4484976084444535 0.6250928542193245 0.41666524996932264 0.6378658967859605 0.4246814987422284 0.6772693409639247 0.4565138572173593 0.6644962535184973
0 0.4163972385266688 0.6344461328843061 0.42826883206192734 0.7044710944680607 0.4611304158315609 0.6934827019186581 0.4492588222963024 0.6234577403349035
0 0.4271781561886453 0.575565383013557 0.39073946488465316 0.5907795625574449 0.39722772568308246 0.6214298023897059 0.433666480898233 0.606215622845818
0 0.40231345611092934 0.6541031332576976 0.4422779342891034 0.637095058665556 0.435357666015625 0.6050226996926701 0.39539315588187174 0.6220307294060202
0 0.39494363674942734 0.6539097954245174 0.40488153427683243 0.7143897112678079 0.4293201386616492 0.7064693226533778 0.4193822411342441 0.6459893170525046
0 0.4013267317367474 0.7136176614200368 0.40840891892997383 0.758375639073989 0.44811228807059883 0.7459845599006204 0.44103016478853074 0.7012265822466682
0 0.44768328441999344 0.7419218175551471 0.4100767445189791 0.7570118623621324 0.42037727395901503 0.8076436659869026 0.4579838777711878 0.7925536211799172
0 0.49753814217931935 0.8267917408662684 0.4843240947623528 0.7768280029296875 0.44466670970017996 0.7975147920496324 0.4578807251615674 0.8474785299862132
0 0.42449107544584425 0.8090591430664062 0.4345955254519797 0.8563620174632353 0.4576841663939791 0.8466341804055607 0.4475796844322644 0.7993313957663143
0 0.46404271949648235 0.6954930024988512 0.4792283302826407 0.7686135684742647 0.5277418845611093 0.748741419175092 0.5125562418193718 0.6756208531996784
0 0.5286719516933901 0.7286994485294118 0.5027753420525196 0.742098684871898 0.5148138395778796 0.7879891788258272 0.54071044921875 0.7745898976045497
0 0.5086004606716296 0.7550602632410386 0.483714126666803 0.76671043844784 0.4942515747709424 0.8111072315889246 0.5191379407313481 0.7994569666245405
0 0.579630874713678 0.7655451157513786 0.5608813220917866 0.6832571141860064 0.541926742473822 0.6917755575741038 0.5606762950957134 0.7740635591394761
0 0.5615119334914922 0.771748441808364 0.544528693553665 0.7001940110150505 0.5255276505235602 0.7090890772202436 0.5425108904613875 0.780643508013557
0 0.5495298695189791 0.6520179299747243 0.5164024153304974 0.669912046544692 0.5258645581949444 0.7044626123764935 0.5589919804278468 0.6865685406853171
0 0.5446335717645615 0.7857837452607996 0.5574126078820354 0.8414195341222427 0.5953245152977749 0.8242441513959099 0.5825454791803011 0.7686082727768841
0 0.5369619319576243 0.9280817368451286 0.5283941618435046 0.8659129423253676 0.5039254233475131 0.8725640689625459 0.5124931615060536 0.934732863482307
0 0.5191858741001308 0.8221015481387868 0.529984878619928 0.8870996811810662 0.5601775963268979 0.8772055233226103 0.5493785918071008 0.8122074800379137
0 0.5004283325834424 0.8318415024701287 0.4669999207501636 0.8385482788085937 0.47729073569412633 0.9397162942325368 0.5107191475274051 0.9330095178940717
0 0.47014086658417864 0.8444070255055147 0.42987552662794504 0.8538318409639246 0.4409341063174902 0.9470165477079504 0.4811994143181446 0.9375917322495404
0 0.40889026581928994 0.9444365557502298 0.4417093806241819 0.9341939589556526 0.435801017721286 0.8968539967256434 0.40298190291639396 0.9070965935202205
0 0.39306650211673755 0.8286878698012408 0.40134644832910665 0.871879487879136 0.4346936929912467 0.8592705221737132 0.42641371482329843 0.8160789040958181
0 0.38821369590559557 0.809960309196921 0.4119407134530432 0.8011912626378677 0.4069963545075262 0.7748045079848346 0.38326933696007853 0.7835736443014706
0 0.2993680784215478 0.8140476002412684 0.41077784992637434 0.7699942196116728 0.39945784164348824 0.7135290706858916 0.2880480701386616 0.7575823615579044
0 0.34808004489119765 0.8354860193589154 0.3889890980346041 0.813941057990579 0.37860059488506215 0.7750350952148437 0.33769157369723496 0.7965800565831801
0 0.4053730110847513 0.9085233800551471 0.3921796389275196 0.8158787446863511 0.3445368741819372 0.8292607924517463 0.35773024633916883 0.9219054278205423
0 0.4106514016995255 0.9596192303825827 0.40390743235642995 0.9075269811293658 0.3587757370234784 0.9190512264476103 0.3655197702777323 0.9711434757008272
0 0.28992395850376307 0.8648399801815257 0.3463554342379745 0.8495005888097427 0.34027371231798104 0.8053705552045036 0.2838422365837696 0.820709856818704
0 0.18402302527302847 0.8263881907743567 0.23364622106102748 0.8103934792911305 0.22656242011105202 0.7670462215647978 0.176939224323053 0.7830410228056066
0 0.17769765803951243 0.7876536649816176 0.22571003699177847 0.7669061997357537 0.20614996305935046 0.6776275634765625 0.158137600084874 0.698374983843635
0 0.27014358280840967 0.7429801940917968 0.25798568326141197 0.6689899668974035 0.21324307906065937 0.6834907980526195 0.22540097860765707 0.7574810252470129
0 0.31059963366124016 0.5984577852136949 0.32141231516893 0.6781815023983226 0.36200401745541555 0.6673228993135341 0.3511913359477258 0.5875992270076976
0 0.39164431906495417 0.6449163549086627 0.3552361772946662 0.6635098625631893 0.3665935416496237 0.7073734059053309 0.40300168341991166 0.6887799431295956
0 0.3732269446887271 0.732713093477137 0.40592162446825913 0.7137474508846507 0.3982429544339005 0.6876387203440947 0.3655482107432101 0.7066043629365809
0 0.30274702940935866 0.7315127653234145 0.35374119943349147 0.7273000380572151 0.3516132454597513 0.6764945535098805 0.3006190115244601 0.68070728077608
0 0.3708506958646924 0.548580753102022 0.3618361228423593 0.5011051851160386 0.31310028555505565 0.5193572100471048 0.32211485857738875 0.5668328229118796
0 0.26349218877822317 0.27760669483857997 0.3310152862708606 0.244622241749483 0.3160055589925556 0.18401757408590877 0.2484824455221286 0.2170020159553079
0 0.2939918398232984 0.21091638452866499 0.27389091771310536 0.017763632886550005 0.2143693534491574 0.029981043759514305 0.23447029153714005 0.2231338052188649
0 0.23887172519224475 0.15747507880715764 0.25171390553419504 0.21458803064682905 0.29696779900196335 0.19451798831715303 0.28412565061559225 0.13740502525778378
0 0.2735254737095059 0.0 0.2735254737095059 0.051953685984892 0.331257285872055 0.051953685984892 0.331257285872055 0.0
0 0.22871822337205497 0.16470522039076863 0.19139530521412795 0.1778094123391544 0.202572376191304 0.24059836443732766 0.2398953103270206 0.22749418370863972
0 0.20812870045607001 0.2745582804960363 0.24780843844588515 0.25664612265194164 0.239999645293071 0.22252722347483916 0.20031990730325588 0.24043938131893383
0 0.18627742747361747 0.3308672736672794 0.22619526648396596 0.31387908037971046 0.2142875311886453 0.25869194479549634 0.1743697401116656 0.27568013808306524
0 0.27141608592727423 0.35167050081140855 0.2610429374335324 0.29235734378590306 0.22653463473494764 0.3042607251335593 0.23690778322868947 0.36357390459846045
0 0.25416924441672123 0.4017389185288373 0.223303813834465 0.41174222160788143 0.22756424349640053 0.4376704496495864 0.25842967407865675 0.42766710169175093
0 0.22712025267915575 0.4277058769674862 0.278890144388089 0.41385704489315256 0.27062361951897906 0.3529068217558019 0.2188537278100458 0.36675560895134424
0 0.19567618644674412 0.4373938616584329 0.20718920642792865 0.5344081205480239 0.2971726662201407 0.5133458305807674 0.2856596462389562 0.41633157169117646
0 0.21976303979364364 0.3812121671788833 0.17797790846899542 0.3908149270450368 0.18296887462675884 0.43364966897403495 0.22475398997361748 0.42404690910788145
0 0.177941303353035 0.4012362311868107 0.24514030736154285 0.35719451904296873 0.22825767956479057 0.3063871271470014 0.16105869153407232 0.3504288168514476
0 0.135641735136821 0.30070163502412683 0.1481409841807101 0.35336377760943244 0.18883349034174574 0.3343140994801241 0.1763342412978567 0.2816519344554228
0 0.20685148388927518 0.2622631746179917 0.1913816122484457 0.1826008628396427 0.1591311309974231 0.19495349210851332 0.17460100263825262 0.2746158151065602
0 0.1652588369958688 0.1939693899715648 0.15358762091991165 0.10791559780345243 0.11510797470651996 0.11820918812471277 0.1267791907824771 0.20426299151252297
0 0.19449811206438156 0.16711947497199564 0.18841119736276996 0.09659410364487592 0.1541464760665494 0.10242705625646255 0.16023339076816098 0.17295241636388442
0 0.21885249752024705 0.0969416337854722 0.18127428624018324 0.106994067921358 0.1888147483945517 0.1625908234540154 0.22639294369682592 0.15253837809843176
0 0.18400784637291395 0.11067964890423942 0.2226415664113629 0.09220892962287454 0.21654041549922284 0.06703874924603631 0.1779066155718259 0.08550946291755228
0 0.15918286708012924 0.0 0.15918286708012924 0.05588957281673656 0.18216348218668194 0.05588957281673656 0.18216348218668194 0.0
0 0.21795536061232001 0.06888802472282858 0.20017634686375163 -0.016006768451017492 0.15678198050454026 0.0019178039887372184 0.17456097827531905 0.0868125971625833
0 0.204051631907518 0.00045124796383521135 0.21401220191835732 0.04801278394811294 0.24038260095406577 0.03712016273947323 0.2304221108321744 -0.010441376882440904
0 0.23372976892281577 0.0 0.23372976892281577 0.02755119660321404 0.2673599482830906 0.02755119660321404 0.2673599482830906 0.0
0 0.0990969672877127 0.1183914296767291 0.0715201732375859 0.13130113938275506 0.0867659004570926 0.19553478465360755 0.11434262260716622 0.18262507494758157
0 0.12792400739579926 0.17881028792437384 0.08847327107534358 0.1898913439582376 0.09489750088197399 0.23500262989717371 0.13434823720242964 0.2239216075224035
0 0.09301209774316918 0.2331555310417624 0.11009622144449444 0.36511791453642006 0.14773065856614037 0.35550804138183595 0.1306465428537099 0.22354570276596966
0 0.1398093178634244 0.29365321888643153 0.17433198459485438 0.28189950830796184 0.16446557169809392 0.22474143084357767 0.12994290496666394 0.236495163861443
0 0.13501855340927682 0.23815810259650735 0.163950431783786 0.23503256405101103 0.16203485458933245 0.20005874633789061 0.1331029842037181 0.20318428488338694
0 0.06561402325854876 0.31751204097972197 0.07795884696600949 0.38493441413430607 0.11537652939401996 0.3714216120102826 0.10303170568655923 0.30399921641630284
0 0.07666555674288285 0.3847429163315717 0.06222945208324812 0.259296215281767 0.025537852342216134 0.26762432771570543 0.039973953007403466 0.3930710287655101
0 0.06618417470242964 0.26099642585305605 0.05920032680970836 0.1923388312844669 0.027969114693047487 0.1986047856947955 0.03495296058854507 0.267262357823989
0 0.06357180210932387 0.26145623150993796 0.06891738332378927 0.31776172413545495 0.09939015173787222 0.312055565329159 0.09404456652895943 0.2557500502642463
0 0.09460507537682018 0.24079369937672335 0.08980289479200752 0.19021155413459329 0.06083538195225581 0.1956358516917509 0.06563763044267425 0.24621799693388097
0 0.0 0.3085734199075138 0.0 0.41720383588005516 0.021859619380291843 0.41720383588005516 0.021859619380291843 0.3085734199075138
0 0.0 0.16058412439682904 0.0 0.24166336059570312 0.021859619380291843 0.24166336059570312 0.021859619380291843 0.16058412439682904
0 0.05689106087410013 0.07123952192418716 0.07101570648672693 0.13075011758243335 0.11439865671527323 0.11044094983269187 0.10027401110264643 0.050930354174445656
0 0.1434326012097104 0.09547857396742877 0.1218475581463719 0.011031481798957375 0.09308756883231757 0.025530761830946977 0.11467268379570926 0.10997784558464499
0 0.17591071802908215 0.08328657150268555 0.15728117458483312 0.0023040028179393095 0.12420595179053501 0.017311316377976362 0.1428355591459424 0.09829388786764706
0 0.08677137285002863 0.06369222192203297 0.07642663286618537 0.024258492974674 0.04736114022619437 0.039297415228450996 0.05770581230443186 0.0787311497856589
0 0.06204766078769224 0.09060408087337718 0.04966055585451775 0.03841423988342285 0.025614961154797937 0.049670870163861444 0.038002133993578206 0.10186070834889131
0 0.06150597377597349 0.18804871054256664 0.05695476032676497 0.14543721816119026 0.03823483452122873 0.14938080731560202 0.042785976070384084 0.1919922996969784
0 0.013334799561825098 0.11238224927116842 0.011791227250823176 0.15140200222239775 0.03659478631943308 0.1533372542437385 0.038138360627658706 0.11431747885311351
0 0.11762510769030186 0.3710009406594669 0.07386564084996727 0.3837160447064568 0.08227892970539512 0.44082547356100643 0.1260384045346245 0.4281103246352252
0 0.11518337389561518 0.3727283477783203 0.12454374622924165 0.4121658773983226 0.16540442661465152 0.393037504308364 0.15604406226991982 0.353599952248966
0 0.12581138411117473 0.44657157449161305 0.16386092420647905 0.435884183995864 0.1584067619283786 0.39758498247931984 0.12035722183307428 0.4082724178538603
0 0.12830969525881464 0.44211977790383733 0.14251953444555793 0.5276475345387178 0.1941342498619519 0.5107335707720588 0.1799244186641034 0.4252058590159697
0 0.17950095930648724 0.5629994560690487 0.18826949034685864 0.622813191133387 0.22940434161281087 0.6109193240894991 0.22063587448359784 0.5511056339039522
0 0.2607179971265543 0.6044443018296186 0.2453549370091623 0.5282090130974265 0.21479643976501145 0.540355323342716 0.23015949988240347 0.6165905671961167
0 0.2979306206029123 0.5203721887925092 0.2459800360714578 0.530100160486558 0.25044448612872217 0.5771245619829963 0.3023951026157559 0.5673965454101563
0 0.2624533608321744 0.6194841272690716 0.2854253798879254 0.615451363956227 0.28167433813604387 0.573307082232307 0.25870233505808243 0.5773398904239431
0 0.20680837581294995 0.6177402271943934 0.21077500587982656 0.6623065275304457 0.26161698745807427 0.6533811681410846 0.25765029348003926 0.6088148678050321
0 0.17907114078861255 0.6204952015596278 0.18316421908233801 0.6473206912769991 0.20670533504785668 0.6402360803940716 0.2026122727319208 0.6134106355554917
0 0.14714922680280595 0.5406655704273897 0.09832880309739038 0.5555708492503447 0.10546666489845795 0.6016831790699678 0.15428708061497873 0.5867779900045956
0 0.10769410457910668 0.6014064115636489 0.09796378250521515 0.5477962718290441 0.07050296324085815 0.5576268364401424 0.08023328531474967 0.6112370210535386
0 0.056498734239508346 0.6199806213378907 0.07837887908775769 0.6146365446202895 0.07735044469383999 0.6063314550063189 0.05547023193998486 0.6116755766027114
0 0.04451113795734825 0.5629336188821231 0.05252136709802438 0.6015040229348575 0.07742386263702553 0.5913034775677849 0.06941356559074362 0.5527330735150505
0 0.005589909578493128 0.5564065372242647 0.017996719120684717 0.6609521304859834 0.05671685902860152 0.6518889932071461 0.04431004948640993 0.547343355066636
0 0.048483512039584016 0.6521762174718521 0.11283360026893816 0.6341014188878676 0.10830640543193717 0.6023115719065947 0.043956385108188806 0.6203863256117876
0 0.1446944151873364 0.5301860584932215 0.09435485520287958 0.5503852844238282 0.11812868767383836 0.6672439126407399 0.1684681837471368 0.6470446867101333
0 0.14462039008814628 0.7923457426183363 0.12002168026270042 0.6714323604808135 0.07419789099568472 0.6898196052102482 0.09879660082113056 0.8107330322265625
0 0.0 0.5400034736184512 0.0 0.6628031113568474 0.02073861167068881 0.6628031113568474 0.02073861167068881 0.5400034736184512
0 0.28507284593831805 0.6261278489056755 0.2939672979384817 0.6917081496294807 0.3231747612279123 0.6838949764476103 0.3142803092277487 0.6183146757238052
0 0.2576158134100949 0.6715225668514476 0.26748927251206644 0.7408547345329733 0.3056466467093423 0.7301370059742647 0.2957731077184228 0.6608048831715303
0 0.2939247331070026 0.5849196490119485 0.26056119109947645 0.646572561825023 0.28392490566713025 0.6715099559110753 0.3172885115858148 0.6098570879767923
0 0.06949238402681202 0.25849512885598575 0.05311710697194044 0.10709393445183249 0.007450338932856215 0.11683594198787914 0.023825620481481104 0.26823714761173023
0 0.062229999322541724 0.6944735358743107 0.12029693763293521 0.6716395658605239 0.112903934498732 0.6345581503475414 0.054837000182785915 0.6573921203613281
0 0.0621748519817572 0.5389474756577436 0.10049138094118128 0.5274163190056296 0.09254314162968341 0.47532442878274356 0.054226616664706725 0.4868555854348575
0 0.14141227362667702 0.5155956941492418 0.13588402233822808 0.46318870993221506 0.09554134189146352 0.4715824800379136 0.10106960116880727 0.5239894193761488
0 0.12270494231378845 0.42612457275390625 0.08890261025953043 0.4392204284667969 0.09579463778990101 0.4743076548856847 0.12959696185526423 0.4612117991727941
0 0.021074900202726194 0.46742571662454047 0.04708225589772169 0.4856882431927849 0.06557885614365183 0.4337345796472886 0.03957150044865633 0.4154720530790441
0 0.031537464401484784 0.4175957174862132 -0.0008811228562399979 0.4236662471995634 0.003676317125090754 0.4716703078326057 0.03609490519418766 0.4655997781192555
0 0.0 0.2715760848101448 0.0 0.3101477679084329 0.022420122236481512 0.3101477679084329 0.022420122236481512 0.2715760848101448
0 0.003363018135749857 0.47702928430893843 0.003363018135749857 0.5392162996179918 0.027464649939412222 0.5392162996179918 0.027464649939412222 0.47702928430893843
0 0.8979961295402487 0.38741993623621324 0.9156868020901505 0.4594705020680147 0.952704528489038 0.4415435791015625 0.9350137920279777 0.3694930581485524
0 0.8489379243700916 0.5622018701889936 0.818894950507199 0.5832982231588925 0.83548583984375 0.6298991035012638 0.8655287497954843 0.6088027505313649
0 0.8442028744682591 0.7729407815372242 0.8683557959751309 0.8335130579331342 0.90694580078125 0.8031631469726562 0.8827930070966951 0.742590825697955
0 0.929012214700589 0.820783458036535 0.9547523059145943 0.7966837265912224 0.9324183598862893 0.7496347763959099 0.9066783325834424 0.7737345078412224
0 0.49522599624713676 0.9380728328929228 0.5003352140256871 0.9739500157973345 0.5449598382280759 0.9614157284007353 0.5398506524051047 0.9255386352539062
0 0.48416425295525195 0.7786998973173254 0.47373225826243454 0.7380030463723576 0.4510461937070517 0.7494728537166819 0.4614781883998691 0.7901696597828585
0 0.47383374918193716 0.7385464836569393 0.4622339378476767 0.6923888262580423 0.4390722144960733 0.7038695391486672 0.45067205778591296 0.750027151668773
1 0.24880868003006382 0.2888689602122587 0.2838750869191754 0.28535127078785616 0.2813849803664921 0.23639048408059513 0.2463185095662222 0.2399081735049977
1 0.20616419926987892 0.5335200141457951 0.20496656807305302 0.5493308123420266 0.2140475128333606 0.5506875430836397 0.21524514403018652 0.5348767448874081
1 0.060906742755031086 0.17282870797549976 0.06953685820414758 0.19187489677877986 0.07847986670688809 0.1838824328254251 0.06984967935771842 0.1648362215827493
1 0.03215010478234416 0.08771242814905503 0.03185254241783581 0.013326804778155158 0.0010872061964104936 0.013569551355698529 0.0013847681864393943 0.08795517192167394
1 0.04377171781050597 0.10116914861342487 0.05551504963979671 0.12057202283073874 0.06530490096326898 0.10888538360595704 0.053561565139530844 0.08948252621818992
1 0.022231348646872956 0.3263218823601218 0.023518685146152036 0.3624786601347082 0.03612241095897415 0.36159356061150044 0.03483507246247137 0.32543680527630975
1 0.04175398661828166 0.5230865478515625 0.051179428500030676 0.5522082609288833 0.06909992956990346 0.5407683428596047 0.05967455159931283 0.511646629782284
1 0.043810372077981836 0.5229960722081801 0.03130414872893488 0.506895850686466 0.0212122213153939 0.5223575816434972 0.03371844466444086 0.5384578031652114
1 0.014711562750851297 0.6875079435460708 0.05332243754601603 0.696319580078125 0.057079558846838185 0.6638481588924632 0.018468752955891076 0.655036522360409
1 0.036015671335589826 0.8125927195829503 0.03992831644587492 0.7420754376579733 0.003260045026609411 0.7380626005284926 -0.0006525973999063382 0.808579927332261
1 0.08589825854875655 0.7235974031336168 0.05129663357559923 0.7284568786621094 0.055141061513211714 0.782447545668658 0.08974261059186846 0.7775879803825827
1 0.10121192332961797 0.7693246280445772 0.07349753654440036 0.7746669096105239 0.07691302873701325 0.8096142039579504 0.10462735161107248 0.8042719223920036
1 0.0574565547923143 0.9052414838005515 0.23546738549676866 0.8639529059914982 0.2306662354793848 0.8231257719152114 0.05265546868608884 0.8644144394818474
1 0.1258045376283336 0.8162682028377757 0.14808145093668193 0.8156296673943014 0.14777793684554974 0.7947402954101562 0.12550095163714822 0.7953788308536305
1 0.14014526686743292 0.8117373298196232 0.13210013823983557 0.8333076028262868 0.149249267578125 0.8459231208352481 0.15729438821682756 0.8243528478285845
1 0.13305043325374263 0.7219968010397518 0.16897730003476766 0.6971240772920496 0.1527560249049002 0.6509104560403263 0.11682916611276996 0.6757831349092371
1 0.20179203692531086 0.6814495759851792 0.20308150845672449 0.6461341409122243 0.1843674584833115 0.6447863859288833 0.18307793901852912 0.6801018210018382
1 0.2279635444361502 0.6599447362563189 0.2284426224793439 0.6757555793313419 0.23847967816897087 0.6751557294060202 0.23800060012577717 0.6593448863309972
1 0.16564527581499508 0.7709230310776655 0.15572589654572971 0.7082337772144991 0.12927319591582134 0.716489455279182 0.1391925751850867 0.779178664263557
1 0.019748631821877045 0.8992960312787224 0.08398596479006462 0.9844998527975644 0.10634553120398396 0.9512505026424632 0.04210827013584956 0.8660467708812041
1 0.004414919408828176 0.9346426571116728 0.027747842279404245 0.9597655352424173 0.04064378988056283 0.9361421472886029 0.01731086850790453 0.9110192691578585
1 0.09990070602656659 0.983513147690717 0.18384841998834262 0.969716599408318 0.18062141777957297 0.9309883566463695 0.09667370381779695 0.9447849049287684
1 0.135044693073053 0.9836307301240809 0.10941481665166884 0.9843034632065717 0.10961187073073463 0.9991093355066636 0.13524174715211879 0.9984366024241728
1 0.04090283378880685 0.9957125495461857 0.05428019019321621 0.9836349487304688 0.0457114454339312 0.9649155560661765 0.03233408703229814 0.9769932466394761
1 0.08469336544656005 0.9669684017405791 0.055300891336970304 0.9705713608685662 0.05720586327358066 1.0012222290039063 0.086598333388723 0.9976192698759191
1 0.03835942533003722 0.9889945535098805 0.013661372599177336 0.9909457038430607 0.014012576397800946 0.9997148401596967 0.03871062912866083 0.9977637795840992
1 0.11617082525922366 0.8932760799632353 0.10214695955446253 0.9112951839671416 0.1149899467747873 0.9310098984662224 0.1290138843796016 0.9129908842198989
1 0.34718257244968914 0.8659770292394301 0.33779258528304973 0.8501523186178769 0.32709580666107657 0.8626713472254136 0.3364857299165576 0.8784960578469669
1 0.34253111834301375 0.8818723790785845 0.32300459776873364 0.9083162195542279 0.33864570338064465 0.9310965145335478 0.35817225591050394 0.9046526740579044
1 0.3493141693594568 0.9656168320599724 0.3683105149194208 0.9403933356789982 0.35101912733147905 0.9147081262925092 0.33202278177151506 0.9399316226734834
1 0.32752618440158704 0.858686918370864 0.2859249095017997 0.865862049775965 0.2875383466950262 0.8843127082375919 0.32913962159481347 0.8771375768324908
1 0.2617031876329352 0.886012357823989 0.28518507393242803 0.8996947344611673 0.29260496768651834 0.8745784086339614 0.2691231452981839 0.8608960319967831
1 0.30484775722963026 0.8857205559225644 0.25656971556978075 0.8931363274069394 0.25979371395410666 0.9345334221335019 0.30807175561395617 0.9271175608915441
1 0.3094979011575589 0.9388545316808364 0.26237829717666067 0.9302906709558824 0.2583479796404614 0.9740290024701287 0.3054675995991492 0.9825929529526655
1 0.3324624585855694 0.9807117237764247 0.3204788927008344 0.914877139820772 0.3011144508241983 0.9218294031479779 0.3130980167089332 0.9876638973460478
1 0.34885621395410665 0.9717904483570772 0.346882126094159 0.9523839613970588 0.33293882040453204 0.9551814359777114 0.33491287630890054 0.9745879229377298
1 0.32815318482084427 0.5830248215619256 0.3385493892649705 0.5956523670869716 0.3467523544870746 0.5823320276596967 0.3363562139541067 0.5697045270134421
1 0.25316333071723657 0.6390147040872013 0.26799476184145943 0.6481504103716682 0.27539602549288283 0.6244509977452896 0.260564674257608 0.6153152914608226
1 0.397156784297284 0.5957908630371094 0.3790566649112402 0.5987814510569853 0.3810443658479221 0.6225092270795036 0.39914445327838677 0.6195186390596278
1 0.29195483142792866 0.45897688024184286 0.2950307476582952 0.4961288900936351 0.3044621492555628 0.49458873973173256 0.30138623302519635 0.4574367298799403
1 0.43122312535790247 0.4582927479463465 0.4156252556446335 0.4897825802073759 0.4436528230836878 0.5171649259679457 0.459250724752536 0.48567509370691636
1 0.47715575532763416 0.49356343886431525 0.4782338087471368 0.44662987204159005 0.4578519012291394 0.44570649090935205 0.45677384780963676 0.49264001285328585
1 0.4775257370234784 0.5119957867790671 0.5012853492616983 0.5336233251235064 0.5137794374795485 0.5065509571748621 0.4900198571969077 0.4849234188304228
1 0.5322690314647415 0.4846028047449448 0.5497344491369437 0.5010962093577666 0.5580119028141362 0.4838077320772059 0.5405465170975131 0.4673143723431756
1 0.38063514270083443 0.29008005927590763 0.39458969675433575 0.24050860685460707 0.3593578398539758 0.22094674951889937 0.34540328580047447 0.2705182243795956
1 0.40183175771024215 0.2525768280029297 0.4153662237197317 0.2770157084745519 0.43580309483393326 0.2546921898336971 0.4222686288244437 0.23025330936207491
1 0.4291443190649542 0.2938599754782284 0.41183420550760796 0.30312111798454733 0.41879560061150195 0.3287846284754136 0.43610565025768977 0.3195234859690947
1 0.3917987284235929 0.26975203121409697 0.4070371617821499 0.26294268439797797 0.39863885210446665 0.22587365543141086 0.38340051461264724 0.23268300224752986
1 0.44472838396801373 0.20046516867244946 0.4751403169482166 0.22044282801011028 0.49083015481839004 0.17333356071920955 0.46041822183818715 0.15335590138154873
1 0.42193482084424083 0.09256060544182272 0.43776401699525525 0.11237491158878102 0.4501026413203534 0.09293312745935776 0.4342734771249182 0.07311882692224839
1 0.4027193878333606 0.026479844486012177 0.41613370086510143 0.04085716079263126 0.4256722175638089 0.02330367985893698 0.41225793648764725 0.00892636214985567
1 0.27589264714905104 0.08967098348280962 0.2823201603914431 0.10600526473101447 0.2904456013784359 0.09969891940846162 0.28401808813604384 0.08336463255040785
1 0.2931862077163776 0.0757405673756319 0.3001613437193226 0.061046600341796875 0.29171069080292866 0.05313445259543026 0.28473555479998364 0.06782841962926528
1 0.5038196823359784 0.2412230323342716 0.4927931860479385 0.19658759622012867 0.4528338846735929 0.21605751935173484 0.46386038096163285 0.26069297790527346
1 0.5208841533561027 0.25160995932186353 0.4944372047304483 0.23896571888643153 0.48633624171711387 0.2723859001608456 0.5127832222983475 0.2850301181568819
1 0.46198247939504256 0.2826464709113626 0.48671756764357005 0.3056089962230009 0.5006904641995256 0.2759218328139361 0.4759554079065772 0.2529592850629021
1 0.5163239963391688 0.6552439072552849 0.4937449829740674 0.6760820276596967 0.5063806983188809 0.7030863593606388 0.528959647772824 0.682248238956227
1 0.5311298789778305 0.6639902002671185 0.553393043398233 0.6519098169663373 0.5448770093668194 0.6209545359892004 0.5226138449464169 0.6330348295323989
1 0.6089269827797775 0.6546390309053309 0.6238819381953534 0.647419334860409 0.6180071606061845 0.6234171250287224 0.6030521412794503 0.6306368210736443
1 0.6741843018856348 0.45497059541590074 0.6618041353075916 0.37548785490148207 0.6226481332828862 0.387517188577091 0.6350282998609293 0.46699995153090534
1 0.6517052136166558 0.3329877292408663 0.6912385471204189 0.3431440465590533 0.6957359114242474 0.3086158976835363 0.6562025779204843 0.29845958036534925
1 0.6744798909931282 0.39840379602768844 0.7246770569167212 0.35781411563648896 0.7088817336796466 0.31928580789005057 0.6586845677560537 0.35987551072064566
1 0.7182917569944371 0.3471836090087891 0.7163422749304647 0.376205758487477 0.73626708984375 0.37884561875287226 0.7382165719077225 0.34982349171357996
1 0.7362546271678665 0.3948857026941636 0.7740185802519634 0.3981196683995864 0.7750911373118455 0.3734168108771829 0.7373271203165903 0.37018286761115576
1 0.7103646642874673 0.11248382119571461 0.7257143350171793 0.1327211716595818 0.7389592834792212 0.11290669160730699 0.7236096127495092 0.09266933553359087
1 0.7365491936968259 0.15900914809283087 0.7548365408213351 0.18670655418844784 0.7733416332624345 0.16260792227352366 0.7550541583156086 0.13491050495820886
1 0.7558496605039267 0.3700136521283318 0.7736932724558246 0.31746864318847656 0.7309886672733966 0.2888652577119715 0.7131449914103403 0.3414102666518267
1 0.7531340114733311 0.3275907179888557 0.7887883211305629 0.3458714429069968 0.800771918970877 0.29977183622472425 0.7651177371359621 0.28149113374597884
1 0.8205144592604712 0.3138536116656135 0.8106201810986584 0.2736556333654067 0.7865212006094568 0.2853551528033088 0.7964154148601112 0.32555310866411996
1 0.8043642373609293 0.25086393917308136 0.7818552386698299 0.24727166119743796 0.7794944883017015 0.27644691467285154 0.802003486992801 0.280039192648495
1 0.7706248977421466 0.25177993774414065 0.7952328027855039 0.2429562288172105 0.7894014847840314 0.21088036929859835 0.7647935797406741 0.2197040557861328
1 0.782309966561682 0.18248282039866728 0.7559820205129254 0.19212857414694393 0.7617715406168194 0.22329664791331572 0.7880994227544176 0.21365089416503907
1 0.7493620388170812 0.24764924890854778 0.7394895543602749 0.22033931507783777 0.7238439110561191 0.23149479136747472 0.7337163955129254 0.25880472519818476
1 0.7203053419502617 0.49300783942727483 0.6654065516606675 0.5473040412454044 0.6993016427724149 0.6148998484892003 0.7542004330620091 0.5606036466710708
1 0.6619594394224476 0.6476842094870174 0.6948545126390707 0.6647946526022518 0.7079448600089987 0.615157273236443 0.6750498507035341 0.5980467852424173
1 0.7709379985070354 0.6370022942038144 0.7837508436272905 0.5425310022690717 0.7509839761943717 0.53376563577091 0.7381711310741165 0.6282369725844439
1 0.7817229425719895 0.5481954686781939 0.809700179973822 0.5942874684053309 0.8289614053296793 0.5712278478285846 0.8009842318390052 0.5251358481014476
1 0.7083224471326898 0.7134529562557445 0.6802132331888089 0.706142380658318 0.6772269843136453 0.7287890714757582 0.7053362621686845 0.7360996470731848
1 0.74658439596286 0.7561570111443014 0.703709914921466 0.7871757058536305 0.7222785350539922 0.8377979951746324 0.7651528882730694 0.8067792107077206
1 0.7632267337819044 0.7882410386029411 0.7759782881012762 0.8154126335592831 0.7910801113588024 0.8014339671415441 0.7783285570394306 0.7742623721852022
1 0.8560628681282723 0.8286600449505974 0.8552919717359293 0.7940147848690258 0.8323218540371401 0.7950230317957261 0.8330928143406413 0.8296681123621323
1 0.8355339010348495 0.6871858484604779 0.8426426752699607 0.727120657528148 0.8656740198584751 0.7190343071432674 0.8585652456233639 0.6790994980755974
1 0.8892921967032068 0.7157329783720129 0.8487797442531086 0.7192889942842371 0.8503064540044175 0.7535939833697151 0.8908188425433573 0.7500379674574909
1 0.8606807688767998 0.9700776941636029 0.8963975197357658 0.9839381498448989 0.9053772931323626 0.9382975858800552 0.869660606184555 0.9244371301987592
1 0.8954999514275196 0.9418057610006894 0.921422508998691 0.9536590576171875 0.9299954239610602 0.9166797413545497 0.9040728663898887 0.9048265344956342
1 0.8545496436313809 0.9729664522058824 0.8202910258507854 0.9763076782226563 0.8215040596367801 1.0008393231560202 0.8557626774173757 0.9974980971392463
1 0.76370613138089 0.9656564151539522 0.716966750858966 0.9675318100873161 0.7176067571989528 0.9989931891946232 0.7643462016320354 0.9971177942612592
1 0.8857572705333769 0.7511329650878906 0.9007786296425065 0.7899942734662224 0.9136727697562173 0.7801638434914981 0.8986514106470876 0.7413025351131663
1 0.9991111875204516 0.7894604851217831 0.9993950169748037 0.7500028273638557 0.9881805260143979 0.7498437769272748 0.9878967604712042 0.7893013449276195
1 0.9870868143610929 0.7936185051413144 0.9870868143610929 0.8170417336856618 0.998023483516034 0.8170417336856618 0.998023483516034 0.7936185051413144
1 0.976818336366983 0.8301596248851103 0.9928813834464987 0.8068224738625919 0.9754870030268324 0.7832079719094669 0.9594239559473168 0.8065450331744026
1 0.9611918664103403 0.8040904325597427 0.9208991405227421 0.8306520349839155 0.9293253154654777 0.8558634140912225 0.9696181052642343 0.8293019014246323
1 0.9433193027036977 0.530098051183364 0.9601224409972186 0.5592490252326516 0.9808477431691754 0.5356863582835478 0.9640446687868128 0.5065353393554688
1 0.9634209597922121 0.544634381462546 0.9631352130031087 0.6128600176642923 0.9974766596449607 0.6131437413832721 0.9977624703452225 0.5449181051815257
1 0.886728081029123 0.26274858362534464 0.9019049998977422 0.23391108793370863 0.8790189253722186 0.21015434265136718 0.8638420065035994 0.23899183834300322
1 0.9400113889684227 0.3202418832217946 0.9187453344854385 0.26818930682014014 0.9006818681487239 0.2827450022977941 0.9219478587205497 0.33479757869944854
1 0.9527022915984947 0.32211976892807903 0.9789317505521924 0.3088175380931181 0.9706818425842605 0.27673236622529873 0.9444524475417212 0.29003459706025964
1 0.9323473545893325 0.08255351010490866 0.9357921660258508 0.12972379572251264 0.9584756421793194 0.12645640653722426 0.955030830742801 0.07928613213931814
1 0.9336518452429646 0.1690662384033203 0.9219544415698626 0.11978210000430836 0.9001435444617146 0.12999258602366728 0.9118409481348168 0.17927671320298139
1 0.9227324321007854 0.05067392237046186 0.9381368746932265 0.038775065365959614 0.9251195138661649 0.005535346620223101 0.9097150073625655 0.017434204325956458
1 0.6457841004376637 0.0887395185582778 0.6427140640338678 0.03700062807868509 0.6096049523478403 0.040875600366031425 0.6126749887516362 0.09261448804069967
1 0.6649019091541231 0.05608791463515338 0.6486038607452552 0.026416848687564626 0.6327221935332134 0.04362312765682445 0.6490202419420812 0.07329419640933767
1 0.6489321723658377 0.03464205124798943 0.6694525753640379 0.06253154979032628 0.6885188716868456 0.034862156475291534 0.667998404777487 0.006972658634185791
1 0.6778512685086715 0.03764189551858341 0.7160304523887434 0.03764189551858341 0.7160304523887434 0.0005647139952463262 0.6778512685086715 0.0005647139952463262
1 0.25427810109722676 0.8183317296645221 0.27939830200834426 0.8348912856158088 0.29272176532845223 0.7950274299172794 0.26760154843954514 0.7784677842084099
1 0.26156881442244767 0.7825991462258731 0.279258048971286 0.7693495806525735 0.26855759545770613 0.7411723866182215 0.2508684248200262 0.7544219073127297