0 0.6931053226829594 0.6995552231952725 0.7123551700578068 0.8517502324950756 0.7455363104777167 0.8435805156649276 0.7262864631028694 0.6913854543760647
0 0.9369691655458257 0.851725693658832 0.9147405193547772 0.749379042669293 0.8596894912812881 0.7726544407807177 0.881918211996337 0.8750011437593165
0 0.9035601307329822 0.7024616715855249 0.9409816122462606 0.8621675923492068 0.9794623778998779 0.8446152019338267 0.9420410454346001 0.6849093331592047
0 0.8838127611320971 0.7706208367160882 0.9428566360939408 0.7088359982232219 0.9005629244887058 0.6301568988234668 0.8415191240508624 0.691941737316333
0 0.9130541157518697 0.6364166935623403 0.9248004396319826 0.734749217252715 0.9652403667296245 0.7253454361091887 0.9534941173735119 0.6270128084406942
0 0.9160735301482372 0.915107168168388 0.9160735301482372 0.9754439033885222 0.9629222977001297 0.9754439033885222 0.9629222977001297 0.915107168168388
0 0.8758389911954365 0.9117732137390865 0.874661362942613 0.988999218916365 0.8999068897140187 0.9897486932029919 0.9010845179668422 0.9125226880257133
0 0.8526474949204441 0.915107168168388 0.8526474949204441 0.9704158334553343 0.8764322767618666 0.9704158334553343 0.8764322767618666 0.915107168168388
0 0.818051516354739 0.9090735258398105 0.818051516354739 0.9875112920237968 0.8497644594446352 0.9875112920237968 0.8497644594446352 0.9090735258398105
0 0.7892214596926511 0.9181239893326767 0.7892214596926511 0.9764495797620315 0.818051516354739 0.9764495797620315 0.818051516354739 0.9181239893326767
0 0.7546254811269459 0.915107168168388 0.7546254811269459 0.9523148024914821 0.7863384987408425 0.9523148024914821 0.7863384987408425 0.915107168168388
0 0.8520687415340735 0.6950094037811435 0.8153381720276252 0.7146040284450862 0.8302449097126832 0.7689997138522147 0.8669754792191315 0.749405089188272
0 0.6645317031059218 0.903039883511233 0.6645317031059218 0.9583485487981793 0.7229124635130495 0.9583485487981793 0.7229124635130495 0.903039883511233
0 0.59129149049193 0.975416349186808 0.6658509269593254 0.982260293002023 0.6694422385340354 0.9060972561421955 0.5948828393286401 0.8992533123269804
0 0.5431427635407128 0.9009404612968483 0.5385915455800709 0.96761601462681 0.5855294065743285 0.9738530381574745 0.5900806245349702 0.9071775888056325
0 0.4625546335446238 0.9502177717738501 0.4559800144516941 0.8676594566852108 0.42947924268114696 0.8717677881608017 0.4360538617740766 0.9543260512603812
0 0.4376421172685821 0.9483729919745528 0.4295205662393162 0.8534724220912745 0.3964927216880342 0.8589746842392462 0.40461427271730005 0.9538753061115843
0 0.4454236152844551 0.9221464868704748 0.4454236152844551 0.947286836536414 0.4562348865327381 0.947286836536414 0.4562348865327381 0.9221464868704748
0 0.4284567733969589 0.8414529153801107 0.4370473412221459 0.9133677182043228 0.4949021484971192 0.8999143012337628 0.48631158067193225 0.827999394431431
0 0.46055936522245117 0.8829276037784817 0.46055936522245117 0.9482924089318037 0.5002006558708219 0.9482924089318037 0.5002006558708219 0.8829276037784817
0 0.42863175574967566 0.8220066155038863 0.4731414385039873 0.8148410673645123 0.46951141171111876 0.7709464441978545 0.42500169169480695 0.7781119923372285
0 0.3903352506868132 0.828246446443782 0.4174181294237447 0.821376092186169 0.4123210231608669 0.7822617590935105 0.38523806989993514 0.7891321653401832
0 0.39220092177245497 0.8571603180399542 0.428960928259024 0.8494669769651033 0.4215067396524916 0.7801314033885222 0.38474669590392246 0.7878246924743132
0 0.3762316208910447 0.6989005249647307 0.38571226611387743 0.7650388753393845 0.41953203995440325 0.7556016652303822 0.4100514319935707 0.6894632108776086
0 0.466967274126698 0.6610198402729717 0.4089088672828907 0.6792045736231633 0.4175035711900946 0.732621668956958 0.4755619780339019 0.7144368836177065
0 0.4209458347641941 0.7332847894151938 0.42496539850665827 0.761325868674803 0.44547906114068225 0.7556016652303822 0.4414594973982181 0.7275604819926533
0 0.41529333838904153 0.7107126993052598 0.42703746381114543 0.8381575368332091 0.4926632239559486 0.826385186112516 0.4809190985338446 0.6989402965955068
0 0.4496594476758051 0.6224895002894751 0.4175472049922733 0.628089969771481 0.4217608664935325 0.6751216647978333 0.45387303465306394 0.6695211953158273
0 0.40473045563377597 0.6307635071736585 0.41055491613963296 0.6795221228006548 0.4550855774000305 0.6691670458402098 0.4492611541561737 0.6204084302132133
0 0.4050134977869353 0.629003261585658 0.3695848253038194 0.6397491403089065 0.37723467667315325 0.6888462567045092 0.4126633118942689 0.6781003259922008
0 0.373708983480712 0.6048758147725458 0.37706766838846917 0.6376788839570912 0.4031012119391026 0.632489959872764 0.39974248976934523 0.5996868906882187
0 0.3791146191048535 0.6063842253546902 0.358933594346192 0.6204628107698041 0.36974486559447495 0.6506311783798712 0.3899258530911363 0.6365525929647572
0 0.4022074456034417 0.601074530684359 0.3897989759806166 0.5058551638861531 0.35472440428495117 0.514752831532155 0.3671328366457761 0.6099722503194208
0 0.402011223910638 0.5916621193568995 0.4538584279490041 0.57999457858084 0.45053614801539604 0.551255078291365 0.39868890671502977 0.5629226190674244
0 0.41080464606465583 0.6343893281848914 0.4611864846850198 0.6195905383238395 0.4510386260874542 0.5523372305718963 0.40065682472909037 0.5671360204329483
0 0.4500940716455853 0.510489052767648 0.4471002189813225 0.435300160916538 0.3928509946271177 0.439505166048898 0.3958448472913805 0.514694031905478
0 0.40065824068509615 0.5640736568522413 0.44894696097088677 0.5512405733436702 0.44269517984727946 0.5054466858430047 0.394406496823489 0.5182798213406357
0 0.3492860898866758 0.4470447754738075 0.35410242697840355 0.5159235731706505 0.3940490424560249 0.5104859854131175 0.3892327426262973 0.4416071877162745
0 0.3421208680913271 0.4592135427757666 0.30403943929334554 0.4629204667203471 0.3062133043822497 0.506394550381974 0.3442947704422314 0.5026876264373935
0 0.2782095884665465 0.46157602963293226 0.2782095884665465 0.5118566769757507 0.3055980901287298 0.5118566769757507 0.3055980901287298 0.46157602963293226
0 0.2925544710823031 0.5162650373156676 0.298088623344971 0.5651676626384157 0.3188891288561699 0.56058539889334 0.3133549020695017 0.5116827215815322
0 0.35431012536725426 0.5620226884416258 0.28425501263330855 0.5714210107338693 0.2874863732865442 0.6183093719222477 0.35754152328249006 0.6089109456518845
0 0.36504713344923306 0.6670007137058135 0.35476177807110426 0.6034490270143473 0.32622437715821506 0.6124398070665193 0.3365096952743437 0.6759914937579855
0 0.3321305904924069 0.7249503712434785 0.3600651295048268 0.7203650921329323 0.35680824438148656 0.6817399760933507 0.3288736308450664 0.686325255203897
0 0.303010747255132 0.6387869787784817 0.30615787715702264 0.676841670853519 0.3222437522059104 0.6742520437939203 0.3190966409350198 0.6361973517188831
0 0.27087815951951694 0.6258822023563937 0.2992320078196543 0.6239983267840982 0.2978247338598901 0.5827659593936328 0.26947088555975274 0.5846498349659285
0 0.29646966396233976 0.6116761917556165 0.27357361808655756 0.6268081275121113 0.28138119950253737 0.6498052801752822 0.30427726400931965 0.6346733444187873
0 0.30608819721673725 0.6755301428409817 0.30209525717338215 0.6365324731985998 0.28665675348414604 0.6396096016723009 0.2906497307895013 0.6786073233037425
0 0.22760142045725543 0.6341152418614246 0.2574915251306853 0.6287341142228758 0.2543429047487885 0.5946884545191387 0.22445280007535867 0.6000695821576874
0 0.30316661420177043 0.7663000779419985 0.3736150087163271 0.7601567906862223 0.37006736820579594 0.6809599842285988 0.2996189550602392 0.6871032194953152
0 0.3432057884877709 0.8089698388588693 0.3746034205323756 0.8024799925302118 0.3715539729638851 0.773761287864672 0.3401563409192804 0.7802512381714491
0 0.36168352995745573 0.7587576611078578 0.33649054260626526 0.76315146451102 0.33817601465916897 0.781964121725937 0.36336900201035943 0.7775703703118345
0 0.35460911565647896 0.8024786408146561 0.35460911565647896 0.8276189384915353 0.3719071049393315 0.8276189384915353 0.3719071049393315 0.8024786408146561
0 0.3810369284307273 0.8253592859947295 0.3473145574586004 0.8323297711815907 0.35161388429821044 0.8728202026991057 0.3853362552703373 0.8658497695013043
0 0.3523765629173344 0.8699772849399755 0.3566307282127595 0.923397343650181 0.3878778590387477 0.9185532110107006 0.38362369374332267 0.8651331523004951
0 0.38718702155591805 0.9167161255922593 0.3629697769407242 0.9209397168135115 0.36600804590916897 0.9548520765678237 0.3902252532623626 0.9506284853465715
0 0.3539604214958219 0.9198335975763948 0.31813915657909797 0.926973359142089 0.3226942497877556 0.9714616453830388 0.3585155519664797 0.9643218838173445
0 0.3206493484813797 0.9267652989246167 0.35017523573431775 0.923332461303503 0.34836094894688646 0.8929559814869037 0.31883506169394843 0.8963889230861372
0 0.3128055856632517 0.8326470084247232 0.3128055856632517 0.8889612461070592 0.3488431192288614 0.8889612461070592 0.3488431192288614 0.8326470084247232
0 0.3732601254268735 0.7430916937287053 0.301617427914425 0.7547147318695432 0.3085922595199939 0.8384053686814577 0.38023497566344244 0.8267823305406197
0 0.3427369207398504 0.8003708483616375 0.33573695591517855 0.7466550238900128 0.2997109735696161 0.7557940767408433 0.306710938394288 0.8095098492234082
0 0.30019932934361643 0.6840464187440108 0.30146221305278925 0.72633442399449 0.3312615288628472 0.7246020445425628 0.3299986824156746 0.6823140392920837
0 0.27532006940271103 0.973241542835658 0.3132279504349817 0.9707229848208582 0.3119413494627118 0.9330262374228067 0.2740334684304411 0.9355447954376065
0 0.3070795713617979 0.9033727174723168 0.27755001380184485 0.9050893962281729 0.2784656529315953 0.9357492164208902 0.30799515459854815 0.934032537665034
0 0.301358401120364 0.8663645651718218 0.26984041281526633 0.8761367927824212 0.2753350673577724 0.9106351732192292 0.30685301840087 0.9008629975976895
0 0.2998068300650088 0.8290666778408486 0.275800544263679 0.8311601213133518 0.27765991807129503 0.8726679787318995 0.30166620387262477 0.8705745872484562
0 0.2658952799181071 0.811762119273717 0.28986462044628547 0.8080462532108443 0.2865773108998207 0.7667670956665247 0.26260795174064216 0.7704829617293973
0 0.24505507174574556 0.6948780794159923 0.24505507174574556 0.7612485089537638 0.2926245795355903 0.7612485089537638 0.2926245795355903 0.6948780794159923
0 0.23295241135817307 0.9797375758624361 0.27376700786734964 0.9730379536773318 0.2700722383492159 0.929220118352055 0.22925760457803915 0.93591953258092
0 0.26839705060835434 0.8816988943382666 0.22682964991009424 0.8885219385514267 0.2307655232002156 0.9351988602334433 0.27233290526747556 0.9283758160202832
0 0.23061587900760264 0.8924573024249361 0.26609953157194366 0.883720644897253 0.2608608110774859 0.842301532803849 0.22537713988214478 0.8510381903315322
0 0.2605818118513431 0.8458742729849872 0.2544840345743666 0.7650505728778482 0.2165528834230006 0.7706213566066865 0.2226505861759768 0.8514450567138256
0 0.24613382528116415 0.732234246483044 0.21139027056385454 0.7407886823559945 0.21555508158291362 0.7737174610872285 0.2502986363002232 0.7651629732252183
0 0.2400098155560802 0.690855633867254 0.20411071032103748 0.6999625054900447 0.20979594136332416 0.7435899568781942 0.2456950465983669 0.7344830852554035
0 0.1861038301162813 0.6029824771913597 0.19527059888082837 0.6953524275979557 0.23327398241949024 0.6880106885347902 0.22410730680994354 0.595640790117254
0 0.2272439474587912 0.6333134145915407 0.2320859580686241 0.6828556093284178 0.24758870144612333 0.6799061139966195 0.24274659768129006 0.6303638672706825
0 0.24266221788194445 0.6302775654313512 0.24793806995955434 0.681805118385328 0.2769987225095868 0.6760128092725192 0.27172283316997675 0.6244852563185423
0 0.1875889630253644 0.6343065096125692 0.22395570636232257 0.6306822482731314 0.2218776605068109 0.5900902301326927 0.18551082401485233 0.5937144914721305
0 0.29304038619529343 0.5127462617786414 0.2637945787665026 0.5209071924576767 0.2707803281381162 0.5696406973687713 0.30002613556690705 0.5614797147006761
0 0.220895508706788 0.5333365289275447 0.22537855583815056 0.5771209352873456 0.24798134977273162 0.5726157193289502 0.24349822811736874 0.528831416947269
0 0.20181006127661402 0.5269408347862543 0.20181006127661402 0.5832551244576502 0.22631556472498857 0.5832551244576502 0.22631556472498857 0.5269408347862543
0 0.18798392159598215 0.4729934510421103 0.19263369754702764 0.5313802325948946 0.22190316634591536 0.5268427834193995 0.21725348354987026 0.4684558978884955
0 0.14862974397428744 0.5589967172028055 0.1941368652641846 0.5554692594927864 0.19110306773575816 0.4792779405844069 0.14559593713036095 0.4828052943163064
0 0.1631980215964591 0.5915107792037106 0.1995974809695513 0.5847393601269698 0.19584573785318415 0.5454810173385594 0.15944627848009196 0.5522523844262405
0 0.2211989518050309 0.5219227467525553 0.2513135041363801 0.5177210429254951 0.2476526616693853 0.46664392318595616 0.2175381093380361 0.4708456270130164
0 0.24658085749699518 0.4672985174383784 0.24810945652925634 0.5163496235160243 0.2791057582012172 0.5144693351888575 0.27757721506195626 0.46541822911121167
0 0.20591275654141866 0.878363692171529 0.1680733630654285 0.8889225662465396 0.17514229985238286 0.938236269065428 0.21298169332837302 0.9276773949904173
0 0.217010740249876 0.9352553203524276 0.17614300812848177 0.940213516989193 0.17939104352678573 0.9923299500239565 0.22025886880318032 0.9873716494090715
0 0.1109955337021377 0.9322026267368505 0.1109955337021377 0.9844944708595081 0.1520782955109127 0.9844944708595081 0.1520782955109127 0.9322026267368505
0 0.14373757871224913 0.8806955054833902 0.08329459948417468 0.8936695833222423 0.08880228641123417 0.9436189043867121 0.14924526563930862 0.9306448265478598
0 0.09946353153140262 0.8185684230096092 0.09946353153140262 0.8738771402856155 0.14991604685055612 0.8738771402856155 0.14991604685055612 0.8185684230096092
0 0.13846885299216843 0.7747946744070752 0.11201304714030544 0.784022628550229 0.11939017793052217 0.8251936488500852 0.1458458999428848 0.8159656427178716
0 0.11728045005938072 0.8186086105528642 0.11382090623271043 0.7848200887390865 0.09565794482481495 0.788440242942797 0.09911758180648561 0.8222288687346945
0 0.07669945368691096 0.7840811162425468 0.08181553096561642 0.8304788046841727 0.10093415089142628 0.8263749962567877 0.09581807827047086 0.7799773078151618
0 0.09436284811651023 0.8704734685270709 0.08965025774870745 0.8375977186368718 0.06400819808717757 0.8447530249314577 0.06872078845498035 0.8776287748216567
0 0.13318147764101132 0.7350464387078098 0.09174379528078258 0.7391760856979344 0.09378533369164473 0.7790534622218377 0.13522301605187348 0.7749238152317132
0 0.08865227891411974 0.697894952569341 0.08865227891411974 0.7381194080567238 0.12613128364013373 0.7381194080567238 0.12613128364013373 0.697894952569341
0 0.09658052400209383 0.6466087328311328 0.09658052400209383 0.6938725070206027 0.12685203319358593 0.6938725070206027 0.12685203319358593 0.6466087328311328
0 0.13077947595617273 0.5976604611138469 0.08311405577793517 0.5951026513588693 0.08173326578477946 0.6451931747098595 0.12939859280801663 0.6477509324757773
0 0.046691009558746374 0.6281190316559305 0.053826365860972794 0.6911709475151725 0.08447189237899687 0.6844197001936488 0.07733653141902043 0.6213678883125267
0 0.08484457758902339 0.7054465194780132 0.05885674985482725 0.7158062234647838 0.06611862462082188 0.7512683251038118 0.09210645701276805 0.7409085691279813
0 0.05878662742829002 0.6919974175994197 0.06112845098288214 0.7508118091693728 0.08923110682449062 0.748633467562154 0.08688919943039816 0.6898191279812607
0 0.06574347080328526 0.795160868708076 0.09430742089128319 0.7901792250053237 0.09047077630756829 0.7473556284603918 0.06190691937457074 0.7523372721631442
0 0.053047198806781326 0.8760894827379685 -0.006919184301653479 0.9179228956492227 0.011676117614075377 0.9698125524049723 0.07164259038419805 0.9279790355155983
0 0.03529828342908177 0.8207952184205973 -0.010360872643625634 0.843663594182549 0.005888561043838296 0.9068204239645443 0.05154771536988944 0.8839518922354132
0 0.032433760180723685 0.8366694539734615 0.045983897897350044 0.8744804213359775 0.06645313491169204 0.8602007942264693 0.05290308336344103 0.8223897228858337
0 0.00029007732067643795 0.8403117035276033 0.04925709911900708 0.8327205729443942 0.04494139563032996 0.778527852826874 -0.0040256258041139635 0.786118983410083
0 9.238131353415558e-05 0.7902001246073787 0.053636678991445835 0.7780855299057708 0.04697290590540102 0.72075131885847 -0.006571390689947667 0.7328659135600777
0 0.01449814704457191 0.7135592562985785 0.04277378124195141 0.7056690846431803 0.03825519082019326 0.6741470258930473 0.009979645120064126 0.6820371975484455
0 -0.001757180588877099 0.662140204512484 0.03276184510544252 0.6649732963393047 0.034523953448285113 0.623177939419852 4.927003449136084e-06 0.6203448995820912
0 0.0 0.6707434061235626 0.0 0.7180071803130323 0.0100905030638307 0.7180071803130323 0.0100905030638307 0.6707434061235626
0 0.009630443703415047 0.5968956500545677 0.04609836210406889 0.6022515110100352 0.04926176152677617 0.5603216583927811 0.012793843708341085 0.5549657454482538
0 0.0983729007334354 0.531844598877369 0.04582077883393191 0.5397006137204535 0.049924447568490536 0.5931387646234828 0.10247648097074366 0.5852828537585179
0 0.12099136333908063 0.532108339377928 0.09211402119879904 0.5467594803090396 0.10229919768951751 0.585838876753487 0.1311765398297991 0.5711877878114353
0 0.11616272978730253 0.47399923139373934 0.0880423838111216 0.4789035153754525 0.09090321113483955 0.5108355598514693 0.11902355711102049 0.5059312758697562
0 0.09023648216610863 0.527716719515279 0.08754739540109413 0.47519009279839225 0.06316629579797915 0.47761990548804834 0.06585538256299364 0.530146532204935
0 0.02090175568111359 0.48269388176107325 0.02090175568111359 0.5188959436887777 0.04396576468033377 0.5188959436887777 0.04396576468033377 0.48269388176107325
0 0.04468651423378596 0.5098454282068515 0.04468651423378596 0.5359913502681803 0.06630901946835174 0.5359913502681803 0.06630901946835174 0.5098454282068515
0 0.023542366912804535 0.5087953011871805 0.0038333844498109177 0.5106285394151938 0.005070766104301108 0.5365252779127183 0.024779747111747845 0.534692039684705
0 0.6531660478193682 0.745313446200889 0.6688839047237485 0.8549638322508518 0.7129606030362866 0.8426644164415193 0.697242671607906 0.7330140303915567
0 0.5106418036715888 0.6404935196676693 0.5572762774606036 0.6296491736650873 0.5497376158997253 0.566540225807203 0.5031031421107105 0.5773845198207251
0 0.6020561842400222 0.6289835057429195 0.5949744665870154 0.5729931599033752 0.5512263818538232 0.583764669233124 0.55830809950683 0.6397550150726682
0 0.6030965020222833 0.631350567637351 0.591677487551511 0.53044692499268 0.545709221063225 0.5405737179913757 0.5571281982719971 0.6414773606360467
0 0.5004778851519575 0.5762931654766025 0.5467832982176244 0.5682173408885222 0.541183602096688 0.5057146894464704 0.4948781517690209 0.5137905140345507
0 0.5223318991934714 0.4432975600078524 0.4928235623426053 0.4535903020855515 0.503761971535409 0.514636895928716 0.5332703456482754 0.5043441538510168
0 0.4862408946576427 0.3902050063800974 0.4890393453931052 0.4429152844508624 0.5187740116328984 0.43984221112382876 0.5159755608974359 0.38713190705853384
0 0.5175763364239927 0.3359453763425655 0.47550396109966425 0.3482315609361691 0.4825721526466155 0.39534890793860467 0.524644527970944 0.3830627233450011
0 0.4670336377489698 0.26399545490843274 0.47170599447210776 0.3183206951394804 0.4988762525993971 0.3137716524036414 0.49420385861425903 0.25944638617806376
0 0.47066802419585624 0.3207251111734056 0.5174211774553571 0.31460963806464276 0.5135739504635989 0.25735302068915034 0.4668207599420978 0.2634684937979131
0 0.5172454871246375 0.3028018048106101 0.5671441493890225 0.289849198453471 0.559985597491701 0.23616485335757825 0.5100869352273161 0.24911743372018738
0 0.561185284848615 0.2915182032414555 0.5162012940943606 0.30027583835478333 0.5206588726486188 0.3448476450203631 0.5656428634028732 0.33609003590156517
0 0.5251720088451045 0.3829543261552385 0.5676523285471039 0.376368793961949 0.5644001756977831 0.335531127513775 0.5219198559957837 0.3421166597070645
0 0.5326343950916704 0.385149512217845 0.5435842809805213 0.4615374017614725 0.5822552691449175 0.4507463965342845 0.5713054577800671 0.3743585069906569
0 0.5801330864502251 0.4543972242832996 0.5428165719913767 0.46240728271068465 0.547349382523943 0.503515292270017 0.5846658969827915 0.49550528583169184
0 0.5505652794471154 0.5017024337534604 0.5539228837568682 0.5438645734900713 0.5837461217710241 0.5392411863986638 0.5803885174612714 0.4970790466620528
0 0.46281617552369503 0.33933646674862916 0.46692207532051283 0.402352094244104 0.48342843341012287 0.4002584428153615 0.47932249635130497 0.3372427893253567
0 0.5622097662808112 0.2451145880470081 0.4537520822005685 0.26831015695705124 0.46866563883165446 0.4040566075599579 0.5771233601738973 0.3808610126553849
0 0.5621585310306013 0.26862336504804624 0.5438790606637286 0.2342482766666445 0.5308480175423534 0.24773764407208262 0.5491274879092262 0.28211273245348434
0 0.6252750680851267 0.23575868882759263 0.5884577526423229 0.24901511925042588 0.5941168443915026 0.2796112268503114 0.6309341970963065 0.26635479642747817
0 0.6297930110796321 0.27575036329955016 0.5952139121999962 0.2842643256894165 0.5999229719932845 0.321495615034737 0.6345020336109203 0.31298162665034074
0 0.6654427590096536 0.2191752185204163 0.6327148735596001 0.22747753344768154 0.6375929165235806 0.26491046236158433 0.6703207274496337 0.25660812143978917
0 0.6759129339085393 0.262763730102747 0.6305307986826542 0.2737756368451874 0.6359793973929716 0.31748749247198416 0.6813615326188568 0.30647555973501384
0 0.6800844148256258 0.21360443479157795 0.6254359654017857 0.21784038641180659 0.6275183895423153 0.27013840423531993 0.6821667644421551 0.26590246561235625
0 0.6822251912583944 0.30966727209659817 0.6474183097718254 0.31506324261173074 0.6503452398838141 0.3518171424150873 0.6851521958943834 0.34642117189995475
0 0.6479544354300214 0.34693625351030133 0.6479544354300214 0.3931944033153216 0.691920167506105 0.3931944033153216 0.691920167506105 0.34693625351030133
0 0.6619592091393849 0.43688439754245634 0.690966558398199 0.43182539411866483 0.6873184595352564 0.39110582081991324 0.6583111102764423 0.39616485023823467
0 0.6191049280038537 0.4483400309106154 0.6233125530610882 0.48356360674310583 0.648908938825931 0.4776114832603546 0.6447013137686965 0.4423878554388043
0 0.6461525941506411 0.396714062666365 0.6083131820436508 0.4072729887304355 0.6140791784712684 0.4474974962068782 0.6519185905782585 0.43693857014280774
0 0.6421105614220849 0.35231761509961934 0.6029562478537088 0.36142248514360625 0.6084300729381296 0.4072457984521401 0.6475842747205052 0.39814092840815324
0 0.5912432362017322 0.28694722112236476 0.6009141784593445 0.36565769591973224 0.6404240087711768 0.35620764451294984 0.6307530292515644 0.2774971697155824
0 0.6224017952533577 0.5273582549476948 0.6474376860119048 0.517378019108683 0.6404477819272741 0.48324413397040034 0.6154118911687271 0.49322436980941226
0 0.6883164849473443 0.5591204511652204 0.6883164849473443 0.6043729765857911 0.7128219883957189 0.6043729765857911 0.7128219883957189 0.5591204511652204
0 0.6141070131853823 0.4936672646101736 0.6315452193748092 0.6321627927192025 0.67754881023924 0.6208869895090237 0.6601106413118132 0.48239140941093483
0 0.6320979638850732 0.5792326789089118 0.6320979638850732 0.625490828713932 0.6739014566163004 0.625490828713932 0.6739014566163004 0.5792326789089118
0 0.6672823839571886 0.6550101129119197 0.7347297342414529 0.562160147515838 0.6952458010197268 0.5063265486917057 0.6277984507354625 0.5991764620987277
0 0.6745944552951388 0.47445559136099874 0.6806931268601191 0.5170007345014374 0.7064738104777167 0.509806748346332 0.7003751389127366 0.4672616052058933
0 0.73982665419433 0.5533456103765172 0.7478130186870421 0.602373633311595 0.7790587708190247 0.5924656622657581 0.7710724063263126 0.5434376393306803
0 0.7354170690962684 0.49312980170956666 0.7393600594284188 0.5463089431164821 0.7690896207741911 0.5420179220846199 0.7651467049660409 0.4888387806777044
0 0.833610115470467 0.524191133411414 0.7751911987751832 0.5417712339956878 0.7838651216947116 0.5978808427385008 0.8422839638659951 0.580300742154227
0 0.7701936193147131 0.4869174729823254 0.7768844585861188 0.5367047441472796 0.8036908905439178 0.5296920438438298 0.7970001257965125 0.47990477267887566
0 0.7951441055689102 0.48368011422620316 0.8033085078983516 0.5276181482578258 0.8269710703792735 0.5190587734241908 0.8188065190018315 0.475120791381628
0 0.8702376928084936 0.579667567394458 0.8648223318023123 0.5343334711390013 0.8354858845581502 0.5411553196037852 0.8409011710403312 0.586489363870182
0 0.8517652052808303 0.5116659291152045 0.8368531018677503 0.4631191689070486 0.8146714057968941 0.47638282580919933 0.829583509209974 0.524929638006415
0 0.8821760650373932 0.5126147294572508 0.8623055817880036 0.5160802681970028 0.8652328845199939 0.5487549244037478 0.8851034422933837 0.545289385663996
0 0.8705645550738325 0.5765825885727215 0.8989535787021139 0.567780528807762 0.894272949814942 0.5383929848874042 0.8658839261866605 0.5471950446523637
0 0.9016034285809676 0.5237830712807443 0.9026767232333639 0.565713963679195 0.9242203448136065 0.5646404415825969 0.9231469011132097 0.522709601173206
0 0.8793152377136753 0.45252551415100617 0.8793152377136753 0.4867163792988714 0.9023792979481456 0.4867163792988714 0.9023792979481456 0.45252551415100617
0 0.8471128955137744 0.47002685130962524 0.8572299011752137 0.5170785101349553 0.8798442090678419 0.5076128100211617 0.8697272779304029 0.4605612031848914
0 0.9537986969627594 0.5535571018719389 0.9404792459602029 0.5009032059365683 0.9170293749761523 0.5124507559625213 0.9303488259787088 0.565104599908832
0 0.9851431188711463 0.5519862524289288 0.9754334613953755 0.5045707221737915 0.9481129628834707 0.5154617023630483 0.9578226203592415 0.5628772326181857
0 1.0009363940638354 0.5556544965129898 0.9986616234785181 0.525502713413011 0.9810654636704441 0.5280869336103865 0.9833402342557616 0.5582388206884848
0 0.9260791969532204 0.45004111294852 0.9357881091889881 0.5042258267508252 0.96037842094971 0.49564856768060583 0.9506695087139423 0.44146380188924084
0 0.9335385277157738 0.5008807466627183 0.9293985704508165 0.44889553401498616 0.9011575514871414 0.4532735847330175 0.9052974342280983 0.5052588493698094
0 0.8930095444377671 0.3559867429976975 0.8930095444377671 0.4133066570535429 0.9254432836586157 0.4133066570535429 0.9254432836586157 0.3559867429976975
0 0.8687453497023809 0.41635534751151243 0.8914832183875152 0.4148446494107352 0.8899764921493437 0.3706978273148025 0.8672386234642094 0.37220852541557975
0 0.8421561552054716 0.3805285946067797 0.8487800719246031 0.42365710698766235 0.8699947445674985 0.4173143637038171 0.8633708278483669 0.37418587731746433
0 0.8109740465697497 0.37929242473647784 0.8189057849702381 0.43093674511885116 0.8462239732381334 0.42276923782374626 0.838292234837645 0.3711248914468431
0 0.8194098653083028 0.4338443372684199 0.8115370008680556 0.3789224445921396 0.7865880050938645 0.38588437757865734 0.7944607950101115 0.44080629624946766
0 0.7587132715916896 0.3944504849955414 0.7645065438034188 0.4375589555938565 0.7924879956740308 0.4302388959686435 0.7866947979863019 0.38713037338126866
0 0.7225618280916133 0.40433768641197293 0.7293407547313797 0.4610868125798552 0.7623004843463828 0.4534224294113341 0.7555215577066163 0.39667330324345185
0 0.7597687550080128 0.3934437948353652 0.7524574289100656 0.33733868314622817 0.7173194372901404 0.34625244140625 0.7246307633880876 0.402357553095387
0 0.752555427970467 0.33557685189190267 0.7593017130980998 0.38734576405617815 0.7856235154819139 0.3806684971668042 0.7788772303542811 0.32889958500252875
0 0.8152278765071734 0.3699351738015066 0.8076133122519841 0.3221272041281809 0.778384775760264 0.3311895471212202 0.7859993400154534 0.3789975427890758
0 0.8091881534264347 0.32301897247158484 0.8151100540626908 0.372592958518553 0.841407710670406 0.3664777453550894 0.8354858845581502 0.31690375930812126
0 0.8909640842013888 0.36601569258577776 0.882665762243399 0.29654692303789126 0.8375507210346077 0.3070378734062234 0.845849117516598 0.3765066689486398
0 0.7343390049078525 0.24367703855342313 0.7708335569053343 0.30732490500558984 0.8087169381725046 0.2650401490713506 0.7722223116510226 0.20139225662465396
0 0.809921395065438 0.26041335669652366 0.8250571450034341 0.2885705015322216 0.8553864009796627 0.256833364041538 0.8402506510416666 0.22867621920584008
0 0.8074132153111645 0.2617810068991562 0.841086661277091 0.22654432982358658 0.8250859857915522 0.19677820156948733 0.7914126143496261 0.23201487864505696
0 0.8446904183598519 0.2275499542080361 0.7920179728041056 0.12956307978199533 0.7543083815056472 0.16902332208428716 0.8069807525373932 0.267010170515798
0 0.7745500688005571 0.2067520037623443 0.7445560217777014 0.14325757002302492 0.7073614658453525 0.1774610685124308 0.7373555128682082 0.2409554892544852
0 0.7489123222155448 0.14523255642268687 0.7811476785475809 0.12101483060716567 0.7678171979929792 0.08647343572197415 0.7355818416609432 0.11069115503886286
0 0.7491322425404456 0.11792842208628354 0.7421778864039607 0.05971163176190508 0.714360834478022 0.0661801625760288 0.7213151160905067 0.12439696589767223
0 0.7400043194110577 0.14239952958219096 0.7091048803084936 0.10943169406975352 0.6810365334535257 0.16064327051529892 0.7119359725560898 0.19361110602773637
0 0.6914199624160562 0.1703270517378487 0.6813633211948642 0.10718643604389042 0.6488532693977029 0.11726622443385994 0.6589098360948947 0.1804068466264507
0 0.6744004693223443 0.05283331992882074 0.6806099580757784 0.12214321415915806 0.7199075067727412 0.11528958738154813 0.7136979434953068 0.045979686652578323
0 0.6649242955395299 0.05052441754576701 0.6659803006238553 0.10798703507223568 0.6805520529275412 0.10746572777197348 0.6794960478432158 0.05000311349482106
0 0.6161311968196734 0.06517551298645123 0.6251532958686279 0.12182105095260594 0.6562897212921627 0.11216717643672806 0.6472676222432082 0.055521631971940884
0 0.6599358825310974 0.18171639905471412 0.6480556390224359 0.10988857392761127 0.618946266407204 0.11926109664890998 0.6308265099158654 0.1910889347732778
0 0.6323031284579136 0.18409544442743825 0.6199504773113171 0.12951881109754312 0.5912167056576236 0.1421788880122378 0.6035693195422199 0.19675550834486796
0 0.603260231250954 0.19465218695099554 0.5900892320570055 0.1358471404145483 0.5633727505675747 0.14749575717282662 0.5765437124995231 0.2063008167065388
0 0.5355896815857754 0.14735192943878433 0.5471911308092948 0.20978648820971305 0.5731798481737447 0.20038569643712734 0.561578361688225 0.13795112466893367
0 0.547281006753663 0.20468578955993133 0.5358643770509005 0.13920031779872497 0.5098771129044567 0.148019884879585 0.5212937798692193 0.21350536963805633
0 0.485875242650145 0.1710270324395097 0.4951834020742712 0.22037759550182337 0.5212237645709326 0.2108164564714318 0.5119156424088065 0.1614659064063831
0 0.45621841672867064 0.18612004138745075 0.4624902820703602 0.2316236609697748 0.4937940883985806 0.22322441244044133 0.487522223056891 0.1777208188526472
0 0.4453132079780029 0.13042373267308613 0.4535521715697497 0.19077367311441917 0.48812925830137743 0.18158454180169958 0.4798902947096306 0.12123458836310158
0 0.4727317055503091 0.09670381692239739 0.4452091352115766 0.10401815775102814 0.4491204155815972 0.13266821736168416 0.4766430231823298 0.12535386353578842
0 0.48237738417181775 0.09585827335182202 0.4837853288475847 0.14889674536008038 0.5166011898799985 0.14720097920354425 0.5151932452042315 0.09416250719528588
0 0.5110839545653999 0.1052876071182589 0.5191175672743056 0.1463862066577606 0.5305830474592682 0.14202340173152683 0.5225494347503625 0.10092480219202513
0 0.5256763872791704 0.14353182531093617 0.5554766346392322 0.13521617518982246 0.5477424593635531 0.0812612075415746 0.5179421747414912 0.08957684466542337
0 0.5562029455462073 0.080549542298715 0.5696809836214133 0.1369643983077353 0.5908710260822078 0.12710939111660854 0.5773929880070017 0.0706945481048532
0 0.6217002263144841 0.12036024935200836 0.6119641873426053 0.06262821801882586 0.5792232229304983 0.07337672868822868 0.5889592619023771 0.1311087535227787
0 0.8267033056461768 0.02982559074128913 0.8471231798258165 0.1186489384665806 0.8819197770003434 0.1030765578937693 0.8614998282967034 0.014253206919161586
0 0.984546405200702 0.0028247778419741576 0.9355013408358135 0.019117421957662604 0.9508133400345314 0.10884566038999281 0.99985840439942 0.09255302338218364
0 0.898242694263202 0.1578433996977148 0.9872236053876678 0.1183415141584926 0.9794995653760302 0.08447143450709381 0.8905186542515644 0.12397332004631602
0 0.8857974843082265 0.027776217744947495 0.9011858706072573 0.11744627554534444 0.9526856064942002 0.10024181541429873 0.9372972947191697 0.010571759238559911
0 0.983749520065438 0.308965731723142 0.9979159363314637 0.30105952144278375 0.9952815129206731 0.29187032514373934 0.9811149476066469 0.29977650942956774
0 0.9890709063072345 0.2083285720019365 0.9208613990718483 0.2868799732734641 0.949516846001221 0.3353184142754472 1.0177264277606075 0.2567670519957144
0 0.9672467763898428 0.298666854936382 0.9672467763898428 0.37408777396154974 0.9996805156106914 0.37408777396154974 0.9996805156106914 0.298666854936382
0 0.9607600583552732 0.29464440938764375 0.9607600583552732 0.40224491879724766 0.9996805156106914 0.40224491879724766 0.9996805156106914 0.29464440938764375
0 0.41294016855540294 0.2797336090971705 0.3749183589576656 0.29401606961043975 0.3855446988991911 0.349084805386233 0.4235665084969284 0.3348023448729637
0 0.40690461881868134 0.39373106038550093 0.39956352038261217 0.35404126038949374 0.38524205693395147 0.3591978472786015 0.3925831553700206 0.39888764727460874
0 0.339107415614984 0.3338014254984295 0.372106680212149 0.32804621057981526 0.36831445193261597 0.28571765386266235 0.335315187335451 0.2914728687812766
0 0.33328504178113555 0.287820923267475 0.34377418303809903 0.40733859892395125 0.38016335809914914 0.40112172115397415 0.36967417958018545 0.28160404549749785
0 0.3444354717548077 0.3634514881764401 0.35078357514880953 0.40773712106214066 0.37905917324862637 0.3998469234122125 0.37271099533062424 0.35556131652104184
0 0.33557441907051283 0.4138283412744889 0.331033448159913 0.3599749017614725 0.2962824410425729 0.3656790634233257 0.30082343058417277 0.419532528930872
0 0.30319666600489353 0.3147788884489459 0.3054513710031288 0.36196701855635116 0.3297527532146673 0.3597066382127076 0.32749802958543195 0.3125184821107725
0 0.2996196071452419 0.4088656735785775 0.29224547594603745 0.34198957245029016 0.26456947932167657 0.3479302323453471 0.2719436291518811 0.4148063594681644
0 0.2387701460730025 0.37915608342705226 0.24632360064794148 0.43711954406010434 0.2739138946719513 0.4301204908848621 0.2663604400970124 0.37215697826275024
0 0.216660402924441 0.4384868043447881 0.24413451403197498 0.434653520990271 0.24023813846201542 0.38029069266896026 0.21276402735448147 0.3841239760234774
0 0.21982880942841881 0.4404581775047913 0.21129066923744658 0.38089498750598916 0.18176763252752023 0.3891333039005936 0.19030577271849244 0.44869646790486584
0 0.15269593179444255 0.4375353005716301 0.18473085582765758 0.4323780638192744 0.1808041303585737 0.38489551966600566 0.14876919700985863 0.39005278241289126
0 0.14177355457720447 0.4276026607169 0.13840348612840067 0.39939116131914126 0.1220405494773781 0.4031961886196364 0.12541053408668154 0.4314076880173951
0 0.0949004176772121 0.449536455144671 0.12675261817717873 0.44583301446709966 0.12454567374763909 0.40888197214883676 0.09269347324767246 0.4125853868318782
0 0.07157053033365289 0.40938478434106157 0.07622654766972393 0.4548585752003034 0.09671029823312538 0.4507757703530931 0.092054197057554 0.40530197949385116
0 0.04934217758085556 0.42714060794758835 0.05376407776996766 0.46415801430073467 0.07585411863594847 0.45902123524342525 0.07143222310458638 0.4220038548848089
0 -0.00012511069521362527 0.4267894738374414 0.00697355712871994 0.47961254217352534 0.033083772484636134 0.4727820115357485 0.02598510295043498 0.41995886521607484
0 0.7899422558236034 0.9814776496952193 0.7899422558236034 0.9995785766809518 0.8267004737341651 0.9995785766809518 0.8267004737341651 0.9814776496952193
0 0.7488594846993285 0.9764495797620315 0.7488594846993285 0.9995785766809518 0.7892214596926511 0.9995785766809518 0.7892214596926511 0.9764495797620315
0 0.5578606574089973 0.9784607245528109 0.5578606574089973 0.9995785766809518 0.5967811891884157 0.9995785766809518 0.5967811891884157 0.9784607245528109
0 0.48794790414663464 0.9663934398956558 0.48794790414663464 0.9995785766809518 0.5081288916432959 0.9995785766809518 0.5081288916432959 0.9663934398956558
0 0.4043408814221803 0.9714215098288437 0.4043408814221803 0.9995785766809518 0.43965761885683763 0.9995785766809518 0.43965761885683763 0.9714215098288437
0 0.3726278638082837 0.9834887944859987 0.3726278638082837 0.9995785766809518 0.39713336725665827 0.9995785766809518 0.39713336725665827 0.9834887944859987
0 0.04131618029323107 1.0205318314456453 0.10349047314989698 0.993423279952353 0.09353854746463389 0.9489903100710712 0.03136415912409259 0.9760988615643633
0 0.40624478331997865 0.24503806015092633 0.362862313332284 0.25435015858742815 0.3668451740045978 0.290470805647426 0.4102276812542926 0.2811587332054541
0 0.2827288728930575 0.27214042494609775 0.2877157022664835 0.3138869381438325 0.3258180723085508 0.30502665063185425 0.3208312243041247 0.2632801894231793
0 0.27988485073140834 0.2533599489592206 0.24423692863939445 0.26164944858323574 0.2512301863040388 0.3201923792772439 0.28687807113405256 0.31190290564775874
0 0.24053094325921473 0.366831894830707 0.23699379200172657 0.32734999908499257 0.21446198217743628 0.3312796181673898 0.21799922658992482 0.37076153990763416
0 0.2181803758036668 0.378239672269285 0.21526166196271176 0.337517343550362 0.19485233292911516 0.34036491433034766 0.1977709722460699 0.38108721705474075
0 0.1490078880673363 0.35113969897086617 0.15320270431201827 0.3921083518553024 0.17772256294595162 0.3872210682961563 0.17352783054077 0.34625244140625
0 0.13192632579687022 0.3959817967585445 0.12706970848297752 0.3502433036011366 0.10429208124368036 0.3549514328600804 0.10914869855757307 0.4006899520120182
0 0.08793152936066755 0.3559867429976975 0.08793152936066755 0.4002336960228785 0.10811253548832894 0.4002336960228785 0.10811253548832894 0.3559867429976975
0 0.0605272705301697 0.3704308634925335 0.064683106064942 0.4066705654995608 0.08852074405358097 0.40134912130170625 0.08436490386105865 0.3651094452892089
0 0.043361854786110154 0.41428506516516717 0.06603627560048458 0.40901243869450066 0.06052357227665455 0.3628629720190721 0.03784915146228012 0.3681356504787984
0 0.04317849779885913 0.4105528225484455 0.03943054609100752 0.3687193316536015 0.017785866473038408 0.37249425728845026 0.021533819345327523 0.4143277481832943
0 0.0011184297784053072 0.4249925759622551 0.021697026905996022 0.4225999094558534 0.018943271939716642 0.37649429555239833 -0.0016353252606514173 0.37888696205880007
0 0.38183888119801207 0.18350889085707917 0.32180167583609964 0.20305421689503034 0.33192941295358286 0.26361346529127183 0.3919666183154953 0.24406815225058562
0 0.36597152914901937 0.14888977882606208 0.37423896090888276 0.19502962752542058 0.40578236189808453 0.18402705281922113 0.39751493013822115 0.1378871911225977
0 0.32062110388526405 0.18399120636246274 0.3731616419604701 0.1560650619168907 0.35447065006391176 0.0876097346083269 0.30193011198870573 0.11553589854979637
0 0.2827288728930575 0.27214042494609775 0.2877157022664835 0.3138869381438325 0.32570118141407206 0.3050538409101496 0.32071437067164604 0.26330735370694475
0 0.31290023114363935 0.2587531120651219 0.3081207089080624 0.22274312371898958 0.29260928348452764 0.2267509083528535 0.29738882435110464 0.26276089669898584
0 0.22280956449962797 0.14625402447312208 0.2399949480180193 0.23467123366295783 0.2783089103279533 0.22017447424503567 0.26112352680956197 0.13175727805246487
0 0.31568340445903925 0.22089454871832412 0.30208104172032396 0.12030911811165752 0.22719168750357716 0.14002382450656142 0.24079401298029227 0.24060924211596305
0 0.24284012530167315 0.3090663565484588 0.2386210235483917 0.256087762939869 0.21694581121461004 0.25944797184438884 0.2211648198128911 0.3124265654529786
0 0.19027804979037888 0.28659951829016717 0.19027804979037888 0.32179592983889216 0.2126213138938969 0.32179592983889216 0.2126213138938969 0.28659951829016717
0 0.17102904081053494 0.2878916543833848 0.17386471628414987 0.3254767552754339 0.18984756190261562 0.3231293972346811 0.18701197958400106 0.285544296342632
0 0.17048514602530715 0.27723958991861425 0.13403182443099435 0.28741171737748883 0.1411284655150622 0.33691879350444526 0.177581787109375 0.32674664005104076
0 0.15862047803270948 0.21659341581432337 0.12798858940674127 0.2251411191040247 0.1370256864107572 0.28818528859335074 0.16765757503672543 0.2796375853036494
0 0.2084323943607391 0.21029244574005804 0.17089627630399115 0.20505530180273104 0.16849136818314064 0.23860888505510008 0.2060274862398886 0.243846054986957
0 0.21117981478699252 0.24134694088053663 0.17658379895928725 0.24134694088053663 0.17658379895928725 0.28659951829016717 0.21117981478699252 0.28659951829016717
0 0.1852328122317136 0.261459194618758 0.1852328122317136 0.28760511668008676 0.20973831568008813 0.28760511668008676 0.20973831568008813 0.261459194618758
0 0.16896929059709823 0.2118411088517821 0.20016505575587606 0.20849300040093963 0.1977865477621337 0.16535224459646508 0.16659078260335586 0.16870032705277763
0 0.14775378887469953 0.17095409178855675 0.14775378887469953 0.21218419765491908 0.1686555445558131 0.21218419765491908 0.1686555445558131 0.17095409178855675
0 0.15093997866825015 0.219233784196324 0.14580252697470716 0.1636821870300189 0.1279644808926425 0.16689355125622204 0.13310194190168556 0.22244514842252716
0 0.0942587660345839 0.2338707841031596 0.09773256257631258 0.2871847331422354 0.12255709395449385 0.28403601573313725 0.11908329741276519 0.23072209268859137
0 0.08673954592228518 0.3124746813278588 0.09156299074054201 0.34612402842844975 0.10999754555204995 0.3409799449082331 0.10517410073379312 0.30733059780764216
0 0.10208064674312232 0.2865418104337468 0.08420961447542258 0.2888085594372205 0.08581651960100446 0.313470791714358 0.10368755186870421 0.31120404271088425
0 0.04468651423378596 0.2966556321620129 0.04468651423378596 0.34593062912585176 0.07279577010717148 0.34593062912585176 0.07279577010717148 0.2966556321620129
0 0.021636143126621644 0.3071481422021401 0.02827791998820136 0.35657115201933826 0.04585878607408759 0.3519718878516956 0.03921701154138288 0.30254890402902734
0 0.0 0.2624648190032075 0.0 0.36000921454096574 0.025226257659576753 0.36000921454096574 0.025226257659576753 0.2624648190032075
0 0.03582652817424546 0.3010459782926959 0.03232826912941659 0.25711790016603225 0.005194645370464768 0.261324283008478 0.008692993494762751 0.3052523871296715
0 0.031546018644712494 0.2523228451990391 0.03514977106972346 0.2975753966141397 0.05540107196067279 0.29443593325769274 0.05179732419341184 0.24918335584806217
0 0.05139506692851419 0.25898383951268367 0.05657889118124714 0.2951472215798685 0.08069631089803209 0.28841734176193834 0.07551248664529915 0.2522539856892834
0 0.07423726921407585 0.24738063519817396 0.08150143093532985 0.2912999011791951 0.10076733823224301 0.2850967225264853 0.09350317651098901 0.24117748253999413
0 0.02735885741218688 0.2492816411656862 0.06740492749709058 0.22832908825330067 0.05413527249998808 0.17895766458072696 0.014089205908396888 0.1999102174931125
0 0.09182060157859719 0.23065245334293813 0.08690574375846592 0.17236468495461563 0.06403116079477164 0.17611943883424724 0.06894602327265291 0.23440718122803983
0 0.08123520325973939 0.1693852179298206 0.08938340593461443 0.23597303972130537 0.12287998781681643 0.22799381080640438 0.11473178514194139 0.16140600201218458
0 0.10075642978169834 0.14929713910442396 0.0836478525611216 0.08723427611680819 0.04375399076021635 0.10864240916055552 0.06086256798079308 0.1707052851454363
0 0.11267334841401004 0.13335078172829934 0.07491667192060869 0.1381398059643513 0.07717930906712644 0.1728664053765838 0.11493599021827781 0.16807738114053183
0 0.08086813529623588 0.07602429105638442 0.09160733252072363 0.12097516295450916 0.12814942151490002 0.10398031621409844 0.11741022429041229 0.0590294443159737
0 0.10487478440206711 0.1579035380426826 0.13476427425249446 0.14330759649585417 0.12528049902164892 0.10550194501470667 0.09539100917122158 0.12009788656153508
0 0.05736245980920664 0.17837163090096625 0.047671307574261676 0.10062396749727161 0.008250971271295978 0.11018927864971519 0.017942035008990574 0.1879369550506748
0 -0.004578857922583127 0.20875328362901938 0.0013990930585197478 0.2421159630536627 0.023615127954727564 0.2343668117230755 0.017637175954741874 0.2010041582929621
0 0.0 0.10961174518123802 0.0 0.1568755193707078 0.012973503606514471 0.1568755193707078 0.012973503606514471 0.10961174518123802
0 0.22462860219207875 -0.013553551961453648 0.11074487222711099 0.045569765913019394 0.13109163836245136 0.12186348702269884 0.24497527517241874 0.06274017645918734
0 0.16976552364735958 0.11844102121902284 0.17359987661806509 0.15589002774968058 0.19822074321891217 0.15098262442437713 0.19438629709320626 0.11353363089098435
0 0.18769463805779724 0.0983650948363634 0.19882720090239622 0.14755145045317825 0.2233871627639938 0.13673034356034391 0.21225459991939485 0.08754399444216154
0 0.2144231924352774 0.10005842400571963 0.22364881652906554 0.13867392856786362 0.24483880309685974 0.12881894737126676 0.23561325352707188 0.09020342331322535
0 0.2320815611526061 0.0814545938469076 0.24411806285890758 0.1318357815328205 0.2672541691706731 0.12107572279350112 0.2552176302023714 0.0706945481048532
0 0.29637250329694176 0.04786714297137025 0.3090576805329003 0.10096347555391223 0.3334911379039797 0.08960005128200862 0.3208058861440209 0.036503725198099114
0 0.3807384598095047 0.05961153332581918 0.3651254209115537 -0.01076676289105131 0.3150592286944826 0.01085468207754106 0.33067223033043347 0.0812329774820825
0 0.28176876156612485 -0.010418972327315219 0.24974734500796514 0.006764556927006736 0.25825520982381334 0.03762752396487702 0.29027655185797274 0.020443994304390537
0 0.42740486713265036 0.0 0.42740486713265036 0.042235717253546905 0.5074081327743437 0.042235717253546905 0.5074081327743437 0.0
0 0.3475246406154609 1.0041406166817504 0.3946722866705777 0.9968315787372232 0.3927649194067651 0.9728808427385008 0.34561731061364853 0.9801898806830281
0 0.3293828533391522 0.9885168644191865 0.3293828533391522 0.9995785766809518 0.3502845997047657 0.9995785766809518 0.3502845997047657 0.9885168644191865
0 0.3034358321528732 0.9875112920237968 0.3034358321528732 0.9995785766809518 0.3308243338150565 0.9995785766809518 0.3308243338150565 0.9875112920237968
0 0.3052368350372501 -0.02292159793730286 0.23309134272574214 0.013789516494465037 0.248021480946896 0.07090647500865098 0.3201669173654037 0.03419536545085745
0 0.8065194489755036 0.0 0.8065194489755036 0.03217959363375246 0.8454399807549222 0.03217959363375246 0.8454399807549222 0.0
1 0.03710024813883762 0.03233309133292463 0.025434424152304402 0.012568920596900953 0.014351657313159388 0.025303255760283853 0.026017481299692603 0.04506742162233317
1 0.01659485068222251 0.056545985415197106 0.019334793090820312 0.09986974271030198 0.043862823747162126 0.09685004265182469 0.04112288366743933 0.05352628860603605
1 0.16227042136465963 0.2513872760727215 0.1678922138516865 0.2720662365577087 0.17261273171002176 0.2695680322598355 0.1669909205919948 0.24888904578031837
1 0.12982962099478212 0.2836914322445299 0.13999147147340507 0.2806839431164821 0.13758287441453945 0.26484100497764057 0.12742101462041647 0.26784849410568834
1 0.1526929415189303 0.354744672369104 0.16026997362446582 0.34715099432196284 0.1562765398596087 0.3393941486105196 0.1486995170695732 0.34698782665766076
1 0.06743721502022283 0.22164568665486584 0.06367949601058122 0.23512754164115737 0.07409165863297944 0.2407768808394112 0.07784929380312071 0.22729502585311967
1 0.06721021957304306 0.2381243210228785 0.05860380142454117 0.2473069926949132 0.06499122088645404 0.258960912337295 0.07359763903495593 0.24977826665979025
1 0.01016528789813702 0.24899432362649063 0.0004419345995445391 0.25818453371220185 0.005055369329394293 0.267686392217113 0.01477872291909615 0.25849618213140174
1 0.1201781481322497 0.5279026323932602 0.13042956714373952 0.520252130303716 0.12583944765493837 0.5082788418667483 0.11558802864344857 0.5159292919672328
1 0.12519973363631812 0.5006149785888256 0.129682864607181 0.5229538977653855 0.13680863525986817 0.5201700395782315 0.13232549497350524 0.49783112040167166
1 0.11753154936290923 0.531243917279999 0.12675270201667907 0.5639592289315375 0.14343976217602927 0.5548032796362595 0.13421860952225942 0.5220879159956612
1 0.12035226414346287 0.586876786344096 0.13275159526075053 0.6035588279087255 0.14644347063933247 0.5837478767667962 0.1340441395220448 0.5670658352021667
1 0.15043302915617368 0.5539806047533805 0.14522870148785677 0.5736284662145975 0.15705552991929944 0.5797267309445538 0.16225985758761638 0.5600789214723967
1 0.159064696967529 0.6201170315328205 0.14373133732722357 0.6085530529639587 0.13565131479712778 0.629408984208635 0.15098467443743321 0.6409730147665567
1 0.15821426633804564 0.6780601904380057 0.18222556387839592 0.6388966237056803 0.1619282444172581 0.6146717493944315 0.13791703071640815 0.653835264137697
1 0.16356930016597984 0.667967450273504 0.1794387388869811 0.682171329322828 0.1884211911677732 0.6626351403621433 0.17255175244677198 0.6484313133018793
1 0.14676857227516407 0.7121260218969602 0.17625114245292467 0.684453389104424 0.16575635600293803 0.6626872334001012 0.1362737019856771 0.6903598661926373
1 0.15495442820119334 0.6839771693163065 0.16266342368026937 0.723415030328338 0.18428285479982257 0.7151884894557868 0.1765738500052465 0.6757505764546955
1 0.18280467125376793 0.7514713423824798 0.20413964426415598 0.7114397143180367 0.18519232706854777 0.6917821309026299 0.16385726090315933 0.7318138109561328
1 0.17574093251583486 0.7259518884922008 0.15238816630418192 0.7066437755370262 0.13986820877690018 0.7361213645090237 0.16322097498855312 0.7554294774641983
1 0.18077562492845695 0.735418056507533 0.18618591830261752 0.7958069887437447 0.2062447982247787 0.7923086449072348 0.2008345980056185 0.7319197126710232
1 0.1676512404966995 0.8319526945305845 0.19329355167673037 0.7815388512164608 0.16060078566182082 0.7491682790207091 0.13495845585078983 0.799582070345773
1 0.1583487821585966 0.8416769362389533 0.18211972116696237 0.8333854090416045 0.17847549755203565 0.8130471848547967 0.15470447470416954 0.8213387120521455
1 0.1890034658131582 0.8319122990310903 0.20547891507364163 0.829566708618372 0.2028384738498264 0.7934629580028215 0.18636302458934295 0.7958086004045997
1 0.2140842759128892 0.869791476040114 0.2017938709375477 0.8412116341534018 0.18282833262386486 0.8570883651811382 0.1951187562302064 0.8856682590569102
1 0.1584251506279094 0.8466647146507666 0.1646140893882593 0.8661875424230728 0.1761969448737027 0.859039618574984 0.1700080061133528 0.8395167908026778
1 0.1510526869032118 0.890688946543601 0.16882404332050327 0.9123185789767888 0.1854660350906689 0.8857011161427278 0.1676947811438778 0.8640714317204802
1 0.13860602373023026 0.8538548016263842 0.1536856384649964 0.8521016265505217 0.15227133130270337 0.8284204538270603 0.13719170725243723 0.8301736289029227
1 0.15745672987494277 0.9284547354131175 0.14686455918755723 0.9421776636698787 0.1551641853155525 0.9546482794532581 0.16575635600293803 0.9409254551746167
1 0.18465828808236034 0.9522143596278748 0.18195301097827954 0.937535664495049 0.17180135165669833 0.9411779140491908 0.17450662876077916 0.9558564012257773
1 0.21142809149400946 0.9234022306218058 0.1980588584592491 0.9308635965116588 0.20227566859952115 0.945571717452353 0.2156448271102812 0.9381103515625
1 0.21262280437390302 0.9195973592884902 0.21850591526800023 0.9356720646560903 0.23048143771105198 0.9271399320898105 0.22459832681695474 0.91106533070033
1 0.1577263949700473 1.0125678353252767 0.17676610329503395 0.9717721240483922 0.15693781926081732 0.9537576028801107 0.13789811093583065 0.994553418135115
1 0.14006441183870383 0.9869404521467738 0.1179337181305565 0.9828704366082837 0.11655908568292601 0.9974205108070698 0.13868977939107333 1.0014906303236797
1 0.10967201540321657 0.978134649169506 0.10118930243747139 0.9509827388003088 0.09358570252582704 0.9556070616947935 0.10206841549157222 0.9827589720639907
1 0.029530787205958104 0.6207325300122445 0.03444432921170897 0.6388994831039715 0.04149979811448317 0.6351847608004152 0.036586167611481944 0.6170178077086882
1 0.050169827154995614 0.6301532076002183 0.06808089278410934 0.6153153739552278 0.0626232673542549 0.6024907126743505 0.04471229022239154 0.6173285983084008
1 0.0427449218228332 0.6741298175142408 0.05033875443268754 0.7015309114472423 0.06196999928307912 0.695255935902896 0.05437616667322478 0.6678548419698946
1 0.04114848266154419 0.699256961958981 0.029143136645120287 0.7129051819367547 0.03818348475864956 0.728385184448866 0.050188742277823085 0.7147370164601523
1 0.05972988701565362 0.8101913218197668 0.04770975730066917 0.7715674535176213 0.0349385258042332 0.7793044654027363 0.04695874168759301 0.8179283856939417
1 0.05086840581835699 0.8875133507905665 0.05715165470109318 0.9079683424057708 0.06995535304403713 0.900312225497764 0.06367210416130094 0.87985712990444
1 0.08672836732223939 0.9442271763868185 0.08183796268970829 0.8698883316585925 0.06315987276070284 0.8722802443236265 0.06805036123273428 0.9466190890518527
1 0.07469345856644441 0.963109706898158 0.0923805190238906 0.9478918852148105 0.08596591227511638 0.9333787232485093 0.06827885181767018 0.9485965449318569
1 0.05818131089356065 0.9333808028109029 0.030410168080685047 0.9530351629045997 0.040087419260698066 0.979653457563618 0.06785855974469866 0.9599992014480409
1 0.01440004667810759 0.9753657118425255 0.02156100663218888 0.9910665118917696 0.03593201922555255 0.9783070448919293 0.028770973103095905 0.9626062448426853
1 0.03193164541316702 0.9773647951714225 0.00034823355075058336 0.9773647951714225 0.00034823355075058336 0.9995785766809518 0.03193164541316702 0.9995785766809518
1 0.2062705835288843 0.17376325565058692 0.21652296203687804 0.21499388140754766 0.23279026576450892 0.20711955341813512 0.2225378686255151 0.16588894065843937
1 0.19394137018038385 0.16000684643929008 0.20186688582684675 0.18820491966234562 0.21397105532542543 0.18158220229400687 0.20604552104796245 0.15338412907095134
1 0.23110039679558722 0.01996833014935001 0.2580479399479644 0.01996833014935001 0.2580479399479644 0.0012592640808534378 0.23110039679558722 0.0012592640808534378
1 0.3045971210186298 0.08326556776004512 0.2825891590234852 0.03860200040385102 0.2679185133713942 0.052674353630416844 0.2899264753665388 0.09733792098661094
1 0.2842124221671341 0.09090410586719415 0.2719560746599321 0.05229044691667443 0.25072815537598253 0.06540696828085073 0.26298457740718484 0.10402063373000293
1 0.28437054346478174 0.09020020649014787 0.2593035203051072 0.10625394077073573 0.2668661227010836 0.12924121551253726 0.2919331272297581 0.11318748773058188
1 0.306310781774649 0.19464402466860092 0.30932097382597873 0.2341224111527763 0.3279105199271215 0.2313631437909258 0.32490034650679184 0.19188475730675042
1 0.3902052435682807 0.11419322909041604 0.3662265875400641 0.13426672498452805 0.3738163725651519 0.15191585404300204 0.39779502859336846 0.13184235814889
1 0.33115074893639346 0.4321102421775181 0.3424196348085508 0.4229625331482246 0.33754904424460086 0.4112825409923339 0.3262801583724435 0.4204302500216274
1 0.3015935802343273 0.41973993928509634 0.32184937119629503 0.4400144508790726 0.32904063912975046 0.42602832800688084 0.3087848854297829 0.40575379041837467
1 0.2910605257101839 0.4215836013196071 0.2978595179370326 0.44055586494822724 0.3071971702342796 0.43404179171768525 0.3003981593764309 0.41506952808906517
1 0.27355690607948907 0.673877618584966 0.2656884012932597 0.6830261854337468 0.2710426339881906 0.6919907629997605 0.2789111574054201 0.6828420921728598
1 0.38279219220991684 0.02228569537655052 0.37915143396100426 0.03470265195154453 0.3846896477816888 0.037863739507567946 0.3883304060306013 0.025446787806548292
1 0.4685811286153083 0.3272958264846412 0.444510249136714 0.26372531975351365 0.40966409350198413 0.28941048877202674 0.43373497298057845 0.35298099550315426
1 0.4120155120216155 0.4024044472273611 0.4635137946905525 0.4214671978146295 0.4728570549188225 0.3723314535475671 0.42135877224988555 0.35326867696576875
1 0.38312155102926587 0.42091990898171316 0.40668097229376526 0.44530792496273425 0.42074674389737865 0.41885695709280507 0.3971872853708791 0.39446891511725407
1 0.40788188929668423 0.4432954284563991 0.396497565748054 0.4331876114645443 0.3883841005728213 0.4509765001131282 0.3997684613834516 0.46108426511592315
1 0.43597587240775715 0.445366776578471 0.45327039632459554 0.4757913462754206 0.4691710978637248 0.45819627284191333 0.4518766112088866 0.4277717031449638
1 0.4572675283429678 0.4702881483243718 0.4431118435329861 0.48168259056910134 0.44860497033348595 0.49496725105142675 0.4627606924054678 0.4835728088066972
1 0.4411378890749008 0.514163691506069 0.45811773540045025 0.5222684740004792 0.4618150946275946 0.5071892031616003 0.44483528556404534 0.49908447265625
1 0.47601307180774954 0.48010113535788435 0.48761478186527013 0.5144985530404866 0.49689287085527317 0.5084067349539502 0.48529112353575243 0.47400931727134793
1 0.4813438480735844 0.5193043697428663 0.4845743144388164 0.5677563019058773 0.49882266984317764 0.5659069470693143 0.49559224073994584 0.517455066895363
1 0.46824372120392627 0.5714497086948999 0.44664860353947267 0.586514786520443 0.4579943236559447 0.6181744083229078 0.47958940405839817 0.6031092265192451
1 0.4418375949137668 0.8489464105089438 0.44899830800709706 0.8280564264300735 0.43237740652901785 0.8169656002947988 0.4252166561736874 0.837855584373669
1 0.43803974007221075 0.7516691087661042 0.4180720775264232 0.7539433181996646 0.4195337912684104 0.7789268688611318 0.439501453814198 0.7766526594275713
1 0.3955126192980197 0.02946871184003008 0.42432199555002287 0.05164562985681797 0.43483878521109964 0.02505011940327373 0.40602948348309675 0.002873204229637549
1 0.429867438198737 0.08621715565150194 0.4441151601490957 0.05308612323091627 0.42268924922733514 0.035149462178374884 0.40844152727697647 0.06828049459896054
1 0.43176813556452226 0.06098971131306897 0.45015279655782586 0.0949771302725225 0.4696710793817727 0.07442436673165992 0.45128641838846917 0.04043693802425768
1 0.5056517511351496 0.02758474528687979 0.45951576838417657 0.04487825292947954 0.4702701032962263 0.10072910887216181 0.5164060487851991 0.08343559798024582
1 0.5152477222484547 0.9861495945685158 0.5490669371589781 0.9682955116388948 0.5328820383446848 0.908615606200756 0.4990628234341613 0.9264696891303769
1 0.5022314348791399 0.9384385065081985 0.48569731659941623 0.9389293872111903 0.4859466366424374 0.9552805703990098 0.5024807921841613 0.9547897936741375
1 0.390251224876469 0.9502234905704323 0.3649708208729205 0.9546323708009476 0.36658243964152165 0.9726215213080281 0.3918628436450702 0.9682126410775128
1 0.494865967094971 0.23711760486817238 0.46786912631639194 0.23192218215136554 0.465621333419185 0.25465918155910616 0.4926182114597642 0.2598546302704429
1 0.4412770253834707 0.18339396904030691 0.45102554712540066 0.19165198928859004 0.4564882308717758 0.1790986069219482 0.4467396718678457 0.17084059967093004
1 0.5015620975703984 0.21296022535385833 0.5129468310010302 0.24472916715189788 0.5354567680312309 0.22902602759496113 0.5240720718625992 0.19725707279965662
1 0.5159630036033844 0.39312247645103543 0.5210415906521864 0.41585617455347634 0.5318707103985424 0.4111468235516264 0.5267921606117407 0.3884131514437154
1 0.544592031774649 0.23432693611417962 0.5581025995759883 0.2534719073995821 0.5703715975322421 0.23661726215628992 0.5568609552069025 0.21747231686541738
1 0.5987127767523275 0.28889761669672326 0.5742224016760149 0.2833189306307895 0.5707630721058455 0.31288185964451126 0.5952534471821581 0.3184605457104451
1 0.6071650652949481 0.21903063694500638 0.6055531484303457 0.19766504394947162 0.5841307028745993 0.20081126588369755 0.5857426197392017 0.2221768328847024
1 0.6785272358392476 0.174578860021328 0.6568025954622634 0.17530053315820646 0.6571682847317613 0.19672813610486317 0.6788929251087454 0.19600644997071975
1 0.5879315759381677 0.34783818571490366 0.5944064446566888 0.3801024142887564 0.6086774180951428 0.3745272634788916 0.6022025493766217 0.34226303490503884
1 0.5976673913380456 0.44857647715475935 0.5904959095266712 0.40655203044312976 0.5752216567341079 0.4116261366888043 0.5823931385454822 0.453650557405904
1 0.5953332996484852 0.4404807927458209 0.6017989646529686 0.4513682896680686 0.6087092771052732 0.4433796507333369 0.60224364936279 0.4324921278165593
1 0.5773265498607295 0.4747571279080601 0.5872091775412088 0.5013722512344282 0.6004501547714438 0.4918012732744623 0.5905675270909646 0.4651861499480941
1 0.5999528561174069 0.5516332987016876 0.6082328824333219 0.5243268768466514 0.5879624661362942 0.512361542735839 0.5796824025583791 0.539668016579935
1 0.539531516795921 0.9176307171329323 0.5857998914334364 0.8988646421156303 0.5731301034035409 0.8380550144072083 0.5268617660280258 0.8568210374354504
1 0.4809452564579518 0.7479965495900767 0.5047573886074863 0.7863880787838053 0.5338483537946429 0.7512633861431272 0.5100361843831082 0.7128719089384583
1 0.562951429131849 0.855509249477614 0.5440965216966194 0.7520955750239565 0.4968807607052236 0.7688536765831293 0.5157357426644537 0.8722673510367867
1 0.5283267960880266 0.6889954653062447 0.5676965585412851 0.7139636272059998 0.5835782564603366 0.6652145775660137 0.5442084940070779 0.6402464676553183
1 0.5441259214147398 0.6388439587880643 0.5063978854262058 0.6395366090322882 0.5066848400893811 0.6699643500618878 0.5444128760779151 0.669271699817664
1 0.4982850164429754 0.7089660228618772 0.5417906746031746 0.7018247536134476 0.5394537882636027 0.6741104255949212 0.49594813010340355 0.6812516428542909
1 0.614686288239755 0.6356685709912692 0.6310532864487942 0.6558490603705281 0.6428396297170711 0.6372406161826555 0.626472668770032 0.6170601787924563
1 0.6238682040073642 0.600473173229211 0.5986616905501183 0.6047361201687607 0.6015579912979815 0.638074052800921 0.6267645047552274 0.6338111578504312
1 0.5996682489602412 0.6548262276072722 0.6186713101080776 0.6831476318775287 0.6366043556595314 0.6597240649455653 0.6176012945116949 0.631402608686249
1 0.5678683363619887 0.6504225982718005 0.5830812559023009 0.7045475246552917 0.6164588788490155 0.6862849116934625 0.6012459593087035 0.6321600372990311
1 0.642582745488019 0.8431354373236531 0.5883555057139042 0.8415913622464598 0.5877633007454784 0.8820798701687607 0.6419905032575931 0.883623945245954
1 0.639715807196276 0.9652108967405771 0.5876114208328563 0.9497180529306857 0.5834427718277816 0.9770099178489672 0.6355471581912011 0.9925027616588586
1 0.7000261430193071 0.866274520120182 0.6670085827800671 0.8352060139280771 0.647958012582036 0.8746175684758305 0.6809756473452763 0.9056861266569953
1 0.6943913833562271 0.9063548099446337 0.7443835732409951 0.896667168534391 0.7383255917801816 0.835811270562713 0.6883334018954136 0.8454988599838958
1 0.7289745437938797 0.9312417649329217 0.7387618552779686 0.9670061829549085 0.756629878639156 0.9574875059891397 0.7468426416790674 0.9217229839890332
1 0.7477662921388507 0.8759114721970827 0.7460529108478328 0.9105749698879365 0.7590717320331578 0.9118276982737968 0.7607851133241759 0.877164200582943
1 0.75627685844971 0.771094093127795 0.7638264377766331 0.7272051367686595 0.7353111704918346 0.7176566700716035 0.7277616656889118 0.761545626430739
1 0.7065513899620345 0.6245955251144591 0.6434628739316239 0.6222791525533699 0.6423707992311508 0.6801801483310264 0.7054593152615614 0.6824965728811755
1 0.6871897565867292 0.635195106623323 0.7286393348405067 0.6240018100511073 0.7249562842214209 0.597451621060477 0.6835067059676435 0.6086448656436328
1 0.7249983157575931 0.613017509499441 0.6981837606837606 0.6422672824112277 0.7182916028741224 0.6781518991395603 0.7451063069959555 0.6489020742387138
1 0.7577637613038004 0.7112759487795465 0.7555247622386294 0.655043125964917 0.7229771503453144 0.6575659990716833 0.7252162239344857 0.7137988218863128
1 0.7330458644545559 0.5862884781429675 0.725763677240728 0.561226268033965 0.7112569098653083 0.5694317013482219 0.7185390970791361 0.5944940154353439
1 0.7199151827447726 0.5783897282926959 0.738928714514652 0.6195085515764747 0.7547839191515949 0.605236514869703 0.7357703873817155 0.5641176915859242
1 0.7612162346659417 0.6529544654859188 0.7596596518715659 0.6268925577452885 0.7501629839886675 0.6279966494090715 0.7517195667830433 0.6540586611278215
1 0.7138378250438797 0.20147677783868584 0.6795912895156059 0.18597995686571683 0.6719918536324786 0.21867217237742229 0.7062383891607524 0.2341689933503913
1 0.7338208395337301 0.2836699087737569 0.7538030342595772 0.2753060128051134 0.7477387182587378 0.24710254571709966 0.7277565980568911 0.2554664676802731
1 0.760967771648924 0.3178500901698254 0.7477986355549832 0.2948828052215316 0.7259788280296092 0.3192377821550256 0.7391478150755495 0.3422050671033193
1 0.7266326270842872 0.3366498281033726 0.7478569133232219 0.28967779052318465 0.7315106700482678 0.2752996181507533 0.7102863838093331 0.32227168172547116
1 0.7302735716432005 0.22691776724040408 0.6752372247977717 0.23033061506801 0.6773408137543879 0.29636865255170625 0.7323772351238171 0.2929558047241003
1 0.7064496647016179 0.29903205208721517 0.679148691477793 0.3198913886153109 0.6914071442880036 0.35112360835684625 0.7187080429878282 0.3302642458342206
1 0.6860214438339438 0.34958260063418334 0.6975913694053343 0.3980107478023185 0.7231021270938263 0.3861463244566519 0.7115322015224359 0.33771817728851683
1 0.6915351765205281 0.40820018761811916 0.6947457449776786 0.43557458516889375 0.7076933212187119 0.43261851322102585 0.7044827527615614 0.40524411567025126
1 0.7649036076770451 0.596435234940641 0.7559444068843483 0.6489358671276086 0.7872842828287164 0.6593468323273797 0.7962434836214133 0.6068463561075915
1 0.8366182022187881 0.6259689201082038 0.8274524954212454 0.5790787912917909 0.7906010479863019 0.5931014884675788 0.7997667547838446 0.6399915652949318
1 0.7821114974435287 0.6616611253260754 0.8249862726791438 0.7224951878926213 0.8576564020289607 0.6776724040406729 0.8147817013173458 0.6168383934631868
1 0.7840703607915522 0.6707183993857805 0.7590567527090964 0.68068974509556 0.7641492012219552 0.7055575161207677 0.7891627347804105 0.6955862224000479
1 0.803166241581769 0.7278331646115045 0.7702858055030907 0.7223279910761818 0.7674213265033577 0.7556326507100458 0.8003016880580357 0.7611377722563085
1 0.7468520317031059 0.7807557400081186 0.7577636122557998 0.862965780384902 0.7883642101171398 0.8550592841647147 0.7774526295644459 0.7728493477660509
1 0.816288800175519 0.8270827753174244 0.8328007103031517 0.8477376128786467 0.8446413070436508 0.8293112343783273 0.8281292478680174 0.8086564488061648
1 0.7610653980893238 0.9182529222010754 0.8197104206015339 0.920464432828471 0.8207525642218025 0.8666667255876012 0.7621074671855922 0.8644552669492653
1 0.8280401171636523 0.9160825869090715 0.8839230566525489 0.8882363106566759 0.8708950690151862 0.8373409446703312 0.8150121295262897 0.8651872209227268
1 0.8917733403207037 0.8856854154466567 0.8760004101800977 0.900074531516184 0.8861244956215659 0.9216778574850937 0.9018973512381715 0.9072887414155665
1 0.9260078774849283 0.9104777503460392 0.9411965394631411 0.8747164516676427 0.917141831692613 0.8548280368265545 0.9019530951903999 0.8905892315268313
1 0.9403900407318376 0.877427889094442 0.9646867279313568 0.904063340143207 0.9816750699929411 0.8738962722596358 0.9573784573174222 0.8472609771780505
1 0.9977543682988019 0.8972139894657687 0.9705622001154228 0.9018126297646933 0.973063001993666 0.9305984523064842 1.000255095653045 0.9259998120075597
1 0.8770085708562271 0.9681223880696337 0.8513154529389881 0.9694751434066227 0.8518455421531593 0.9890769945498828 0.8775386600703984 0.9877243431910137
1 0.8290091527396215 0.6290381982338693 0.8621109250992064 0.650031172640279 0.8757523197830815 0.608158767934146 0.842650621947497 0.5871657415386765
1 0.9164077702896062 0.6163865045550735 0.9520838997157357 0.6231131610512937 0.957107189956311 0.5712497067817025 0.921431135054182 0.5645231022745422
1 0.8679065820789453 0.5858191728998083 0.8820230672647665 0.6518001004012723 0.9028862847222222 0.6431108568961617 0.8887697995364011 0.5771299293946976
1 0.9346379057682769 0.629136249600724 0.9226575020032052 0.5865120311002715 0.8918012122968177 0.6033950103811755 0.9037816905858898 0.646019228881628
1 0.7948621067517552 0.4548006073985839 0.781648926973634 0.4339072960198839 0.7688170119810744 0.44970453577512776 0.7820301917591956 0.4705978991428876
1 0.8777653620793269 0.44949673550295466 0.9111025557558761 0.4647028596478386 0.9173324640853938 0.43811477063258625 0.8839953449328449 0.4229086204931724
1 0.8722840473328755 0.42348047415686224 0.8552161136389652 0.4268824302764321 0.8576696673010149 0.4508459555838746 0.8747377500429259 0.44744399946430474
1 0.7530919262486645 0.29965103383364833 0.7785482068929335 0.3174097688275261 0.7842988513764881 0.30136277362881975 0.7588426452562195 0.2836040646294719
1 0.7881206656841423 0.3032817418165061 0.8127091888688568 0.2883657686145789 0.8080038180135837 0.2732661180642435 0.7834152948288691 0.28818209126617067
1 0.843106187161363 0.296562753706612 0.8013968182425214 0.2990930092598754 0.802146976829594 0.32316446385554193 0.8438563457484356 0.32063426029133835
1 0.7968211936717796 0.30601714619989084 0.7756041362608745 0.3171181361963639 0.7799210880265568 0.33317979230994466 0.8011381454374619 0.32207877631894166
1 0.9529783367673993 0.6996158944281037 0.9807488857171475 0.7114770944520603 0.9878528860462454 0.6790987758863927 0.9600824116204976 0.6672375758624361
1 0.9597642686631944 0.720042344049457 0.9721898788060898 0.8197280909783592 1.0026391929468101 0.8123396137503993 0.9902135828039148 0.712653866821497
1 1.0057283618074633 0.8747788385394485 0.9958680913270757 0.8166926057415886 0.9794465042878129 0.822119119829376 0.9893067002442002 0.880205352627236
1 0.9934711013812576 0.6088068635540886 0.9850775377508776 0.5771870653714598 0.9597426567031059 0.5902788464417855 0.9681362948574863 0.6218986446244144
1 0.9670474246890263 0.5604535546375905 0.9698502723405067 0.6373619066592578 1.001271006825206 0.6351327717405771 0.9984681591737256 0.5582244717079695
1 0.519624516786382 0.07948277877989579 0.5689547845004388 0.07754398326451369 0.5679773277124351 0.029132495340740458 0.5186471345223786 0.031071287606806323
1 0.5748856652787316 0.06355889367488621 0.6731746240413232 0.06100753706196098 0.6723658895900106 0.0003559232215052772 0.5740768935654189 0.0029072852922663777
1 0.7879195254073184 0.02306481642455015 0.7188479990604014 -0.020487265448757088 0.7011322282318376 0.03420700125231247 0.7702036800547543 0.07775908799959406
1 0.6706187489268544 0.03404148108305273 0.7058894677913232 0.03511128271255623 0.7063965290894002 0.002567520742725067 0.6711258102249313 0.001497720433256289
1 0.7729917719541743 0.07526664149009796 0.8193007621718559 0.10429511647005098 0.8370987329727564 0.04902325293883757 0.7907896682310744 0.019994776334226437
1 0.7851052010597909 0.02311785988750815 0.8073411506028694 0.0236527607022599 0.8076082446199634 0.002032620740302377 0.7853723696008852 0.001497720433256289
1 0.8050347073174222 0.10706354040506548 0.8171683324271215 0.13061705399209433 0.8285595494457799 0.11919365384103492 0.8164259243360806 0.09564014675263854
1 0.8174622550843254 0.13208057202106846 0.83398191570799 0.1672602560897905 0.8475139836834172 0.15489034311531755 0.8309942485357524 0.1197106590465955
1 0.8168517544738247 0.1339591577065255 0.8038548433445895 0.09089151151744836 0.7768776023780907 0.10673962256774383 0.7898745880313263 0.14980728175408592
1 0.9541135608640492 0.20429614455370929 0.9256177443433303 0.13655991042492946 0.8875637776394613 0.1677238035445725 0.9160595196361798 0.23546003767335233
1 0.8885347508394383 0.2080022626678623 0.9025033058846536 0.15038140993914367 0.8602514767675901 0.13044211080573892 0.8462828471983745 0.1880629375399276
1 0.8507932632688492 0.15169418568911708 0.880901853680174 0.13115673942500933 0.8725550165979854 0.107336106048532 0.8424465007106609 0.1278735393153748
1 0.9278463845724588 0.2511458908678929 0.8832439939617674 0.1741486895429621 0.831492441477793 0.23250643520582676 0.8760948320884845 0.3095036365307576
1 0.8880161383213141 0.29214357964224874 0.9423352661878053 0.38590865646960176 0.9681933057177198 0.35674786283372817 0.9138742523752289 0.2629827860063751
1 0.8748446919833639 0.30864714276445376 0.8959286495297237 0.35767537365577085 0.9136259384062119 0.3428603372135195 0.8925419808598519 0.2938320803276725
1 0.96618406414549 0.4246884659567318 0.9845382820846688 0.40548219956978016 0.9627210083753053 0.3648953283462654 0.9443667159121261 0.38410156873868717
1 0.9523381010807769 0.4108909593936329 0.9516720055660486 0.5070899560463693 0.9992323282728556 0.5077310851322935 0.9998985728355846 0.411532114474087
1 0.979621337592529 0.11585483843463852 0.9803230555794032 0.1780295298899662 0.9983448964772207 0.17763355521570884 0.9976430294423458 0.11545886376038117
1 0.8313291593931242 0.08576612456287598 0.8384760110223978 0.11727645328138309 0.8466166401957418 0.11368216363494198 0.839469714042468 0.08217184141506735
1 0.7121456830929487 0.9030441466141397 0.7217317052522131 0.9385707666764267 0.7333746643439026 0.9324550856114246 0.7237886421846382 0.8969285695272572
1 0.6558645618704212 0.8915324170504152 0.643137949290293 0.8912924355502023 0.6430139413537851 0.9040885028481687 0.6557406284579136 0.9043284843483816
1 0.6249365800757403 0.8903758684252555 0.6236825274606036 0.9020402378686648 0.6355827061393468 0.904530721791152 0.6368367214924832 0.8928663523477428
1 0.6167694203582875 0.9027052819221145 0.6170484754774306 0.8875174059372338 0.6017140818166209 0.8869689213559412 0.6014349894354777 0.902156797340822