0 0.6930210616308948 0.29985229080483244 0.7122686125491233 0.1477440742376884 0.7454456850580033 0.1559091474716418 0.7261981341397747 0.30801738977030196
0 0.936855330000189 0.1477686092383142 0.914629307738815 0.25005686665063764 0.8595850435969619 0.22679475266454996 0.8818109920552448 0.12450646952071037
0 0.9034503535463271 0.2969474856809259 0.9408672660264888 0.13733267824324147 0.9793433266654701 0.15487503643582684 0.9419264879883993 0.31448984387351125
0 0.8837052959917246 0.2288272079287653 0.9427420121438558 0.2905767997239935 0.9004535052335247 0.3692110264281197 0.8414168628844846 0.30746143463289155
0 0.9129432023220224 0.3629547942549141 0.9246880786162334 0.26467833752173797 0.965123020896312 0.2740767737866252 0.953378218405192 0.3723533077143497
0 0.9159621915621221 0.08442325173903878 0.9159621915621221 0.024120929068296795 0.9628052348237228 0.024120929068296795 0.9628052348237228 0.08442325173903878
0 0.8757325694811819 0.08775532868821143 0.8745550411644121 0.010573395187094882 0.899797469557701 0.009824339495139419 0.900974997874471 0.08700633571682652
0 0.8525438597009144 0.08442325173903878 0.8525438597009144 0.029146123696338466 0.8763257249234809 0.029146123696338466 0.8763257249234809 0.08442325173903878
0 0.8179520557408178 0.09045348400611299 0.8179520557408178 0.012060464534148397 0.8496611847698761 0.012060464534148397 0.8496611847698761 0.09045348400611299
0 0.7891255278397068 0.08140813560550168 0.7891255278397068 0.02311589142926427 0.8179520557408178 0.02311589142926427 0.8179520557408178 0.08140813560550168
0 0.75453372387961 0.08442325173903878 0.75453372387961 0.04723682049756106 0.7862429267117593 0.04723682049756106 0.7862429267117593 0.08442325173903878
0 0.8519651696644498 0.30439552448652246 0.8152391279190598 0.28481206524030356 0.8301440311602555 0.23044739284161572 0.8668701467087364 0.25003087781935074
0 0.6644509256678884 0.09648371627318718 0.6644509256678884 0.04120658823048687 0.7228245948505517 0.04120658823048687 0.7228245948505517 0.09648371627318718
0 0.5912196241238097 0.02414847304808953 0.6657700083131801 0.017308455494563856 0.6693608977053733 0.09342805370311512 0.5948105135160029 0.10026807608130006
0 0.5430767608236661 0.09858188339670834 0.5385260991346735 0.03194439391060583 0.585458222727101 0.02571093252095163 0.590008921317639 0.09234836571936261
0 0.462498435374471 0.049332716814784135 0.45592457265058195 0.13184391426999895 0.4294270119903454 0.12773794910758984 0.43600087471423443 0.04522674200305649
0 0.4375889327246448 0.051176434624657464 0.42946837862284615 0.14602285452677066 0.39644452133086455 0.14052373361828757 0.40456507543266323 0.04567730406685583
0 0.4453694759862455 0.07738798504937157 0.4453694759862455 0.05226201512560274 0.4561794147237757 0.05226201512560274 0.4561794147237757 0.07738798504937157
0 0.4284047284754761 0.15803553563547376 0.4369941905158895 0.08616170513288167 0.49484197577369254 0.0996074708678067 0.48625247683173367 0.17148135926631008
0 0.4605033902187878 0.11658449478535386 0.4605033902187878 0.05125697748657021 0.500139856857429 0.05125697748657021 0.500139856857429 0.11658449478535386
0 0.42857964180112607 0.17747074275153482 0.47308393891229594 0.18463219679628215 0.46945433979887774 0.2285017814443244 0.4249500426877078 0.22134034026533517
0 0.3902877936772597 0.17123445250332658 0.41736740241460096 0.17810090758145158 0.4122709299661805 0.2171929087646896 0.3851912474257482 0.21032644082080654
0 0.3921532406051617 0.14233708502269313 0.42890880358694833 0.15002602228225786 0.4214555032308041 0.21932203733498892 0.38469994024901755 0.21163316440421454
0 0.376185868066052 0.300506591796875 0.38566539538382333 0.23440595501389913 0.41948104913750756 0.2438378422497497 0.41000159562282723 0.3099385047642417
0 0.4669104948585815 0.33836570598222754 0.4088591606758238 0.3201913302905644 0.4174528294924237 0.2668047128198119 0.4755041636751814 0.284979088511475
0 0.42089467354235943 0.26614197189048006 0.42491373156694 0.23811690280650558 0.4454249021075801 0.2438378422497497 0.44140584408299954 0.27186298852827256
0 0.4152428697357731 0.2887011780505639 0.4269855688387999 0.161329028176216 0.4926033435161918 0.17309467386435498 0.48086064441316506 0.3004668366044609
0 0.44960477706743124 0.37687407778246207 0.4174964840207452 0.3712768040057178 0.421709607273088 0.32427191131231553 0.45381786341822855 0.3298691850890599
0 0.4046812783994294 0.3686047661766837 0.4105050065064805 0.31987395777067085 0.455030263695492 0.33022312209336796 0.4492065355884409 0.37895395623089695
0 0.40496427635183646 0.37036400420267707 0.3695398997222642 0.359624261196709 0.377188852072627 0.31055513481667635 0.4126131548991082 0.3212949550171928
0 0.37366357362832525 0.39447770271494254 0.37702183567771314 0.36169335813988723 0.40305218587042774 0.3668793136313633 0.3996938869194944 0.3996636839379348
0 0.37906854299709036 0.39297014464817404 0.35888996608600365 0.3788996112688396 0.3696999048235339 0.3487484499334686 0.38987848173462064 0.362818983312803
0 0.40215854114315674 0.3982767809502793 0.3897516142212062 0.4934418599480923 0.35468127101912034 0.48454925382720276 0.3670882348426164 0.38938417482938975
0 0.4019623725273012 0.40768386300458476 0.4538032873077577 0.4193447428248182 0.4504813732806832 0.44806783074673273 0.39864042159868124 0.43640697665801537
0 0.41075471926485035 0.364981022492227 0.4611304212798519 0.37977134357214376 0.45098378782260806 0.4469863351239724 0.4006081227091521 0.4321959625810234
0 0.4500393665687349 0.48881065021276876 0.4470458762965727 0.563956661127872 0.3928032613290697 0.559754035525137 0.39579675160123184 0.4846080246100337
0 0.4006095249678809 0.4352565720350706 0.44889239273163545 0.44808234332182756 0.44264134472774336 0.49385006471990933 0.3943585507670798 0.4810242934331524
0 0.34924364378259143 0.5522187154168423 0.3540593692728801 0.4833792417889703 0.3940011592989533 0.48881368653167157 0.3891854338086646 0.5576532116225759
0 0.3420792825276791 0.5400568687091589 0.3040024781601893 0.5363520964804226 0.30617608989452655 0.49290278468526033 0.3442529311635618 0.4966076083770289
0 0.27817576914629305 0.5376957447894709 0.27817576914629305 0.48744379207617516 0.3055609411311121 0.48744379207617516 0.3055609411311121 0.5376957447894709
0 0.29251890170963385 0.48303793895907987 0.2980523991613607 0.43416318845186025 0.3188503500628212 0.43874283222886806 0.31331681570954883 0.48761763419911996
0 0.3542670880724758 0.43730639607267074 0.2842204637077728 0.42791341488920215 0.287451433875973 0.3810518210091036 0.35749803978990324 0.39044485365560444
0 0.36500278090046856 0.3323882233232109 0.35471868918625304 0.3959036918755929 0.3261847167378325 0.3869180148608769 0.3364688084520481 0.32340257204001105
0 0.33209021866970223 0.2744716496330892 0.36002136747090385 0.27905430399748365 0.35676487988399336 0.31765739350857664 0.3288336941812462 0.313074713412666
0 0.3029739213825858 0.36058587368584 0.30612066377319186 0.32255291737754266 0.32220458984375 0.3251410190009749 0.3190578474531439 0.3631740267723045
0 0.2708452402320133 0.37348328151349075 0.29919562749159234 0.37536608227991936 0.2977885346602932 0.41657495096602287 0.2694381289499414 0.4146921501995942
0 0.29643363906509784 0.38768118589764705 0.27354036305806945 0.37255787326754847 0.28134701416310837 0.3495738655077466 0.304240271719364 0.3646971781378452
0 0.30605099365529587 0.3238636808089824 0.3020585416450178 0.36283910535841324 0.2866219055840009 0.3597637002825938 0.2906144129465973 0.3207882500016468
0 0.22757376840353877 0.3652549602129005 0.2574602378466974 0.3706330014722544 0.2543120009434987 0.4046592519415973 0.2244255315003401 0.39928121068224337
0 0.30312975660921443 0.23314549669648504 0.37356962229349305 0.23928529375922217 0.37002238742962135 0.31843692978960264 0.29958254019611547 0.3122972099214139
0 0.3431640772606182 0.19050005033084555 0.3745578825834152 0.19698624506366594 0.3715088185837364 0.22568855478630903 0.3401150132609394 0.21920230859045636
0 0.3616395740439843 0.24068359580852128 0.33644961964839026 0.23629230672955312 0.338134913231182 0.21749041655413417 0.3633248307252305 0.22188162843855397
0 0.35456599059099153 0.19698759596826254 0.35456599059099153 0.17186161961161467 0.3718618925710399 0.17186161961161467 0.3718618925710399 0.19698759596826254
0 0.38099063379732845 0.17411995899013885 0.347272326320662 0.16715344691155934 0.351571134961646 0.12668616052019657 0.3852894424383124 0.13365260826998576
0 0.35233374230086156 0.12952743453078888 0.3565873834501587 0.07613781933840773 0.387830704270424 0.0809791719330503 0.3835770631211268 0.13436878069255243
0 0.3871399442402887 0.08281521853467867 0.3629256667076028 0.07859404050881706 0.36596354953899635 0.04470103747929127 0.3901778270716823 0.04892221228871337
0 0.3539173721258124 0.0796995629347597 0.31810047375680167 0.07256380824174286 0.32265504700961684 0.028100906294875765 0.3584719822801731 0.03523665455501357
0 0.32061036927524184 0.07277176392219119 0.3501326758166755 0.0762027206549556 0.34831863274164904 0.1065618312378959 0.3187962892986699 0.1031308166092202
0 0.3127675731063898 0.16683643463289155 0.3127675731063898 0.11055426251827967 0.34880071453200573 0.11055426251827967 0.34880071453200573 0.16683643463289155
0 0.37321477703200573 0.2563406315460977 0.3015807588847113 0.24472424151724548 0.30855474506641095 0.1610813237362326 0.3801887632137054 0.1726977266308429
0 0.3426952431250945 0.1990941579989197 0.33569616389245766 0.2527793382512779 0.29967455419980915 0.24364552489822672 0.3066736518832187 0.18996035751162652
0 0.30016283544980915 0.31535226136797795 0.3014255878859016 0.27308837478920744 0.3312212610763679 0.2748197713147528 0.3299585639925937 0.3170836578935234
0 0.2752865995432474 0.026322028689199514 0.31318987439304335 0.028839166007596766 0.31190341271396993 0.06651443815955022 0.27400015631494673 0.06399730405759249
0 0.3070422614211759 0.09615105923271501 0.27751628317596544 0.09443530103609493 0.27843181051971544 0.06379297008803884 0.3079577334126077 0.0655086639558686
0 0.30132176538764927 0.13313806800777955 0.2698076056742178 0.12337145234440873 0.27530160002149145 0.08889274532839178 0.30681572283337744 0.09865936099176262
0 0.2997703875134617 0.17041467213108005 0.27576702076405685 0.16832245542066293 0.2776261575276791 0.12683823378049905 0.3016295427278567 0.12893045049091617
0 0.26586295961612944 0.18770939021247232 0.28982938791849305 0.19142314274033648 0.2865424750073213 0.23267872699396605 0.26257604670495766 0.22896500019761803
0 0.2450252842009428 0.30452672948724707 0.2450252842009428 0.23819417454943087 0.2925890146460758 0.23819417454943087 0.2925890146460758 0.30452672948724707
0 0.2329241050341974 0.01982976292679322 0.27373372715646727 0.02652550226118271 0.2700394211830222 0.07031842468158793 0.2292297437084341 0.06362274324310972
0 0.2683644415821966 0.11781251852669161 0.22680208328413126 0.11099335797520553 0.23073748550507292 0.06434309060416776 0.27229978845082 0.07116225115565385
0 0.2305878497380876 0.10706024427237036 0.26606719121967576 0.11579195122292633 0.2608291090904153 0.15718741199821484 0.22534974915805434 0.1484557050476589
0 0.26055015185724 0.15361671383425116 0.2544531124534745 0.2343942986370942 0.2165265711792435 0.22882666756692666 0.22262351832914526 0.1480490698983255
0 0.24610389792501133 0.2671919206744704 0.21136458003679526 0.25864234139505166 0.2155288825444472 0.22573234982675486 0.250268218883436 0.2342819291061736
0 0.2399806399731711 0.30854689290913523 0.20408589779393704 0.29944524395124106 0.2097704332713781 0.25584264951451835 0.2456651939013849 0.26494432420392866
0 0.18608120937877873 0.3963699469477893 0.19524687060133578 0.3040526777656645 0.23324562820010203 0.3113902511725337 0.2240800592314087 0.40370744316011015
0 0.22721634003386676 0.36605629108808496 0.2320577489998205 0.3165423697203046 0.24755859375 0.31949019793917316 0.2427170925301825 0.36900417076998576
0 0.24263271714640644 0.3690904228120389 0.24790794068120844 0.3175922413097465 0.2769650663401224 0.323381266344659 0.27168980590377495 0.37487944784695143
0 0.1875661644710739 0.36506374931657093 0.22392848613328484 0.3686859748415762 0.22185068926182738 0.40925484925860295 0.1854882753457527 0.4056326237335977
0 0.29300476590840385 0.4865547167310023 0.26376250519573763 0.4783984436755639 0.270747414234904 0.4296926977662574 0.29998965649679754 0.43784902228472805
0 0.22086866533309402 0.4659761940246891 0.22535116986755593 0.4222167402656645 0.24795122619407498 0.4267193696149083 0.24346862940574931 0.4704787461793845
0 0.20178552925082188 0.47236821140848967 0.20178552925082188 0.41608605215963584 0.22628806320614797 0.41608605215963584 0.22628806320614797 0.47236821140848967
0 0.18796106636019688 0.5262848981114302 0.1926102736264359 0.46793137754597913 0.2218762066805377 0.47246624848492835 0.21722707321738965 0.5308198205134117
0 0.14861167529474004 0.4403306211629163 0.19411327357447852 0.44385604472425694 0.1910798373793172 0.5200039379512279 0.14557824832496505 0.5164785658529195
0 0.16317817291296668 0.40783508712485506 0.19957322624603235 0.41460265598650925 0.1958219442863418 0.45383858640519603 0.15942689095327614 0.4470710947380902
0 0.22117206984016022 0.4773834897535044 0.25128295603225137 0.48158271879611086 0.2476225625791169 0.5326307016922692 0.21751167638702576 0.5284314726496627
0 0.24655088634560157 0.5319765036262911 0.24807931145849077 0.4829533851970911 0.2790718493755668 0.48483260928277827 0.27754347961499587 0.5338557277119783
0 0.20588772645740439 0.12114581772288022 0.1680529408760486 0.11059291125550037 0.17512100754798973 0.061307363526214034 0.21295579312934554 0.07186026999359388
0 0.216984371752664 0.06428665495642522 0.17612159295410745 0.05933120881928159 0.17936924262087175 0.007244572470602257 0.22023209522251927 0.012200019411855766
0 0.11098204385556794 0.06733759579328823 0.11098204385556794 0.015075580667685497 0.1520598110581828 0.015075580667685497 0.1520598110581828 0.06733759579328823
0 0.14372010790307116 0.11881534003889782 0.08328447261196814 0.10584860507392561 0.0887914932048018 0.055927791241650635 0.1492271284959048 0.06889453263950188
0 0.09945143638527812 0.18090696801222597 0.09945143638527812 0.12562984318596518 0.14989782331067678 0.12562984318596518 0.14989782331067678 0.18090696801222597
0 0.13845202481732258 0.22465571746054228 0.11199942869027263 0.21543304031655117 0.1193756693940353 0.1742855155648912 0.1458281732672215 0.18350826990343064
0 0.1172662017711561 0.1808667882497958 0.11380706934715556 0.21463607093335002 0.09564632429609564 0.21101796245092486 0.09910553974857353 0.1772486154385803
0 0.07669012953032894 0.21537457831191373 0.08180558782390701 0.16900336280037942 0.1009218799448071 0.17310486354474072 0.0958064308766154 0.21947606619051696
0 0.09435137526155815 0.1290315367520157 0.08963936156488532 0.16188853426285177 0.06400041683985792 0.15473732136152246 0.06871243514922394 0.12188027238765414
0 0.13316528800032593 0.2643813186310998 0.09173264786006462 0.2602540091760645 0.093773930652254 0.22039939018365304 0.13520658001790167 0.2245266739071722
0 0.08864149764774788 0.30151161335370996 0.08864149764774788 0.2613100820608927 0.12611595808811027 0.2613100820608927 0.12611595808811027 0.30151161335370996
0 0.09656878913039885 0.35276858762384067 0.09656878913039885 0.3055317767755981 0.12683661759548348 0.3055317767755981 0.12683661759548348 0.35276858762384067
0 0.13076357858789298 0.4016889086461188 0.08310395947678922 0.4042453090416842 0.08172333427899695 0.35418335784346017 0.12938287036162333 0.35162700891092696
0 0.04668533528153813 0.3712477273924958 0.053819824735371634 0.3082317847626607 0.08446162268789677 0.3149791543841563 0.07732713323406326 0.3779950455509591
0 0.08483427294508578 0.29396432809041684 0.05884959764030853 0.2836105320948171 0.06611059020479472 0.24816868799733874 0.09209526089687878 0.2585225354559707
0 0.058779484703866576 0.3074058030950279 0.06112102153367546 0.24862495924127845 0.08922026148730351 0.2508019998946037 0.08687863701632406 0.3095828437483532
0 0.06573547676944387 0.2043011747363446 0.09429595836560989 0.20927999152300933 0.09045978440050635 0.25207915796598335 0.06189939505820407 0.24710034117931862
0 0.05304075008147861 0.12341874687104763 -0.006918343263785236 0.08160915664235416 0.011674698780064427 0.02974912247810557 0.07163387976649883 0.07155877381914985
0 0.03529399424394933 0.1786814620482781 -0.01035961303341922 0.15582608613758828 0.005887845118936633 0.09270531331105739 0.05154144951337194 0.11556074068477946
0 0.03242981621259069 0.16281627121100337 0.04597831089522559 0.12502683797131903 0.06644505658778199 0.13929834735735272 0.05289665415901083 0.17708784492582735
0 0.0002900420754535311 0.15917607222198435 0.049251113577938425 0.16676288109404644 0.04493593448883389 0.2209246733538417 -0.004025136401027693 0.21333787734753767
0 9.237008198573195e-05 0.20925907180039918 0.05363016001690976 0.22136676653239618 0.04696719851142118 0.2786682797925669 -0.006570592324419495 0.2665605721948119
0 0.014496384681784689 0.28585622443316555 0.042768582179151395 0.2937419048650269 0.03825053915003047 0.3252459778552514 0.009978432753354203 0.31736029742339006
0 -0.001756967050997493 0.3372459475949884 0.03275786403300829 0.3344145030235561 0.03451975599886284 0.3761859913097465 4.926404747954303e-06 0.37901743588117887
0 0.0 0.32864765855554384 0.0 0.28141084770730135 0.010089276923810413 0.28141084770730135 0.010089276923810413 0.32864765855554384
0 0.00962927321280649 0.4024532890641468 0.04609276103858071 0.397100464690596 0.04925577701075046 0.439006425880059 0.01279228860838958 0.44435930171664206
0 0.09836094036355993 0.46746723245810495 0.045815210676827485 0.4596157234796585 0.04991837654897927 0.4062080318971991 0.10246402320723436 0.4140594636810972
0 0.12097666139614192 0.467203638806914 0.09210282571370541 0.4525609137034939 0.10228675740805906 0.413503765858848 0.13116059309049558 0.42814651669378423
0 0.11614861078965764 0.525279619239434 0.08803168115765757 0.5203781256587268 0.09089215980908026 0.4884643040057178 0.11900908944108034 0.49336579758642496
0 0.09022551493892647 0.4715927664385276 0.08753675762946833 0.524089433692559 0.06315861878400847 0.5216609961266864 0.06584738070615978 0.4691643288726549
0 0.02089921566134064 0.5165899318547112 0.02089921566134064 0.48040853825226604 0.04396041907018733 0.48040853825226604 0.04396041907018733 0.5165899318547112
0 0.04468108319025374 0.4894538866528773 0.04468108319025374 0.4633228630078784 0.0663009606653142 0.4633228630078784 0.0663009606653142 0.4894538866528773
0 0.023539505097136676 0.49050337226957735 0.003832918556886832 0.48867118539536786 0.005070150114749046 0.462789242826465 0.024776735501825593 0.46462142970067455
0 0.6530866519139208 0.2541201560935524 0.6688025773220224 0.1445322921264031 0.7128739455014359 0.15682468768114988 0.6971579462902433 0.2664125645140572
0 0.5105797468967276 0.3588802858709686 0.5572085397851798 0.3697184519261172 0.5496708086929414 0.43279144132720276 0.5030419789029437 0.4219532752720542
0 0.6019830300124698 0.3703837660070616 0.5949021400534689 0.42634217132002267 0.5511593801366952 0.41557677399247733 0.5582402331941505 0.35961836867951624
0 0.603023173875359 0.36801803614598705 0.5916055773881499 0.4688641450055333 0.5456428942974418 0.4587431163048061 0.5570604907846508 0.3578970331767759
0 0.5004170612671932 0.4230440085091036 0.5467168399760052 0.4311152389037468 0.5411178053794777 0.49358225110007375 0.4948180266706658 0.48551104643694665
0 0.5222684221371485 0.5559638346628636 0.4927636438298254 0.5456768891461583 0.503700745293134 0.48466514857583265 0.5332055236004573 0.4949519911664734
0 0.4861818103721093 0.6090260806413365 0.48897990696087135 0.556345896214297 0.5187109286436291 0.5594171585160203 0.515912832054867 0.6120974458691242
0 0.5175134365907459 0.6632547877088164 0.475446154445662 0.6509755538245678 0.4825134646359205 0.603885129571564 0.5245807467810044 0.6161642605297482
0 0.46697688073892835 0.7351636195062183 0.4716486533002381 0.6808693485356503 0.49881560799576785 0.685415798656856 0.4941437985329126 0.7397101210904564
0 0.4706107973331696 0.6784662822446775 0.5173583024934817 0.684578289269999 0.5135115008832754 0.741802247740567 0.4667640326245088 0.73569034364131
0 0.5171826142353764 0.6963794315846332 0.5670752012167473 0.7093245971062131 0.5599175560431152 0.762978359177382 0.5100249321601987 0.7500331421927698
0 0.5611170776810006 0.7076565773048851 0.5161385588086645 0.6989039506317191 0.5205956012767344 0.654357498451992 0.5655741201490704 0.6631101251251581
0 0.5251081805707754 0.616272590212637 0.567583335498224 0.6228543517963481 0.5643315713091369 0.6636687048772133 0.5218564163816883 0.6570869947565345
0 0.5325696730700197 0.6140786696847333 0.5435182140124319 0.5377343935266916 0.582184502118444 0.5485191924173957 0.5712359980775771 0.6248635200384697
0 0.5800625894493463 0.5448704119677488 0.5427506249645745 0.5368649770598387 0.5472828727823648 0.49578039159662207 0.5845948372671365 0.5037858265045321
0 0.5504983627522294 0.4975922505730923 0.5538555546567979 0.4554541139136277 0.5836751769502909 0.4600748766534043 0.580317948144177 0.5022129618498367
0 0.462759919725854 0.6598655867938449 0.4668653273668946 0.5968858998702308 0.4833696542945133 0.5989783867615672 0.47926424665347267 0.6619580736851813
0 0.5621414276824176 0.7540337753939186 0.4536969001520934 0.7308513776447881 0.4686086670807512 0.5951823705766495 0.5770531946110754 0.6183646653997155
0 0.5620902083372695 0.730538379482636 0.5438129466563066 0.7648938647008063 0.5307834906618425 0.7514121456049747 0.5490607523428053 0.7170566603868044
0 0.6251990469364042 0.7633842995757799 0.5883862127560081 0.7501354507008853 0.5940446588407837 0.7195567859566031 0.6308575299227253 0.7328056348314976
0 0.6297164603329051 0.7234153811887384 0.5951415572806454 0.7149063290472175 0.5998500468797234 0.6776962408931018 0.6344249499319831 0.6862053959606872
0 0.665361877219997 0.7799582778904932 0.632637955689805 0.7716606873484928 0.6375154543672537 0.7342491214231134 0.6702393020943546 0.7425467119651138
0 0.6758307718740553 0.7363946667007009 0.6304541222273655 0.7253890399386067 0.6359021187981787 0.6817021233235403 0.6812786946417775 0.6927077500856345
0 0.680001753561442 0.7855259089606609 0.6253599376747657 0.7812923540755428 0.6274421442809099 0.7290242341477392 0.6820838125614042 0.733257737569825
0 0.6821423384125604 0.6895178654945721 0.6473396052184099 0.6841250028819298 0.6502661929885882 0.6473920284998156 0.6850689261827388 0.6527849425754901
0 0.6478757108713724 0.6522701578638807 0.6478757108713724 0.606038342840957 0.6918360792019347 0.606038342840957 0.6918360792019347 0.6522701578638807
0 0.6618787403406514 0.5623732980145973 0.690882543266324 0.5674293865441874 0.6872348992971584 0.6081257348921005 0.6582310963714858 0.6030696463625106
0 0.6190296989542398 0.5509242143035941 0.6232367703531212 0.5157206697769551 0.648830058640984 0.5216694360639755 0.6446229134390115 0.5568729291275822
0 0.646074029814087 0.6025207416605185 0.6082392442327312 0.5919678351931387 0.6140045571932625 0.5517662524372892 0.6518393058730728 0.5623191589046691
0 0.6420324987482996 0.6468918592893655 0.6028829480024751 0.6377921659266969 0.6083561114273164 0.5919950076741674 0.6475055883700499 0.6010946495738038
0 0.5911713569023013 0.7122249506778299 0.6008411485886487 0.6335593829870626 0.640346171922234 0.6430040330549115 0.630676343334341 0.7216696007456788
0 0.6223261878164676 0.4719510006060287 0.6473590154313407 0.4819255655169688 0.6403699365175333 0.5160399978920742 0.6153370720011148 0.506065432981134
0 0.688232790890455 0.44020695549641653 0.688232790890455 0.3949802392248762 0.7127353432965539 0.3949802392248762 0.7127353432965539 0.44020695549641653
0 0.6140323809585664 0.505622799440741 0.6314684719099531 0.3672062840067717 0.6774664697797007 0.3784756588091537 0.6600304157298594 0.5168922257061551
0 0.6320211094552978 0.4201061898500079 0.6320211094552978 0.37387440055860033 0.673819563841445 0.37387440055860033 0.673819563841445 0.4201061898500079
0 0.667201271656779 0.3443720079393049 0.7346404697182966 0.4371689897765599 0.6951612774665583 0.492970715887832 0.6277220794050408 0.4001738112451254
0 0.6745125010627645 0.5248235023845911 0.6806104076528492 0.4823026351542738 0.7063879822589177 0.489492535390098 0.7002900018657422 0.5320134540834475
0 0.7397367945605351 0.44597853456339587 0.7477221413996372 0.3969784715726444 0.7789640230596282 0.40688078238630376 0.770978676220526 0.45588084537705525
0 0.7353276502985188 0.5061599705713796 0.7392701376161955 0.4530111637726602 0.7689961775903114 0.45729973263925483 0.7650537640757256 0.5104485394379743
0 0.8335087878816505 0.4751163373307072 0.7750970363040357 0.45754629202677066 0.783769858935724 0.4014686983311156 0.8421816105133388 0.4190387693665683
0 0.7701000504222718 0.5123687280973335 0.7767900054082905 0.46260989415906933 0.8035931477667775 0.46961859305833686 0.7969032665838498 0.5193774269966009
0 0.7950474140577766 0.5156042603980028 0.8032108477554414 0.4716913181452888 0.8268704950593259 0.4802457606812553 0.8187070613616612 0.5241587543970014
0 0.8701319481181983 0.41967158454264597 0.8647171629383313 0.4649797667942401 0.8353843458330185 0.458161841355528 0.8407989834067034 0.4128536591039339
0 0.8516616913542926 0.48763441114763384 0.8367514004874547 0.536153500638965 0.8145723907950423 0.522897395476523 0.8294826816618803 0.4743783059851918
0 0.8820688600551693 0.48668615331537207 0.8622007727478839 0.48322263978182967 0.8651277295335172 0.4505665668146606 0.8849958168408026 0.45403013181123525
0 0.8704587482051088 0.4227547862678515 0.8988443026375453 0.43155182553785043 0.8941642272284991 0.46092257572064715 0.8657786727960626 0.4521255364506482
0 0.9014938336041415 0.47552418186129847 0.9025670043502494 0.43361721714270657 0.9241079863210399 0.43469011843908095 0.923034741771841 0.47659703169464057
0 0.8792083998545194 0.5467410931900822 0.8792083998545194 0.512569742701307 0.9022695778935536 0.512569742701307 0.9022695778935536 0.5467410931900822
0 0.8470099563321871 0.5292496833994256 0.857125703195851 0.4822249259755744 0.8797372728045647 0.49168522080522764 0.8696215997439919 0.5387099782290788
0 0.953682803761714 0.4457671244269077 0.9403649621892004 0.49839095683363194 0.9169178677873715 0.4868500630730923 0.9302357093598851 0.43422623066636806
0 0.9850234339574516 0.44733705568876475 0.9753148587467881 0.4947255538245679 0.947997677859545 0.48384081372523186 0.9577062530702086 0.43645231558942876
0 1.0008147123214555 0.4436709321972492 0.9985402486632784 0.47380552243623525 0.9809461821956242 0.47122274723664104 0.9832207196568924 0.4410881055346227
0 0.9259666433645707 0.5492240815701412 0.9356744067412334 0.49507025321458686 0.9602617588988815 0.503642656348809 0.9505539955222189 0.5577964847043634
0 0.9334250361339933 0.49841344617872574 0.9292856421695511 0.5503690311116674 0.9010479891314616 0.5459934382575359 0.9051874568989948 0.494037801861562
0 0.892900939719997 0.6432248094632694 0.892900939719997 0.5859376029260644 0.9253307559325876 0.5859376029260644 0.9253307559325876 0.6432248094632694
0 0.8686397234214405 0.5828906311755638 0.891374839404474 0.5844004536157514 0.8898682969080638 0.6285221299272765 0.8671332547281212 0.6270123074870889
0 0.8420537835597416 0.6186969107359296 0.8486768729453219 0.5755930188132378 0.8698890621457451 0.581932132199884 0.8632658989570737 0.6250360755856081
0 0.8108754463610943 0.6199324352142179 0.8188062527159538 0.5683175355547797 0.8461211457073761 0.5764803958783463 0.8381903393525166 0.6280952955377845
0 0.819310254024335 0.5654115725126475 0.8114384163391778 0.6203021971009433 0.7864923811593107 0.6133442407514755 0.7943642926475589 0.5584536161631798
0 0.7586210866649032 0.6047830565582841 0.7644136698675559 0.5616991322921058 0.7923916836315372 0.5690149625678489 0.7865991742319756 0.6120988868340272
0 0.7224740301683419 0.594901485346622 0.7292521798480955 0.5381846435958579 0.7622078430840009 0.5458446586312974 0.7554297672073382 0.6025614489190293
0 0.7596763970629913 0.6057891073757641 0.7523659794910067 0.6618622495191294 0.717232239433759 0.6529535869321775 0.7245426570057436 0.5968804447888122
0 0.7524639899958434 0.6636231086306387 0.7592094449062878 0.6118837198961846 0.7855280699724153 0.6185571371403351 0.77878254125888 0.6702965773378214
0 0.8151287922980275 0.6292842974349178 0.8075151178251587 0.6770650468025401 0.7782902008388755 0.668007861904511 0.7859038015086532 0.620227163999921
0 0.8090897805745542 0.6761738100100126 0.815011002564805 0.6266280330252688 0.8413054202170873 0.632739782735429 0.8353843458330185 0.6822855082571406
0 0.8908557822655305 0.6332015605238196 0.8825585435638982 0.7026306975752266 0.8374489135004156 0.6921457223104184 0.84574629980823 0.6227165852590114
0 0.7342496823514963 0.7554704688652772 0.7707398494180774 0.6918588673686499 0.8086186216416641 0.7341195375079047 0.7721284545750832 0.7977310875414998
0 0.809822940480464 0.7387436968078098 0.8249568547130064 0.710602630049141 0.8552823971952463 0.7423216126620468 0.8401484829627041 0.7704626794207157
0 0.8073150376454806 0.7373768386712163 0.8409843767712741 0.7725933518819825 0.8249857117215841 0.8023425354724388 0.7913163725957905 0.7671260222616726
0 0.8445877388858449 0.7715883303251475 0.791921705548103 0.8695193929173693 0.7542166658007105 0.8300815730231609 0.8068826991384522 0.7321506133570036
0 0.7744559826556832 0.7923744034405301 0.7444655062065447 0.8558326451010487 0.707275464428091 0.8216486861693718 0.7372658670741384 0.7581904445088533
0 0.7488212908337741 0.8538588319620837 0.7810527243377796 0.8780626679753373 0.7677238123016172 0.9125843787876792 0.7354923787976119 0.8883804913113933
0 0.7490411502418379 0.8811473621284781 0.7420877182209794 0.9393309517614356 0.7142740639406363 0.9328661656500317 0.7212274959614948 0.8746824730910097
0 0.7399143647974608 0.8566902250704838 0.709018693437311 0.8896391741541948 0.6809537396321418 0.8384568727438607 0.7118494109922914 0.8055078207340851
0 0.6913359156542851 0.8287785805095911 0.6812804659159613 0.8918831682124789 0.6487744111103764 0.8818091767232293 0.6588297870456091 0.8187045375573092
0 0.6743184727365478 0.9462053836095594 0.6805272315693017 0.8769349070865831 0.7198199972131953 0.8837846366792264 0.7136112383804414 0.9530550102761383
0 0.6648434843088724 0.9485128830496417 0.6658993851316883 0.8910831239131007 0.6804692961428733 0.8916040327255481 0.6794133953200574 0.9490338947881535
0 0.6160562831228272 0.9338702094092538 0.6250772718362682 0.8772569627424115 0.6562099249215916 0.8869052520288786 0.6471888993066052 0.9435184986957209
0 0.6598557238134825 0.8173957297210951 0.6479768949091218 0.8891825941320616 0.6188710223086079 0.8798153959277508 0.6307498512129686 0.8080285829798166
0 0.6322262820482543 0.8150180861680544 0.6198751133615478 0.8695635481990409 0.5911448246910898 0.8569107441636804 0.6034959564762508 0.8023652306696617
0 0.6031869060327237 0.8044673411480291 0.5900175193777396 0.863238844461425 0.5633042691840803 0.8515968773055439 0.5764736558390644 0.7928253225291158
0 0.5355246012271387 0.8517406650176539 0.5471246389552789 0.7893416869499631 0.5731101906717616 0.7987371383589797 0.5615100791405305 0.8611360649636383
0 0.547214494218561 0.7944394605356766 0.5357992225287183 0.8598875718012225 0.5098151468740553 0.8510730351002582 0.5212304185638982 0.7856249238347123
0 0.4858161898593372 0.8280790435121996 0.4951232393534613 0.778756564624394 0.5211604163320926 0.7883123233788734 0.5118534406410595 0.8376346993406144
0 0.45616299353603007 0.8129946112029669 0.46243407907912637 0.7675169869176856 0.4937340806732731 0.7759113794233505 0.4874629951301768 0.8213890551716642
0 0.44525910346366765 0.8686591368702572 0.45349704138168834 0.8083436396632588 0.4880699517504912 0.8175275780097228 0.47983197693092505 0.8778430237536888
0 0.4726742579542019 0.9023598064660624 0.4451550042038241 0.8950496885868993 0.4490658299954655 0.866415966220489 0.4765850837458434 0.8737260840996522
0 0.48231877208188484 0.9032049323816926 0.4837265291410029 0.8501967225870837 0.5165383870541113 0.8518915031651824 0.5151306299949931 0.9048997129597913
0 0.5110218274117669 0.8937809189897765 0.5190544820321947 0.8527058027244941 0.5305185744667283 0.857066111058047 0.5224859198463007 0.8981412787863617
0 0.5256124770915206 0.8555585529912785 0.5554091466237152 0.863869472458632 0.5476758742418947 0.9177936727642811 0.5178792047097 0.9094828047599599
0 0.5561353321375264 0.9185048918699936 0.5696117396510354 0.862122199587637 0.5907992048159765 0.8719716064041421 0.5773227973024675 0.9283542986864988
0 0.6216246894365931 0.8787168660413154 0.6118898034239911 0.9364159826886593 0.5791528187466937 0.9256735893365303 0.5888876678577502 0.8679744726891864
0 0.8266028112482996 0.969199992754005 0.847020214961835 0.8804272913812183 0.8818126157232467 0.8959907415946459 0.8613951382066203 0.9847634429674326
0 0.9844267359667851 0.9961853541974073 0.9353876079296403 0.9799019361627845 0.9506978377465614 0.8902249263872787 0.9997368919806152 0.9065082414958369
0 0.8981335050682059 0.8412551751225232 0.9871035740770481 0.8807345256837584 0.9793804496202388 0.9145852614816083 0.8904103806113967 0.8751059109203732
0 0.885689861108487 0.9712481185115409 0.9010763295184023 0.8816291590364144 0.9525698531495617 0.8988238844461425 0.9371833847396464 0.9884427409952045
0 0.9836299577964405 0.6902189978459633 0.997794689838082 0.698120734743887 0.995160583717503 0.7073046730903509 0.9809957040696796 0.6994029876554595
0 0.9889507178383842 0.7907987597820931 0.9207495028623791 0.7122921099349178 0.949401486453295 0.6638813501264755 1.0176027014293 0.7423878970475865
0 0.9671292103187349 0.7005120160004743 0.9671292103187349 0.6251341126620468 0.9995590265313256 0.6251341126620468 0.9995590265313256 0.7005120160004743
0 0.9606432470762167 0.7045321536908463 0.9606432470762167 0.5969929944403457 0.9995590265313256 0.5969929944403457 0.9995590265313256 0.7045321536908463
0 0.41288995339187196 0.7194344583289418 0.3748727634711306 0.7051601056103762 0.38549782546572703 0.6501227599171322 0.4235150522880139 0.6643971126356977
0 0.4068551853461306 0.6055019951188343 0.39951495132538545 0.6451691857477867 0.3851952327926617 0.6400155233090483 0.3925354299118614 0.6003483326800959
0 0.33906619753485867 0.66539750251963 0.37206145612908104 0.6711494227082894 0.3682696747232089 0.7134538364249579 0.33527441612898656 0.7077018647732662
0 0.3332445359143554 0.7113517259465905 0.34373239796279853 0.5919022198270183 0.3801171373138981 0.5981156090258748 0.3696292383639095 0.7175651151454469
0 0.3443935998549917 0.635764316603868 0.35074096089262774 0.5915039474204258 0.37901311687575573 0.5993896793153194 0.37266571893657424 0.6436500484987616
0 0.33553361258454883 0.5854161794832947 0.33099320952520406 0.6392389461523766 0.29624643752479785 0.6335380258286784 0.30078685903491537 0.579715207696564
0 0.3031598129180207 0.6844091817460213 0.3054142574877664 0.6372479443606398 0.3297126889949554 0.6395070685504057 0.32745822597443697 0.6866683059357873
0 0.29958318597316164 0.5903760321425748 0.29220994351997054 0.6572140055201307 0.2645373269465122 0.6512767669523345 0.2719105693997034 0.5844387421117464
0 0.238741135510741 0.6200686578605871 0.24629366412272333 0.5621382663463058 0.27388059530754044 0.569133379005059 0.26632806669555814 0.6270638219823724
0 0.21663406538127267 0.5607718199139703 0.24410484895164186 0.5646028824238511 0.24020893138438068 0.6189346699449304 0.21273816626478423 0.6151036074350495
0 0.21980209996362984 0.5588015577242306 0.21126498276550218 0.6183307512614619 0.18174553609384447 0.610097180731582 0.19028263484119937 0.5505679357313185
0 0.15267736764744086 0.5617227538239091 0.1847084165340179 0.5668770852820668 0.18078214744558646 0.6143324853597966 0.14875111700978216 0.6091782053646712
0 0.14175631835642288 0.5716497668930491 0.1383866629548632 0.599845127150743 0.12202571698226837 0.596042317845568 0.12539528935535066 0.5678469061248419
0 0.0948888831732495 0.5497284707492359 0.12673721405730426 0.5534297434917791 0.12453052931281647 0.5903597698243834 0.09268220765414809 0.5866584970818403
0 0.07156183411161153 0.5898572847774821 0.07621728235173254 0.5444093546618096 0.09669854418974834 0.5484898584890124 0.09204300830845677 0.5939376342155881
0 0.049336180865692546 0.5721115446814398 0.053757544151961156 0.5351152339632957 0.07584489963074838 0.5402490316715851 0.07142354095717295 0.5772453423897291
0 -0.00012509548246067697 0.5724624196353288 0.006972709618860173 0.5196694797046268 0.03307975160167468 0.5264961538588216 0.025981944590410557 0.5792891452525558
0 0.7898462150232392 0.0180906968012226 0.7898462150232392 0.0 0.8266000067308419 0.0 0.8266000067308419 0.0180906968012226
0 0.7487684478206242 0.02311589142926427 0.7487684478206242 0.0 0.7891255278397068 0.0 0.7891255278397068 0.02311589142926427
0 0.5577928757581053 0.021105812934759695 0.5577928757581053 0.0 0.5967086552132141 0.0 0.5967086552132141 0.021105812934759695
0 0.4878885806543795 0.033166277468908094 0.4878885806543795 0.0 0.5080671206639208 0.0 0.5080671206639208 0.033166277468908094
0 0.4042917087836306 0.02814108605730594 0.4042917087836306 0.0 0.4396041999272597 0.0 0.4396041999272597 0.02814108605730594
0 0.37258257975457226 0.016080619914937783 0.37258257975457226 0.0 0.3970850952591256 0.0 0.3970850952591256 0.016080619914937783
0 0.041311155639796045 -0.020941292053531433 0.10347789316973058 0.006151813680767812 0.09352717001752381 0.05055950865978736 0.03136034715276531 0.023466402925488117
0 0.40619542261421177 0.7541101979968118 0.3628182094071191 0.744803417392364 0.3668005872954769 0.7087033353808758 0.4101778005025695 0.7180101159853236
0 0.28269451099843185 0.72702335145381 0.2876807400796837 0.6853006243906777 0.3257784676234696 0.6941558168871206 0.32079225699299047 0.735878543950253
0 0.2798508225502097 0.7457931029655881 0.24420723228961985 0.737508275255586 0.25119965079329465 0.6789987702393814 0.28684320415233905 0.687283495023319
0 0.2405017082463441 0.632385871462637 0.23696499032293872 0.6718452029043265 0.21443591411918078 0.6679178015980712 0.2179727242964499 0.6284584186933495
0 0.21815385553251587 0.6209845969085951 0.21523549680698306 0.6616836727972175 0.19482864693545948 0.6588377156506904 0.1977469318579013 0.6181386397620678
0 0.14898977775527603 0.6480690761521132 0.15318409044480238 0.6071237496541684 0.17770096065055357 0.612008311897265 0.17350673098950462 0.6529535869321775
0 0.1319102848887876 0.6032525459791316 0.12705426291081753 0.6489649960805755 0.10427940396328503 0.6442595251897133 0.10913543516664148 0.5985470750882694
0 0.08792083814037466 0.6432248094632694 0.08792083814037466 0.5990030890170478 0.1080993873753023 0.5990030890170478 0.1080993873753023 0.6432248094632694
0 0.060519913808322154 0.6287889142864671 0.0646752446277254 0.5925699012074462 0.08850998053960096 0.597888296812421 0.08435464510750454 0.6341073098914418
0 0.04335658063046733 0.5849597023872259 0.0660282490187141 0.5902293625006587 0.06051621904107939 0.6363524875994677 0.03784455065283262 0.6310828789490672
0 0.04317324913975117 0.5886898458908622 0.03942574958847397 0.6304994940154669 0.01778370466313022 0.6267266876580945 0.02153120306123413 0.5849170909965219
0 0.0011182938406228155 0.5742583250718012 0.02169439092080279 0.5766496063283885 0.018940969418729806 0.6227289878497839 -0.0016351265082768691 0.6203376551301644
0 0.381792467479406 0.8156043015684286 0.32176258313180167 0.7960701181755903 0.3318890683452048 0.7355454237424905 0.3919189526928091 0.7550796071353288
0 0.36592705391050107 0.8502036186334053 0.374193442920099 0.8040901171216274 0.4057330462491498 0.815086429074884 0.39746662033800634 0.8611999305866621
0 0.3205821395929376 0.8151222473453309 0.37311628680707754 0.8430324509413206 0.3544275728938369 0.9114487955180227 0.3018934072289242 0.8835385404590008
0 0.28269451099843185 0.72702335145381 0.2876807400796837 0.6853006243906777 0.32566160042888453 0.6941286958691242 0.3206753897984054 0.7358513714692243
0 0.312862188669041 0.7404029678936551 0.3080832724703843 0.7763924558488353 0.2925737189554678 0.7723869336596226 0.29735267205566995 0.7363974971674747
0 0.22278249018714102 0.8528379083282831 0.23996578710110905 0.7644711473538944 0.27827508965599496 0.7789596377496575 0.26109179274202693 0.8673263472610139
0 0.3156450449195133 0.7782399272436236 0.3020443345500019 0.8787680202953732 0.22716408744544475 0.8590645235264281 0.24076474246263793 0.7585364819377108
0 0.2428106010464688 0.6901184905439766 0.2385920163653926 0.7430667973690451 0.2169194434833642 0.7397085257364566 0.22113793591057662 0.6867601159853236
0 0.19025492178053205 0.7125724805346226 0.19025492178053205 0.6773961084890124 0.2125954679883521 0.6773961084890124 0.2125954679883521 0.7125724805346226
0 0.1710082564993954 0.7112810672033094 0.17384358674756273 0.6737173765545953 0.18982448370309665 0.6760633703428014 0.18698924570879308 0.7136270609915156
0 0.17046441997265152 0.7219270702960319 0.1340155365100939 0.7117607026638912 0.14111131624270234 0.6622818790841062 0.17756019970525996 0.6724481952532146
0 0.1586012004220356 0.7825385828645394 0.12797303759057116 0.7739957709738617 0.13700902678225607 0.7109876249934127 0.16763718961372054 0.7195304368840905
0 0.2084070503207187 0.7888360626580945 0.1708755031894744 0.7940701618162416 0.16847088778033367 0.7605357178146079 0.20600245336235073 0.7553015157303963
0 0.21115414897360565 0.7577992225376792 0.17656234501350893 0.7577992225376792 0.17656234501350893 0.7125724805346226 0.21115414897360565 0.7125724805346226
0 0.18521029600353311 0.7376984311597544 0.18521029600353311 0.7115674075147554 0.20971281150808646 0.7115674075147554 0.20971281150808646 0.7376984311597544
0 0.16894876279450385 0.7872882605001054 0.20014073511421177 0.7906344383201149 0.1977625043101005 0.8337505269814502 0.1665705319903926 0.8304044520875052
0 0.14773583556317071 0.8281519151658674 0.14773583556317071 0.7869453623162153 0.16863504430547158 0.7869453623162153 0.16863504430547158 0.8281519151658674
0 0.1509216382396841 0.7798997644228236 0.1457848047258776 0.8354196789694878 0.12794893165597604 0.8322101355001054 0.13308576516978254 0.7766902724164735
0 0.09424731290326009 0.7652711401902403 0.09772068932382198 0.7119875517100548 0.1225422002384135 0.7151345161322197 0.11906882381785161 0.7684180016863407
0 0.08672900124933873 0.6867120495132009 0.09155185796329447 0.6530818842715799 0.10998417993843052 0.6582230926565135 0.10516131399908839 0.6918532578981345
0 0.1020682356810195 0.7126301191307441 0.08419938185483108 0.7103646649880112 0.08580609359648957 0.6857164971543002 0.10367494742267798 0.6879819512970331
0 0.04468108319025374 0.7025220591141442 0.04468108319025374 0.6532751794207157 0.07278692390783234 0.6532751794207157 0.07278692390783234 0.7025220591141442
0 0.02163351490246774 0.6920355399583684 0.02827448308684085 0.6426407040472175 0.045853214655994935 0.6472373306248682 0.039212246471621824 0.6966322179990514
0 0.0 0.7366934096029195 0.0 0.6392046203098651 0.025223191156352735 0.6392046203098651 0.025223191156352735 0.7366934096029195
0 0.03582217529001663 0.6981342180583369 0.032324340063830816 0.7420372794088586 0.005194013611725481 0.7378332643042528 0.008691937055668491 0.6939302544167633
0 0.0315421841308889 0.7468296198981609 0.03514549781218117 0.7016028264320721 0.05539433987858506 0.7047404760453995 0.051791028503639376 0.7499672695114882
0 0.05138882010850826 0.7401724135091695 0.05657201580153699 0.7040296171809127 0.08068650232981597 0.7107556811070563 0.07550330663678724 0.7468983745092486
0 0.07422824753527198 0.751768990270605 0.0814915279955789 0.7078747290985983 0.10075508495916623 0.7140743776678435 0.09349180911155248 0.757968587376818
0 0.027355533124746118 0.7498690780459528 0.06739673360803827 0.7708096431841537 0.0541286952838644 0.8201529131369888 0.014087493647398943 0.7992122965357557
0 0.0918094399762413 0.7684876311689766 0.08689517813409255 0.8267421368603762 0.06402337882654266 0.8229895040116463 0.06893764066869143 0.7647349983202466
0 0.0812253294717588 0.829719890832499 0.08937254494017817 0.7631700589725179 0.12286506108534236 0.7711447704501739 0.11471783639153661 0.8376946023101549
0 0.10074418055247222 0.8497964945852656 0.08363768498006727 0.9118239610231345 0.04374867338943943 0.8904281024386067 0.06085517357453758 0.8284005845377055
0 0.11265966191689654 0.8657337722649663 0.07490756347361037 0.8609475044134697 0.0771699280375581 0.8262407325371522 0.11492202186815108 0.8310270003886489
0 0.0808583067002579 0.9230275660702993 0.09159619517020764 0.8781023974362352 0.12813384530045532 0.8950874624525716 0.11739595683050559 0.9400127340127002
0 0.10486204246511771 0.8411950148378214 0.13474789380738927 0.8557826230337005 0.1252652759851827 0.8935667298495468 0.09537941541752475 0.8789791216536678
0 0.05735549096473039 0.8207386139070405 0.04766551413299671 0.8984419258207736 0.008249968398438976 0.8888820500237141 0.01793985355289556 0.8111787895730133
0 -0.004578301234862248 0.7903742926920847 0.0013989228867850251 0.7570306736140388 0.023612256494081583 0.7647753453375317 0.017635032949020957 0.7981190158786098
0 0.0 0.8894592593934444 0.0 0.8422224742767179 0.012971926485036275 0.8422224742767179 0.012971926485036275 0.8894592593934444
0 0.22460129356153644 1.0125543037916316 0.11073140855856069 0.9534647589389228 0.13107570108508257 0.8772145572038365 0.24494550305958093 0.9363041020565451
0 0.1697448951878023 0.8806349961793845 0.1735787812570851 0.8432073737879426 0.19819665099285821 0.8481119551505849 0.1943626726697117 0.885539629005059
0 0.1876718135958283 0.9006995061195721 0.19880303563921742 0.8515412457676802 0.22336001782492254 0.8623560990692191 0.2122287957815334 0.9115144623471754
0 0.21439713059486473 0.8990071957670215 0.22362164978248752 0.860413626916895 0.24480905959511035 0.8702630337334001 0.23558463266135127 0.9088564996574621
0 0.23205335771590652 0.9176003776151455 0.24408839086235073 0.867247917599863 0.2672216929720564 0.8780018386712163 0.2551866044732939 0.9283542986864988
0 0.29633647729580753 0.9511686842920004 0.3090201104566581 0.8981025785861088 0.3334505941444037 0.9094595434693824 0.3207669056312349 0.9625256491752741
0 0.38069217409735867 0.939430995896132 0.36508104907846506 1.009769124486193 0.31502092908054335 0.988160003096016 0.3306320171978915 0.9178218745059549
0 0.28173451729235943 1.009421543166368 0.2497169835968202 0.9922478146737985 0.2582238230768686 0.9614024170333579 0.2902412829693168 0.9785761455259275
0 0.42735292372421024 0.9990085132206471 0.42735292372421024 0.9567968873511278 0.5073464703819339 0.9567968873511278 0.5073464703819339 0.9990085132206471
0 0.3474824068191694 -0.004559418805333052 0.3946243156977403 0.002745453664062397 0.39271717002342804 0.02668254009587769 0.34557529804640263 0.01937766662134489
0 0.3293428248044513 0.011055426091005991 0.3293428248044513 0.0 0.35024201509597946 0.0 0.35024201509597946 0.011055426091005991
0 0.303398953383606 0.012060464534148397 0.303398953383606 0.0 0.33078412536842505 0.0 0.33078412536842505 0.012060464534148397
0 0.3051997303530268 1.0219170761751686 0.23306300245144346 0.985226816109823 0.24799133817402888 0.9281424768457526 0.32012802917406663 0.9648326339850337
0 0.8064214298197552 0.9990085132206471 0.8064214298197552 0.9668473087716062 0.845337209274864 0.9668473087716062 0.845337209274864 0.9990085132206471
1 0.03709573757259272 0.966693846009433 0.02543133201737502 0.9864467987523714 0.014349912069152315 0.9737196820984402 0.026014318777543313 0.9539667293555016
1 0.016592834131316955 0.9424947960581788 0.01933244292364155 0.8991957563171902 0.04385749143441326 0.9022137543805333 0.04111788379526196 0.9455127941215219
1 0.16225068946847604 0.747764651731134 0.1678718096399826 0.7270974582202518 0.1725917387181643 0.729594187229922 0.16697063699743048 0.7502614322038365
1 0.12981383428608204 0.7154789067440451 0.1399744626544551 0.7184846566057125 0.13756614786537844 0.7343185965166527 0.12740552872239175 0.731312795191953
1 0.15267437862225572 0.6444661492642022 0.16025047809642345 0.6520555055563607 0.15625754636605388 0.6598079481977235 0.14868143766649977 0.652218591905565
1 0.06742901784765389 0.7774892359921743 0.06367175322489986 0.7640150819620837 0.07408265710021161 0.7583689697677329 0.07783983408179508 0.7718431237978236
1 0.06720205027938898 0.7610200364111246 0.058596679060173726 0.7518425824067243 0.06498332179299 0.7401953145585213 0.07358869762489845 0.7493726656368571
1 0.010164052139891102 0.7501562417659149 0.0004418809079489656 0.7409711712327414 0.00505475525123753 0.73147480081748 0.01477692637506967 0.7406597684245889
1 0.12016353584114269 0.47140698489210053 0.13041371503504762 0.4790531049088322 0.12582415911710249 0.4910195979460898 0.11557397992319755 0.48337347792935814
1 0.12518451695286523 0.4986790983512068 0.1296671045158045 0.47635289106964057 0.1367919995678091 0.479135188445273 0.13230941200486981 0.501461344263807
1 0.11751727066132293 0.4680676001923482 0.12673729708578163 0.43537097435576516 0.14342233088169307 0.44452166758339484 0.13420229523184798 0.47721839634604235
1 0.12033763733279172 0.4124664512492754 0.13273545879839121 0.395793946959317 0.1464256738665026 0.4155935766725074 0.13402785240090312 0.43226610669398186
1 0.1504147401599815 0.44534389244967326 0.14521105027112305 0.42570722042810655 0.1570364457376058 0.4196124535185893 0.16224013562646425 0.4392490226140915
1 0.1590453658743954 0.37924515979889073 0.143713862316496 0.39080254746126686 0.13563482245338007 0.3699585527030855 0.15096632601127946 0.3584010878461609
1 0.15819502511076367 0.32133507045083265 0.1822034289211287 0.36047630889017707 0.1619085752401848 0.3846873497279458 0.1379002636836835 0.34554616275163363
1 0.16354942091142685 0.3314220048926934 0.17941691941765228 0.31722626195589165 0.18839829432200347 0.33675128492898926 0.1725307773650053 0.350947027865791
1 0.14675073035538846 0.2872886464728473 0.17622971448241007 0.314945497561064 0.16573620649750603 0.3366992558033832 0.13625713934200706 0.30904243044668267
1 0.15493560385098626 0.3154214534148398 0.16264365402646047 0.2760060714026929 0.18426046867324478 0.2842279598242517 0.17655240004699782 0.3236433418363986
1 0.1827824510715028 0.247965769261172 0.20411484705637847 0.28797457149820826 0.18516981500812424 0.3076209185698382 0.16383734522015758 0.26761211633280196
1 0.17571956906670383 0.27347064219276984 0.15236964565955166 0.2927677868590588 0.13985121149249924 0.26330702783285465 0.16320114412503778 0.2440099088980818
1 0.18075365945246372 0.2640098841958263 0.1861632784159613 0.2036554166076557 0.20621972966222982 0.20715177642153246 0.20081018450182322 0.267506231143945
1 0.167630860998668 0.16753033642825146 0.19327005480912748 0.21791539827446513 0.16058126355024752 0.2502675305731582 0.13494205128901526 0.19988248159270264
1 0.15832953124409574 0.15781163284790656 0.18209759528864683 0.16609841615313423 0.1784538075309855 0.18642505304809365 0.1546856696833434 0.17813826974286598
1 0.1889804900052902 0.16757070917705258 0.20545394879010165 0.16991497895367833 0.20281382771760695 0.20599810389603973 0.18634036893279549 0.20365382125365594
1 0.21405826370257708 0.1297131260169095 0.20176934792312198 0.15827666567308707 0.18280612341293834 0.14240896601299008 0.19509503919239343 0.11384536202802224
1 0.15840589899249924 0.15282667909464587 0.16459408521363927 0.13331498504690134 0.17617552456284954 0.14045882586886066 0.16998735679248225 0.15997053278236326
1 0.1510343263342418 0.1088275877259433 0.1688035183114325 0.08721023868348506 0.1854434953202936 0.11381260580799431 0.16767440482235302 0.13542989695454127
1 0.13858916941115762 0.14564069004927277 0.15366696561838725 0.1473928776398477 0.15225281536651206 0.1710605460515915 0.1371750283846688 0.16930835846101655
1 0.1574376024386903 0.07108330043130139 0.14684670204983657 0.05736824151436354 0.1551453153340387 0.04490469278010711 0.16573620649750603 0.05861975812992398
1 0.18463583119402774 0.047337298851592144 0.1819308925568697 0.06200753094575055 0.1717804766912126 0.058367454181433125 0.1744854153283706 0.04369728641606503
1 0.21140240412092842 0.07613297538049707 0.19803478236354102 0.06867584691682915 0.20225107914879648 0.05397611363943271 0.21561860865232013 0.061433177774310316
1 0.21259696250094468 0.07993560456505916 0.21847936406533403 0.0638701389048996 0.2304534174078465 0.07239738966120034 0.2245710342942299 0.08846285532135988
1 0.15770722358085512 -0.012981832127949037 0.17674462019748527 0.02779069678578369 0.15691874825824706 0.04579490031198949 0.1378813516416169 0.005022371800311701
1 0.1400473893337411 0.012630952349400641 0.11791938680259031 0.01669870862269281 0.11654492416289582 0.0021568705621497425 0.13867291746866026 -0.001910886314224835
1 0.10965868985638509 0.021431789430357756 0.10117699877959209 0.04856814019394564 0.0935743301926674 0.043946460768907104 0.10205601204407402 0.016810106788879703
1 0.029527198302558427 0.3786299964428752 0.03444014322080231 0.360473426960371 0.04149475466671705 0.3641860215700095 0.036581719800956015 0.38234264251554595
1 0.05016373031228745 0.3692147060349257 0.06807261770264557 0.3840441132878373 0.0626156586689701 0.3968614189057889 0.04470685891978254 0.3820320116528773
1 0.04273972517057371 0.32526321797105556 0.05033263329871476 0.2978777314518998 0.06196246902484271 0.3041491194881034 0.054369560896701655 0.33153458027574306
1 0.04114348424244965 0.30015036468763173 0.02913959600040385 0.2865099593318534 0.03817884405982538 0.2710387823352524 0.050182642354354025 0.2846791362279985
1 0.05972262824172697 0.18927927001129716 0.04770395631801693 0.22788113727537415 0.03493427797845658 0.22014850790142812 0.04695303293064399 0.1815466535031092
1 0.050862225828897274 0.11200140298518524 0.057144709336858564 0.09155802220156382 0.06994685181106881 0.09920979028608505 0.06366436369041434 0.11965315820394841
1 0.08671782930643988 0.05531988417318257 0.08182801473818206 0.12961632405324489 0.06315219330239902 0.127225737547593 0.0680420908991342 0.052929300883970215
1 0.07468438292645198 0.03644811363284543 0.09236929177373035 0.05165723765278345 0.08595547105265644 0.06616214797227418 0.06827055297999168 0.050953023952336175
1 0.05817423939272455 0.06616006371946802 0.03040647218420543 0.04651690413939812 0.040082546358673574 0.019913802058459534 0.06785031356719269 0.03955689891795887
1 0.014398296914337047 0.024199080507429614 0.02155838566218495 0.008507312047742873 0.0359276514387765 0.0212594767244027 0.028767476202931342 0.03695124518408944
1 0.03192776376708099 0.022201210009106898 0.0003481912353451047 0.022201210009106898 0.0003481912353451047 0.0 0.03192776376708099 0.0
1 0.20624550539175862 0.825344400904432 0.21649666247661917 0.7841372304983927 0.23276197809406174 0.7920071117793529 0.22251082100920117 0.8332141792593276
1 0.19391780608798745 0.8390929558224863 0.20184235763088534 0.8109109244901455 0.21394503131022333 0.8175298938461741 0.20602047976732543 0.8457118737154827
1 0.23107229322735603 0.9790515610178647 0.2580165655465916 0.9790515610178647 0.2580165655465916 0.9977499333039102 0.23107229322735603 0.9977499333039102
1 0.30456009741417583 0.9157904227708684 0.2825548201979576 0.960428530611035 0.2678859576925257 0.9463641985270869 0.28989123490874397 0.9017260906869203
1 0.2841778793242707 0.9081561907145869 0.2719230236713082 0.9467479068955523 0.2506976975206885 0.9336388316162522 0.26295260852596924 0.8950472183613511
1 0.2843359655451746 0.9088597932915261 0.25927201147667583 0.8928151637265493 0.26683369167194115 0.8698410368689398 0.29189764574043986 0.885885563507852
1 0.3062735653269536 0.8044754723071248 0.3092833660822249 0.7650196403516284 0.32787063764689767 0.7677773383978447 0.32486083689162637 0.8072332218163734
1 0.3901578264340236 0.8848803875619203 0.3661820804914223 0.8648183478472807 0.37377092022417246 0.8471793420801276 0.3977467030683192 0.8672413303317348
1 0.3311105195383351 0.5671447445128056 0.34237803744001283 0.5762872036552751 0.3375080297762999 0.5879605632608295 0.3262405118746221 0.5788180526553278
1 0.30155692048632105 0.5795080175287205 0.3218102599285822 0.559245066136172 0.32900063677306907 0.5732231976410993 0.30874735268312614 0.59348620049668
1 0.29102514559873793 0.5776653836589639 0.297823314366923 0.5587038808890177 0.30715982974512546 0.5652143147100285 0.3003616609769404 0.5841757145539102
1 0.2735236651087326 0.3255152581715061 0.26565610800285294 0.3163718984259723 0.2710096919695152 0.30741241609467224 0.27887724907539485 0.3165558530347544
1 0.38274563439956166 0.9767355187144288 0.37910533383794964 0.9643256201912943 0.3846428904596811 0.9611664075674536 0.38828319102129305 0.9735763060905881
1 0.4685241625415659 0.6718993420142548 0.4444561996367707 0.7354335945734085 0.40961431390284914 0.7097631136040261 0.43368223990609883 0.6462288610448724
1 0.411965422071021 0.5968335619664313 0.463457432738815 0.5777816901118518 0.4727995756027056 0.626889413766073 0.42130756493491156 0.6459412856206525
1 0.3830749806931114 0.5783286392186182 0.4066315619804262 0.5539545634946775 0.4206955897044098 0.5803905056057652 0.39713900841709493 0.6047645813297059
1 0.40783230136931303 0.5559658931841537 0.3964493554333245 0.5660679320259802 0.38833691967153494 0.548289255589297 0.3997199025090689 0.5381872167474705
1 0.4359229017486019 0.5538957412488142 0.45321533498337363 0.523488499864961 0.46911407064786126 0.541073572374315 0.451821674314635 0.5714808137581682
1 0.4572119568682928 0.528988611436815 0.44305800007793605 0.5176006143450939 0.44855046301107165 0.5043235637285255 0.46270445670297383 0.5157115093572143
1 0.44108428401554944 0.48513809384222173 0.4580620577718788 0.4770379154919372 0.4617589653042813 0.4921085557085266 0.4447812284494974 0.5002086825957789
1 0.47595521126577617 0.5191811469915947 0.48755550730473474 0.4848034297434918 0.49683248203927977 0.49089176377397764 0.4852321490987757 0.5252695324851128
1 0.48128534430027586 0.480000333480449 0.4845154103806114 0.4315760646260408 0.49876202695170796 0.43342433369782885 0.49553199777291795 0.4818485768207209
1 0.4681868086126436 0.4278847499802382 0.44659431208434097 0.41282826209751794 0.45793862210219544 0.38118670561663415 0.479531118630498 0.3962432706939028
1 0.4417839004166037 0.1505463264040762 0.44894372278142003 0.17142437682384987 0.4323248534565825 0.1825088835486272 0.4251649941902207 0.16163083312885354
1 0.4379864730742707 0.24776812548581104 0.41802126089924047 0.24549518347188554 0.4194828204116914 0.22052588631692666 0.4394480325867216 0.22279882833085213
1 0.39546452698713347 0.9695566315675064 0.4242703900227668 0.9473923269854027 0.4347859282303318 0.9739726743649874 0.40598010209624397 0.9961369789470911
1 0.42981521624896085 0.9128405617622259 0.4440611685922385 0.9459527001212057 0.42263786565003403 0.9638791269234823 0.40839191330675634 0.9307669885645026
1 0.4317156458419929 0.9380535363748946 0.45009807692761866 0.9040855677895763 0.46961401278623793 0.9246265224823461 0.45123154479906663 0.9585946969197934
1 0.5055902889302448 0.9714394580654511 0.45945992521680395 0.9541558045359928 0.4702129617711797 0.8983368383089165 0.5163432885830751 0.9156204918383748
1 0.515185096676145 0.013421414071351641 0.5490001969066468 0.031265268438381046 0.5328172455387508 0.0909111061546493 0.49900214530824893 0.07306725178761989
1 0.5021704012998791 0.06110523603416816 0.48563828750850213 0.06061468397787007 0.4858875943498715 0.04427280393860995 0.5024197081412485 0.04476329809899676
1 0.3902038057597113 0.04932694973873248 0.3649264685043833 0.044920581991314684 0.3665378851930925 0.026941773863305127 0.3918152224484205 0.03134814321894268
1 0.4948058122591067 0.7620261386916368 0.46781225792586156 0.7672186042566926 0.4655647692974418 0.7444945877358242 0.49255832363068697 0.7393020707077361
1 0.44122340284206846 0.8157191155933811 0.4509707246755026 0.8074658347221491 0.45643274383360416 0.8200120588177171 0.44668538509862454 0.8282653396889492
1 0.5015011179692224 0.7861697114941242 0.5128845067237569 0.7544189247272871 0.5353917187618085 0.7701131425056651 0.5240083669088196 0.8018639292725022
1 0.5159002855293985 0.606110236697012 0.5209782703035255 0.5833895138102076 0.5318060693890757 0.5880961683508116 0.5267281215164941 0.610816891237616
1 0.5445258476137395 0.7648152291875263 0.5580347653888301 0.7456812223334739 0.5703022782718977 0.7625262049760223 0.556793286693716 0.7816602118300748
1 0.5986400083013717 0.7102756854052488 0.5741526224304716 0.7158511903193507 0.5706936929649713 0.6863050798541579 0.5951811157374168 0.6807295749400558
1 0.6070912740539034 0.7801027860850548 0.6054795252512848 0.8014561876679753 0.5840596910543568 0.7983117963974231 0.5856714398569756 0.7769583948145026
1 0.6784448035538845 0.8245292264735719 0.6567227826008918 0.8238079206135381 0.6570884031136639 0.8023926090028194 0.6788103502635656 0.8031138633998208
1 0.587860107421875 0.6513687313909675 0.5943341883667435 0.6191228702538734 0.608603425585229 0.6246948756817823 0.6021293446403605 0.656940633892812
1 0.5975947351236586 0.5506878445964639 0.5904241375075574 0.5926883691076886 0.5751517317747695 0.5876171504466168 0.5823223662924161 0.5456166773984243
1 0.5952609337803242 0.5587789654530723 0.6017258262403643 0.5478976219138649 0.6086352716189919 0.5558817511264228 0.6021704529620427 0.5667630946656302
1 0.5772563745205751 0.5245221348677277 0.5871378334718863 0.49792223153588744 0.6003771854571305 0.5074877168034623 0.5904957265058193 0.5340876715983347
1 0.599879937131575 0.4476898347748472 0.6081589833712779 0.4749806807776929 0.587890994015455 0.48693919704495153 0.579611947775752 0.45964829957907355
1 0.5394659445969052 0.08190120935038009 0.585728711055585 0.10065649331721649 0.5730604473884333 0.16143146534191216 0.5267977178312991 0.14267617494219673
1 0.48088680760892155 0.2514385718720357 0.5046960168767004 0.21306894440675064 0.5337834387044664 0.24817360271691874 0.5099741925351421 0.2865432044506877
1 0.562883038042246 0.1439871956887977 0.5440303705623677 0.24734190865270606 0.49682037833235715 0.2305933420010803 0.515673082713781 0.12723861617141388
1 0.5282625984828446 0.31040599494921217 0.5676275435497279 0.2854521109724125 0.5835073118198307 0.33417334725442666 0.5441423667529474 0.35912720549971017
1 0.5440598179956734 0.360528929840654 0.5063363274755328 0.3598367005938422 0.5066232738933079 0.3294262942335055 0.5443467275119029 0.33011854921183337
1 0.49822444523692566 0.29044688129907514 0.5417247989013376 0.2975840319268418 0.5393881930405456 0.32528259380269814 0.4958878393761336 0.3181454431749315
1 0.6146115876166679 0.36370250065049275 0.6309765743084945 0.34353352075483506 0.642761525681114 0.36213133427586164 0.6263965020877419 0.38230026270848705
1 0.6237923600221055 0.3988778177039418 0.5985889365624055 0.3946173219214402 0.6014848591482769 0.3612983536358426 0.6266883195095224 0.3655588494183442
1 0.5995953893142572 0.3445557824274742 0.61859614269621 0.31625049713289155 0.636527009569604 0.3396606959942822 0.6175262192861056 0.367966007020381
1 0.5677993202440107 0.3489568752140862 0.5830103587066392 0.2948628211704917 0.6163839319452842 0.3131150346984349 0.6011728934826557 0.3672090372789972
1 0.6425046909244634 0.1563539424593895 0.5882839954749849 0.15789713867599203 0.5876918732759598 0.11743175641682256 0.6419124211192564 0.11588856020022001
1 0.6396381050672612 0.034348167818272095 0.5875399865146992 0.049832168759222174 0.5833718462463158 0.022555832115031815 0.6354699278973323 0.007071831174081735
1 0.6999410608515342 0.1332280511196709 0.6669275359922914 0.16427887631910043 0.6478792534197401 0.12488980478219198 0.6808928520820737 0.0938389924485205
1 0.6943069328852404 0.09317066134731042 0.7442931021859885 0.10285274898020855 0.7382358610990402 0.16367396697226103 0.688249765601383 0.15399187933936287
1 0.7288858951075046 0.06829785737782264 0.7386720373668002 0.03255383200428337 0.7565379206185762 0.042067165921550576 0.7467518521623715 0.07781118486221082
1 0.7476754240430395 0.1235966417077822 0.745962232891853 0.08895286058294029 0.7589794744747581 0.08770091939736377 0.7606926656259447 0.12234463619341537
1 0.7561849942374547 0.2283542111993439 0.7637336481871599 0.27221816064535465 0.7352218166660369 0.2817611822993518 0.7276732365194226 0.23789723285334105
1 0.7064655493075499 0.3747692140318692 0.6433847189814464 0.37708430426920847 0.6422927284471357 0.31921628595001583 0.7053736325763301 0.31690122144419264
1 0.6871062605095601 0.3641757032320431 0.728550755271312 0.3753625827937263 0.7248682024401073 0.40189766843644603 0.6834236338752645 0.3907107631432467
1 0.7249101963988815 0.38634065110204996 0.6980988618972944 0.3571075645305254 0.7182042999452086 0.32124341479039314 0.7450157820529776 0.3504765270934338
1 0.7576716837023881 0.2881382496722834 0.7554329407402509 0.34433902013563183 0.7228892463582602 0.34181758887048114 0.7251280631234885 0.2856168184071327
1 0.7329567998035067 0.4130544163927461 0.7256754606493727 0.4381023747925011 0.7111704963582602 0.42990158621416524 0.7184517617093032 0.40485357635137803
1 0.7198276727346584 0.42094866541947723 0.738838906155532 0.3798532984510039 0.7546921791159689 0.39411720417402246 0.7356809456950952 0.4352125711424958
1 0.7611236756773353 0.34642643791829153 0.7595673160945058 0.3724735253576887 0.7500718104075348 0.37137002928864093 0.7516282437934553 0.34532289038621156
1 0.7137510214347793 0.7976466367055755 0.6795086751105275 0.8131346421137225 0.6719102040744029 0.7804610202525558 0.7061525503986548 0.764973066307441
1 0.7337316584558268 0.7155003668284939 0.7537114098397824 0.7238595071570668 0.7476478954900998 0.7520468391817295 0.7276681441061442 0.7436877503161888
1 0.7608752544730577 0.6813397206504268 0.7477077497968939 0.704293879851523 0.7258905966596131 0.6799527919312552 0.7390579537295949 0.6569986327301591
1 0.726544270636525 0.6625506705015546 0.7477659804356862 0.7094959690036098 0.7314217693139737 0.723865888573066 0.7102000595148126 0.676920641534043
1 0.7301848295089556 0.7722201419720963 0.6751551045760278 0.7688092236575148 0.6772584926692866 0.7028089140559127 0.7322882176022143 0.7062198323704943
1 0.7063637748450725 0.7001470401757484 0.6790661517769423 0.67929957166289 0.6913231477195435 0.6480851840812079 0.7186206969845829 0.6689326525940662
1 0.6859380313822552 0.6496253182473914 0.6975065920920873 0.6012247995823672 0.7230142687943999 0.6130824483064133 0.7114457080845678 0.6614829669714376
1 0.6914511222793228 0.5910411918344224 0.6946613353281816 0.5636823117029406 0.707607283125189 0.5666367014584212 0.7043971438794211 0.5939955815899031
1 0.7648106566939994 0.4029134200355054 0.7558525113125378 0.3504427930757931 0.7871885657166339 0.340037714168555 0.7961467110980955 0.39250828966523504
1 0.8365164852488286 0.3733966177671796 0.8273519126218637 0.42025998712189083 0.7905049814134296 0.4062453168640651 0.7996695540403945 0.3593819475093539
1 0.7820163712968561 0.3377247853785703 0.8248860037456545 0.27692540701082946 0.8575521374556001 0.3217226385467169 0.8146826526129837 0.38252196545142547
1 0.7839751053317715 0.32867264385770184 0.7589644924472869 0.3187070335143734 0.764056315300975 0.29385342525591535 0.7890667805792775 0.3038190355992438
1 0.8030686291991007 0.2715904917725021 0.7701921566798292 0.27709250747654934 0.7673280801277207 0.24380686150433442 0.8002044050408101 0.2383048458002872
1 0.7467612989580185 0.21869807380045847 0.7576715360962062 0.1365349240487985 0.788268378740931 0.14443690539612536 0.7773581416027433 0.22659999081899504
1 0.8161895641248489 0.17239745270341483 0.8326995369889284 0.15175440822041658 0.8445386598303356 0.17017028705667686 0.828028613163165 0.1908132672108848
1 0.7609728959624396 0.08127931720289774 0.8196107802108524 0.07906908289377042 0.820652806052562 0.13283607006877107 0.762014848001058 0.13504631724365646
1 0.8279394590292473 0.08344839395198211 0.883815631612757 0.1112787848178291 0.870789238446569 0.16214512894165656 0.8149130658630592 0.1343147445086886
1 0.8916649593551618 0.11382825056979869 0.8758939768411804 0.09944730504568271 0.8860167349984885 0.07785633724013227 0.9017877913155607 0.0922372698984902
1 0.925895275775582 0.08905008711662099 0.9410821806274562 0.12479098289451149 0.9170303436980426 0.14466803873972386 0.9018434388461684 0.10892720729062368
1 0.9402757342521917 0.12208104254222439 0.9645694977138755 0.09546083061128201 0.9815557219241233 0.12561064747493544 0.9572621060686215 0.15223080150996654
1 0.9976330610688104 0.10230624374209528 0.9704442237568017 0.09771026688522673 0.9729447462826859 0.06894084936852801 1.0001335097916038 0.07353682622539655
1 0.8769019794579429 0.03143825498841464 0.8512120091208812 0.030086324347613432 0.8517419891172914 0.01049561283439649 0.877431959454353 0.011847544279307579
1 0.8289083460077842 0.3703291122668107 0.8620061539969393 0.3493480714537442 0.8756458508492669 0.3911965998992148 0.8425481904662938 0.4121776407122813
1 0.9162963719581319 0.38297355355943036 0.9519682103517987 0.37625075753583476 0.9569908797092276 0.42808460666598597 0.9213191151186517 0.43480740268958157
1 0.8678010988985037 0.4135234504686841 0.8819158662475438 0.3475801619068165 0.9027765313255743 0.3562644456731529 0.8886617639765342 0.42220773423502056
1 0.9345243331743123 0.37023107519037207 0.9225453534754762 0.41283101536974337 0.8916928569235565 0.3959576508649083 0.9036718366223927 0.3533577364170531
1 0.794765486250189 0.5444673020361246 0.7815539211287031 0.5653486846872365 0.7687235489721886 0.5495604954119677 0.7819351140936744 0.5286790098347913
1 0.8776586825498791 0.5497681487471016 0.9109917747931152 0.5345707036190451 0.9172209770820737 0.5611435888589534 0.8838879586419287 0.5763411369130744
1 0.8721780650128477 0.5757695370138596 0.8551122072674199 0.5723695803251475 0.8575654220119785 0.548419714376054 0.8746314273635882 0.5518197739908305
1 0.7530003908611699 0.6995283516020236 0.7784535270792398 0.6817797810392074 0.7842035258983903 0.6978175660208948 0.7587503896803204 0.7155662395097755
1 0.788024828540659 0.6958997446610192 0.8126104094241233 0.7108071956023398 0.8079056099795949 0.7258982666427329 0.7833200290961306 0.7109908157014123
1 0.8430037031438936 0.7026148984243255 0.8012994215018515 0.7000861079455628 0.8020494823155986 0.6760283754808706 0.8437537639576406 0.6785570630335687
1 0.7967243678912863 0.6931659254617675 0.7755098169919513 0.6820712676538786 0.7798262645716822 0.6660187642449673 0.8010407416679263 0.6771134220528562
1 0.9528625562084341 0.2997916416213243 0.9806297145414525 0.28793720933679384 0.9877328192308419 0.32029708682184077 0.9599657347009144 0.33215149337485506
1 0.9596475695756499 0.2793768485521185 0.9720717295193471 0.17974796906289522 1.0025173496306303 0.18713221944001635 0.9900931896869332 0.28676109892923957
1 1.005606082791717 0.1247285968336649 0.9957470230785218 0.18278172767986536 0.9793274590009069 0.17735829602606581 0.9891865187141021 0.11930516517986535
1 0.9933503415016627 0.39054888617530037 0.9849578230095601 0.42215063600073777 0.9596260190730804 0.4090663401714666 0.9680186113682738 0.37746456461451305
1 0.9669298681699667 0.4388746290544635 0.9697323929441883 0.36201011310339376 1.0011492617329203 0.3642379735010671 0.9983468107617895 0.4411024637206208
1 0.5195613616611245 0.9195711029721754 0.5688856279403152 0.9215087890625 0.5679082905078597 0.9698925822420426 0.5185840980317601 0.9679548961517179
1 0.574815780104576 0.93548583984375 0.6730928248044513 0.9380357301657357 0.6722841643364571 0.9986528007417264 0.5740071196365818 0.9961029104197408
1 0.7878237151177071 0.9759568830364671 0.7187606276451027 1.0194841098624579 0.7010470001700423 0.964821003339745 0.7701100876426467 0.9212937765137542
1 0.6705372451726874 0.9649864055254005 0.7058036831875378 0.9639172095673483 0.7063106366195586 0.9964424635065345 0.6710441986047083 0.9975116594645869
1 0.7728977779955789 0.9237847931268445 0.8192011730558495 0.8947728174733874 0.8369970171742744 0.950013236291895 0.790693548310913 0.9790251090192875
1 0.7850098246674728 0.9759038761132484 0.8072430058286729 0.9753692781342221 0.8075100992149713 0.9969770614855608 0.7852769180537712 0.9975116594645869
1 0.8049368806444605 0.892006061933495 0.817069001757104 0.868465944647186 0.8284588113805547 0.8798828125 0.8163266902679112 0.903422929786309
1 0.8173628856654322 0.8670032623445405 0.833880534050975 0.8318436672474442 0.8474110023286351 0.8442065285591009 0.8308932801400015 0.8793661236561973
1 0.8167524602998413 0.8651257880019498 0.8037571382349608 0.9081688506205207 0.7767831417208283 0.8923297644063554 0.7897785375887999 0.8492867017877845
1 0.9539976477478839 0.7948288298376898 0.9255052264396917 0.862526493169003 0.8874558952728234 0.8313803970311182 0.9159481689748338 0.7636827851628373
1 0.8884267749348171 0.7911248810174695 0.9023936408895102 0.848712888978183 0.8601469065286804 0.8686408160307757 0.8461800405739873 0.8110528080700622
1 0.8506898522521161 0.847400838970937 0.8807947972953825 0.8679266120691926 0.8724489961598776 0.8917336166407568 0.8423441249197022 0.8712078950055333
1 0.9277336369690901 0.7480058589632957 0.8831366431756348 0.824959148644999 0.8313913772011033 0.7666346532297376 0.8759883709945586 0.6896814150110666
1 0.8879082344175105 0.7070315587781935 0.9422206671090916 0.6133200016632852 0.9680755873545194 0.6424641343835634 0.9137631546629383 0.736175742961504
1 0.874738368042435 0.6905374510895341 0.8958197781656212 0.6415371307836214 0.9135148810648428 0.6563437141817295 0.8924334709416566 0.7053440344876423
1 0.9660665934146387 0.5745622657402772 0.984418617626776 0.593757565065741 0.9626039737945888 0.6343212931795426 0.9442519495824516 0.6151260453171111
1 0.9522223881971735 0.5883519396211003 0.951556315300975 0.492207776434707 0.999110894162825 0.4915670102201465 0.9997770408621146 0.5877111219435076
1 0.9795022247203748 0.8832197784372365 0.9802038707064313 0.8210805342933178 0.9982235595998338 0.8214762335482978 0.9975217660075952 0.8836154262291842
1 0.8312281247638301 0.9132912749986826 0.8383741090490856 0.8817989870428435 0.846513778151451 0.8853912096200464 0.8393676462600136 0.9168834975758853
1 0.7120591593768894 0.09647942554287324 0.7216440406070511 0.06097310469886304 0.733285518770783 0.06708529184479738 0.7237007113437122 0.10259154836001726
1 0.6557848191174803 0.10798461039190951 0.6430597639718107 0.1082244667194746 0.642935848582036 0.09543562015835792 0.6556609037277056 0.09519577026367188
1 0.624860585961117 0.10914049582778905 0.6236067452482618 0.09748280671555518 0.6355055009871902 0.094993642771626 0.6367593417000453 0.10665139621265018
1 0.6166944584506311 0.09681809732523977 0.61697350793767 0.11199735027139544 0.601640952685724 0.1125455087594198 0.601361903198685 0.09736625581326412