0 0.3064522427165886 0.6991467346498116 0.28721011818657693 0.8512529076044284 0.2540423258580804 0.8430879372448178 0.27328442840136435 0.690981764290201
0 0.06268617261727193 0.8512283708581972 0.08490594869388284 0.7489414847675879 0.1399348695958382 0.7722033016645728 0.11771510451259118 0.8744901877551822
0 0.09608178042540977 0.7020515173523869 0.058675331753337764 0.8616641557396357 0.020209980285820425 0.8441220384147299 0.05761642895789243 0.6845094000274812
0 0.11582132169080399 0.7701708616323807 0.05680115009934483 0.708422115460113 0.09907781287641278 0.6297889594456658 0.15809798446787193 0.6915377056179334
0 0.08659163263414367 0.6360450936322236 0.07485006590741512 0.734320221714039 0.034426356598691914 0.7249219118051193 0.046167923325420454 0.6266467223814385
0 0.08357348703170028 0.914572864321608 0.08357348703170028 0.9748743718592965 0.03674351585014409 0.9748743718592965 0.03674351585014409 0.914572864321608
0 0.12379184030318466 0.9112408355252827 0.12496903169395601 0.9884217228721733 0.09973365497863945 0.989170768392745 0.09855647458123198 0.9119898197039887
0 0.14697406340057637 0.914572864321608 0.14697406340057637 0.9698492462311558 0.12319884726224783 0.9698492462311558 0.12319884726224783 0.914572864321608
0 0.18155619596541786 0.9085427135678392 0.18155619596541786 0.9869346733668342 0.14985590778097982 0.9869346733668342 0.14985590778097982 0.9085427135678392
0 0.21037463976945245 0.9175879396984925 0.21037463976945245 0.9758793969849247 0.18155619596541786 0.9758793969849247 0.18155619596541786 0.9175879396984925
0 0.24495677233429394 0.914572864321608 0.24495677233429394 0.9517587939698492 0.2132564841498559 0.9517587939698492 0.2132564841498559 0.914572864321608
0 0.14755261116137766 0.6946035720595163 0.18426839075445786 0.7141867786196608 0.16936762257336882 0.7685507002787374 0.13265184298028865 0.748967493718593
0 0.335014409221902 0.9025125628140703 0.335014409221902 0.9577889447236181 0.276657060518732 0.9577889447236181 0.276657060518732 0.9025125628140703
0 0.4082252436481223 0.974846829361652 0.33369568926456683 0.9816867540829146 0.3301058062902445 0.9055681851641018 0.40463533868707224 0.8987282604428392
0 0.45635463044004415 0.9004144256438442 0.46090403620035575 0.9670510143490892 0.4139850187713887 0.9732843907035176 0.4094356130110771 0.9066478633401381
0 0.5369104390872659 0.9496629264486495 0.5434824479072856 0.8671528418459485 0.5699725851888959 0.8712587596184045 0.5634005763688761 0.9537688442211055
0 0.5618129587310879 0.9478192353368404 0.5699312501407151 0.8529740990106784 0.6029458609369371 0.8584731518922739 0.59482756952731 0.9533182882184359
0 0.5540345821325648 0.9216080402010051 0.5540345821325648 0.9467336683417086 0.5432276657060519 0.9467336683417086 0.5432276657060519 0.9216080402010051
0 0.5709946162418948 0.8409615828164259 0.5624075238230593 0.9128344358511307 0.504575921753985 0.8993888509932475 0.5131630141728206 0.8275159366166771
0 0.5389048991354467 0.8824120603015075 0.5389048991354467 0.9477386934673366 0.4992795389048991 0.9477386934673366 0.4992795389048991 0.8824120603015075
0 0.5708197338093255 0.8215266395453832 0.5263278752307727 0.8143652834484925 0.5299564768326729 0.7704962802292713 0.5744483354112256 0.777657636326162
0 0.6091008694783412 0.8277628376256282 0.5820288314599469 0.8208964745603015 0.587123903829701 0.7818050211997487 0.6141959858215508 0.7886713842650753
0 0.6072359552300972 0.8566598250039259 0.5704906804417327 0.8489709902049309 0.57794189453125 0.7796759063874058 0.6146871693196145 0.7873646798445352
0 0.6231988472622478 0.6984924623115578 0.6137219959445921 0.7645921870092651 0.5799157750022514 0.7551604457836055 0.5893925823464518 0.6890606597440326
0 0.5324995936852711 0.6606338577653894 0.5905347049064527 0.6788079803313443 0.5819434350093435 0.732193867285647 0.5239083237881619 0.7140197447196922
0 0.578502556089022 0.7328566048013505 0.5744846135120227 0.7608813108511306 0.5539791755786203 0.7551604457836055 0.5579971181556196 0.7271356783919598
0 0.5841527933346091 0.7102977043420227 0.5724133758105188 0.837668138053549 0.5068139507722442 0.8259026455519787 0.5185533682963347 0.6985322118404522
0 0.5498004660482709 0.6221260109139447 0.581899813341476 0.6277232107804648 0.5776878598787599 0.6747274580912375 0.5455885565590103 0.6691302582247174
0 0.594711435631304 0.6303952011031722 0.5888893061481223 0.6791253631438442 0.544376516204746 0.6687763156603329 0.5501986017144722 0.6200461536196608
0 0.5944285104185428 0.6286359777402638 0.6298429725493065 0.6393755888819096 0.622196164529674 0.6884440513112438 0.5867817463723658 0.6777043788277324
0 0.6257204610951008 0.6045226130653266 0.6223631317402513 0.6373065277559673 0.596340036529629 0.632120625098147 0.5996974098579341 0.5993367104075062
0 0.6203170028818443 0.6060301507537689 0.6404899135446686 0.6201005025125628 0.6296829971181557 0.650251256281407 0.6095100864553314 0.6361809045226131
0 0.5972334452252567 0.6007235886463568 0.6096369059010267 0.5055598119994503 0.6446974256883781 0.514452266213882 0.632293965012608 0.6096160735317211
0 0.5974295668368381 0.5913166295343907 0.5456031557462401 0.5796559089392274 0.5489241190533817 0.5509331938010364 0.6007505741174352 0.5625939143961998
0 0.5886396688411833 0.6340189104703203 0.5382780575271299 0.6192287732608355 0.548421854244529 0.5520147122330402 0.598783421585127 0.5668048494425251
0 0.549366008307817 0.5101909694959171 0.5523586657961095 0.43504598799662375 0.6065861155045479 0.43924854987829776 0.6035934580162554 0.5143935007066583
0 0.5987820144345506 0.5637443197432475 0.5505126601337356 0.55091871712076 0.5567619477637563 0.5051515818840295 0.6050312580911158 0.5179772151774498
0 0.6501335561790796 0.4467837233040201 0.6453191663758555 0.5156223009579146 0.605388542417147 0.510187933073571 0.610202932220371 0.4413493554196765
0 0.6572959086393417 0.45894542291535806 0.6953620580843615 0.46265016488693467 0.6931890658068038 0.506098853643216 0.6551228723883286 0.5023941116716395
0 0.7211815561959655 0.46130653266331656 0.7211815561959655 0.5115577889447236 0.6938040345821326 0.5115577889447236 0.6938040345821326 0.46130653266331656
0 0.7068424279820334 0.5159636070979899 0.7013104793317724 0.5648376771553077 0.6805183344684348 0.5602580774968593 0.6860503270921515 0.5113839460976759
0 0.6451115237189301 0.5616945199630967 0.7151385480457493 0.5710873704459799 0.7119084778711501 0.6179483231587626 0.6418814535443309 0.6085554113340138
0 0.6343788344853206 0.6666112545147613 0.6446600482511933 0.603096660058103 0.6731860246026207 0.612082200553549 0.662904810836748 0.6755967950102073
0 0.6672821924390985 0.7245270542163945 0.6393588283220011 0.7199444488065326 0.642614403100797 0.6813418901146356 0.6705378111913499 0.6859244955244975
0 0.696390333368043 0.6384139937971105 0.6932444723607484 0.6764464411903266 0.6771650506714922 0.6738583665397299 0.6803109116787869 0.6358258578046483
0 0.7285100403711501 0.6255167438756282 0.7001675652495722 0.623633977995446 0.701574276091386 0.5824256781956658 0.7299167512129638 0.584308444075848
0 0.7029287904415076 0.6113190464038945 0.7258156548315923 0.6264421472597361 0.7180112019739509 0.6494258401381909 0.6951243375838662 0.6343027392823493
0 0.6933141263142787 0.6751356882066583 0.6973054649506935 0.6361607843907036 0.712737773268642 0.639236158821451 0.7087463906587717 0.6782110626374058
0 0.7717694109386257 0.6337449576986495 0.7418912948036743 0.6283669936597047 0.7450386509084564 0.5943412129004397 0.7749167670434077 0.5997191769393844
0 0.6962345354151657 0.7658526396631595 0.6258143883960735 0.7597129323374686 0.6293606277158006 0.6805623576868719 0.6997807747348929 0.6867020036706972
0 0.6562114352795164 0.8084975046129083 0.6248263927976405 0.802011399772299 0.627874588760244 0.773309479526539 0.65925963124212 0.7797956457090138
0 0.6377410888671875 0.7583146445116206 0.662923983263351 0.7627058633008794 0.6612391842888824 0.781507513151696 0.6360562898927188 0.7771163557043028
0 0.6448126801152738 0.8020100502512563 0.6448126801152738 0.8271356783919598 0.627521613832853 0.8271356783919598 0.627521613832853 0.8020100502512563
0 0.6183954508229017 0.8248773776107098 0.6521043145347397 0.831843789258794 0.6478067007806871 0.872310527245603 0.614097837068849 0.8653441769393844
0 0.6470443329824838 0.8694692947157663 0.6427918799672415 0.9228581874214824 0.6115572706766705 0.9180169033644786 0.6158097236919128 0.8646280106587626
0 0.6122478298220236 0.9161808799858668 0.6364553490014859 0.9204019977818781 0.6334183222965823 0.9542945440091081 0.60921080311712 0.9500734262130968
0 0.6454611126902468 0.9192964946804334 0.6812679939379953 0.926432148535647 0.6767147185135987 0.9708944502787374 0.6409077932923947 0.9637587964235239
0 0.678758824593052 0.926224199611338 0.6492447646962807 0.922793287727701 0.651058317948487 0.8924345850345478 0.6805723778452585 0.8958655582600502
0 0.6865994236311239 0.8321608040201005 0.6865994236311239 0.8884422110552764 0.6505763688760807 0.8884422110552764 0.6505763688760807 0.8321608040201005
0 0.626169122261685 0.7426578080833857 0.6977831046244597 0.754274055826005 0.6908110692796515 0.8379158365067525 0.6191970869168768 0.8262995887641331
0 0.6566801043683582 0.799903509245446 0.6636772485562635 0.7462190714313757 0.6996887822659628 0.7553527525321923 0.6926916380780574 0.8090371903462625
0 0.6992006329363293 0.6836469947393216 0.6979382429755043 0.7259103132851759 0.6681508880527287 0.7241789391292399 0.6694132340400981 0.6819156205833857
0 0.7240699086477845 0.9726733030386306 0.6861772344847578 0.9701562009265076 0.6874633261381033 0.9324814379514761 0.7253560003011302 0.9349985400635993
0 0.6923231405208708 0.9028452197510992 0.7218408502144498 0.9045609517313128 0.7209255867114328 0.9352028698178392 0.6914079209913094 0.9334871991794912
0 0.6980420203305115 0.8658587125078517 0.7295473741866669 0.8756251962939698 0.7240549136994552 0.9101034346537374 0.6925496038167552 0.9003369508676193
0 0.6995929641064031 0.828582610317211 0.7235896305666877 0.8306747973264761 0.721731004522582 0.8721584607608355 0.6977343380622973 0.8700662737515703
0 0.7334909136769407 0.8112881301036432 0.7095311849192858 0.8075744322196922 0.7128171893292957 0.7663193899183417 0.7367769180869507 0.7700330878022927
0 0.7543227665706052 0.6944723618090453 0.7543227665706052 0.7608040201005025 0.7067723342939481 0.7608040201005025 0.7067723342939481 0.6944723618090453
0 0.7664205677571145 0.9791654807239322 0.7256223475211635 0.9724698320705087 0.7293156340761212 0.9286775061832601 0.7701138982855278 0.9353730934948178
0 0.7309901432620002 0.8811840574945038 0.77254088124212 0.8880031259814698 0.7686065761775036 0.9346527559673367 0.7270558821708394 0.9278336874803707
0 0.7687561738731539 0.8919361823767273 0.7332867449230007 0.8832045972047738 0.7385233678460464 0.8418096954499058 0.7739927967961996 0.8505412806218593
0 0.7388022475009006 0.8453803441033292 0.7448975840631754 0.7646038419637249 0.7828135201841678 0.7701714137091709 0.776718271568804 0.8509479158487752
0 0.7532444494945515 0.7318066774301194 0.7879740690291787 0.7403561386031721 0.7838109261020804 0.7732656814345163 0.7490813065674532 0.7647162202614636
0 0.7593659942363112 0.6904522613065327 0.7952507085003152 0.6995537992697864 0.7895677550038275 0.743155781348147 0.7536830407398235 0.7340542433848932
0 0.8132503630448487 0.6026304005378454 0.8040872623322677 0.6949464117462312 0.7660991217973253 0.6876089431532664 0.7752621345629953 0.5952929932867462
0 0.7721267392381124 0.6329436489086055 0.7672866689368696 0.6824569012052449 0.7517901593738743 0.6795091178548995 0.7566303176220281 0.6299958042163945
0 0.7567146587096992 0.629909557553392 0.7514409221902018 0.6814070351758794 0.7223919255589202 0.6756180806375628 0.7276657060518732 0.6241206030150753
0 0.8117658191867796 0.6339361602936557 0.775413667090688 0.630313984473147 0.7774908851821416 0.589745664356941 0.8138431252251441 0.5933678401774497
0 0.7063566971924532 0.5124468472734768 0.7355907780979827 0.5206030150753769 0.7286078373362077 0.5693080882930276 0.6993737564306781 0.5611518898201947
0 0.778472636549892 0.533025110906093 0.7739913896456232 0.5767839441347362 0.7513976523099783 0.5722813898594535 0.7558789871611581 0.5285226179726759
0 0.797550432276657 0.5266331658291458 0.797550432276657 0.5829145728643216 0.7730547550432276 0.5829145728643216 0.7730547550432276 0.5266331658291458
0 0.8113710255031971 0.4727172544853172 0.8067231192025396 0.5310699616245289 0.7774653805779449 0.5265351415279522 0.7821131989316913 0.468182373046875
0 0.8507094149630764 0.5586703046482412 0.8052205462277108 0.5551449262916143 0.8082531316136077 0.4789980787727701 0.8537420003489733 0.4825233957875314
0 0.8361469895420569 0.5911654218357412 0.7997621211950648 0.5843979418577261 0.8035123533749099 0.5451625191386621 0.8398972217219021 0.5519299377748116
0 0.7781693076537735 0.5216179775832287 0.7480668389488022 0.5174187588332286 0.7517262219695605 0.46637146916221733 0.7818286906745316 0.47057068791221734
0 0.7527975912396434 0.4670256801586055 0.7512696016075289 0.5160481361887563 0.7202857289602845 0.5141689588077104 0.7218136746189436 0.4651464721066269
0 0.793449379868741 0.8778508018608668 0.8312735873615363 0.8884035656799623 0.8242074927953891 0.9376884422110553 0.7863832853025937 0.9271356783919598
0 0.7823558444592039 0.9347091904836683 0.8232071846294128 0.939664570410647 0.8199604485151747 0.9917505005496231 0.7791090203980547 0.9867951206226445
0 0.888328530259366 0.9316582914572864 0.888328530259366 0.9839195979899498 0.8472622478386167 0.9839195979899498 0.8472622478386167 0.9316582914572864
0 0.8555996150036023 0.8801812406760364 0.9160183513542417 0.8931478069056219 0.9105128747241985 0.9430679397966395 0.8500941383735591 0.930101373567054
0 0.8998559077809798 0.8180904522613065 0.8998559077809798 0.8733668341708543 0.8494236311239193 0.8733668341708543 0.8494236311239193 0.8180904522613065
0 0.8608662278233069 0.7743422925172738 0.8873114242333844 0.7835648579813128 0.8799372516379232 0.8247118159155151 0.8534921431747569 0.8154891891096105
0 0.882046130617345 0.81813063118326 0.8855042911056826 0.7843618114989007 0.903659963470371 0.7879798774144158 0.9002017150351225 0.8217487584406407
0 0.92261085180453 0.7836233167792085 0.9174968268754503 0.8299939026185615 0.8983858751632294 0.8258924628022927 0.9034999000923091 0.7795218769629397
0 0.9049545420006304 0.869965182357098 0.9096652423957583 0.8371086388976131 0.9352970178257834 0.8442597509029522 0.9305863174306557 0.8771163557043028
0 0.8661514853881485 0.7346172390271671 0.9075725456479647 0.7387445037688443 0.9055318255245858 0.7785985592022613 0.8641107652647695 0.7744713558024497
0 0.9106628242074928 0.6974874371859296 0.9106628242074928 0.7376884422110552 0.8731988472622478 0.7376884422110552 0.8731988472622478 0.6974874371859296
0 0.9027377521613833 0.6462311557788945 0.9027377521613833 0.6934673366834171 0.872478386167147 0.6934673366834171 0.872478386167147 0.6462311557788945
0 0.8685525240059888 0.5973115087154522 0.916198818415661 0.5947551478093593 0.9175790572372569 0.6448164283330716 0.8699328507744957 0.647372727897299
0 0.9526072565348073 0.6277522868247487 0.9454747620508376 0.6907673744700062 0.9148415337378423 0.6840200759657663 0.921974028221812 0.6210050496623744
0 0.9144689906227486 0.7050346336173052 0.9404463974130943 0.7153882817407349 0.9331874352710735 0.7508296487319409 0.9072100284807276 0.7404759392666457
0 0.9405164911011797 0.6915933426900126 0.9381756081704791 0.7503733879357726 0.9100842214798721 0.7481963651264133 0.9124251923574838 0.6894163198806532
0 0.9335624408996758 0.7946965663277324 0.905009948554575 0.7897178151499686 0.9088450495035573 0.7469192274850817 0.9373974539017471 0.7518979786628455
0 0.9462536198948577 0.8755779017156093 1.0061959478284852 0.9173869224049938 0.9876081043430296 0.9692462556925251 0.927665688462491 0.9274371736612751
0 0.9639954140962717 0.8203159351444723 1.009636255093885 0.8431709941308103 0.9933933400970371 0.9062909150243404 0.9477524990994236 0.883435794696137
0 0.9668587896253602 0.8361809045226131 0.9533140858586996 0.8739698247094849 0.9328530611153638 0.8596985169990577 0.9463976769351135 0.8219095354703203
0 0.9989895779392561 0.8398210535097361 0.9500421969279088 0.8322343529169284 0.9543561688074117 0.7780732888073179 1.003303549818759 0.7856599894001256
0 0.999187194648325 0.7897387327261306 0.9456643755910032 0.777631197982098 0.9523254746318894 0.7203304731666144 1.005848293689211 0.732438007910647
0 0.9847872071719651 0.7131426173837939 0.9565229168542867 0.7052570592218907 0.9610396943106088 0.6737534106077261 0.9893038966813761 0.6816389687696294
0 1.0010360146118515 0.6617535921796482 0.9665308355941553 0.6645850100109925 0.9647694348601855 0.6228140826201319 0.9992746138778819 0.6199826647887877
0 0.9992795389048992 0.6703517587939698 0.9992795389048992 0.7175879396984924 0.989193083573487 0.7175879396984924 0.989193083573487 0.6703517587939698
0 0.9896529579712265 0.5965471277284862 0.9531996669274586 0.6018998802606784 0.9500375357416246 0.5599944915004711 0.9864908267853927 0.5546416776264134
0 0.9009460976900217 0.5315340741794912 0.9534771394317363 0.5393854649222676 0.949375119607799 0.5927924534783291 0.8968441658129953 0.5849411240774184
0 0.8783367058042147 0.5317976601758794 0.9072024650463797 0.5464402088567839 0.8970213788387068 0.5854968200376884 0.8681556195965417 0.5708542713567839
0 0.883163408174982 0.4737224636365421 0.9112724721947046 0.47862389339274497 0.908412790435879 0.5105373056689698 0.8803037264161563 0.5056358759127669
0 0.9090792521276116 0.5274085883519158 0.9117672615161203 0.4749126491834171 0.9361385818173631 0.4773410202869818 0.9334505724288544 0.5298369901264133
0 0.978386167146974 0.4824120603015075 0.978386167146974 0.5185929648241207 0.9553314121037464 0.5185929648241207 0.9553314121037464 0.4824120603015075
0 0.9546109510086456 0.5095477386934674 0.9546109510086456 0.535678391959799 0.9329971181556196 0.535678391959799 0.9329971181556196 0.5095477386934674
0 0.9757466165064391 0.5084982407152953 0.9954476919916246 0.5103303995563756 0.9942108066349964 0.5362120048484611 0.9745097311498109 0.5343798460073806
0 0.3463755231082268 0.7448782609335741 0.3306639393743246 0.8544646450023555 0.2866049554918273 0.8421724099010678 0.3023165612124572 0.7325860258322864
0 0.48884257115960467 0.6401195430276382 0.4422267946798451 0.6292815395336055 0.44976243780394454 0.5662094039533605 0.49637821428370404 0.5770474074473932
0 0.39746485113754054 0.6286162256595478 0.4045437419792417 0.572658580990892 0.4482742881225234 0.5834238330323492 0.44119539728082224 0.6393814777010051
0 0.39642496686160394 0.6309819360474246 0.40783937657600866 0.5301371972165515 0.4537892190455016 0.5402580529601131 0.4423748093310969 0.6411027917909862
0 0.4990024181882655 0.5759566877355528 0.4527155631557322 0.5678855704302764 0.4583130322547055 0.5054194004691426 0.5045998872872388 0.513490517774419
0 0.4771571530388824 0.4430387103976916 0.5066536675269048 0.4533254652167085 0.49571962384050794 0.5143363914298053 0.46622310935248557 0.5040496672817211
0 0.5132336795158277 0.3899771685576319 0.5104363521169173 0.4426566732588725 0.4807136381737437 0.43958537806218595 0.483510965572654 0.38690587336094534
0 0.48191081550004505 0.3357492111436087 0.5239663247759816 0.34802822707286435 0.516900977758578 0.39511807695705087 0.47484546848264136 0.38283906102779525
0 0.5324332377409042 0.26384130123272614 0.5277627730575694 0.3181348331010521 0.5006034037565292 0.31358845006281405 0.5052739124133195 0.2592948875235553
0 0.5288003267403638 0.3205378393432004 0.4820659098776342 0.314425950553549 0.4859116084293948 0.25720276185615576 0.5326460252921245 0.26331465064580717
0 0.48224153985894724 0.30262500245367463 0.43236288900677683 0.28967996721890704 0.43951855750180113 0.23602696711094534 0.48939720835397155 0.24897198701024653
0 0.4383193573965463 0.291347975227701 0.48328529379896884 0.30010050864674936 0.4788295075254413 0.34464629666889135 0.4338635711230187 0.33589379392077573
0 0.4743181827776027 0.3827307312931847 0.43185490764870765 0.37614902515507226 0.4351057772677639 0.3353352148928235 0.47756905239665887 0.34191689036000317
0 0.4668587896253602 0.3849246231155779 0.45591331284053044 0.4612678872880025 0.41725783114474513 0.450483189875157 0.4282032639561194 0.3741399257027324
0 0.41937915461207675 0.45413192672346103 0.4566806936126621 0.46213728554883793 0.4521497127302098 0.5032213067289573 0.41484817372962446 0.4952159785745132
0 0.44893512121195067 0.5014094827163159 0.4455788472200333 0.5435470197668028 0.41576757073745946 0.5389263210584171 0.4191238447293768 0.49678881467886304
0 0.5366490168942498 0.33913831854585424 0.5325447544240814 0.4021171531485553 0.5160450344470461 0.4000247207718279 0.5201492969172146 0.3370458861691269
0 0.43729530356459384 0.24497145456285332 0.5457094835616669 0.2681534810281878 0.5308019104883376 0.40382067809751887 0.4223876865178089 0.38063863629671796
0 0.43734648866680925 0.2684665085682318 0.4556186467151477 0.23411149068094378 0.4686444637067723 0.2475929912011228 0.4503723056584339 0.2819480090884108
0 0.3742553095309123 0.23562103731548367 0.41105783775835286 0.2488697147848618 0.40540100449443894 0.27944796001491834 0.3685984322935429 0.2661992825455402
0 0.3697391916764229 0.27558934197353957 0.40430439446089245 0.28409834818624374 0.3995972119422055 0.3213078944527324 0.3650320091577359 0.31279888824002827
0 0.334103740944986 0.21904723200965767 0.3668184527746195 0.22734471613438284 0.36194236821331277 0.26475578576476133 0.3292276563836793 0.25645828630456974
0 0.3236377287323262 0.262610292674309 0.36900166888058356 0.27361579013230214 0.36355524860129235 0.3173021172758323 0.31819130845303495 0.3062966198178392
0 0.31946796780017334 0.21347970627061086 0.3740944546306511 0.21771318445253612 0.3720128391936464 0.2699806711781564 0.3173863963366242 0.2657471929962312
0 0.31732797760097714 0.309486458169755 0.3521209628849964 0.3148792669401696 0.34919518902253693 0.35161172684712627 0.3144022037385176 0.3462188874057789
0 0.3515850144092219 0.34673366834170855 0.3515850144092219 0.392964824120603 0.3076368876080692 0.392964824120603 0.3076368876080692 0.34673366834170855
0 0.3375859109400329 0.43662931355998746 0.3085901221899203 0.4315732409606627 0.3122367529085802 0.3908774524477858 0.3412325416586928 0.39593352504711055
0 0.38042293845404807 0.4480782206933103 0.376217009354737 0.48328127453674624 0.35063090035826056 0.47733261645139763 0.3548368294575716 0.44212956260796166
0 0.3533861671469741 0.3964824120603015 0.39121037463976943 0.40703517587939697 0.3854466858789625 0.4472361809045226 0.34762247838616717 0.43668341708542713
0 0.3574265801597397 0.3521119084190484 0.39656515423777466 0.3612114527716708 0.39109353716847534 0.40700800143294597 0.35195498507716816 0.3979084570803235
0 0.40827348252881845 0.28677966247251885 0.39860640204261977 0.36544419485120916 0.35911243449714064 0.3559996638465766 0.36877951498333933 0.2773351314678863
0 0.3771273918041922 0.5270503518569409 0.3521015705911158 0.5170759191465139 0.35908868883116446 0.48296199012641333 0.3841145100442408 0.4929363921659077
0 0.3112391930835735 0.5587939698492462 0.3112391930835735 0.6040201005025125 0.28674351585014407 0.6040201005025125 0.28674351585014407 0.5587939698492462
0 0.38541885068162374 0.4933790350679177 0.3679876629832155 0.6317936729546169 0.32200246585549125 0.6205244361455716 0.3394336535538995 0.4821097369170069
0 0.36743515850144093 0.578894472361809 0.36743515850144093 0.6251256281407035 0.3256484149855908 0.6251256281407035 0.3256484149855908 0.578894472361809
0 0.3322648369956772 0.654627630339196 0.2648445151381259 0.5618319257419913 0.30431262629176425 0.5060309175270886 0.37173294814931557 0.5988265914533606
0 0.32495565716746216 0.4741785710780465 0.31885946312280483 0.5166988506988065 0.293089105347735 0.5095090933181533 0.29918532137912013 0.4669887830264604
0 0.25974957468873827 0.5530224977426194 0.2517664796680813 0.6020218892313128 0.2205332775280867 0.5921197172385364 0.22851639453547146 0.5431203257498429
0 0.2641574738692138 0.49284186435105215 0.2602161330517156 0.5459899595634422 0.23049838810901477 0.5417014270571608 0.23443972892651296 0.4885533625157035
0 0.16600381812719517 0.5238850502512563 0.22439926982956593 0.5414548940994033 0.21572886969926378 0.5975317260128769 0.15733340700352913 0.5799618821647299
0 0.22939480828276973 0.4866331780975188 0.222706753513655 0.5363913684634108 0.19591104468969517 0.5293827536118091 0.20259909945880988 0.4796245325749843
0 0.20445444948048 0.48339770139761307 0.19629323997827358 0.5273100733157977 0.17264025905290323 0.5187557047934988 0.18080146855510965 0.47484336354624684
0 0.12939091443328418 0.5793290794794284 0.13480411276693646 0.5340214868286747 0.16412882296427525 0.5408393284783292 0.15871563562398686 0.586146921129083
0 0.14785600601767945 0.5113671690974403 0.16276209498688535 0.4628487285058103 0.18493491840637383 0.4761046749862594 0.17002881844380405 0.5246231155778894
0 0.11745732112301874 0.5123154223264761 0.13731988912357032 0.5157789067407349 0.1343937085066474 0.5484344942485867 0.11453115149945965 0.5449710098343279
0 0.1290642466256529 0.5762459146317526 0.10068655975957425 0.5674490003729585 0.10536531343927301 0.5380786378179963 0.13374301129871555 0.5468755520767902
0 0.09803777469338189 0.5234772495288945 0.09696488833908389 0.565383619758951 0.07542998234201921 0.5643107505299937 0.07650287419299914 0.5224043802999372
0 0.12031700288184438 0.45226130653266333 0.12031700288184438 0.4864321608040201 0.09726224783861671 0.4864321608040201 0.09726224783861671 0.45226130653266333
0 0.15250640781193714 0.4697524180963411 0.14239351344039872 0.5167765708424937 0.11978822207931826 0.5073163976621389 0.12990111645085667 0.460292275586919
0 0.0458634456227767 0.5532338818114008 0.059177563582098795 0.5006107502846262 0.0826180427837097 0.5121515168616521 0.0693039248243876 0.5647746177174937
0 0.014531564300273268 0.5516639594456658 0.02423739914248244 0.5042761107785019 0.05154695428414029 0.515160703419441 0.04184111669359015 0.5625485827575377
0 -0.0012553787712404983 0.5553300560419284 0.001018514894271103 0.5251958645767902 0.018607634288776848 0.5277786024850817 0.016333740795036557 0.5579128552920855
0 0.07357179053578665 0.4497783104978015 0.0638667554607996 0.5039314308358197 0.03928631939187174 0.495359150488772 0.04899135446685879 0.44120603015075377
0 0.0661154865187939 0.5005882991618248 0.07025374047007273 0.4486334259186558 0.09848352261853836 0.45300894119032664 0.09434525767389566 0.5049638451044284
0 0.10662824207492795 0.35577889447236183 0.10662824207492795 0.4130653266331658 0.07420749279538905 0.4130653266331658 0.07420749279538905 0.35577889447236183
0 0.1308826809314211 0.41611223843828515 0.10815392310062816 0.41460243110081657 0.1096600469319896 0.3704813741559359 0.13238880476278256 0.37199118149340454
0 0.157461160885154 0.3803064087527481 0.15083995676178066 0.423409742805826 0.12963379082143822 0.4170707050879397 0.13625500593817544 0.3739674017057946
0 0.18863077740847892 0.3790709529090766 0.1807021874859285 0.430685133430826 0.1533949574407308 0.4225223713783763 0.16132353636991736 0.3709081908566269
0 0.18019840559286068 0.43359102028698177 0.1880680490982979 0.3787011841433731 0.21300708869692228 0.38565906927214194 0.20513744519148505 0.44054890541575065
0 0.24087053898088526 0.39422015472872174 0.23507965263784447 0.43730349133362123 0.20710945679062726 0.4299876764192054 0.2129003211469403 0.3869043398143059
0 0.27700755094588664 0.4041015931709328 0.2702313293984713 0.460817607323728 0.23728483348483653 0.453157695214353 0.2440610550322519 0.3964416810615578
0 0.23981557180970822 0.39321405612044597 0.24712391614226856 0.33714170216315953 0.2822478456524676 0.34605025861730526 0.27493947933317947 0.4021226125745917
0 0.24702594328338887 0.33538091458267905 0.24028241600014635 0.3871195884206187 0.21397118472228477 0.3804462375353329 0.22071469001879954 0.32870753302646044
0 0.1843787091609724 0.36971917080519784 0.19199017351573758 0.3219391022495289 0.22120699483997883 0.3309961673602387 0.2135955194918498 0.37877623591590764
0 0.1904159238084249 0.32283036888544286 0.1844964590814684 0.3723753962684516 0.15820935823731877 0.36626375284626256 0.16412882296427525 0.31671872546325375
0 0.1086727988823003 0.3658019712821922 0.11696783060299216 0.2963737756163631 0.16206480790283906 0.306858603319331 0.15376976518878333 0.37628682965609295
0 0.265235109356707 0.2435347513936872 0.2287551923856268 0.307145468553706 0.19088705541077539 0.26488540112672737 0.22736697238185563 0.20127466863124216
0 0.1896829962386865 0.26026129794480213 0.17455331324156836 0.2884020014623901 0.14423630904052032 0.2566834109512406 0.15936599203763846 0.22854270743365263
0 0.1921902087648595 0.26162814806454143 0.15853025452891412 0.2264120590746702 0.17452449963484443 0.1966633092218907 0.20818443188406205 0.23187939821176193
0 0.1549279490534098 0.22741708420029838 0.20757924720258467 0.12948743350541772 0.24527377697507655 0.16892462495583385 0.19262246783253784 0.2668542603152481
0 0.22504018294364644 0.20663128570096576 0.25502220835397155 0.14317392320489164 0.29220185293587897 0.17735744457149027 0.26221982752555384 0.2408148070675644
0 0.25066758301484826 0.14514775108452418 0.21844513203293858 0.12094416786078832 0.23177034229641347 0.08642294418871702 0.26399281526505086 0.1106265274124529
0 0.25044784765765715 0.11785956914700456 0.2573993254120137 0.05967676363997723 0.28520523642943985 0.06614152151136542 0.2782537586750833 0.12432432701839274
0 0.259572075835566 0.14231637925957916 0.29045907496031836 0.10936779999852779 0.31851616235562635 0.16054946669382067 0.28762914124414624 0.19349805362260522
0 0.308136975730874 0.1702276028580402 0.3181895275280867 0.10712385321382302 0.35068654876621036 0.11719775175928471 0.34063399696899765 0.18030150140350187
0 0.32514962407972353 0.05280247213852465 0.3189425949404494 0.12207189972077183 0.2796608213045412 0.11522226764928156 0.28586787243054307 0.045952840067034394
0 0.33462199010491717 0.05049491767308221 0.3335663853186352 0.10792398117295461 0.3190004859946303 0.10740298170540201 0.3200560907809123 0.0499739182055296
0 0.38339550007317186 0.06513745485238694 0.37437702805576817 0.12174992393608669 0.34325309995271974 0.11210168426360317 0.3522715719701234 0.05548921134603683
0 0.3396083600926468 0.18161029144747173 0.35148383148808987 0.10982440584269001 0.38058155070807814 0.11919146207109768 0.3687060793126351 0.1909773630113458
0 0.3672300882916629 0.18398794816366992 0.37957772466566103 0.12944319068486967 0.4082999985224919 0.14209587058829304 0.395952340161766 0.1966406280670933
0 0.39626129766019 0.19453853434653737 0.40942699421379686 0.13576781306434516 0.43613277732123557 0.1474096403649105 0.4229670807676288 0.2061803616471027
0 0.4639046968575513 0.1472658857029287 0.4523078852496848 0.20966399686420384 0.42632959899022876 0.20026869270669756 0.43792645457155077 0.13787058154542242
0 0.45221804748007477 0.2045662731381517 0.46363012660133734 0.13911904186459642 0.48960696173676155 0.1479334538905465 0.4781948826154989 0.21338070049956814
0 0.5135991868780394 0.17092717616402325 0.5042947554794444 0.22024891915632852 0.47826484438321776 0.210693359375 0.4875692318083574 0.16137163171816113
0 0.5432441117784131 0.18601137094162218 0.5369747722526792 0.23148840516056846 0.5056835251514094 0.22309407756556218 0.5119528646771434 0.1776170433466159
0 0.5541449555058988 0.13034758448001726 0.5459092989435114 0.19066228051880496 0.5113460749645398 0.18147851378474403 0.5195817315269272 0.12116380241048995
0 0.526737443995407 0.09664735266910726 0.5542489967016391 0.10395742445135836 0.5503392727986537 0.13259074915593594 0.5228277200924216 0.12528066970595164
0 0.5170956482461275 0.09580229946117305 0.515688277802481 0.1488097991176586 0.48288557508836905 0.14711503072000628 0.4842929455320155 0.09410752339578753
0 0.4884005939582583 0.10522612758617306 0.4803702054861987 0.1463007327899262 0.4689093158293183 0.14194047630731785 0.4769397043013779 0.1008658711035647
0 0.473814027110163 0.14344801399576004 0.44402570477136616 0.13513721868620446 0.45175680990521433 0.08121376229290986 0.4815451322440112 0.08952454226699906
0 0.44329970302087085 0.08050251102926743 0.4298270717477936 0.1368844190434595 0.40864554193590147 0.12703517741294362 0.42211817320897876 0.07065326939875156
0 0.37782868047269 0.12028997219986652 0.3875608416730458 0.06259164858103997 0.4202886575924217 0.07333388592130574 0.4105565403655214 0.1310322057062657
0 0.1729078705097825 0.0298081767019914 0.1524961290167113 0.1185796613070234 0.11771353246155665 0.10301637122379476 0.13812527395462784 0.01424488470182946
0 0.015128137055322828 0.002823128532524684 0.06415350636419027 0.019106260136743287 0.048847572260699974 0.1087821078659901 -0.00017779618931091485 0.09249897865793813
0 0.10139712682718502 0.15775123481175407 0.01245194690715339 0.11827241523781014 0.020172910662824207 0.08442211055276382 0.10911809607953778 0.12390093012670776
0 0.11383731633167102 0.027760000564345164 0.0984551267596418 0.11737769812195745 0.04697608947753906 0.10018328182661354 0.06235827355288635 0.010565586185934556
0 0.015924674976799606 0.30878532064619973 0.0017638874672331797 0.3008837215864479 0.004397297111643151 0.29169989351052134 0.018558084449438267 0.29960146189934045
0 0.01060534279353337 0.20820692819566583 0.07878754255751025 0.28671246245877824 0.050143574431581524 0.33512263465766334 -0.01803862739365108 0.2566171157300173
0 0.032420749279538905 0.2984924623115578 0.032420749279538905 0.37386934673366834 0.0 0.37386934673366834 0.0 0.2984924623115578
0 0.03890489913544669 0.29447236180904524 0.03890489913544669 0.4020100502512563 0.0 0.4020100502512563 0.0 0.29447236180904524
0 0.5865050214168318 0.27957027569488063 0.6245115868296335 0.29384440513112436 0.6138894908366355 0.34888097101719534 0.5758829254238338 0.3346068415809516
0 0.5925381355395578 0.3935011667222833 0.599876293874955 0.35383454135913944 0.6141920282105547 0.3589881168538003 0.6068538698751575 0.3986547422169441
0 0.6603081343153369 0.3336065091080402 0.6273221062651972 0.3278546663983982 0.6311128379975685 0.2855508315503298 0.6640988660477081 0.29130267425997175
0 0.6661281970461095 0.2876528639290201 0.6556432542608519 0.40710075033369975 0.6192686757024496 0.4008874941111809 0.6297536624611626 0.2814396077065013
0 0.6549822452776026 0.36323926149301194 0.6486366557800117 0.407499043066897 0.6203724094357889 0.3996134542340609 0.6267180429068354 0.35535370333110866
0 0.6638397304743786 0.4135867018196451 0.668378890419556 0.35976470487201634 0.7031159414681646 0.3654655418204303 0.6985767815229872 0.4192875694389918
0 0.6962045015450513 0.31459510074788005 0.6939506860562635 0.3617556778030779 0.6696590456564075 0.35949661024850815 0.6719128611451954 0.31233600252237753
0 0.6997801151330602 0.4086269359492776 0.7071512975335464 0.34178988202732413 0.7348161856791472 0.3477270691838097 0.7274450032786608 0.414564153776696
0 0.7606051662126261 0.3789346819546954 0.7530547480074747 0.4368643142470163 0.7254755201532106 0.42986934796050563 0.7330259383583618 0.3719396849972519
0 0.7827060490588977 0.43823076564462937 0.7552429551006394 0.43439972077182787 0.7591377720022064 0.38006864768176823 0.7866008659604647 0.38389969255456974
0 0.7795389048991355 0.4402010050251256 0.7880736249324568 0.38067258901931533 0.81758482655462 0.3889060782427764 0.8090501065212986 0.44843449424858667
0 0.8466448605232348 0.437279844044441 0.8146227745913635 0.4321255937892588 0.8185479331772334 0.3846707904758166 0.8505700191091048 0.3898250407309987
0 0.85756285389837 0.4273529819507695 0.8609315723781971 0.3991579602112123 0.8772879388902648 0.4029607571549152 0.8739193083573487 0.4311557788944724
0 0.9044171863742796 0.4492739576790201 0.872577766176603 0.4455726815228486 0.8747838264927054 0.40864322221458854 0.9066232466903819 0.41234446769982724
0 0.9277377169826189 0.4091457347774026 0.9230835664512789 0.4545929721851445 0.9026080304676243 0.45051257262876887 0.9072622689458754 0.405065335221027
0 0.9499571522649496 0.42689120038669914 0.9455370284638419 0.46388700092258167 0.9234558457256394 0.4587532388505025 0.9278759695267471 0.42175743831462
0 0.9994045994123739 0.42654026357372804 0.9923087787903008 0.47933251462390075 0.9662090378467219 0.4725059317584014 0.973304858468795 0.4197136500372958
0 0.20965417867435157 0.9809045226130654 0.20965417867435157 0.9989949748743718 0.1729106628242075 0.9989949748743718 0.1729106628242075 0.9809045226130654
0 0.2507204610951009 0.9758793969849247 0.2507204610951009 0.9989949748743718 0.21037463976945245 0.9989949748743718 0.21037463976945245 0.9758793969849247
0 0.44164265129682995 0.9778894472361809 0.44164265129682995 0.9989949748743718 0.4027377521613833 0.9989949748743718 0.4027377521613833 0.9778894472361809
0 0.5115273775216138 0.9658291457286432 0.5115273775216138 0.9989949748743718 0.49135446685878964 0.9989949748743718 0.49135446685878964 0.9658291457286432
0 0.5951008645533141 0.9708542713567839 0.5951008645533141 0.9989949748743718 0.5597982708933718 0.9989949748743718 0.5597982708933718 0.9708542713567839
0 0.6268011527377522 0.9829145728643216 0.6268011527377522 0.9989949748743718 0.6023054755043228 0.9989949748743718 0.6023054755043228 0.9829145728643216
0 0.9579799333292057 1.0199359836290829 0.8958305776634546 0.9928432445430276 0.9057785166100054 0.9484361504789572 0.9679279602226675 0.9755288895650126
0 0.5931976933987753 0.2448949919274105 0.6365627761533006 0.2542016417536903 0.632581507438198 0.29030120696254713 0.5892164246836725 0.28099457247173365
0 0.7166640751643552 0.271981520149576 0.7116792442475685 0.31370365008636936 0.6735921634377251 0.30484855306807473 0.6785769943545119 0.2631264538022142
0 0.7195069590631754 0.2532120134363222 0.7551405848962086 0.26149666177567527 0.748150124673541 0.3200054226209171 0.7125165428139635 0.3117207742815641
0 0.7588450846823217 0.366617695410647 0.7623808143461815 0.32715886561714824 0.7849035785246308 0.3310861865479742 0.7813677609138598 0.37054504701240576
0 0.7811866782240634 0.3780188172306847 0.7841042290503423 0.3373202683338568 0.8045053619472713 0.3401661628454774 0.8015878990679035 0.3808647117423053
0 0.8503314191394993 0.3509346660058103 0.8461382863157421 0.391879410480135 0.8216282737358159 0.38699497242069725 0.8258213186126621 0.34605025861730526
0 0.8674061360208033 0.3957505729330245 0.872260805509276 0.350038798729978 0.8950292933571236 0.354744179883794 0.890174623868651 0.4004559847577732
0 0.9113832853025937 0.35577889447236183 0.9113832853025937 0.4 0.8912103746397695 0.4 0.8912103746397695 0.35577889447236183
0 0.9387765494134996 0.3702145677116049 0.9346223770713257 0.40643310546875 0.9107943048394722 0.40111476572314697 0.9149484771816463 0.3648962586369347
0 0.9559350797010087 0.41404317731234297 0.933269753579791 0.40877360434987436 0.9387802431837626 0.36265108501491833 0.9614455693049802 0.3679206886483197
0 0.9561183610635807 0.4103131011502827 0.9598648115262518 0.3685040497899654 0.9815008070008555 0.37227675854860237 0.9777543565381844 0.4140858099089196
0 0.998161557771974 0.4247444191170697 0.9775912150182366 0.42235315984217964 0.9803438653863472 0.37627446927017905 1.0009142081400846 0.3786657285450691
0 0.6175938147289265 0.18340173462527481 0.6776069399259276 0.20293565299642746 0.6674832830511528 0.26345954013230216 0.6074701578541517 0.24392563709661588
0 0.6334548202646568 0.14880283681591552 0.6251907128765535 0.1949157561489086 0.5936599423631124 0.18391959798994975 0.6019240497512158 0.13780667865695667
0 0.6787870555514904 0.18388377434045225 0.6262675788285753 0.15597393093396672 0.6449510645797686 0.08755858148162689 0.6974705413026837 0.11546843255584563
0 0.7166640751643552 0.271981520149576 0.7116792442475685 0.31370365008636936 0.6737090009090193 0.30487572751452574 0.678693831825806 0.26315359757773243
0 0.6865048367283186 0.25860203115185304 0.6912824207492796 0.22261306532663316 0.7067876370564662 0.2266185051232726 0.7020100090620497 0.26260747094849246
0 0.7765593515005854 0.14616863308240421 0.7593808572642742 0.234534197476641 0.7210822641334204 0.2200459082521985 0.7382607583697316 0.13168034385796168
0 0.6837227681184708 0.22076557101915828 0.6973196683768237 0.12023886675810694 0.7721789797032601 0.13994206567505496 0.7585821234183627 0.2404687622683731
0 0.7565368300556106 0.3088858906348147 0.7607542362268102 0.25593822996820037 0.7824207492795389 0.2592964824120603 0.7782034310552504 0.3122441430786746
0 0.8090778097982709 0.2864321608040201 0.8090778097982709 0.32160804020100503 0.7867435158501441 0.32160804020100503 0.7867435158501441 0.2864321608040201
0 0.8283190988326279 0.28772356042909863 0.8254845698903548 0.32528671187971103 0.8095081340339066 0.32294072290161746 0.8123425750292688 0.285377571451005
0 0.8288627866365724 0.2770777103289887 0.8653014784931106 0.28724389771121234 0.858207680649991 0.3367220624607412 0.8217689887934528 0.3265558444075848
0 0.8407226914287644 0.21646694777598932 0.8713422879705511 0.22500966134382852 0.8623088210048181 0.28801701991402323 0.8316892244630313 0.27947430634618403
0 0.7909307562308627 0.21016965319762876 0.8284518107213616 0.20493556650439698 0.8308557515872659 0.23846956952732412 0.793334697096767 0.2437036715560223
0 0.7881844380403458 0.24120603015075376 0.8227665706051873 0.24120603015075376 0.8227665706051873 0.2864321608040201 0.7881844380403458 0.2864321608040201
0 0.8141210374639769 0.2613065326633166 0.8141210374639769 0.28743718592964823 0.7896253602305475 0.28743718592964823 0.7896253602305475 0.2613065326633166
0 0.8303780239665887 0.2117174158144237 0.7991947756720551 0.208371263053549 0.8015723324646524 0.16525569129828832 0.8327555807591859 0.1686018287236966
0 0.8515850144092219 0.1708542713567839 0.8515850144092219 0.21206030150753769 0.8306916426512968 0.21206030150753769 0.8306916426512968 0.1708542713567839
0 0.848400104973433 0.21910576748488536 0.8535355010018912 0.16358660980684672 0.8713663854241714 0.16679610822668028 0.8662309893957133 0.2223152659047189
0 0.9050585831963707 0.23373423820763975 0.9015861753084474 0.2870170554923053 0.8767716025756485 0.283870156446294 0.8802440104635717 0.23058736983256126
0 0.912574790053134 0.3122922351012877 0.9077532765501171 0.3459219314345163 0.8893261120711005 0.3407808390095006 0.8941476255741174 0.30715114267627197
0 0.897239838965688 0.2863744994503769 0.9151037034796019 0.2886399158880339 0.9134974410966769 0.31328775223775124 0.895633576582763 0.3110223358000942
0 0.9546109510086456 0.2964824120603015 0.9546109510086456 0.3457286432160804 0.9265129682997119 0.3457286432160804 0.9265129682997119 0.2964824120603015
0 0.9776520742806646 0.3069688039808417 0.9710129619675342 0.35636296104546167 0.9534391463661743 0.3517663696902481 0.9600782586793047 0.3023722432965609
0 0.9992795389048992 0.2623115577889447 0.9992795389048992 0.3597989949748744 0.9740634005763689 0.3597989949748744 0.9740634005763689 0.2623115577889447
0 0.9634673808424892 0.30087019570508794 0.9669642379716769 0.2569677611691269 0.994086977384276 0.2611717032427764 0.9905900323081772 0.30507413777873743
0 0.9677461739575829 0.2521755045981862 0.9641438684820786 0.297401650586919 0.9439006882373469 0.29426401416260994 0.9475029937128512 0.24903786817387719
0 0.9479050869900486 0.2588326152245603 0.9427233429394812 0.2949748743718593 0.9186155995305746 0.28824892283684045 0.923797343581142 0.2521066943604742
0 0.9250720461095101 0.24723618090452262 0.9178107973478026 0.29112981288277323 0.8985526225065292 0.28493026656721104 0.9058138712682366 0.24103664992442683
0 0.9719316554000811 0.2491360918361338 0.9319016514319164 0.2281957731774105 0.9451659804462356 0.17885317395080874 0.9851959844144003 0.19979349260953203
0 0.9074957679946416 0.23051777748606314 0.9124086583382115 0.17226404544696136 0.9352740636820065 0.17601660340275596 0.9303611733384366 0.23427032010639134
0 0.9180769247005583 0.16928631193074747 0.9099319853768912 0.23583524311008167 0.8764488374121938 0.22786069323669128 0.8845937767358609 0.1613117620573571
0 0.898563527923496 0.14920996277775597 0.9156652445064841 0.08718333795442054 0.9555431003185789 0.10857897427812893 0.9384413837355908 0.17060560676919756
0 0.8866513826661563 0.13327291670756125 0.9243929200625901 0.13805914644020886 0.9221311893518102 0.17276546919166144 0.8843896519553764 0.16797923945901383
0 0.9184438392133465 0.07597989796394079 0.9077089513069615 0.12090452568015861 0.871181521017201 0.10391959952349639 0.8819164089235861 0.05899497564114518
0 0.8944468209654178 0.157811334504554 0.8645693204588437 0.14322391682533764 0.8740492938918408 0.10544034104850424 0.903926794398415 0.12002775872772063
0 0.9419400877499099 0.17826748181827104 0.9516273520521884 0.10056521161716787 0.991031877589157 0.11012493497762249 0.9813447012337896 0.18782721284645887
0 1.003856559995272 0.20863139856999843 0.9978810071258105 0.24197458238457914 0.9756738844110231 0.23422997249430746 0.9816494372804845 0.20088678867972676
0 0.9992795389048992 0.10954773869346733 0.9992795389048992 0.15678391959798996 0.9863112391930836 0.15678391959798996 0.9863112391930836 0.10954773869346733
0 0.7747410491151837 -0.013545638232973951 0.8885790910088707 0.04554315691617266 0.868240488365679 0.1217923341684006 0.7544025344189031 0.06270353997772063
0 0.82958210442183 0.1183718580696451 0.8257492900925342 0.15579899926880497 0.8011383144587536 0.15089447174839038 0.8049712167349604 0.11346733821696373
0 0.8116601949466409 0.0983076622737712 0.8005320964010717 0.14746529277245604 0.775981980029719 0.1366505071745446 0.7871100785752881 0.08749287667585977
0 0.784942363112392 0.1 0.7757204259163365 0.13859295868993404 0.7545389400778999 0.12874372472715137 0.7637607893270443 0.09015075070175094
0 0.7672910662824207 0.0814070351758794 0.7552594011730007 0.13175880010403582 0.7321325736361897 0.12100502665917479 0.7441642827190652 0.07065326939875156
0 0.7030259278047325 0.04783919444635286 0.6903458301203396 0.10090452414661197 0.665922181407038 0.0895477371599207 0.6786023230648865 0.03648241129352819
0 0.6186938107185473 0.05957672655881949 0.6343005617345101 -0.010760476002142057 0.6843467074787238 0.010848344390715785 0.6687399564627612 0.08118554503474404
0 0.7176237958308943 -0.010412889030111495 0.7496323819119236 0.006760607292903727 0.7411279156159942 0.03760555401519315 0.7091194174818759 0.020432057212944606
0 0.5720461095100865 0.0 0.5720461095100865 0.04221105527638191 0.4920749279538905 0.04221105527638191 0.4920749279538905 0.0
0 0.6518942973112167 1.0035543317171796 0.6047655704729151 0.9962495583385679 0.6066721715569839 0.9723127968946293 0.65380085442183 0.9796175702732413
0 0.670028818443804 0.9879396984924623 0.670028818443804 0.9989949748743718 0.649135446685879 0.9989949748743718 0.649135446685879 0.9879396984924623
0 0.6959654178674352 0.9869346733668342 0.6959654178674352 0.9989949748743718 0.6685878962536023 0.9989949748743718 0.6685878962536023 0.9869346733668342
0 0.6941651445987932 -0.02290821362979448 0.7662816995846091 0.013781465118254848 0.7513575485185519 0.07086507519285883 0.6792410375061915 0.034175397403276145
0 0.1930835734870317 0.0 0.1930835734870317 0.032160804020100506 0.15417867435158503 0.032160804020100506 0.15417867435158503 0.0
1 0.9621941734116084 0.03231421235817761 0.9738553181848884 0.012561581482240304 0.9849336387788185 0.025288481209146316 0.9732724940055385 0.04504110825121702
1 0.9826913443353746 0.05651296874386581 0.9799525016322946 0.09981142743748037 0.9554343099896434 0.09679349199611338 0.9581731526927233 0.05349503330249882
1 0.8370742138249729 0.2512404858766489 0.8314546700513329 0.2719073885050251 0.8267360544342129 0.2694106212213411 0.832355598207853 0.24874371859296482
1 0.8695019988573938 0.2835257832129397 0.859344218581142 0.2805200624705559 0.8617518532173091 0.2646863774438599 0.8719096334935609 0.26769209818624373
1 0.8466478507182097 0.35453754980959484 0.8390738627409042 0.34694830352936556 0.8430656850853296 0.3391959798994975 0.8506396730626351 0.34678522617972674
1 0.931869374915571 0.2215162574346341 0.9356255874853656 0.23499025891174624 0.9252175982472532 0.24063630223873272 0.9214614736243696 0.2271623007616206
1 0.9320962779460105 0.23798529083405306 0.9406992447822856 0.24716258600129554 0.9343143869889229 0.258809704037767 0.9257114201526477 0.24963240887052449
1 0.9891183286991174 0.2488489352278973 0.9988377815708304 0.2580337907800722 0.9942261973444254 0.2675300943192525 0.9845067444727126 0.258345254102544
1 0.8791495991028008 0.5275943928627512 0.8689022888711275 0.5199483746859297 0.8734905671661113 0.5079820489164573 0.8837378773977845 0.5156280670932789
1 0.8741300291561599 0.5003226582129398 0.8696486943049802 0.5226485209249372 0.862525786034312 0.5198662992697864 0.8670071208854917 0.49754043655778896
1 0.8817951301332853 0.5309337213410804 0.872577678229692 0.5636299171639447 0.8558973152974153 0.5544793057082287 0.8651147672010087 0.5217830485434988
1 0.8789755521658862 0.5865341109846105 0.866581193995407 0.6032064006556218 0.8528948077550883 0.5834070253611809 0.8652891659255674 0.5667347356901696
1 0.8489068550747478 0.5536571406838882 0.8541090907555836 0.5732935306414887 0.8422870031351315 0.5793882130378455 0.8370847674542957 0.5597518844221105
1 0.840278647475009 0.6197549637837626 0.8556058592342849 0.6081977269158292 0.8636826397019092 0.6290414474717336 0.8483554279426333 0.6405987456815326
1 0.8411287423169579 0.6776642612476445 0.817127062882745 0.6385235503690326 0.8374162393619417 0.6143128361534234 0.8614178308492435 0.6534534856901696
1 0.8357758535775396 0.6675774502394787 0.8199127812894003 0.6817730007459171 0.8109339293554124 0.6622482529836683 0.8267970016435519 0.6480527024772299
1 0.852569843918858 0.7117102234806847 0.8230990978757655 0.6840537526499686 0.8335896692633286 0.6623002708856784 0.8630605032533322 0.6899567417163944
1 0.8443872633172731 0.6835778011149497 0.836681354973433 0.7229926487908291 0.8150706002622928 0.7147708758636935 0.8227765086061329 0.675356028187814
1 0.8165481963143912 0.7510325676232726 0.7952217739665887 0.7110242987397927 0.8141614930430475 0.6913782167674309 0.8354880033377612 0.7313864856509108
1 0.8236091020127881 0.7255280307788945 0.8469524988179935 0.7062311680472676 0.8594674322034852 0.7356915191190326 0.83612403539828 0.7549883818506595
1 0.818576427976405 0.7349886640232413 0.8131683085768642 0.7953423121466708 0.79311746822654 0.7918460098343278 0.7985254996791696 0.7314923617108983
1 0.831695556640625 0.8314669048366834 0.8060635173698667 0.7810825367069724 0.8387431823554575 0.7487308368011935 0.8643752216262158 0.7991152049309045
1 0.8409942714900036 0.8411854806257851 0.8172328630167057 0.832898808004868 0.8208756240712807 0.8125724447432475 0.8446371204914895 0.8208591173641646
1 0.8103518966982619 0.8314265418891331 0.7938830460869957 0.8290823011542086 0.7965224208337086 0.7929996663002512 0.8129912714449747 0.7953439070351759
1 0.7852811346136528 0.8692836128886621 0.7975666145082853 0.8407204479428392 0.816524538595326 0.8565879323374685 0.8042390587006935 0.885151158625157
1 0.8409179335712356 0.8461703659901068 0.8347314840091409 0.8656818025675251 0.8231532731729557 0.8585380515860552 0.8293397227350504 0.839026615008637
1 0.8482874449804124 0.8901688618875628 0.8305232243166877 0.9117859193428078 0.8138878902028548 0.8851839151813756 0.8316520229196686 0.8635669190679962
1 0.860729118589022 0.8533562588332286 0.8456555457211365 0.8516040897848618 0.8470692923158322 0.8279367418145415 0.8621428651837176 0.8296889108629083
1 0.8418859652208663 0.9279126344613694 0.8524738938389319 0.9416275101091395 0.8441775978813941 0.9540908890153894 0.8335896692633286 0.9403760133676193
1 0.8146953307929575 0.9516583159940326 0.8173995224130943 0.9369882861573492 0.8275471008476675 0.9406283124607412 0.8248429092275307 0.955298280955559
1 0.7879362518574388 0.9228630334288631 0.801300136775036 0.9303200573178392 0.7970850172235231 0.9450195925918656 0.7837212202528369 0.937562630044755
1 0.7867420207526566 0.9190604511816897 0.7808612746532781 0.9351257017509422 0.7688905567531971 0.9265985690169598 0.7747713028525757 0.9105333184477072
1 0.8416164079385807 1.0119766312028895 0.8225843446055475 0.9712046560929648 0.8424046761020804 0.9532006958621231 0.8614367394351135 0.9939726709720478
1 0.8592713105919039 0.9863641940169598 0.8813931248029989 0.9822964922267587 0.8827672073408231 0.9968381335387877 0.860645393129728 1.0009058353289888
1 0.8896515156418858 0.9775634765625 0.8981308291212626 0.9504274914612123 0.9057313770656971 0.9550491102975817 0.8972520635863203 0.9821850953988693
1 0.9697605979545659 0.6203701000117776 0.9648490268146613 0.6385264334367148 0.9577963881259006 0.6348139010482098 0.9627080472127162 0.616657506281407
1 0.9491298356729557 0.6297852789337312 0.9312259553145263 0.6149560669558731 0.9366813901521974 0.6021389295108355 0.9545851825637158 0.6169681414886935
1 0.9565517634411023 0.6737361735434988 0.9489609776037914 0.7011212679608982 0.9373343959665436 0.6948499823335427 0.9449251818038544 0.6674648879161432
1 0.9581475601416156 0.6988486745249686 0.9701480920445334 0.7124888971223304 0.9611113710430926 0.7279598676978644 0.9491109270870858 0.7143197064423681
1 0.9395736122681015 0.8097182690797738 0.9515889192520713 0.7711169372251885 0.9643550290154449 0.7788494474324749 0.9523396340845641 0.8174507792870603
1 0.9484315371994326 0.8869950951044284 0.9421508085487211 0.9074381919362438 0.9293522463751801 0.899786530307789 0.9356329750258916 0.8793434334759737
1 0.912585959310834 0.9436758376845163 0.9174744004131394 0.869380410352544 0.9361450019418678 0.8717709641959799 0.9312564728926513 0.9460663915279522
1 0.9246160413758555 0.9625473559202261 0.9069360738528909 0.9473384377944409 0.9133481072417597 0.9328337242854899 0.9310280747647244 0.9480426424112751
1 0.9411215658490184 0.9328358099089196 0.9688815685788905 0.9524787021042713 0.9592081998885537 0.9790814423680905 0.9314481971586815 0.9594386115146043
1 0.9848852679777558 0.9747962223225503 0.9777271809426783 0.9904877782467023 0.9633619324961725 0.9777357858629083 0.970520107478161 0.9620442299387563
1 0.9673607026465688 0.9767940655425565 0.9989314450310699 0.9767940655425565 0.9989314450310699 0.9989949748743718 0.9673607026465688 0.9989949748743718
1 0.7930916997816102 0.17366179653148556 0.7828434221339157 0.21486834808809674 0.76658265391413 0.20699861612751255 0.7768309315618246 0.16579207990636777
1 0.805415964264004 0.15991341288964353 0.7974936185721362 0.1880950314315719 0.7853943222881394 0.18147618279385208 0.7933166679800072 0.15329456425192367
1 0.7682718502341499 0.019956671173249056 0.7413351185383645 0.019956671173249056 0.7413351185383645 0.0012585287717119533 0.7682718502341499 0.0012585287717119533
1 0.6948046065888419 0.08321694992295461 0.7168037348590598 0.03857945964564031 0.7314684865110546 0.05264359670667792 0.7094693582408367 0.09728108315012562
1 0.7151811143506844 0.09085102943918813 0.7274325587907511 0.05225991483908802 0.7486519497478387 0.06536877502748116 0.7364004613343165 0.10395989346144786
1 0.715023073751576 0.0901475379215413 0.7400800281711546 0.10619190158556455 0.7325204634872569 0.12916575676232725 0.7074635090676783 0.11312140076603722
1 0.6930916206293903 0.1945303758784155 0.690082648989103 0.23398570918557632 0.6715005660263194 0.23122805494758952 0.6745095376666066 0.19177272164042872
1 0.6092308110393777 0.11412654857539652 0.633199862169601 0.13418832136758008 0.6256131218901972 0.1518271441435694 0.6016440707599738 0.13176537901911903
1 0.6682616132137068 0.43185792855880967 0.6569972409295074 0.4227155675840138 0.6618658939768327 0.4110423945901382 0.673130266261032 0.42018475556493406
1 0.6978069382373469 0.4194948436027795 0.6775592727001531 0.4397575340079303 0.6703708879542282 0.42577956309869663 0.6906185095179666 0.40551687269354586
1 0.708335766531205 0.42133743056100814 0.7015394930880764 0.44029863060419283 0.6922055994742885 0.43378835706854585 0.6990018729174171 0.41482715702536116
1 0.7258323647446866 0.6734841198178392 0.7336977208382115 0.6826273702496859 0.7283456236209924 0.6915867177685302 0.7204802675274676 0.6824434059948178
1 0.6166409099479917 0.022272683148408055 0.6202801970995813 0.0346823879222774 0.614744202891413 0.03784163201873626 0.6111049157398235 0.02543192916180021
1 0.5308863834963752 0.32710473142077573 0.5549476029893506 0.26357133568231783 0.5897797686222307 0.2892414955637563 0.5657185491292552 0.3527748913022142
1 0.5874292994782285 0.4021694777598932 0.535951685836748 0.4212210957129397 0.5266121636206548 0.372114049250157 0.5780897772621353 0.3530624006261778
1 0.6163116806865769 0.42067414096851447 0.5927616965873784 0.44504793253376257 0.5787015799486671 0.41861237952457603 0.6022515640478656 0.39423858795932787
1 0.5915612652253692 0.44303656343239634 0.6029410238568309 0.43293466232529837 0.611051224150644 0.45071316052920857 0.5996714215457267 0.46081503096537374
1 0.563478541305498 0.445106728711919 0.5461909489260627 0.47551355409861806 0.5302966554845101 0.4579287428352701 0.5475842038904899 0.427521917448571
1 0.5421954328113743 0.47001355041810616 0.5563454311931512 0.48140136105331344 0.5508545097768822 0.4946782557808574 0.5367044674216499 0.4832904451456501
1 0.5583186080888644 0.5138634763171326 0.541345557836703 0.5219635163120289 0.5376496768478701 0.5068930774477858 0.554622683126576 0.49879306812382224
1 0.5234574199753467 0.47982082654483355 0.5118603445267471 0.5141981268647927 0.5025859909717219 0.5081098546933889 0.5141830664203215 0.47373255437342965
1 0.5181287606099153 0.5190011335976759 0.5148996138778819 0.5674247703360553 0.5006569634253423 0.5655765399261935 0.5038861101573757 0.517152903187814
1 0.5312236599001486 0.5711160170972047 0.5528100972903909 0.5861723166614322 0.5414689473528683 0.6178134323963568 0.5198825099626261 0.6027570714902638
1 0.557619166305498 0.8484506885010993 0.5504613431111537 0.827572923209799 0.567075569966341 0.8164885707836055 0.5742334371341409 0.8373663360749057
1 0.5614155266401747 0.7512302111141645 0.581375166043768 0.7535031112594222 0.579914016064031 0.7784720722754397 0.5599543766604377 0.7761991721301822
1 0.6039255895257339 0.029451506341522063 0.5751277692723343 0.05161547253479311 0.56461516718356 0.025035492020036708 0.5934129434635042 0.0028715265456156513
1 0.5695845194440067 0.08616681122899654 0.5553425285932997 0.053055127781240184 0.5767598440736447 0.035128937534351444 0.5910018349243515 0.0682406248159744
1 0.5676846023251756 0.060954100642372014 0.5493073037447092 0.09492167563893687 0.529796853189166 0.07438090722165515 0.5481741517696326 0.0404133283912237
1 0.4938306121386437 0.02756863886387504 0.5399480814205466 0.04485204878763937 0.5291980666454656 0.10067029023290279 0.48308064133701817 0.08338688222607177
1 0.4842385063940922 0.9855737427371232 0.45043285710667325 0.967730130142902 0.46661126304428585 0.9080851032506282 0.5004169123317048 0.9259287158448493
1 0.497249548304665 0.9378905636581344 0.5137770595055836 0.9383811145571608 0.5135278179597442 0.9547227715727072 0.49700030675882567 0.9542322820155464
1 0.6091848587783681 0.9496686925840139 0.6344551284306331 0.9540750014722048 0.6328441608879684 0.9720535661706973 0.6075738912357034 0.9676472572825063
1 0.5046120679344155 0.23697916155484453 0.5315980938738293 0.23178675665927292 0.5338449615566463 0.254510498046875 0.5068589356172325 0.25970290294244663
1 0.5581795200490814 0.1832868873174466 0.5484349143608159 0.19154008261522457 0.542974422575761 0.17899403020964197 0.552719072237482 0.1707408502473304
1 0.4979186484037284 0.21283587738497173 0.4865384500377116 0.24458625831795697 0.46403754066665165 0.22889229472558104 0.4754176950592129 0.1971418984571294
1 0.4835234980074748 0.3928929314541457 0.478446938462491 0.4156133450455402 0.46762216881304036 0.41090676772534546 0.47269868438456863 0.38818635413395103
1 0.45490596892167234 0.23419011561714825 0.44140079729151654 0.2533239009991363 0.4291367324697181 0.2364791026666536 0.4426419480733294 0.21734533262013192
1 0.40080692170332766 0.2887289229349874 0.42528747206806106 0.28315349943074747 0.42874541268912103 0.3126991770375314 0.40426486232438763 0.31827460054177137
1 0.3923580378551648 0.21890274124528894 0.39396931321201817 0.19754962250215924 0.4153831547893777 0.20069400653168185 0.4137718794325243 0.22204710993934515
1 0.32102447421818714 0.17447692257675093 0.3427403474747276 0.17519818023221576 0.34237484011251573 0.19661326959504555 0.32065896685597534 0.19589199660411433
1 0.41158380425972624 0.34763508705637564 0.40511152723680655 0.379880481509108 0.390846274428134 0.37430858516213883 0.39731855145105366 0.3420631907094064
1 0.4018519069001036 0.44831457090138194 0.40902050359104825 0.4063146543263191 0.4242886150261167 0.4113857863536432 0.417120018335172 0.45338567225777326
1 0.4041850505026342 0.4402236095025911 0.39772196393191644 0.451104736328125 0.39081443764634366 0.443120755142902 0.39727748024360593 0.4322395976464353
1 0.42218457312680113 0.47447991299269787 0.412305892372681 0.5010794941504397 0.3990702340513554 0.4915141196706187 0.4089489148054755 0.4649145078419441
1 0.3995673539659132 0.5513111823767274 0.391290626196078 0.5240207384579145 0.4115529348939571 0.5120623871309673 0.41982966266379235 0.5393528923916457
1 0.45996445537644093 0.9170948737829774 0.4137146259934483 0.89833984375 0.4263793329684123 0.837565697138034 0.4726291183779494 0.8563207271710113
1 0.5185272040903053 0.7475598205873115 0.4947246364626486 0.7859289121388191 0.4656453421205196 0.7508247413826947 0.48944795372163186 0.7124556498311871
1 0.4365539111046695 0.8550097288198807 0.4554012859245542 0.7516564143961998 0.5025980836719875 0.7684047679805276 0.4837506648786473 0.8717580824042085
1 0.47116467038904897 0.6885931733864635 0.4318107143259186 0.7135467375942212 0.41593537344369147 0.6648261448845791 0.4552893295068219 0.6398726420186872
1 0.455371867682817 0.6384709190483668 0.4930847783597127 0.6391631620014133 0.49279793950941103 0.6695731464941898 0.45508502883251534 0.6688809035411433
1 0.5011944069986041 0.708552037531407 0.4577061985686464 0.7014149728132851 0.46004215647232977 0.6737167895139762 0.5035303649022874 0.680853854232098
1 0.38483980821944797 0.6352973976326948 0.36847939614947317 0.6554661122997801 0.3566977641080917 0.6368685468357412 0.37305817617806647 0.6166998935105213
1 0.37566158063817096 0.6001225610474247 0.4008579748851765 0.6043829989792714 0.39796285052120856 0.6377015080284234 0.372766456274203 0.6334410700965767
1 0.39985181824961724 0.6544438501099247 0.3808563848050252 0.6827487658016645 0.3629305397055678 0.6593388696411746 0.38192599513688763 0.6310339539494346
1 0.43163899798214606 0.6500428166221733 0.4164321855440607 0.704136159312186 0.38306794180306647 0.6858841939188128 0.39827475424115183 0.6317909125706658
1 0.3569545471015512 0.8426431473775126 0.4111600320689616 0.8410999700651696 0.4117520027270578 0.8815648064541457 0.35754656173310295 0.8831079837664887
1 0.35982031918396523 0.964647272004554 0.4119038430689391 0.9491634809791143 0.416070811686667 0.9764394482176507 0.3639873317751486 0.9919232392430904
1 0.2995341628016931 0.865768723991049 0.3325384838093255 0.8347183304216395 0.3515813865991422 0.8741068624371859 0.31857704360478206 0.9051572560065955
1 0.30516670073143687 0.9058255756320666 0.255194562312849 0.8961436209367148 0.2612501028978859 0.835323222558103 0.3112222413164738 0.8450051772534548
1 0.27059740841560476 0.9306980458935301 0.2608140621130336 0.9664415829145728 0.24295314382063896 0.9569283796914259 0.2527364901232101 0.9211848426703831
1 0.2518132014645623 0.8754000103054335 0.253525901596553 0.9100433196254711 0.24051228723883286 0.9112952457600503 0.23879956512011438 0.8766519977818782
1 0.2433059648409357 0.7706438687578517 0.2357594822600527 0.7267805089902638 0.2642632959899023 0.7172376163041772 0.27180975658405754 0.7611009760717651
1 0.2930115361722127 0.6242308343475188 0.35607474819040436 0.6219157923406093 0.35716638922347804 0.6797830092847048 0.29410319919201416 0.6820980512916143
1 0.3123653972526792 0.6348242064816269 0.2709324641598748 0.623637474481784 0.27461407576239416 0.5971027623468907 0.3160470308419263 0.6082894943467336
1 0.27457199316546965 0.6126595501923681 0.30137585906542685 0.6418922616009736 0.28127601029893506 0.6777559059948178 0.2544721224122501 0.6485231945862123
1 0.24181970601810157 0.7108606386424309 0.24405788894345506 0.6546606322628769 0.27659241953913005 0.6571820283055905 0.2743542146270488 0.7133820346851445
1 0.2665277090814684 0.5859461492030464 0.2738070089466634 0.5608985479153581 0.28830793749014993 0.5690992192407349 0.28102863762495495 0.594146881870289
1 0.27965312594982666 0.5780520031799623 0.26064718284936733 0.6191468205284234 0.24479837994754142 0.6048831192093279 0.2638043230480007 0.5637883018608668
1 0.2383686692295569 0.6525732299191269 0.23992466995283232 0.6265264923249058 0.2494174836348388 0.6276299711447865 0.24786150489829115 0.6536767700808731
1 0.2857280808154719 0.2013591363801429 0.3199608442762743 0.18587135813344063 0.3275571927557074 0.21854448941484766 0.293324429294905 0.23403226766154994
1 0.2657530287157218 0.28350428288905466 0.2457788780718097 0.2751452575376884 0.25184070686098475 0.24695827158252198 0.27181483551816915 0.2553172969338882
1 0.23861707527974155 0.31766449434673366 0.2517808150145781 0.29471061361494977 0.2735919347757565 0.3190513725855842 0.2604282170276477 0.3420052533173681
1 0.2729383792932164 0.3364532624057789 0.25172259415948084 0.289508639388348 0.26806225075845413 0.2751388779836683 0.28927803589218976 0.3220835010010992
1 0.2692988942610771 0.2267852783203125 0.32431320498243876 0.23019611607843907 0.3222104163266053 0.2961956081677921 0.2671961056052436 0.2927847550741991
1 0.29311326876153865 0.2988574464117462 0.32040323922544806 0.3197046021121231 0.3081497060462446 0.3509185944370289 0.28085975756906295 0.3300714080657192
1 0.3135332662708821 0.3493784842179648 0.3019680056173451 0.3977783509834328 0.27646746896529406 0.3859208456834956 0.2880327516055588 0.3375209789180276
1 0.3080217213039783 0.40796183677174935 0.304812450573836 0.4353202474776225 0.2918701171875 0.43236590054766016 0.29507938791764227 0.4050074898417871
1 0.23468274822839744 0.5960870023947864 0.24363833820441957 0.6485569326122802 0.21231101088290255 0.658961862535333 0.2033554209068804 0.6064919936597047
1 0.16299693522604466 0.6256034199316897 0.17215896958232957 0.5787406883048053 0.20899563220461095 0.5927551576240578 0.19983360884168994 0.6396178892509422
1 0.21748180554304755 0.6612747575769472 0.1746242644120362 0.7220733182514133 0.14196714681575895 0.6772767033409234 0.18482467695340643 0.6164782040083229
1 0.215523689555847 0.6703267926546796 0.24052726020043452 0.6802922694527324 0.2354369149771479 0.70514553971027 0.21043334433256033 0.6951800629122173
1 0.19643551609358115 0.7274081589588568 0.2293027278669286 0.7219062230095792 0.2321660594225617 0.7551914234257223 0.19929884764921424 0.760693359375
1 0.25272707980373066 0.780299875844064 0.24181992588537915 0.8624619067014762 0.2112316384439166 0.8545600316033292 0.22213877037554033 0.7723980620877826
1 0.1833182343144925 0.8265998571961369 0.16681283076833237 0.8472426218004083 0.1549771003833078 0.8288269963096734 0.1714824929361041 0.8081842930472676
1 0.23851945420850595 0.9177167576162061 0.17989793497135043 0.919926966374843 0.17885622579701008 0.8661606985120917 0.2374777450341656 0.8639504897534548
1 0.1715716161370621 0.9155477092493719 0.11571109123120046 0.8877177022809359 0.1287337751141199 0.8368520458739007 0.18459430001998153 0.8646820528423367
1 0.107863885181438 0.8851682730056533 0.12363044672809348 0.8995490146042714 0.11351050561030934 0.9211396950573179 0.09774394406365386 0.9067589534586997
1 0.07364317594412768 0.9099460927685301 0.05846053241652783 0.8742056841826319 0.08250560815464866 0.8543288954538316 0.09768825168224851 0.8900692426978644
1 0.05926673625319423 0.8769155837782663 0.03497978177469127 0.9035354384225817 0.01799821991054744 0.8733860341747801 0.0422851743890504 0.8467662408723304
1 0.0019254474887243265 0.8966901156171483 0.0291066128513655 0.9012860322118404 0.0266068538259017 0.9300550604585427 -0.0005743102484546408 0.9254591438638505
1 0.1226228059884107 0.9675571460819724 0.14830562360692093 0.9689090594574434 0.14777569949455152 0.9884995043577262 0.1220928818760413 0.987147590982255
1 0.17060292488559867 0.6286708812617776 0.13751441669738945 0.6496516395453832 0.12387845701717849 0.6078036667713568 0.1569669652053877 0.5868229084877512
1 0.08323934923331401 0.6160266051939385 0.04757753641529798 0.6227493056100817 0.04255624875555121 0.570916165299152 0.07821806432190821 0.5641934648830088
1 0.13172111181429552 0.585477129298838 0.11761024980792395 0.651419512111338 0.09675538780366309 0.6427353442014762 0.11086626080339855 0.5767929613889762
1 0.0650165568854692 0.6287689055629712 0.07699215583911204 0.5861695562774811 0.1078359950172798 0.6030426792163944 0.09586039606363697 0.6456420285018845
1 0.20473629734358115 0.45453506546403893 0.217944120467568 0.4336539263701319 0.2307709355862752 0.44944194237790513 0.2175630904755606 0.47032311214274497
1 0.12186625367969876 0.4492342694919912 0.08854253147795839 0.4644315019923838 0.08231504918518946 0.43785894192642905 0.11563877688361177 0.42266167875510363
1 0.12734532424970732 0.42323320091669286 0.14440646432662216 0.42663316582914573 0.14195383385210283 0.45058268638112436 0.12489270476855187 0.4471827214686715
1 0.24648966500669803 0.29947607912609925 0.22104361146602575 0.3172244278030779 0.2152952474544646 0.3011868117442682 0.24074130099513688 0.2834384630672896
1 0.21147505350690066 0.3031046651715609 0.18689633240273776 0.28819739566975505 0.19159982115116175 0.2731065606352073 0.21617854225532465 0.2880138301370132
1 0.15651157610011032 0.29638960181768215 0.1982041724477103 0.2989183588842651 0.19745433708432772 0.32297577977779524 0.15576175173009163 0.3204470533821451
1 0.2027779834758308 0.3058384574238379 0.22398653497613472 0.31693296192878456 0.21967133183987753 0.33298523869346736 0.19846278033957357 0.3218907035175879
1 0.046683429641064034 0.6992074017548681 0.01892406452629683 0.7110616559359296 0.01182286814928742 0.678702226955088 0.03958223601239559 0.6668479727740264
1 0.0399002932677695 0.7196219132773242 0.027479647215917405 0.8192494454695352 -0.0029574845641078453 0.8118652957168656 0.009463163892542594 0.7122377635246545
1 -0.006045386839325215 0.8742680688599246 0.0038108798200184057 0.8162157221655151 0.0202259344051482 0.8216390791849875 0.01036966774580458 0.879691425879397
1 0.0062069356956811735 0.6084513755299937 0.014597167199214528 0.5768500706658292 0.03992186499603887 0.5899341679098619 0.03153163349250552 0.6215355341158919
1 0.032620047973281024 0.560126315169598 0.029818334222183447 0.6369897583621231 -0.0015897795515032941 0.6347619444880653 0.0012119323101098668 0.5578985012955402
1 0.47986345538488384 0.07943636640232413 0.4305529855513779 0.07749870722018294 0.43153003175938853 0.02911548518655288 0.48084045761943894 0.031053146285627355
1 0.42462448427931376 0.0635217829565307 0.3263749224308245 0.06097191278658919 0.32718335242367613 0.00035571539821337215 0.42543293625889317 0.002905587814561087
1 0.21167610014549937 0.023051349122320586 0.28071985602035304 -0.02047530322817702 0.2984285382097667 0.03418702935453635 0.2293847823349131 0.07771368745583386
1 0.32892982416949973 0.03402160567853918 0.2936732047572947 0.035090782893961996 0.29316634472234104 0.0025660215310714953 0.32842296413454614 0.0014968458731569837
1 0.22659787664495903 0.07522269397524733 0.18030742678243764 0.10423422195204539 0.16251656919803675 0.048994629826377985 0.208807030053922 0.01998310184957993
1 0.21448925798839383 0.02310436191271298 0.19226225927171514 0.023638950520424386 0.19199520847639365 0.0020314338818267362 0.2142222071930723 0.0014968458731569837
1 0.194567743570729 0.10700102379573649 0.1824390510317228 0.13054078068565483 0.17105238856774585 0.11912406269629397 0.1831810701133882 0.09558430580637563
1 0.1821452094086309 0.13200344679942683 0.16563214348784785 0.16716259520257537 0.15210549082467467 0.1547999089686715 0.16861855674545773 0.11964076056552293
1 0.18275547302421988 0.13388093727916928 0.19574717760773144 0.09083843902127826 0.22271354741253152 0.10667729976788239 0.20972183183565607 0.1497198056935066
1 0.04554870011827101 0.20417685963999685 0.07403306658742063 0.1364801761493012 0.11207179308624707 0.167625864306886 0.08358743211377938 0.23532254779758166
1 0.11110125494965216 0.207880804167321 0.09713826468080196 0.15029359750412216 0.13937315267513395 0.13036594103329147 0.15333614294398415 0.18795313236102387
1 0.14882753355702338 0.15160560799603487 0.11873103424863787 0.13108015970968123 0.12707444776375632 0.1072734353530347 0.1571709470721418 0.12779887597165515
1 0.07180529437765952 0.2509992436547974 0.11638979953029313 0.1740470081118483 0.1681206343153368 0.23237068521317525 0.12353612366602125 0.3093229207561244
1 0.11161960304985816 0.29197298749607414 0.057322334487431334 0.385683329979978 0.031474597172366094 0.35653956427646044 0.08577186298645195 0.2628292217925565
1 0.12478573933802008 0.3084669256929177 0.10371025151409402 0.3574665318781407 0.08602008214945064 0.3426601390742776 0.10709556997337671 0.29366050221812184
1 0.03348306826280929 0.4244405008440641 0.0151361787009995 0.4052454349383637 0.03694470265413224 0.3646822675388662 0.05529159084177154 0.3838773027736338
1 0.04732341381589686 0.4106510334877513 0.0479893148460718 0.5067938569802136 0.00044798700713286825 0.5074346341080402 -0.00021791466718448343 0.4112918106155779
1 0.020051216873037025 0.11578719556032113 0.0193497289498189 0.17792557759500627 0.0013351516867920713 0.17752983054923052 0.00203663918058192 0.11539144851454539
1 0.16828387477555948 0.08571604819753062 0.16113980427942634 0.11720797284763662 0.1530025163370182 0.11361578553166221 0.16014658683315133 0.08212386088155622
1 0.2874195197817228 0.9025168567446608 0.27783733005138916 0.9380226940365892 0.2661990075015197 0.9319105905504083 0.2757811972318534 0.8964048146003455
1 0.3436780814135109 0.8910118218043341 0.356399580106268 0.8907719751099247 0.35652347531717177 0.9035606499293342 0.34380197662441464 0.9038004966237437
1 0.37459364129761796 0.88985595703125 0.3758471925938851 0.9015134878494032 0.3639517792363675 0.9040026180708228 0.3626982279401004 0.892345025910804
1 0.38275753318061057 0.9021781883048052 0.38247856557884546 0.8869991436675565 0.39780683270105366 0.8864509927567525 0.3980858003028188 0.9016300373940013