0 0.6928272961883105 0.6991467346498116 0.7120694207183222 0.8512529076044284 0.7452372350335464 0.8430879372448178 0.7259951105035347 0.690981764290201
0 0.9365933552942634 0.8512283708581972 0.9143735682242885 0.7489414847675879 0.8593446583156971 0.7722033016645728 0.8815644453856718 0.8744901877551822
0 0.9031977145060338 0.7020515173523869 0.9406041741714697 0.8616641557396357 0.9790695146456232 0.8441220384147299 0.9416631429270983 0.6845094000274812
0 0.8834582062207312 0.7701708616323807 0.942478410792282 0.708422115460113 0.9002017150351225 0.6297889594456658 0.8411815984104827 0.6915377056179334
0 0.9126878897807097 0.6360450936322236 0.9244295059775757 0.734320221714039 0.9648531603194794 0.7249219118051193 0.9531116320695245 0.6266467223814385
0 0.9157060518731989 0.914572864321608 0.9157060518731989 0.9748743718592965 0.962536023054755 0.9748743718592965 0.962536023054755 0.914572864321608
0 0.8754876656216228 0.9112408355252827 0.8743104962175793 0.9884217228721733 0.8995458949196236 0.989170768392745 0.9007230643236671 0.9119898197039887
0 0.8523054755043228 0.914572864321608 0.8523054755043228 0.9698492462311558 0.8760806916426513 0.9698492462311558 0.8760806916426513 0.914572864321608
0 0.8177233429394812 0.9085427135678392 0.8177233429394812 0.9869346733668342 0.8494236311239193 0.9869346733668342 0.8494236311239193 0.9085427135678392
0 0.7889048991354467 0.9175879396984925 0.7889048991354467 0.9758793969849247 0.8177233429394812 0.9758793969849247 0.8177233429394812 0.9175879396984925
0 0.7543227665706052 0.914572864321608 0.7543227665706052 0.9517587939698492 0.7860230547550432 0.9517587939698492 0.7860230547550432 0.914572864321608
0 0.8517269607236131 0.6946035720595163 0.8150111481504413 0.7141867786196608 0.8299119053381664 0.7685507002787374 0.8666277179113383 0.748967493718593
0 0.6642651296829971 0.9025125628140703 0.6642651296829971 0.9577889447236181 0.7226224783861671 0.9577889447236181 0.7226224783861671 0.9025125628140703
0 0.5910542952567769 0.974846829361652 0.6655838496403323 0.9816867540829146 0.6691737106279269 0.9055681851641018 0.5946442002178269 0.8987282604428392
0 0.542924908464855 0.9004144256438442 0.5383755027045434 0.9670510143490892 0.5852945201335105 0.9732843907035176 0.5898439258938221 0.9066478633401381
0 0.4623690998176333 0.9496629264486495 0.45579709099761345 0.8671528418459485 0.42930695371600325 0.8712587596184045 0.43587896253602304 0.9537688442211055
0 0.43746658017381124 0.9478192353368404 0.42934828876418407 0.8529740990106784 0.396333677967962 0.8584731518922739 0.40445196937758915 0.9533182882184359
0 0.4452449567723343 0.9216080402010051 0.4452449567723343 0.9467336683417086 0.45605187319884727 0.9467336683417086 0.45605187319884727 0.9216080402010051
0 0.42828492266300433 0.8409615828164259 0.43687201508183987 0.9128344358511307 0.4947036171509141 0.8993888509932475 0.4861165247320785 0.8275159366166771
0 0.4603746397694525 0.8824120603015075 0.4603746397694525 0.9477386934673366 0.5 0.9477386934673366 0.5 0.8824120603015075
0 0.4284598050955737 0.8215266395453832 0.47295166367412644 0.8143652834484925 0.46932306207222624 0.7704962802292713 0.4248312034936734 0.777657636326162
0 0.390178669426558 0.8277628376256282 0.4172507074449523 0.8208964745603015 0.41215563507519815 0.7818050211997487 0.38508355308334835 0.7886713842650753
0 0.39204358367480185 0.8566598250039259 0.42878885846316644 0.8489709902049309 0.4213376443736491 0.7796759063874058 0.3845923695852846 0.7873646798445352
0 0.3760806916426513 0.6984924623115578 0.3855575429603071 0.7645921870092651 0.4193637639026477 0.7551604457836055 0.4098869565584474 0.6890606597440326
0 0.46677994521962807 0.6606338577653894 0.4087448339984465 0.6788079803313443 0.41733610389555564 0.732193867285647 0.4753712151167372 0.7140197447196922
0 0.42077698281587717 0.7328566048013505 0.42479492539287644 0.7608813108511306 0.4453003633262788 0.7551604457836055 0.44128242074927954 0.7271356783919598
0 0.41512674557029 0.7102977043420227 0.4268661630943804 0.837668138053549 0.4924655881326549 0.8259026455519787 0.4807261706085645 0.6985322118404522
0 0.44947907285662825 0.6221260109139447 0.41737972556342307 0.6277232107804648 0.42159167902613925 0.6747274580912375 0.4536909823458889 0.6691302582247174
0 0.4045681032735951 0.6303952011031722 0.41039023275677683 0.6791253631438442 0.4549030227001531 0.6687763156603329 0.44908093719042685 0.6200461536196608
0 0.4048510284863563 0.6286359777402638 0.3694365663555926 0.6393755888819096 0.37708337437522516 0.6884440513112438 0.4124977925325333 0.6777043788277324
0 0.37355907780979825 0.6045226130653266 0.37691640716464786 0.6373065277559673 0.40293950237527015 0.632120625098147 0.39958212904696505 0.5993367104075062
0 0.37896253602305474 0.6060301507537689 0.35878962536023057 0.6201005025125628 0.3695965417867435 0.650251256281407 0.38976945244956773 0.6361809045226131
0 0.40204609367964245 0.6007235886463568 0.3896426330038725 0.5055598119994503 0.35458211321652106 0.514452266213882 0.3669855738922911 0.6096160735317211
0 0.40184997206806106 0.5913166295343907 0.45367638315865905 0.5796559089392274 0.45035541985151745 0.5509331938010364 0.39852896478746397 0.5625939143961998
0 0.4106398700637158 0.6340189104703203 0.46100148137776925 0.6192287732608355 0.45085768466037013 0.5520147122330402 0.40049611731977214 0.5668048494425251
0 0.4499135305970821 0.5101909694959171 0.44692087310878964 0.43504598799662375 0.39269342340035124 0.43924854987829776 0.3956860808886437 0.5143935007066583
0 0.40049752447034853 0.5637443197432475 0.44876687877116356 0.55091871712076 0.4425175911411428 0.5051515818840295 0.3942482808137833 0.5179772151774498
0 0.34914598272581954 0.4467837233040201 0.3539603725290436 0.5156223009579146 0.39389099648775217 0.510187933073571 0.3890766066845281 0.4413493554196765
0 0.34198363026555745 0.45894542291535806 0.30391748082053766 0.46265016488693467 0.3060904730980953 0.506098853643216 0.3441566665165706 0.5023941116716395
0 0.2780979827089337 0.46130653266331656 0.2780979827089337 0.5115577889447236 0.30547550432276654 0.5115577889447236 0.30547550432276654 0.46130653266331656
0 0.2924371109228656 0.5159636070979899 0.2979690595731268 0.5648376771553077 0.31876120443646433 0.5602580774968593 0.31322921181274765 0.5113839460976759
0 0.354168015185969 0.5616945199630967 0.28414099085914984 0.5710873704459799 0.2873710610337491 0.6179483231587626 0.3573980853605683 0.6085554113340138
0 0.3649007044195785 0.6666112545147613 0.35461949065370585 0.603096660058103 0.32609351430227845 0.612082200553549 0.3363747280681511 0.6755967950102073
0 0.3319973464658006 0.7245270542163945 0.35992071058289804 0.7199444488065326 0.35666513580410214 0.6813418901146356 0.32874172771354915 0.6859244955244975
0 0.3028892055368561 0.6384139937971105 0.30603506654415075 0.6764464411903266 0.3221144882334069 0.6738583665397299 0.3189686272261122 0.6358258578046483
0 0.2707694985337491 0.6255167438756282 0.29911197365532693 0.623633977995446 0.29770526281351317 0.5824256781956658 0.26936278769193533 0.584308444075848
0 0.29635074846339154 0.6113190464038945 0.2734638840733069 0.6264421472597361 0.2812683369309483 0.6494258401381909 0.30415520132103296 0.6343027392823493
0 0.3059654125906205 0.6751356882066583 0.30197407395420567 0.6361607843907036 0.2865417656362572 0.639236158821451 0.2905331482461275 0.6782110626374058
0 0.22751012796627343 0.6337449576986495 0.2573882441012248 0.6283669936597047 0.25424088799644273 0.5943412129004397 0.22436277186149137 0.5997191769393844
0 0.30304500348973346 0.7658526396631595 0.37346515050882567 0.7597129323374686 0.36991891118909853 0.6805623576868719 0.2994987641700063 0.6867020036706972
0 0.34306810362538276 0.8084975046129083 0.37445314610725866 0.802011399772299 0.3714049501446551 0.773309479526539 0.3400199076627792 0.7797956457090138
0 0.3615384500377116 0.7583146445116206 0.33635555564154807 0.7627058633008794 0.3380403546160167 0.781507513151696 0.3632232490121803 0.7771163557043028
0 0.35446685878962536 0.8020100502512563 0.35446685878962536 0.8271356783919598 0.37175792507204614 0.8271356783919598 0.37175792507204614 0.8020100502512563
0 0.3808840880819975 0.8248773776107098 0.3471752243701594 0.831843789258794 0.351472838124212 0.872310527245603 0.38518170183605005 0.8653441769393844
0 0.35223520592241536 0.8694692947157663 0.3564876589376576 0.9228581874214824 0.3877222682282286 0.9180169033644786 0.3834698152129863 0.8646280106587626
0 0.38703170908287554 0.9161808799858668 0.3628241899034132 0.9204019977818781 0.36586121660831683 0.9542945440091081 0.3900687357877792 0.9500734262130968
0 0.35381842621465237 0.9192964946804334 0.3180115449669038 0.926432148535647 0.3225648203913004 0.9708944502787374 0.3583717456125045 0.9637587964235239
0 0.3205207143118471 0.926224199611338 0.3500347742086185 0.922793287727701 0.3482212209564121 0.8924345850345478 0.31870716105964064 0.8958655582600502
0 0.3126801152737752 0.8321608040201005 0.3126801152737752 0.8884422110552764 0.34870317002881845 0.8884422110552764 0.34870317002881845 0.8321608040201005
0 0.37311041664321415 0.7426578080833857 0.3014964342804395 0.754274055826005 0.30846846962524765 0.8379158365067525 0.3800824519880223 0.8262995887641331
0 0.3425994345365409 0.799903509245446 0.33560229034863565 0.7462190714313757 0.2995907566389364 0.7553527525321923 0.3065879008268417 0.8090371903462625
0 0.3000789059685699 0.6836469947393216 0.3013412959293948 0.7259103132851759 0.3311286508521704 0.7241789391292399 0.32986630486480095 0.6819156205833857
0 0.27520963025711453 0.9726733030386306 0.31310230442014136 0.9701562009265076 0.3118162127667958 0.9324814379514761 0.2739235386037689 0.9349985400635993
0 0.3069563983840283 0.9028452197510992 0.2774386886904494 0.9045609517313128 0.2783539521934663 0.9352028698178392 0.3078716179135897 0.9334871991794912
0 0.30123751857438763 0.8658587125078517 0.2697321647182322 0.8756251962939698 0.275224625205444 0.9101034346537374 0.3067299350881439 0.9003369508676193
0 0.29968657479849603 0.828582610317211 0.27568990833821144 0.8306747973264761 0.2775485343823172 0.8721584607608355 0.3015452008426018 0.8700662737515703
0 0.2657886252279584 0.8112881301036432 0.28974835398561327 0.8075744322196922 0.2864623495756034 0.7663193899183417 0.2625026208179485 0.7700330878022927
0 0.24495677233429394 0.6944723618090453 0.24495677233429394 0.7608040201005025 0.29250720461095103 0.7608040201005025 0.29250720461095103 0.6944723618090453
0 0.2328589711477846 0.9791654807239322 0.27365719138373557 0.9724698320705087 0.2699639048287779 0.9286775061832601 0.2291656406193714 0.9353730934948178
0 0.26828939564289894 0.8811840574945038 0.22673865766277917 0.8880031259814698 0.23067296272739554 0.9346527559673367 0.2722236567340598 0.9278336874803707
0 0.2305233650317453 0.8919361823767273 0.2659927939818984 0.8832045972047738 0.2607561710588527 0.8418096954499058 0.22528674210869956 0.8505412806218593
0 0.26047729140399856 0.8453803441033292 0.2543819548417237 0.7646038419637249 0.21646601872073126 0.7701714137091709 0.2225612673360951 0.8509479158487752
0 0.24603508941034763 0.7318066774301194 0.21130546987572046 0.7403561386031721 0.21546861280281882 0.7732656814345163 0.250198232337446 0.7647162202614636
0 0.23991354466858789 0.6904522613065327 0.20402883040458394 0.6995537992697864 0.20971178390107167 0.743155781348147 0.24559649816507564 0.7340542433848932
0 0.18602917586005044 0.6026304005378454 0.1951922765726315 0.6949464117462312 0.23318041710757384 0.6876089431532664 0.22401740434190381 0.5952929932867462
0 0.22715279966678675 0.6329436489086055 0.23199286996802954 0.6824569012052449 0.24748937953102484 0.6795091178548995 0.24264922128287103 0.6299958042163945
0 0.24256488019519992 0.629909557553392 0.2478386167146974 0.6814070351758794 0.27688761334597894 0.6756180806375628 0.2716138328530259 0.6241206030150753
0 0.1875137197181196 0.6339361602936557 0.22386587181421108 0.630313984473147 0.22178865372275758 0.589745664356941 0.18543641367975505 0.5933678401774497
0 0.292922841712446 0.5124468472734768 0.26368876080691644 0.5206030150753769 0.27067170156869147 0.5693080882930276 0.299905782474221 0.5611518898201947
0 0.22080690235500722 0.533025110906093 0.22528814925927593 0.5767839441347362 0.24788188659492075 0.5722813898594535 0.243400551743741 0.5285226179726759
0 0.2017291066282421 0.5266331658291458 0.2017291066282421 0.5829145728643216 0.22622478386167147 0.5829145728643216 0.22622478386167147 0.5266331658291458
0 0.1879085134017021 0.4727172544853172 0.1925564197023595 0.5310699616245289 0.22181415832695425 0.5265351415279522 0.21716633997320786 0.468182373046875
0 0.14857012394182276 0.5586703046482412 0.1940589926771884 0.5551449262916143 0.19102640729129142 0.4789980787727701 0.1455375385559258 0.4825233957875314
0 0.16313254936284222 0.5911654218357412 0.1995174177098343 0.5843979418577261 0.1957671855299892 0.5451625191386621 0.1593823171829971 0.5519299377748116
0 0.22111023125112572 0.5216179775832287 0.2512126999560969 0.5174187588332286 0.2475533169353386 0.46637146916221733 0.21745084823036742 0.47057068791221734
0 0.24648194766525577 0.4670256801586055 0.2480099372973703 0.5160481361887563 0.27899380994461453 0.5141689588077104 0.2774658642859555 0.4651464721066269
0 0.20583015903615814 0.8778508018608668 0.16800595154336276 0.8884035656799623 0.17507204610951008 0.9376884422110553 0.21289625360230546 0.9271356783919598
0 0.21692369444569526 0.9347091904836683 0.17607235427548631 0.939664570410647 0.17931909038972443 0.9917505005496231 0.22017051850684438 0.9867951206226445
0 0.11095100864553314 0.9316582914572864 0.11095100864553314 0.9839195979899498 0.15201729106628242 0.9839195979899498 0.15201729106628242 0.9316582914572864
0 0.14367992390129683 0.8801812406760364 0.08326118755065742 0.8931478069056219 0.08876666418070064 0.9430679397966395 0.14918540053134005 0.930101373567054
0 0.0994236311239193 0.8180904522613065 0.0994236311239193 0.8733668341708543 0.14985590778097982 0.8733668341708543 0.14985590778097982 0.8180904522613065
0 0.13841331108159222 0.7743422925172738 0.11196811467151477 0.7835648579813128 0.11934228726697586 0.8247118159155151 0.1457873957301423 0.8154891891096105
0 0.11723340828755403 0.81813063118326 0.1137752477992165 0.7843618114989007 0.09561957543452809 0.7879798774144158 0.09907782386977666 0.8217487584406407
0 0.07666868710036924 0.7836233167792085 0.08178271202944885 0.8299939026185615 0.10089366374166966 0.8258924628022927 0.09577963881259005 0.7795218769629397
0 0.09432499690426874 0.869965182357098 0.08961429650914085 0.8371086388976131 0.06398252107911563 0.8442597509029522 0.06869322147424352 0.8771163557043028
0 0.13312805351675072 0.7346172390271671 0.09170699325693443 0.7387445037688443 0.0937477133803134 0.7785985592022613 0.1351687736401297 0.7744713558024497
0 0.08861671469740634 0.6974874371859296 0.08861671469740634 0.7376884422110552 0.1260806916426513 0.7376884422110552 0.1260806916426513 0.6974874371859296
0 0.09654178674351585 0.6462311557788945 0.09654178674351585 0.6934673366834171 0.12680115273775217 0.6934673366834171 0.12680115273775217 0.6462311557788945
0 0.1307270148989103 0.5973115087154522 0.08308072048923812 0.5947551478093593 0.0817004816676423 0.6448164283330716 0.12934668813040345 0.647372727897299
0 0.046672282370091855 0.6277522868247487 0.0538047768540616 0.6907673744700062 0.08443800516705692 0.6840200759657663 0.07730551068308718 0.6210050496623744
0 0.08481054828215058 0.7050346336173052 0.058833141491804755 0.7153882817407349 0.06609210363382564 0.7508296487319409 0.09206951042417147 0.7404759392666457
0 0.05876304780371938 0.6915933426900126 0.061103930734420026 0.7503733879357726 0.08919531742502702 0.7481963651264133 0.08685434654741535 0.6894163198806532
0 0.06571709800522334 0.7946965663277324 0.09426959035032421 0.7897178151499686 0.09043448940134186 0.7469192274850817 0.06188208500315202 0.7518979786628455
0 0.053025919010041424 0.8755779017156093 -0.006916408923586095 0.9173869224049938 0.011671434561869597 0.9692462556925251 0.07161385044240814 0.9274371736612751
0 0.03528412480862752 0.8203159351444723 -0.01035671618898595 0.8431709941308103 0.005886198807862032 0.9062909150243404 0.0515270398054755 0.883435794696137
0 0.032420749279538905 0.8361809045226131 0.04596545304619957 0.8739698247094849 0.0664264777895353 0.8596985169990577 0.052881861969785664 0.8219095354703203
0 0.00028996096564301154 0.8398210535097361 0.04923734197699027 0.8322343529169284 0.04492337009748739 0.7780732888073179 -0.00402401091385987 0.7856599894001256
0 9.234425657420749e-05 0.7897387327261306 0.053615163313895896 0.777631197982098 0.04695406427300973 0.7203304731666144 -0.0065687547843119596 0.732438007910647
0 0.014492331732934079 0.7131426173837939 0.04275662205061239 0.7052570592218907 0.03823984459429035 0.6737534106077261 0.009975642223523054 0.6816389687696294
0 -0.0017564757069524497 0.6617535921796482 0.03274870331074388 0.6645850100109925 0.034510104044713615 0.6228140826201319 4.925027017291066e-06 0.6199826647887877
0 0.0 0.6703517587939698 0.0 0.7175879396984924 0.010086455331412104 0.7175879396984924 0.010086455331412104 0.6703517587939698
0 0.00962658093367255 0.5965471277284862 0.04607987197744056 0.6018998802606784 0.0492420031632745 0.5599944915004711 0.012788712119506484 0.5546416776264134
0 0.09833344121487753 0.5315340741794912 0.04580239947316282 0.5393854649222676 0.04990441929710014 0.5927924534783291 0.10243537309190381 0.5849411240774184
0 0.12094283310068443 0.5317976601758794 0.09207707385851946 0.5464402088567839 0.10225816006619236 0.5854968200376884 0.13112391930835735 0.5708542713567839
0 0.11611613072991715 0.4737224636365421 0.08800706671019452 0.47862389339274497 0.09086674846902017 0.5105373056689698 0.1189758124887428 0.5056358759127669
0 0.09020028677728746 0.5274085883519158 0.08751227738877881 0.4749126491834171 0.06314095708753602 0.4773410202869818 0.06582896647604466 0.5298369901264133
0 0.02089337175792507 0.4824120603015075 0.02089337175792507 0.5185929648241207 0.04394812680115274 0.5185929648241207 0.04394812680115274 0.4824120603015075
0 0.0446685878962536 0.5095477386934674 0.0446685878962536 0.535678391959799 0.06628242074927954 0.535678391959799 0.06628242074927954 0.5095477386934674
0 0.023532922398460013 0.5084982407152953 0.003831846913274496 0.5103303995563756 0.005068732269902738 0.5362120048484611 0.024769807755088257 0.5343798460073806
0 0.6529040157966723 0.7448782609335741 0.6686155995305746 0.8544646450023555 0.7126745834130719 0.8421724099010678 0.6969629996791696 0.7325860258322864
0 0.5104369677452945 0.6401195430276382 0.557052744225054 0.6292815395336055 0.5495171011009546 0.5662094039533605 0.5029013246211951 0.5770474074473932
0 0.6018146877673586 0.6286162256595478 0.5947357969256574 0.572658580990892 0.5510052507823757 0.5834238330323492 0.5580841416240769 0.6393814777010051
0 0.6028545720432952 0.6309819360474246 0.5914401623288905 0.5301371972165515 0.5454903198593976 0.5402580529601131 0.5569047295738022 0.6411027917909862
0 0.5002771207166337 0.5759566877355528 0.5465639757491669 0.5678855704302764 0.5409665066501936 0.5054194004691426 0.4946796516176603 0.513490517774419
0 0.5221223858660168 0.4430387103976916 0.4926258713779944 0.4533254652167085 0.5035599150643912 0.5143363914298053 0.5330564295524135 0.5040496672817211
0 0.4860458593890715 0.3899771685576319 0.48884318678798183 0.4426566732588725 0.5185659007311555 0.43958537806218595 0.5157685733322451 0.38690587336094534
0 0.5173687234048541 0.3357492111436087 0.4753132141289175 0.34802822707286435 0.48237856114632116 0.39511807695705087 0.5244340704222578 0.38283906102779525
0 0.46684630116399495 0.26384130123272614 0.47151676584732977 0.3181348331010521 0.49867613514836995 0.31358845006281405 0.4940056264915796 0.2592948875235553
0 0.4704792121645353 0.3205378393432004 0.517213629027265 0.314425950553549 0.5133679304755043 0.25720276185615576 0.46663351361277466 0.26331465064580717
0 0.5170379990459519 0.30262500245367463 0.5669166498981223 0.28967996721890704 0.5597609814030979 0.23602696711094534 0.5098823305509276 0.24897198701024653
0 0.5609601815083528 0.291347975227701 0.5159942451059303 0.30010050864674936 0.5204500313794579 0.34464629666889135 0.5654159677818804 0.33589379392077573
0 0.5249613561272964 0.3827307312931847 0.5674246312561915 0.37614902515507226 0.5641737616371353 0.3353352148928235 0.5217104865082403 0.34191689036000317
0 0.5324207492795389 0.3849246231155779 0.5433662260643687 0.4612678872880025 0.582021707760154 0.450483189875157 0.5710762749487798 0.3741399257027324
0 0.5799003842928224 0.45413192672346103 0.542598845292237 0.46213728554883793 0.5471298261746893 0.5032213067289573 0.5844313651752747 0.4952159785745132
0 0.5503444176929485 0.5014094827163159 0.5537006916848658 0.5435470197668028 0.5835119681674397 0.5389263210584171 0.5801556941755224 0.49678881467886304
0 0.4626305220106493 0.33913831854585424 0.46673478448081773 0.4021171531485553 0.48323450445785304 0.4000247207718279 0.4791302419876846 0.3370458861691269
0 0.5619842353403053 0.24497145456285332 0.4535700553432322 0.2681534810281878 0.4684776284165616 0.40382067809751887 0.5768918523870903 0.38063863629671796
0 0.5619330502380899 0.2684665085682318 0.5436608921897514 0.23411149068094378 0.5306350751981268 0.2475929912011228 0.5489072332464653 0.2819480090884108
0 0.6250242293739868 0.23562103731548367 0.5882217011465463 0.2488697147848618 0.5938785344104602 0.27944796001491834 0.6306811066113562 0.2661992825455402
0 0.6295403472284762 0.27558934197353957 0.5949751444440067 0.28409834818624374 0.5996823269626936 0.3213078944527324 0.6342475297471631 0.31279888824002827
0 0.6651758199466409 0.21904723200965767 0.6324610641435519 0.22734471613438284 0.6373371926783141 0.26475578576476133 0.6700518605344921 0.25645828630456974
0 0.675641810172573 0.262610292674309 0.6302778700243156 0.27361579013230214 0.6357242903036068 0.3173021172758323 0.6810882304518642 0.3062966198178392
0 0.6798115930914536 0.21347970627061086 0.625185084274248 0.21771318445253612 0.6272666997112527 0.2699806711781564 0.6818931205815472 0.2657471929962312
0 0.681951561303922 0.309486458169755 0.6471585760199028 0.3148792669401696 0.6500843498823622 0.35161172684712627 0.6848773351663815 0.3462188874057789
0 0.6476945244956772 0.34673366834170855 0.6476945244956772 0.392964824120603 0.69164265129683 0.392964824120603 0.69164265129683 0.34673366834170855
0 0.661693649951594 0.43662931355998746 0.6906893947282511 0.4315732409606627 0.6870427640095912 0.3908774524477858 0.6580470192329341 0.39593352504711055
0 0.618856600450851 0.4480782206933103 0.6230625295501621 0.48328127453674624 0.6486486605333663 0.47733261645139763 0.6444426874605997 0.44212956260796166
0 0.645893371757925 0.3964824120603015 0.6080691642651297 0.40703517587939697 0.6138328530259366 0.4472361809045226 0.651657060518732 0.43668341708542713
0 0.6418529587451594 0.3521119084190484 0.6027143846671245 0.3612114527716708 0.6081860017364238 0.40700800143294597 0.6473245318410032 0.3979084570803235
0 0.5910060563760807 0.28677966247251885 0.6006731368622794 0.36544419485120916 0.6401671044077585 0.3559996638465766 0.6305000239215598 0.2773351314678863
0 0.622152147100707 0.5270503518569409 0.6471779683137833 0.5170759191465139 0.6401908500737347 0.48296199012641333 0.6151650288606583 0.4929363921659077
0 0.6880403458213257 0.5587939698492462 0.6880403458213257 0.6040201005025125 0.712536023054755 0.6040201005025125 0.712536023054755 0.5587939698492462
0 0.6138606882232754 0.4933790350679177 0.6312918979084113 0.6317936729546169 0.6772770510626801 0.6205244361455716 0.6598458853509996 0.4821097369170069
0 0.6318443804034583 0.578894472361809 0.6318443804034583 0.6251256281407035 0.6736311239193083 0.6251256281407035 0.6736311239193083 0.578894472361809
0 0.6670147019092219 0.654627630339196 0.7344350237667733 0.5618319257419913 0.6949669126131349 0.5060309175270886 0.6275465907555836 0.5988265914533606
0 0.674323881737437 0.4741785710780465 0.6804200977688221 0.5166988506988065 0.706190433557164 0.5095090933181533 0.700094217525779 0.4669887830264604
0 0.7395299202427054 0.5530224977426194 0.7475130372500901 0.6020218892313128 0.7787462393900847 0.5921197172385364 0.7707631223827 0.5431203257498429
0 0.7351220650356853 0.49284186435105215 0.7390634498266391 0.5459899595634422 0.7687811507958844 0.5417014270571608 0.7648398099783862 0.4885533625157035
0 0.8332756987909762 0.5238850502512563 0.7748802690753333 0.5414548940994033 0.7835506911923631 0.5975317260128769 0.8419461209080061 0.5799618821647299
0 0.7698847086354017 0.4866331780975188 0.7765728073779719 0.5363913684634108 0.8033684722284762 0.5293827536118091 0.796680461432817 0.4796245325749843
0 0.7948251333978746 0.48339770139761307 0.80298625495317 0.5273100733157977 0.8266393128320876 0.5187557047934988 0.8184781033298811 0.47484336354624684
0 0.8698886134782511 0.5793290794794284 0.864475393157871 0.5340214868286747 0.8351507269339877 0.5408393284783292 0.8405638593074568 0.586146921129083
0 0.8514235438805836 0.5113671690974403 0.836517421931286 0.4628487285058103 0.8143445985117975 0.4761046749862594 0.829250720461095 0.5246231155778894
0 0.8818222177818804 0.5123154223264761 0.8619596717680565 0.5157789067407349 0.8648858413916156 0.5484344942485867 0.8847483874054395 0.5449710098343279
0 0.8702153362527018 0.5762459146317526 0.8985929901386888 0.5674490003729585 0.8939142144722623 0.5380786378179963 0.8655365605862753 0.5468755520767902
0 0.9012417752048811 0.5234772495288945 0.9023146395724514 0.565383619758951 0.9238495840462896 0.5643107505299937 0.9227766317318083 0.5224043802999372
0 0.8789625360230547 0.45226130653266333 0.8789625360230547 0.4864321608040201 0.9020172910662824 0.4864321608040201 0.9020172910662824 0.45226130653266333
0 0.8467730871195065 0.4697524180963411 0.8568860144711365 0.5167765708424937 0.8794912728521254 0.5073163976621389 0.8693784334474063 0.460292275586919
0 0.9534161042754863 0.5532338818114008 0.9401019973095281 0.5006107502846262 0.9166615071145533 0.5121515168616521 0.9299756140805115 0.5647746177174937
0 0.9847479828496488 0.5516639594456658 0.9750421617491445 0.5042761107785019 0.9477326230975324 0.515160703419441 0.9574384441980367 0.5625485827575377
0 1.0005348931128422 0.5553300560419284 0.9982610257283412 0.5251958645767902 0.9806719073644633 0.5277786024850817 0.9829457747489644 0.5579128552920855
0 0.9257077263823847 0.4497783104978015 0.9354127559606898 0.5039314308358197 0.9599932140163454 0.495359150488772 0.9502881844380403 0.44120603015075377
0 0.9331640413927413 0.5005882991618248 0.9290257874414626 0.4486334259186558 0.9007960602598163 0.45300894119032664 0.904934314211095 0.5049638451044284
0 0.8926512968299711 0.35577889447236183 0.8926512968299711 0.4130653266331658 0.9250720461095101 0.4130653266331658 0.9250720461095101 0.35577889447236183
0 0.868396857973478 0.41611223843828515 0.8911255938175432 0.41460243110081657 0.8896195029662735 0.3704813741559359 0.8668907671222083 0.37199118149340454
0 0.8418183340462896 0.3803064087527481 0.8484395931364823 0.423409742805826 0.8696457920569164 0.4170707050879397 0.8630245329667237 0.3739674017057946
0 0.8106487175229647 0.3790709529090766 0.8185773074455152 0.430685133430826 0.8458845594774406 0.4225223713783763 0.8379559695548902 0.3709081908566269
0 0.8190811552987662 0.43359102028698177 0.8112114898066012 0.3787011841433731 0.7862724721947046 0.38565906927214194 0.7941421376868696 0.44054890541575065
0 0.7584089559505583 0.39422015472872174 0.7641999082537824 0.43730349133362123 0.7921701041009996 0.4299876764192054 0.7863792397446866 0.3869043398143059
0 0.7222720099457403 0.4041015931709328 0.7290482314931557 0.460817607323728 0.7619947274067903 0.453157695214353 0.755218505859375 0.3964416810615578
0 0.7594639670951909 0.39321405612044597 0.752155578789175 0.33714170216315953 0.7170316932524315 0.34605025861730526 0.7243400815584474 0.4021226125745917
0 0.7522535516480547 0.33538091458267905 0.7589971448914805 0.3871195884206187 0.7853083981560699 0.3804462375353329 0.7785648049126441 0.32870753302646044
0 0.8149008627240184 0.36971917080519784 0.8072893214157061 0.3219391022495289 0.7780725660516481 0.3309961673602387 0.7856840194130493 0.37877623591590764
0 0.8088635711230188 0.32283036888544286 0.8147831018101584 0.3723753962684516 0.8410701696742166 0.36626375284626256 0.8351507269339877 0.31671872546325375
0 0.8906067070425072 0.3658019712821922 0.8823117302886347 0.2963737756163631 0.8372147529887878 0.306858603319331 0.8455098176895713 0.37628682965609295
0 0.7340444075614644 0.2435347513936872 0.7705243465192724 0.307145468553706 0.8083925274675793 0.26488540112672737 0.7719125885097713 0.20127466863124216
0 0.8095965206794848 0.26026129794480213 0.824726203676603 0.2884020014623901 0.8550432628444704 0.2566834109512406 0.8399135798473523 0.22854270743365263
0 0.8070893301400396 0.26162814806454143 0.8407492513958934 0.2264120590746702 0.8247550502634186 0.1966633092218907 0.7910951290075648 0.23187939821176193
0 0.8443515568713977 0.22741708420029838 0.7917002917023145 0.12948743350541772 0.7540058059032781 0.16892462495583385 0.8066570710723613 0.2668542603152481
0 0.7742393999347083 0.20663128570096576 0.7442573305509276 0.14317392320489164 0.7070776859690202 0.17735744457149027 0.7370597113793452 0.2408148070675644
0 0.7486119339033231 0.14514775108452418 0.780834362898505 0.12094416786078832 0.7675091746217579 0.08642294418871702 0.735286745626576 0.1106265274124529
0 0.7488317132339697 0.11785956914700456 0.7418802134928855 0.05967676363997723 0.7140743024754593 0.06614152151136542 0.7210258022165436 0.12432432701839274
0 0.7397074850560609 0.14231637925957916 0.708820441957853 0.10936779999852779 0.680763354562545 0.16054946669382067 0.7116503976607529 0.19349805362260522
0 0.6911425851607529 0.1702276028580402 0.6810899893900847 0.10712385321382302 0.6485929901386888 0.11719775175928471 0.6586455419359015 0.18030150140350187
0 0.6741299148251756 0.05280247213852465 0.6803369439644498 0.12207189972077183 0.7196187395870858 0.11522226764928156 0.713411666474356 0.045952840067034394
0 0.664657548799982 0.05049491767308221 0.6657131755729917 0.10792398117295461 0.680279030923541 0.10740298170540201 0.6792234481239868 0.0499739182055296
0 0.6158840388317273 0.06513745485238694 0.624902510849131 0.12174992393608669 0.6560264389521794 0.11210168426360317 0.6470079669347758 0.05548921134603683
0 0.6596711788122523 0.18161029144747173 0.6477957074168093 0.10982440584269001 0.618697988196821 0.11919146207109768 0.6305734595922641 0.1909773630113458
0 0.632049472599964 0.18398794816366992 0.6197018142392381 0.12944319068486967 0.5909795403824072 0.14209587058829304 0.6033271987431331 0.1966406280670933
0 0.6030182412447092 0.19453853434653737 0.5898525446911023 0.13576781306434516 0.5631467615836635 0.1474096403649105 0.5763124581372704 0.2061803616471027
0 0.5353748420473478 0.1472658857029287 0.5469716536552144 0.20966399686420384 0.5729499399146704 0.20026869270669756 0.5613530843333483 0.13787058154542242
0 0.5470614914248244 0.2045662731381517 0.5356494123035618 0.13911904186459642 0.5096725771681376 0.1479334538905465 0.5210846562894003 0.21338070049956814
0 0.48568035202685966 0.17092717616402325 0.49498478342545477 0.22024891915632852 0.5210146945216814 0.210693359375 0.5117103070965417 0.16137163171816113
0 0.4560354271264859 0.18601137094162218 0.4623047666522199 0.23148840516056846 0.4935960137534897 0.22309407756556218 0.4873266742277558 0.1776170433466159
0 0.44513458339900036 0.13034758448001726 0.4533702399613878 0.19066228051880496 0.48793346394035936 0.18147851378474403 0.4796978073779719 0.12116380241048995
0 0.47254209490949206 0.09664735266910726 0.4450305422032601 0.10395742445135836 0.4489402661062455 0.13259074915593594 0.4764518188124775 0.12528066970595164
0 0.4821838906587716 0.09580229946117305 0.48359126110241807 0.1488097991176586 0.5163939638165301 0.14711503072000628 0.5149865933728837 0.09410752339578753
0 0.5108789449466409 0.10522612758617306 0.5189093334187005 0.1463007327899262 0.5303702230755809 0.14194047630731785 0.5223398346035213 0.1008658711035647
0 0.5254655117947361 0.14344801399576004 0.5552538341335329 0.13513721868620446 0.5475227289996848 0.08121376229290986 0.517734406660888 0.08952454226699906
0 0.5559798358840283 0.08050251102926743 0.5694524671571055 0.1368844190434595 0.5906339969689977 0.12703517741294362 0.5771613656959204 0.07065326939875156
0 0.6214508584322092 0.12028997219986652 0.6117186972318533 0.06259164858103997 0.5789908813124774 0.07333388592130574 0.5887229985393777 0.1310322057062657
0 0.8263716903818443 0.0298081767019914 0.8467833769080961 0.1185796613070234 0.8815660284300703 0.10301637122379476 0.8611542539569074 0.01424488470182946
0 0.9841514389521794 0.002823128532524684 0.9351260490307547 0.019106260136743287 0.950431977637563 0.1087821078659901 0.9994573675589877 0.09249897865793813
0 0.8978823790976225 0.15775123481175407 0.9868275755077 0.11827241523781014 0.979106628242075 0.08442211055276382 0.8901614318319975 0.12390093012670776
0 0.8854422005865004 0.027760000564345164 0.9008243791651657 0.11737769812195745 0.9523034879041337 0.10018328182661354 0.9369213093254684 0.010565586185934556
0 0.9833549037790436 0.30878532064619973 0.9975156756574207 0.3008837215864479 0.9948822813006574 0.29169989351052134 0.9807214214753692 0.29960146189934045
0 0.988674196798451 0.20820692819566583 0.9204920348241624 0.28671246245877824 0.9491359919567273 0.33512263465766334 1.0173181539310159 0.2566171157300173
0 0.9668587896253602 0.2984924623115578 0.9668587896253602 0.37386934673366834 0.9992795389048992 0.37386934673366834 0.9992795389048992 0.2984924623115578
0 0.9603746397694525 0.29447236180904524 0.9603746397694525 0.4020100502512563 0.9992795389048992 0.4020100502512563 0.9992795389048992 0.29447236180904524
0 0.41277451748806737 0.27957027569488063 0.37476795207526564 0.29384440513112436 0.3853900480682637 0.34888097101719534 0.4233966134810654 0.3346068415809516
0 0.4067414033653413 0.3935011667222833 0.3994032450299442 0.35383454135913944 0.3850875106943444 0.3589881168538003 0.3924256690297415 0.3986547422169441
0 0.3389714045895623 0.3336065091080402 0.37195743263970193 0.3278546663983982 0.36816670090733067 0.2855508315503298 0.3351806728571911 0.29130267425997175
0 0.33315134185878964 0.2876528639290201 0.34363628464404716 0.40710075033369975 0.3800108632024496 0.4008874941111809 0.36952587644373647 0.2814396077065013
0 0.3442972936272965 0.36323926149301194 0.35064288312488745 0.407499043066897 0.3789071294691102 0.3996134542340609 0.37256149599806376 0.35535370333110866
0 0.3354398084305205 0.4135867018196451 0.3309006484853431 0.35976470487201634 0.2961635974367345 0.3654655418204303 0.30070275738191193 0.4192875694389918
0 0.3030750373598478 0.31459510074788005 0.30532885284863565 0.3617556778030779 0.3296204932484915 0.35949661024850815 0.3273666777597037 0.31233600252237753
0 0.29949942377183897 0.4086269359492776 0.2921282413713527 0.34178988202732413 0.264463353225752 0.3477270691838097 0.27183453562623827 0.414564153776696
0 0.23867437269227307 0.3789346819546954 0.24622479089742436 0.4368643142470163 0.2738040187516886 0.42986934796050563 0.2662536005465373 0.3719396849972519
0 0.21657348984600144 0.43823076564462937 0.24403658380425972 0.43439972077182787 0.24014176690269273 0.38006864768176823 0.21267867294443443 0.38389969255456974
0 0.21974063400576369 0.4402010050251256 0.21120591397244237 0.38067258901931533 0.18169471235027917 0.3889060782427764 0.19022943238360052 0.44843449424858667
0 0.15263467838166425 0.437279844044441 0.18465676431353567 0.4321255937892588 0.1807316057276657 0.3846707904758166 0.1487095197957943 0.3898250407309987
0 0.14171668500652917 0.4273529819507695 0.1383479665267021 0.3991579602112123 0.12199160001463437 0.4029607571549152 0.12536023054755044 0.4311557788944724
0 0.0948623525306196 0.4492739576790201 0.1267017727282961 0.4455726815228486 0.1244957124121938 0.40864322221458854 0.0926562922145173 0.41234446769982724
0 0.07154182192228026 0.4091457347774026 0.07619597245362032 0.4545929721851445 0.09667150843727486 0.45051257262876887 0.09201726995902378 0.405065335221027
0 0.04932238663994957 0.42689120038669914 0.053742510441057274 0.46388700092258167 0.07582369317925973 0.4587532388505025 0.07140356937815202 0.42175743831462
0 -0.00012506050747478387 0.42654026357372804 0.006970760114598343 0.47933251462390075 0.033070501058177236 0.4725059317584014 0.025974680436104108 0.4197136500372958
0 0.7896253602305475 0.9809045226130654 0.7896253602305475 0.9989949748743718 0.8263688760806917 0.9989949748743718 0.8263688760806917 0.9809045226130654
0 0.7485590778097982 0.9758793969849247 0.7485590778097982 0.9989949748743718 0.7889048991354467 0.9989949748743718 0.7889048991354467 0.9758793969849247
0 0.5576368876080692 0.9778894472361809 0.5576368876080692 0.9989949748743718 0.5965417867435159 0.9989949748743718 0.5965417867435159 0.9778894472361809
0 0.4877521613832853 0.9658291457286432 0.4877521613832853 0.9989949748743718 0.5079250720461095 0.9989949748743718 0.5079250720461095 0.9658291457286432
0 0.404178674351585 0.9708542713567839 0.404178674351585 0.9989949748743718 0.43948126801152737 0.9989949748743718 0.43948126801152737 0.9708542713567839
0 0.37247838616714696 0.9829145728643216 0.37247838616714696 0.9989949748743718 0.3969740634005764 0.9989949748743718 0.3969740634005764 0.9829145728643216
0 0.04129960557569344 1.0199359836290829 0.10344896124144452 0.9928432445430276 0.09350102229489374 0.9484361504789572 0.03135157868223163 0.9755288895650126
0 0.4060818455061239 0.2448949919274105 0.36271676275159853 0.2542016417536903 0.3666980314667012 0.29030120696254713 0.4100631142212266 0.28099457247173365
0 0.28261546374054397 0.271981520149576 0.28760029465733067 0.31370365008636936 0.32568737546717397 0.30484855306807473 0.32070254455038727 0.2631264538022142
0 0.2797725798417237 0.2532120134363222 0.24413895400869057 0.26149666177567527 0.2511294142313581 0.3200054226209171 0.2867629960909357 0.3117207742815641
0 0.24043445422257745 0.366617695410647 0.23689872455871758 0.32715886561714824 0.21437596038026838 0.3310861865479742 0.21791177799103925 0.37054504701240576
0 0.21809286068083575 0.3780188172306847 0.2151753098545569 0.3373202683338568 0.1947741769576279 0.3401661628454774 0.19769163983699567 0.3808647117423053
0 0.14894811976539984 0.3509346660058103 0.15314125258915706 0.391879410480135 0.17765126516908322 0.38699497242069725 0.17345822029223704 0.34605025861730526
0 0.13187340288409583 0.3957505729330245 0.1270187333956232 0.350038798729978 0.10425024554777558 0.354744179883794 0.1091049150362482 0.4004559847577732
0 0.08789625360230548 0.35577889447236183 0.08789625360230548 0.4 0.10806916426512968 0.4 0.10806916426512968 0.35577889447236183
0 0.0605029894913995 0.3702145677116049 0.06465716183357349 0.40643310546875 0.08848523406542687 0.40111476572314697 0.08433106172325289 0.3648962586369347
0 0.04334445920389049 0.41404317731234297 0.06600978532510807 0.40877360434987436 0.06049929572113653 0.36265108501491833 0.03783396959991895 0.3679206886483197
0 0.04316117784131844 0.4103131011502827 0.03941472737864733 0.3685040497899654 0.01777873190404359 0.37227675854860237 0.021525182366714697 0.4140858099089196
0 0.001117981132925072 0.4247444191170697 0.021688323886662465 0.42235315984217964 0.01893567351855187 0.37627446927017905 -0.0016346692351855187 0.3786657285450691
0 0.38168572417597263 0.18340173462527481 0.32167259897897155 0.20293565299642746 0.3317962558537464 0.26345954013230216 0.3918093810507475 0.24392563709661588
0 0.36582471864024224 0.14880283681591552 0.37408882602834564 0.1949157561489086 0.40561959654178675 0.18391959798994975 0.39735548915368335 0.13780667865695667
0 0.3204924833534087 0.18388377434045225 0.37301196007632387 0.15597393093396672 0.3543284743251306 0.08755858148162689 0.3018089976022154 0.11546843255584563
0 0.28261546374054397 0.271981520149576 0.28760029465733067 0.31370365008636936 0.32557053799587987 0.30487572751452574 0.3205857070790931 0.26315359757773243
0 0.3127747021765805 0.25860203115185304 0.3079971181556196 0.22261306532663316 0.292491901848433 0.2266185051232726 0.29726952984284943 0.26260747094849246
0 0.22272018740431376 0.14616863308240421 0.239898681640625 0.234534197476641 0.27819727477147876 0.2200459082521985 0.2610187805351675 0.13168034385796168
0 0.3155567707864283 0.22076557101915828 0.3019598705280755 0.12023886675810694 0.22710055920163905 0.13994206567505496 0.2406974154865364 0.2404687622683731
0 0.24274270884928856 0.3088858906348147 0.23852530267808897 0.25593822996820037 0.21685878962536023 0.2592964824120603 0.22107610784964876 0.3122441430786746
0 0.19020172910662825 0.2864321608040201 0.19020172910662825 0.32160804020100503 0.21253602305475505 0.32160804020100503 0.21253602305475505 0.2864321608040201
0 0.17096044007227126 0.28772356042909863 0.1737949690145443 0.32528671187971103 0.18977140487099242 0.32294072290161746 0.1869369638756304 0.285377571451005
0 0.17041675226832673 0.2770777103289887 0.13397806041178856 0.28724389771121234 0.14107185825490814 0.3367220624607412 0.1775105501114463 0.3265558444075848
0 0.15855684747613472 0.21646694777598932 0.127937250934348 0.22500966134382852 0.13697071790008106 0.28801701991402323 0.16759031444186778 0.27947430634618403
0 0.2083487826740364 0.21016965319762876 0.17082772818353748 0.20493556650439698 0.16842378731763327 0.23846956952732412 0.20594484180813222 0.2437036715560223
0 0.21109510086455333 0.24120603015075376 0.1765129682997118 0.24120603015075376 0.1765129682997118 0.2864321608040201 0.21109510086455333 0.2864321608040201
0 0.1851585014409222 0.2613065326633166 0.1851585014409222 0.28743718592964823 0.20965417867435157 0.28743718592964823 0.20965417867435157 0.2613065326633166
0 0.16890151493831052 0.2117174158144237 0.20008476323284402 0.208371263053549 0.19770720644024675 0.16525569129828832 0.16652395814571325 0.1686018287236966
0 0.14769452449567724 0.1708542713567839 0.14769452449567724 0.21206030150753769 0.1685878962536023 0.21206030150753769 0.1685878962536023 0.1708542713567839
0 0.15087943393146613 0.21910576748488536 0.1457440379030079 0.16358660980684672 0.12791315348072765 0.16679610822668028 0.13304854950918588 0.2223152659047189
0 0.09422095570852845 0.23373423820763975 0.09769336359645173 0.2870170554923053 0.12250793632925072 0.283870156446294 0.11903552844132745 0.23058736983256126
0 0.08670474885176513 0.3122922351012877 0.09152626235478206 0.3459219314345163 0.10995342683379863 0.3407808390095006 0.1051319133307817 0.30715114267627197
0 0.1020396999392111 0.2863744994503769 0.08417583542529719 0.2886399158880339 0.08578209780822227 0.31328775223775124 0.10364596232213617 0.3110223358000942
0 0.0446685878962536 0.2964824120603015 0.0446685878962536 0.3457286432160804 0.07276657060518732 0.3457286432160804 0.07276657060518732 0.2964824120603015
0 0.02162746462423451 0.3069688039808417 0.028266576937364913 0.35636296104546167 0.04584039253872478 0.3517663696902481 0.03920128022559438 0.3023722432965609
0 0.0 0.2623115577889447 0.0 0.3597989949748744 0.02521613832853026 0.3597989949748744 0.02521613832853026 0.2623115577889447
0 0.03581215806240994 0.30087019570508794 0.03231530093322226 0.2569677611691269 0.005192561520623199 0.2611717032427764 0.008689506596721902 0.30507413777873743
0 0.03153336494731628 0.2521755045981862 0.035135670422820606 0.297401650586919 0.055378850667552236 0.29426401416260994 0.05177654519204791 0.24903786817387719
0 0.0513744519148505 0.2588326152245603 0.05655619596541787 0.2949748743718593 0.08066393937432456 0.28824892283684045 0.0754821953237572 0.2521066943604742
0 0.07420749279538905 0.24723618090452262 0.08146874155709655 0.29112981288277323 0.10072691639836996 0.28493026656721104 0.09346566763666246 0.24103664992442683
0 0.027347883504818083 0.2491360918361338 0.0673778874729827 0.2281957731774105 0.054113558458663544 0.17885317395080874 0.014083554490498919 0.19979349260953203
0 0.09178377091025756 0.23051777748606314 0.08687088056668768 0.17226404544696136 0.06400547522289265 0.17601660340275596 0.06891836556646254 0.23427032010639134
0 0.08120261420434077 0.16928631193074747 0.08934755352800793 0.23583524311008167 0.12283070149270534 0.22786069323669128 0.11468576216903818 0.1613117620573571
0 0.10071601098140309 0.14920996277775597 0.08361429439841499 0.08718333795442054 0.043736438586320245 0.10857897427812893 0.06083815516930836 0.17060560676919756
0 0.1126281562387428 0.13327291670756125 0.07488661884230907 0.13805914644020886 0.07714834955308898 0.17276546919166144 0.1148898869495227 0.16797923945901383
0 0.08083569969155259 0.07597989796394079 0.09157058759793768 0.12090452568015861 0.12809801788769812 0.10391959952349639 0.11736312998131304 0.05899497564114518
0 0.10483271793948126 0.157811334504554 0.13471021844605546 0.14322391682533764 0.12523024501305835 0.10544034104850424 0.09535274450648415 0.12002775872772063
0 0.057339451154989195 0.17826748181827104 0.047652186852710735 0.10056521161716787 0.008247661315742075 0.11012493497762249 0.01793483767110951 0.18782721284645887
0 -0.004577021090372838 0.20863139856999843 0.0013985317790886167 0.24197458238457914 0.02360565449387608 0.23422997249430746 0.017630101624414626 0.20088678867972676
0 0.0 0.10954773869346733 0.0 0.15678391959798996 0.012968299711815562 0.15678391959798996 0.012968299711815562 0.10954773869346733
0 0.2245384897897154 -0.013545638232973951 0.11070044789602845 0.04554315691617266 0.1310390505392201 0.1217923341684006 0.24487700448599603 0.06270353997772063
0 0.16969743448306918 0.1183718580696451 0.17353024881236492 0.15579899926880497 0.19814122444614554 0.15089447174839038 0.19430832216993876 0.11346733821696373
0 0.18761934395825827 0.0983076622737712 0.19874744250382745 0.14746529277245604 0.2232975588751801 0.1366505071745446 0.21216946032961095 0.08749287667585977
0 0.21433717579250722 0.1 0.22355911298856268 0.13859295868993404 0.24474059882699928 0.12874372472715137 0.23551874957785482 0.09015075070175094
0 0.23198847262247838 0.0814070351758794 0.24402013773189843 0.13175880010403582 0.26714696526870946 0.12100502665917479 0.2551152561858339 0.07065326939875156
0 0.2962536111001666 0.04783919444635286 0.3089337087845596 0.10090452414661197 0.3333573574978611 0.0895477371599207 0.32067721584001263 0.03648241129352819
0 0.3805857281863518 0.05957672655881949 0.3649789771703891 -0.010760476002142057 0.31493283142617523 0.010848344390715785 0.330539582442138 0.08118554503474404
0 0.28165574307400487 -0.010412889030111495 0.24964715699297552 0.006760607292903727 0.2581516232889049 0.03760555401519315 0.2901601214230232 0.020432057212944606
0 0.4272334293948127 0.0 0.4272334293948127 0.04221105527638191 0.5072046109510087 0.04221105527638191 0.5072046109510087 0.0
0 0.34738524159368245 1.0035543317171796 0.394513968431984 0.9962495583385679 0.3926073673479152 0.9723127968946293 0.3454786844830692 0.9796175702732413
0 0.3292507204610951 0.9879396984924623 0.3292507204610951 0.9989949748743718 0.35014409221902015 0.9989949748743718 0.35014409221902015 0.9879396984924623
0 0.30331412103746397 0.9869346733668342 0.30331412103746397 0.9989949748743718 0.33069164265129686 0.9989949748743718 0.33069164265129686 0.9869346733668342
0 0.30511439430610593 -0.02290821362979448 0.23299783932028997 0.013781465118254848 0.24792199038634727 0.07086507519285883 0.32003850139870765 0.034175397403276145
0 0.8061959654178674 0.0 0.8061959654178674 0.032160804020100506 0.8451008645533141 0.032160804020100506 0.8451008645533141 0.0
1 0.03708536549329071 0.03231421235817761 0.025424220720010805 0.012561581482240304 0.014345900126080691 0.025288481209146316 0.02600704489936059 0.04504110825121702
1 0.016588194569524494 0.05651296874386581 0.01932703727260447 0.09981142743748037 0.04384522891525577 0.09679349199611338 0.04110638621217579 0.05349503330249882
1 0.16220532507992616 0.2512404858766489 0.1678248688535663 0.2719073885050251 0.17254348447068624 0.2694106212213411 0.1669239406970461 0.24874371859296482
1 0.1297775400475054 0.2835257832129397 0.13993532032375722 0.2805200624705559 0.13752768568759005 0.2646863774438599 0.12736990541133825 0.26769209818624373
1 0.15263168818668948 0.35453754980959484 0.16020567616399495 0.34694830352936556 0.15621385381956954 0.3391959798994975 0.14863986584226405 0.34678522617972674
1 0.06741016398932817 0.2215162574346341 0.0636539514195335 0.23499025891174624 0.07406194065764589 0.24063630223873272 0.07781806528052954 0.2271623007616206
1 0.06718326095888869 0.23798529083405306 0.05858029412261347 0.24716258600129554 0.06496515191597622 0.258809704037767 0.07356811875225144 0.24963240887052449
1 0.010161210205781701 0.2488489352278973 0.000441757334068804 0.2580337907800722 0.005053341560473703 0.2675300943192525 0.0147727944321866 0.258345254102544
1 0.12012993980209834 0.5275943928627512 0.13037725003377162 0.5199483746859297 0.12578897173878784 0.5079820489164573 0.11554166150711455 0.5156280670932789
1 0.1251495097487392 0.5003226582129398 0.12963084459991894 0.5226485209249372 0.13675375287058716 0.5198662992697864 0.13227241801940742 0.49754043655778896
1 0.11748440877161383 0.5309337213410804 0.12670186067520714 0.5636299171639447 0.1433822236074838 0.5544793057082287 0.1341647717038905 0.5217830485434988
1 0.12030398673901296 0.5865341109846105 0.1326983449094921 0.6032064006556218 0.14638473114981088 0.5834070253611809 0.13399037297933178 0.5667347356901696
1 0.1503726838301513 0.5536571406838882 0.14517044814931557 0.5732935306414887 0.15699253576976765 0.5793882130378455 0.16219477145060338 0.5597518844221105
1 0.15900089142989013 0.6197549637837626 0.1436736796706142 0.6081977269158292 0.13559689920298992 0.6290414474717336 0.15092411096226585 0.6405987456815326
1 0.1581507965879413 0.6776642612476445 0.18215247602215417 0.6385235503690326 0.1618632995429575 0.6143128361534234 0.13786170805565562 0.6534534856901696
1 0.1635036853273595 0.6675774502394787 0.17936675761549892 0.6817730007459171 0.18834560954948668 0.6622482529836683 0.17248253726134727 0.6480527024772299
1 0.14670969498604106 0.7117102234806847 0.17618044102913363 0.6840537526499686 0.1656898696415706 0.6623002708856784 0.136219035651567 0.6899567417163944
1 0.15489227558762608 0.6835778011149497 0.16259818393146613 0.7229926487908291 0.18420893864260626 0.7147708758636935 0.1765030302987662 0.675356028187814
1 0.1827313425905079 0.7510325676232726 0.20405776493831052 0.7110242987397927 0.18511804586185157 0.6913782167674309 0.16379153556713796 0.7313864856509108
1 0.17567043689211095 0.7255280307788945 0.15232704008690562 0.7062311680472676 0.13981210670141392 0.7356915191190326 0.16315550350661923 0.7549883818506595
1 0.18070311092849423 0.7349886640232413 0.18611123032803495 0.7953423121466708 0.20616207067835915 0.7918460098343278 0.20075403922572946 0.7314923617108983
1 0.16758398226427412 0.8314669048366834 0.19321602153503242 0.7810825367069724 0.16053635654944165 0.7487308368011935 0.13490431727868335 0.7991152049309045
1 0.15828526741489554 0.8411854806257851 0.18204667588819345 0.832898808004868 0.1784039148336185 0.8125724447432475 0.1546424184134096 0.8208591173641646
1 0.18892764220663724 0.8314265418891331 0.20539649281790345 0.8290823011542086 0.20275711807119057 0.7929996663002512 0.18628826745992436 0.7953439070351759
1 0.2139984042912464 0.8692836128886621 0.20171292439661384 0.8407204479428392 0.18275500030957312 0.8565879323374685 0.1950404802042057 0.885151158625157
1 0.15836160533366356 0.8461703659901068 0.16454805489575827 0.8656818025675251 0.17612626573194345 0.8585380515860552 0.1699398161698487 0.839026615008637
1 0.15099209392448668 0.8901688618875628 0.16875631458821144 0.9117859193428078 0.1853916487020443 0.8851839151813756 0.16762751598523054 0.8635669190679962
1 0.13855042031587717 0.8533562588332286 0.1536239931837626 0.8516040897848618 0.152210246589067 0.8279367418145415 0.13713667372118155 0.8296889108629083
1 0.15739357368403278 0.9279126344613694 0.14680564506596722 0.9416275101091395 0.15510194102350505 0.9540908890153894 0.1656898696415706 0.9403760133676193
1 0.18458420811194165 0.9516583159940326 0.18188001649180474 0.9369882861573492 0.17173243805723162 0.9406283124607412 0.1744366296773685 0.955298280955559
1 0.2113432870474604 0.9228630334288631 0.19797940212986312 0.9303200573178392 0.20219452168137608 0.9450195925918656 0.21555831865206232 0.937562630044755
1 0.21253751815224242 0.9190604511816897 0.21841826425162103 0.9351257017509422 0.2303889821517021 0.9265985690169598 0.22450823605232348 0.9105333184477072
1 0.15766313096631845 1.0119766312028895 0.17669519429935157 0.9712046560929648 0.15687486280281882 0.9532006958621231 0.13784279946978567 0.9939726709720478
1 0.1400082283129953 0.9863641940169598 0.11788641410190022 0.9822964922267587 0.116512331564076 0.9968381335387877 0.1386341457751711 1.0009058353289888
1 0.10962802326301332 0.9775634765625 0.10114870978363653 0.9504274914612123 0.09354816183920209 0.9550491102975817 0.10202747531857889 0.9821850953988693
1 0.029518940950333212 0.6203701000117776 0.03443051209023775 0.6385264334367148 0.041483150778998557 0.6348139010482098 0.036571491692182996 0.616657506281407
1 0.05014970323194344 0.6297852789337312 0.06805358359037283 0.6149560669558731 0.06259814875270173 0.6021389295108355 0.04469435634118336 0.6169681414886935
1 0.04272777546379683 0.6737361735434988 0.050318561301107706 0.7011212679608982 0.06194514293835555 0.6948499823335427 0.05435435710104467 0.6674648879161432
1 0.0411319787632835 0.6988486745249686 0.029131446860365635 0.7124888971223304 0.03816816786180656 0.7279598676978644 0.0501686118178134 0.7143197064423681
1 0.05970592663679755 0.8097182690797738 0.04769061965282781 0.7711169372251885 0.03492450988945425 0.7788494474324749 0.04693990482033501 0.8174507792870603
1 0.0508480017054665 0.8869950951044284 0.05712873035617795 0.9074381919362438 0.06992729252971902 0.899786530307789 0.06364656387900756 0.8793434334759737
1 0.0866935795940652 0.9436758376845163 0.08180513849175973 0.869380410352544 0.06313453696303134 0.8717709641959799 0.06802306601224783 0.9460663915279522
1 0.07466349752904358 0.9625473559202261 0.09234346505200829 0.9473384377944409 0.08593143166313941 0.9328337242854899 0.06825146414017472 0.9480426424112751
1 0.05815797305588077 0.9328358099089196 0.030397970326008647 0.9524787021042713 0.040071339016345464 0.9790814423680905 0.06783134174621758 0.9594386115146043
1 0.014394270927143371 0.9747962223225503 0.02155235796222082 0.9904877782467023 0.035917606408726585 0.9777357858629083 0.028759431426738112 0.9620442299387563
1 0.03191883625833033 0.9767940655425565 0.0003480938738292507 0.9767940655425565 0.0003480938738292507 0.9989949748743718 0.03191883625833033 0.9989949748743718
1 0.20618783912328892 0.17366179653148556 0.21643611677098343 0.21486834808809674 0.2326968849907691 0.20699861612751255 0.22244860734307456 0.16579207990636777
1 0.19386357464089518 0.15991341288964353 0.20178592033276296 0.1880950314315719 0.21388521661675972 0.18147618279385208 0.20596287092489193 0.15329456425192367
1 0.23100768867074928 0.019956671173249056 0.2579444203665346 0.019956671173249056 0.2579444203665346 0.0012585287717119533 0.23100768867074928 0.0012585287717119533
1 0.30447493231605727 0.08321694992295461 0.28247580404583933 0.03857945964564031 0.26781105239384456 0.05264359670667792 0.2898101806640625 0.09728108315012562
1 0.2840984245542147 0.09085102943918813 0.27184698011414804 0.05225991483908802 0.2506275891570605 0.06536877502748116 0.26287907757058265 0.10395989346144786
1 0.28425646515332315 0.0901475379215413 0.2591995107337446 0.10619190158556455 0.26675907541764227 0.12916575676232725 0.2918160298372208 0.11312140076603722
1 0.30618791827550884 0.1945303758784155 0.30919688991579614 0.23398570918557632 0.32777897287857977 0.23122805494758952 0.3247700012382925 0.19177272164042872
1 0.3900487278655214 0.11412654857539652 0.36607967673529807 0.13418832136758008 0.37366641701470193 0.1518271441435694 0.39763546814492523 0.13176537901911903
1 0.33101792569119237 0.43185792855880967 0.3422822979753917 0.4227155675840138 0.33741364492806647 0.4110423945901382 0.32614927264386706 0.42018475556493406
1 0.3014726006675522 0.4194948436027795 0.32172026620474603 0.4397575340079303 0.32890865095067096 0.42577956309869663 0.30866102938693263 0.40551687269354586
1 0.2909437723736942 0.42133743056100814 0.2977400458168228 0.44029863060419283 0.30707393943061057 0.43378835706854585 0.300277665987482 0.41482715702536116
1 0.2734471741602125 0.6734841198178392 0.2655818180666877 0.6826273702496859 0.2709339152839067 0.6915867177685302 0.27879927137743155 0.6824434059948178
1 0.3826386289569074 0.022272683148408055 0.3789993418053179 0.0346823879222774 0.3845353360134861 0.03784163201873626 0.38817462316507567 0.02543192916180021
1 0.46839315540852394 0.32710473142077573 0.4443319359155484 0.26357133568231783 0.40949977028266843 0.2892414955637563 0.4335609897756439 0.3527748913022142
1 0.4118502394266706 0.4021694777598932 0.4633278530681511 0.4212210957129397 0.4726673752842444 0.372114049250157 0.4211897616427639 0.3530624006261778
1 0.38296785821832224 0.42067414096851447 0.4065178423175207 0.44504793253376257 0.420577958956232 0.41861237952457603 0.3970279748570335 0.39423858795932787
1 0.4077182736795299 0.44303656343239634 0.3963385150480683 0.43293466232529837 0.38822831475425523 0.45071316052920857 0.39960811735917234 0.46081503096537374
1 0.4358009975994011 0.445106728711919 0.45308858997883644 0.47551355409861806 0.4689828834203891 0.4579287428352701 0.4516953350144092 0.427521917448571
1 0.45708410609352484 0.47001355041810616 0.442934107711748 0.48140136105331344 0.4484250291280169 0.4946782557808574 0.4625750714832493 0.4832904451456501
1 0.44096093081603477 0.5138634763171326 0.45793398106819616 0.5219635163120289 0.461629862057029 0.5068930774477858 0.44465685577832315 0.49879306812382224
1 0.4758221189295524 0.47982082654483355 0.487419194378152 0.5141981268647927 0.4966935479331772 0.5081098546933889 0.48509647248457766 0.47373255437342965
1 0.4811507782949838 0.5190011335976759 0.48437992502701727 0.5674247703360553 0.4986225754795569 0.5655765399261935 0.4953934287475234 0.517152903187814
1 0.46805587900475054 0.5711160170972047 0.4464694416145083 0.5861723166614322 0.4578105915520308 0.6178134323963568 0.47939702894227304 0.6027570714902638
1 0.4416603725994011 0.8484506885010993 0.4488181957937455 0.827572923209799 0.43220396893855817 0.8164885707836055 0.4250461017707583 0.8373663360749057
1 0.43786401226472443 0.7512302111141645 0.41790437286113113 0.7535031112594222 0.41936552284086814 0.7784720722754397 0.43932516224446144 0.7761991721301822
1 0.3953539493791652 0.029451506341522063 0.42415176963256485 0.05161547253479311 0.43466437172133915 0.025035492020036708 0.405866595441395 0.0028715265456156513
1 0.42969501946089245 0.08616681122899654 0.44393701031159943 0.053055127781240184 0.4225196948312545 0.035128937534351444 0.4082777039805475 0.0682406248159744
1 0.43159493657972353 0.060954100642372014 0.44997223516019 0.09492167563893687 0.4694826857157331 0.07438090722165515 0.45110538713526654 0.0404133283912237
1 0.5054489267662554 0.02756863886387504 0.4593314574843525 0.04485204878763937 0.47008147225943353 0.10067029023290279 0.516198897567881 0.08338688222607177
1 0.5150410325108069 0.9855737427371232 0.5488466817982258 0.967730130142902 0.5326682758606133 0.9080851032506282 0.49886262657319436 0.9259287158448493
1 0.5020299906002341 0.9378905636581344 0.48550247939931557 0.9383811145571608 0.4857517209451549 0.9547227715727072 0.5022792321460735 0.9542322820155464
1 0.390094680126531 0.9496686925840139 0.364824410474266 0.9540750014722048 0.3664353780169308 0.9720535661706973 0.3917056476691958 0.9676472572825063
1 0.49466747097048364 0.23697916155484453 0.4676814450310699 0.23178675665927292 0.4654345773482529 0.254510498046875 0.4924206032876666 0.25970290294244663
1 0.44110001885581773 0.1832868873174466 0.4508446245440832 0.19154008261522457 0.45630511632913817 0.17899403020964197 0.44656046666741717 0.1707408502473304
1 0.5013608905011707 0.21283587738497173 0.5127410888671875 0.24458625831795697 0.5352419982382475 0.22889229472558104 0.5238618438456862 0.1971418984571294
1 0.5157560408974243 0.3928929314541457 0.5208326004424081 0.4156133450455402 0.5316573700918588 0.41090676772534546 0.5265808545203305 0.38818635413395103
1 0.5443735699832267 0.23419011561714825 0.5578787416133826 0.2533239009991363 0.570142806435181 0.2364791026666536 0.5566375908315697 0.21734533262013192
1 0.5984726172015715 0.2887289229349874 0.5739920668368381 0.28315349943074747 0.5705341262157781 0.3126991770375314 0.5950146765805115 0.31827460054177137
1 0.6069215010497343 0.21890274124528894 0.605310225692881 0.19754962250215924 0.5838963841155215 0.20069400653168185 0.5855076594723748 0.22204710993934515
1 0.678255064686712 0.17447692257675093 0.6565391694434438 0.17519818023221576 0.6569046768056557 0.19661326959504555 0.6786205720489238 0.19589199660411433
1 0.5876957346451729 0.34763508705637564 0.5941680116680926 0.379880481509108 0.6084332644767652 0.37430858516213883 0.6019609874538454 0.3420631907094064
1 0.5974276320047955 0.44831457090138194 0.5902590353138508 0.4063146543263191 0.5749909238787824 0.4113857863536432 0.5821595205697271 0.45338567225777326
1 0.595094488402265 0.4402236095025911 0.6015575749729827 0.451104736328125 0.6084651012585555 0.443120755142902 0.6020020586612932 0.4322395976464353
1 0.5770949657780979 0.47447991299269787 0.5869736465322182 0.5010794941504397 0.6002093048535437 0.4915141196706187 0.5903306240994236 0.4649145078419441
1 0.5997121849389859 0.5513111823767274 0.6079889127088212 0.5240207384579145 0.587726604010942 0.5120623871309673 0.5794498762411068 0.5393528923916457
1 0.5393150835284583 0.9170948737829774 0.5855649129114509 0.89833984375 0.5729002059364868 0.837565697138034 0.5266504205269498 0.8563207271710113
1 0.48075233481459384 0.7475598205873115 0.5045549024422505 0.7859289121388191 0.5336341967843795 0.7508247413826947 0.5098315851832673 0.7124556498311871
1 0.5627256278002296 0.8550097288198807 0.5438782529803449 0.7516564143961998 0.4966814552329116 0.7684047679805276 0.5155288740262518 0.8717580824042085
1 0.5281148685158501 0.6885931733864635 0.5674688245789805 0.7135467375942212 0.5833441654612077 0.6648261448845791 0.5439902093980773 0.6398726420186872
1 0.5439076712220822 0.6384709190483668 0.5061947605451864 0.6391631620014133 0.5064815993954881 0.6695731464941898 0.5441945100723838 0.6688809035411433
1 0.49808513190629505 0.708552037531407 0.5415733403362527 0.7014149728132851 0.5392373824325694 0.6737167895139762 0.49574917400261165 0.680853854232098
1 0.6144397306854512 0.6352973976326948 0.630800142755426 0.6554661122997801 0.6425817747968074 0.6368685468357412 0.6262213627268327 0.6166998935105213
1 0.6236179582667282 0.6001225610474247 0.5984215640197226 0.6043829989792714 0.6013166883836906 0.6377015080284234 0.6265130826306962 0.6334410700965767
1 0.5994277206552818 0.6544438501099247 0.6184231540998739 0.6827487658016645 0.6363490211860591 0.6593388696411746 0.6173535437680115 0.6310339539494346
1 0.5676405409227531 0.6500428166221733 0.5828473533608385 0.704136159312186 0.6162115971018327 0.6858841939188128 0.6010047846637473 0.6317909125706658
1 0.6423250137900757 0.8426431473775126 0.5881195068359375 0.8410999700651696 0.5875275361778414 0.8815648064541457 0.6417329551850685 0.8831079837664887
1 0.6394592197209339 0.964647272004554 0.58737569583596 0.9491634809791143 0.5832087272182321 0.9764394482176507 0.6352922071297505 0.9919232392430904
1 0.6997453761032061 0.865768723991049 0.6667410550955737 0.8347183304216395 0.6476981303190292 0.8741068624371859 0.6807024953001171 0.9051572560065955
1 0.6941128161867345 0.9058255756320666 0.7440849546053224 0.8961436209367148 0.738029457993741 0.835323222558103 0.6880573195751531 0.8450051772534548
1 0.7286821085025667 0.9306980458935301 0.7384654987785934 0.9664415829145728 0.7563263730975324 0.9569283796914259 0.7465430707684167 0.9211848426703831
1 0.7474663374403369 0.8754000103054335 0.7457536592950739 0.9100433196254711 0.7587672516660663 0.9112952457600503 0.7604799298113293 0.8766519977818782
1 0.7559735300905079 0.7706438687578517 0.7635200786315742 0.7267805089902638 0.7350162209282691 0.7172376163041772 0.7274697603341138 0.7611009760717651
1 0.7062680027326864 0.6242308343475188 0.6432047907144948 0.6219157923406093 0.6421131496814211 0.6797830092847048 0.7051763616996127 0.6820980512916143
1 0.6869141416522199 0.6348242064816269 0.7283470747450244 0.623637474481784 0.7246654851292327 0.5971027623468907 0.6832325080629728 0.6082894943467336
1 0.7247075237527018 0.6126595501923681 0.6979036798394722 0.6418922616009736 0.7180035066192363 0.6777559059948178 0.7448074384793768 0.6485231945862123
1 0.7574598328867975 0.7108606386424309 0.7552216719481718 0.6546606322628769 0.7226871193657691 0.6571820283055905 0.7249253242778503 0.7133820346851445
1 0.7327518518101584 0.5859461492030464 0.7254725299582357 0.5608985479153581 0.7109716234014769 0.5690992192407349 0.7182509012799442 0.594146881870289
1 0.7196263909683447 0.5780520031799623 0.738632334068804 0.6191468205284234 0.7544811589573577 0.6048831192093279 0.7354752158568985 0.5637883018608668
1 0.7609108696753423 0.6525732299191269 0.7593549129255224 0.6265264923249058 0.7498620992435159 0.6276299711447865 0.7514180559933358 0.6536767700808731
1 0.7135514580894272 0.2013591363801429 0.6793186946286248 0.18587135813344063 0.671722324162464 0.21854448941484766 0.7059551315967219 0.23403226766154994
1 0.7335264882024496 0.28350428288905466 0.7535006388463616 0.2751452575376884 0.7474388100571866 0.24695827158252198 0.72746470338673 0.2553172969338882
1 0.7606625075986131 0.31766449434673366 0.7474987019035934 0.29471061361494977 0.7256876041291427 0.3190513725855842 0.7388513218772514 0.3420052533173681
1 0.726341137624955 0.3364532624057789 0.7475569227586906 0.289508639388348 0.7312172661597173 0.2751388779836683 0.7100014810259816 0.3220835010010992
1 0.7299806446438221 0.2267852783203125 0.6749663339224604 0.23019611607843907 0.6770691445650217 0.2961956081677921 0.7320834552863833 0.2927847550741991
1 0.7061662921300883 0.2988574464117462 0.6788762776927233 0.3197046021121231 0.6911298328586546 0.3509185944370289 0.7184197593491084 0.3300714080657192
1 0.6857462506472892 0.3493784842179648 0.697311533287554 0.3977783509834328 0.7228120919263329 0.3859208456834956 0.7112468092860681 0.3375209789180276
1 0.6912577956141931 0.40796183677174935 0.6944670663443354 0.4353202474776225 0.7074094217173992 0.43236590054766016 0.7042001509872569 0.4050074898417871
1 0.7645968126632294 0.5960870023947864 0.7556411787137518 0.6485569326122802 0.786968484048541 0.658961862535333 0.7959241179980188 0.6064919936597047
1 0.8362826036788544 0.6256034199316897 0.8271205583292057 0.5787406883048053 0.7902839067002881 0.5927551576240578 0.799445952049937 0.6396178892509422
1 0.7817977333618515 0.6612747575769472 0.8246553184663185 0.7220733182514133 0.8573123810957763 0.6772767033409234 0.8144548839382204 0.6164782040083229
1 0.78375587133578 0.6703267926546796 0.7587523006911924 0.6802922694527324 0.7638426679012068 0.70514553971027 0.7888461505988833 0.6951800629122173
1 0.8028440447980457 0.7274081589588568 0.7699767890512428 0.7219062230095792 0.7671135014690652 0.7551914234257223 0.7999806692689572 0.760693359375
1 0.7465524810878963 0.780299875844064 0.7574596569929755 0.8624619067014762 0.788047944434438 0.8545600316033292 0.7771407685293588 0.7723980620877826
1 0.8159613265771344 0.8265998571961369 0.8324666751564751 0.8472426218004083 0.8443024824950468 0.8288269963096734 0.827797045968795 0.8081842930472676
1 0.7607601286698487 0.9177167576162061 0.819381581946821 0.919926966374843 0.8204233131078891 0.8661606985120917 0.7618017718840058 0.8639504897534548
1 0.8277079557479287 0.9155477092493719 0.8835684916471542 0.8877177022809359 0.8705457527974153 0.8368520458739007 0.8146852168981898 0.8646820528423367
1 0.8914156427300972 0.8851682730056533 0.8756490482033501 0.8995490146042714 0.885769011307862 0.9211396950573179 0.9015356058346091 0.9067589534586997
1 0.925636401437545 0.9099460927685301 0.940819028475099 0.8742056841826319 0.9167739032668408 0.8543288954538316 0.9015912762292867 0.8900692426978644
1 0.9400128191417507 0.8769155837782663 0.9642997983553224 0.9035354384225817 0.981281291510942 0.8733860341747801 0.9569944002442813 0.8467662408723304
1 0.9973541171818714 0.8966901156171483 0.970172893073442 0.9012860322118404 0.9726726960723613 0.9300550604585427 0.9998538322338797 0.9254591438638505
1 0.8766567439098523 0.9675571460819724 0.8509739592714337 0.9689090594574434 0.8515038394103476 0.9884995043577262 0.8771866240487662 0.987147590982255
1 0.8286766030259366 0.6286708812617776 0.8617651332008736 0.6496516395453832 0.8754010379142652 0.6078036667713568 0.8423125956862392 0.5868229084877512
1 0.9160401621881754 0.6160266051939385 0.951702018979647 0.6227493056100817 0.9567232599175972 0.570916165299152 0.9210614910730367 0.5641934648830088
1 0.8675584600706953 0.585477129298838 0.8816692781036113 0.651419512111338 0.9025241291145083 0.6427353442014762 0.8884133110815923 0.5767929613889762
1 0.9342630259928855 0.6287689055629712 0.9222873830657871 0.5861695562774811 0.8914435219008916 0.6030426792163944 0.9034191648279899 0.6456420285018845
1 0.7945432635480457 0.45453506546403893 0.7813353964506033 0.4336539263701319 0.7685086033186239 0.44944194237790513 0.7817164704160663 0.47032311214274497
1 0.8774132632384726 0.4492342694919912 0.9107370514003963 0.4644315019923838 0.9169644842230278 0.43785894192642905 0.8836407840080152 0.42266167875510363
1 0.8719341706817363 0.42323320091669286 0.8548730855716409 0.42663316582914573 0.8573256610793408 0.45058268638112436 0.8743868341363472 0.4471827214686715
1 0.7527898519114733 0.29947607912609925 0.7782358834654178 0.3172244278030779 0.7839842694637068 0.3011868117442682 0.7585382379097623 0.2834384630672896
1 0.7878045073847262 0.3031046651715609 0.8123832065021613 0.28819739566975505 0.8076797177537374 0.2731065606352073 0.7831010186363022 0.2880138301370132
1 0.8427679847915166 0.29638960181768215 0.8010753444704611 0.2989183588842651 0.8018251798338437 0.32297577977779524 0.8435178201548992 0.3204470533821451
1 0.7965015774157961 0.3058384574238379 0.7752930039287644 0.31693296192878456 0.7796082070650217 0.33298523869346736 0.8008167805520533 0.3218907035175879
1 0.9525960872771073 0.6992074017548681 0.9803554743786023 0.7110616559359296 0.9874566597622478 0.678702226955088 0.9596972726607529 0.6668479727740264
1 0.9593792566304935 0.7196219132773242 0.9717999109273685 0.8192494454695352 1.0022370176287825 0.8118652957168656 0.9898163633319074 0.7122377635246545
1 1.0053249216217128 0.8742680688599246 0.9954686233564481 0.8162157221655151 0.979053596254728 0.8216390791849875 0.9889098945199928 0.879691425879397
1 0.993072597712536 0.6084513755299937 0.9846823744540256 0.5768500706658292 0.9593577096372928 0.5899341679098619 0.9677479328958033 0.6215355341158919
1 0.966659501924982 0.560126315169598 0.9694612266694435 0.6369897583621231 1.0008693552154628 0.6347619444880653 0.9980676304710014 0.5578985012955402
1 0.5194160835200153 0.07943636640232413 0.5687265533535213 0.07749870722018294 0.5677495071455106 0.02911548518655288 0.5184390812854602 0.031053146285627355
1 0.5746550546255854 0.0635217829565307 0.6729045944873469 0.06097191278658919 0.6720961864812229 0.00035571539821337215 0.573846602646006 0.002905587814561087
1 0.7876034607461275 0.023051349122320586 0.7185596828845461 -0.02047530322817702 0.7008510006951324 0.03418702935453635 0.7698947345832583 0.07771368745583386
1 0.6703497367221272 0.03402160567853918 0.7056063341476044 0.035090782893961996 0.7061131721958304 0.0025660215310714953 0.670856574770353 0.0014968458731569837
1 0.7726816842466678 0.07522269397524733 0.8189721011290976 0.10423422195204539 0.8367629697068624 0.048994629826377985 0.7904724648775217 0.01998310184957993
1 0.784790302903233 0.02310436191271298 0.8070173016199117 0.023638950520424386 0.8072843084417778 0.0020314338818267362 0.785057309725099 0.0014968458731569837
1 0.8047117733474424 0.10700102379573649 0.8168405318466319 0.13054078068565483 0.8282271943106088 0.11912406269629397 0.8160984358114193 0.09558430580637563
1 0.8171343624763598 0.13200344679942683 0.8336473624369597 0.16716259520257537 0.8471740370868606 0.1547999089686715 0.8306609491793497 0.11964076056552293
1 0.8165240988607709 0.13388093727916928 0.8035324052706232 0.09083843902127826 0.7765659475189121 0.10667729976788239 0.7895577290559708 0.1497198056935066
1 0.9537308662700378 0.20417685963999685 0.9252464448340688 0.1364801761493012 0.8872077348252881 0.167625864306886 0.9156920683143461 0.23532254779758166
1 0.8881783169353387 0.207880804167321 0.902141296210825 0.15029359750412216 0.8599063752364013 0.13036594103329147 0.845943395960915 0.18795313236102387
1 0.8504519943545119 0.15160560799603487 0.8805484826695334 0.13108015970968123 0.8722050471676873 0.1072734353530347 0.8421085588526657 0.12779887597165515
1 0.9274742280371938 0.2509992436547974 0.8828897173878782 0.1740470081118483 0.8311589045895623 0.23237068521317525 0.8757434152388779 0.3093229207561244
1 0.8876599578417688 0.29197298749607414 0.9419572373975594 0.385683329979978 0.9678049224941463 0.35653956427646044 0.9135076429383555 0.2628292217925565
1 0.8744937775801513 0.3084669256929177 0.8955692873908051 0.3574665318781407 0.9132594567554485 0.3426601390742776 0.8921839469447946 0.29366050221812184
1 0.9657964788871127 0.4244405008440641 0.9841433478363653 0.4052454349383637 0.9623348005223343 0.3646822675388662 0.9439879315730818 0.3838773027736338
1 0.9519560976055926 0.4106510334877513 0.951290251542237 0.5067938569802136 0.9988315373401477 0.5074346341080402 0.9994974713504142 0.4112918106155779
1 0.9792283467669308 0.11578719556032113 0.9799298113292507 0.17792557759500627 0.9979444168486581 0.17752983054923052 0.9972428643394272 0.11539144851454539
1 0.8309956751227036 0.08571604819753062 0.8381396906520173 0.11720797284763662 0.8462770665413365 0.11361578553166221 0.8391329630651116 0.08212386088155622
1 0.7118600191231763 0.9025168567446608 0.7214422308402377 0.9380226940365892 0.7330805094166517 0.9319105905504083 0.7234983416730457 0.8964048146003455
1 0.655601479478116 0.8910118218043341 0.6428799587986311 0.8907719751099247 0.6427560416009996 0.9035606499293342 0.6554775622804845 0.9038004966237437
1 0.6246858976072812 0.88985595703125 0.6234323463110141 0.9015134878494032 0.6353277816552594 0.9040026180708228 0.636581288978071 0.892345025910804
1 0.6165220057242885 0.9021781883048052 0.6168009733260537 0.8869991436675565 0.6014727062038454 0.8864509927567525 0.6011937386020804 0.9016300373940013