0 0.30662737835894577 0.30007445873150024 0.2873742519280849 0.14785353288536787 0.25418750357715203 0.15602466641739646 0.27344061137701275 0.30824560526079375
0 0.0627219976814093 0.14787808471887642 0.08495447254297352 0.25024213904619624 0.1400148440630008 0.22696278976622392 0.11778237851693663 0.12459872244163916
0 0.09613668700277588 0.2971674904506495 0.05870886629172151 0.13743443139773212 0.02022153088170239 0.154989785189523 0.05764935857938177 0.31472284424244035
0 0.11588751265417525 0.22899675775427225 0.056833614214290486 0.29079209803722583 0.09913443354605464 0.36948458461988926 0.1581883319859394 0.3076892443369357
0 0.08664111834888202 0.3632237241052891 0.07489284287151109 0.2648744339431165 0.03444603161934095 0.27427985274202776 0.04619430709671188 0.37262919489326024
0 0.08362124749301263 0.08448580298350658 0.08362124749301263 0.0241388015487125 0.036764515188587456 0.0241388015487125 0.036764515188587456 0.08448580298350658
0 0.12386258676084115 0.08782034878836377 0.12504044790116567 0.010581229370741057 0.09979065463074252 0.009831618612832065 0.09861280280591804 0.08707079651814709
0 0.14705806075434982 0.08448580298350658 0.14705806075434982 0.029167717928780812 0.12326925461691086 0.029167717928780812 0.12326925461691086 0.08448580298350658
0 0.1816599639780792 0.09052050458917829 0.1816599639780792 0.01206940077435625 0.1499415526896606 0.01206940077435625 0.1499415526896606 0.09052050458917829
0 0.21049486470018697 0.08146845542998696 0.21049486470018697 0.023133017947767214 0.1816599639780792 0.023133017947767214 0.1816599639780792 0.08146845542998696
0 0.24509676792391635 0.08448580298350658 0.24509676792391635 0.04727181949647972 0.2133783659509978 0.04727181949647972 0.2133783659509978 0.08448580298350658
0 0.14763693524222088 0.30462105798152683 0.18437369955619468 0.2850230800232246 0.16946440942412622 0.23061814056344496 0.13272765442565249 0.25021611852174724
0 0.3352058606270032 0.09655520619485 0.3352058606270032 0.041237117890808 0.2768151698968349 0.041237117890808 0.2768151698968349 0.09655520619485
0 0.40845855601104625 0.024166365498375447 0.33388641320159873 0.01732127954850205 0.33029446817288616 0.0934972811801267 0.40486657372033347 0.10034236225602575
0 0.45661544334029686 0.09865492734632866 0.46116744380294183 0.03196806314653595 0.4142216087406517 0.02572998196343547 0.4096696082780067 0.09241678605087775
0 0.537217285752442 0.04936926937590669 0.5437930599673764 0.13194160526412105 0.570298340439942 0.1278325849334873 0.5637225662250076 0.045260252294589146
0 0.5621340498965011 0.05121435136161427 0.5702569796197726 0.1461310443520749 0.6032904507330776 0.14062784640102613 0.5951675210098062 0.04571115016124927
0 0.5543512104486226 0.07744532102620581 0.5543512104486226 0.052300737501206146 0.5435381133623322 0.052300737501206146 0.5435381133623322 0.07744532102620581
0 0.5713209215101305 0.15815263062563217 0.5627289377289377 0.08622554538603333 0.5048642932859242 0.09968127586975617 0.5134562770671169 0.17160841309841487
0 0.539212889432616 0.11667087171512325 0.539212889432616 0.05129495390026086 0.4995648916242178 0.05129495390026086 0.4995648916242178 0.11667087171512325
0 0.5711459391574137 0.17760223180715637 0.5266286549550709 0.18476898869217154 0.5302593524639423 0.228671098283446 0.5747766366662851 0.22150432840116588
0 0.609448965070303 0.171361335091534 0.5823614658453525 0.1782328721002582 0.5874594291342338 0.21735382080078125 0.6145470028831845 0.21048227079479212
0 0.6075829958886599 0.14244253753194208 0.5708167293860653 0.15013717833328896 0.5782721849006028 0.21948455342645337 0.6150384514031975 0.2117899646141663
0 0.6235550168960814 0.3007292349456319 0.6140727321452419 0.234579628939523 0.5802471826946924 0.24401850269844017 0.5897294301835317 0.3101681606936089
0 0.5328038999303648 0.33861639227534074 0.5908721812042125 0.3204285655760887 0.5822760240790026 0.26700239815135224 0.5242077428051549 0.28519025084513416
0 0.5788331643129007 0.2663391737149968 0.5748129298544338 0.23829331146188246 0.5542957645923955 0.24401850269844017 0.5583159990508624 0.27206441694061434
0 0.5844866295000573 0.2889150850208289 0.572740491929945 0.16144855505766212 0.5071035904470963 0.17322292035442396 0.5188497280172085 0.30068946331485574
0 0.5501146700792697 0.37715330887490683 0.5822323530148237 0.37155187759529384 0.5780180207975618 0.3245121762537266 0.5459003751240079 0.33011358153880965
0 0.5950513008313302 0.3688778722915779 0.5892258715134692 0.32011093841500743 0.5446876088050404 0.3304678089980169 0.5505130381229014 0.3792347428745874
0 0.5947682214161706 0.3706384298139374 0.630202893081311 0.35989070547906465 0.6225517375419719 0.31078521884482807 0.5871171031388317 0.32153299516876066
0 0.6260780641884157 0.39476998376277683 0.6227188203506563 0.36196132575429885 0.5966808426220047 0.36715115964717315 0.6000401237217643 0.39995979166112117
0 0.6206714970142705 0.39326131323533325 0.6408559498769459 0.37918033632346676 0.6300428900526557 0.34900684779100566 0.6098584371899801 0.3630877987083422
0 0.5975747580056662 0.39857186572515174 0.6099853143004998 0.49380742711549724 0.6450658851781899 0.48490830377581984 0.6326553288833562 0.3896726903964145
0 0.5977709796984699 0.4079859407025261 0.5459149818280677 0.41965545706285934 0.5492378206916781 0.4483998183294293 0.6010938930860806 0.436730301969096
0 0.5889760670644459 0.3652514274116269 0.5385856954460471 0.380052738742081 0.5487352680956197 0.4473175100817185 0.5991256397140187 0.43251619875126435
0 0.5496799715854892 0.4891728103871646 0.5526743459177541 0.5643745175415247 0.6069327739859967 0.560168758567797 0.6039383996537316 0.4849671034024968
0 0.5991242237580128 0.43557905622803983 0.5508272685701885 0.44841432327712416 0.5570801302918003 0.49421600913676533 0.6053770482176244 0.48138069009862117
0 0.6505050938644689 0.5526279014054515 0.6456879370087378 0.483737354181085 0.6057345398470887 0.48917582575263524 0.6105516594408196 0.5580663729770017
0 0.6576715453058226 0.540457002552039 0.6957594204298306 0.5367494547387405 0.6935852572449253 0.4932679886306165 0.6554973075969169 0.496975536443915
0 0.7215936868036478 0.5380940997823946 0.7215936868036478 0.48780492623376276 0.6942005273914453 0.48780492623376276 0.6942005273914453 0.5380940997823946
0 0.7072464007888812 0.48339578605794825 0.7017112797142094 0.434484868480156 0.680907234312996 0.4390679380556591 0.6864424299116682 0.4879789336170411
0 0.645480238619887 0.4376303885620741 0.7155472565628815 0.42823045460897574 0.7123152997176435 0.3813341390944421 0.642248281774649 0.39073415103113024
0 0.6347414046999008 0.3326345050558321 0.6450284741300366 0.3961970054717446 0.6735707191029456 0.38720469174230726 0.6632836496728098 0.3236421653318649
0 0.66766357421875 0.27467499559132774 0.6397242284083104 0.2792610545377715 0.6429816724616529 0.3178927471934226 0.6709210182720925 0.3133066882469788
0 0.6967882987780448 0.360853022976669 0.693640628577152 0.32279188425821176 0.677552014771253 0.3253819272302891 0.680699684972146 0.3634431179378061
0 0.7289264012896826 0.37376000893380007 0.7005677089295254 0.37564419644045466 0.7019752437232906 0.4168835823539981 0.7303338615594475 0.4149993948473435
0 0.7033305371928419 0.38796841103132984 0.7262304210546398 0.372833901816373 0.7184215727306548 0.34983287596824425 0.6955216143448565 0.36496738518320115
0 0.6937103830414377 0.3241036202269884 0.6977039751697954 0.3631079444690295 0.7131451244610424 0.36003024411567025 0.7091514578086844 0.3210259458681591
0 0.772210462334974 0.36552559171868343 0.7423153086605235 0.3709076031712495 0.7454644693414225 0.40495905965515866 0.775359623015873 0.39957704820259266
0 0.6966324690934066 0.23331824437519963 0.6261720389528007 0.2394625714121726 0.6297202756553343 0.3186728690308241 0.7001807057959402 0.312528593982911
0 0.6565864758613782 0.1906411919926866 0.6251834780887515 0.19713219507792537 0.6282334473252442 0.22585576072056004 0.6596363705738706 0.2193647186435264
0 0.6381055671216804 0.2408619089467765 0.6633028768648885 0.2364673776967765 0.6616170694539835 0.21765154914920942 0.6364197597107754 0.2220460284101496
0 0.6451811738066621 0.19713354679348116 0.6451811738066621 0.17198896001916525 0.6278802780877977 0.17198896001916525 0.6278802780877977 0.19713354679348116
0 0.6187488523303953 0.17424896344212495 0.6524769989125457 0.16727729550415246 0.6481768895709326 0.12678002742526884 0.6144487802507822 0.13375163037691654
0 0.6474141364278083 0.12962340008867254 0.6431592631543803 0.07619423029573041 0.6119067666003701 0.08103916876563831 0.6161616771357983 0.13446833855858045
0 0.6125977158692002 0.08287657911570352 0.6368190593044109 0.07865227304487862 0.6337803431919643 0.044734155502189364 0.6095589624947535 0.04895845832369803
0 0.6458299797533196 0.07975861323549963 0.6816573183760684 0.0726175714392069 0.6771014426654075 0.028121727288683188 0.6412741040426587 0.03526276258634343
0 0.6791467538537851 0.07282567714710658 0.6496157989688263 0.07625917762873323 0.6514303838522588 0.106640784866359 0.6809613387372176 0.10320722589704004
0 0.6869918208419185 0.16696004526375505 0.6869918208419185 0.110636176608084 0.6509481390462836 0.110636176608084 0.6509481390462836 0.16696004526375505
0 0.6265269967662546 0.2565305797570406 0.698181897583753 0.24490556603192876 0.6912058549631792 0.16120067122035375 0.6195509541456807 0.17282568494546555
0 0.6570553808712989 0.19924167717538863 0.6640565380799756 0.252966625727015 0.7000886686555632 0.2438260391989193 0.6930875114468864 0.19010110364455787
0 0.6996002383575626 0.31558591462481367 0.6983371310763888 0.27329070888954693 0.6685327476343101 0.27502337428130325 0.6697957803914835 0.31731858001656993
0 0.7244837275354854 0.02634153089896987 0.6865694188081883 0.028860530820778323 0.6878562247214591 0.06656371836361731 0.7257705334487561 0.06404471844180885
0 0.6927187666933761 0.09622230074880883 0.7222533732543498 0.09450527106679887 0.7213376223385989 0.06384023247220041 0.6918030903016255 0.06555719716788556
0 0.6984409430088141 0.13323670473374946 0.7299642970419338 0.12346285246503008 0.7244686736874237 0.0889586102617254 0.6929453941783044 0.09873246253044479
0 0.6999927562671703 0.17054093473002288 0.7240031967815171 0.1684471663258957 0.7221434503538996 0.1269322124006801 0.6981330843635531 0.1290259808048073
0 0.7339101192860958 0.18784846967083021 0.7099367171999008 0.19156495960242095 0.7132245670453679 0.23285112267255376 0.7371979691315629 0.22913463274096305
0 0.7547538859794719 0.304752382346678 0.7547538859794719 0.23837067118292163 0.707176273704594 0.23837067118292163 0.707176273704594 0.304752382346678
0 0.7668585957770528 0.019844454841678755 0.7260370312738477 0.02654515579977474 0.7297324528769841 0.07037051979077939 0.7705540173801892 0.0636698838190082
0 0.7314079014518468 0.11789980210884263 0.7729823819301358 0.11107558814183614 0.7690458006620116 0.06439076412272413 0.7274713947077228 0.07121497808973062
0 0.7691955193786248 0.10713956790644631 0.7337058490012591 0.11587773961549723 0.7389454078907204 0.15730387023197934 0.7744351527920864 0.1485657050215609
0 0.7392245002718636 0.153730532176653 0.7453233208848443 0.23456798339011925 0.7832608811002366 0.22899621186914396 0.7771621350112561 0.1481587606556777
0 0.7536749275030525 0.2673898986088559 0.7884244255093864 0.25883398104770017 0.7842589065123244 0.22589961349253354 0.7495094085059906 0.23445550505915938
0 0.7597999805641408 0.3087755037531942 0.7957051967672085 0.2996670984531383 0.7900190155439178 0.256032212629432 0.7541137993408501 0.26514061792948784
0 0.8137151138249771 0.396663633278322 0.8045467986874237 0.3042779561811249 0.7665369501917354 0.3116209689762564 0.7757051908052884 0.40400656808986374
0 0.7725680284884386 0.36632749697215716 0.7677251608526022 0.31677690600211617 0.7522197718730922 0.319726895229983 0.7570627140329289 0.36927756418361374
0 0.7571471497252747 0.369363892017475 0.7518704033596612 0.3178275529123855 0.7228047763326083 0.32362087581186116 0.7280815972222222 0.3751572149169506
0 0.8122297759748932 0.3653342459839491 0.7758568471459096 0.3689591571866349 0.7779352469904228 0.40955808987203207 0.8143082503434066 0.40593317866934625
0 0.7067603552588904 0.48691523745275234 0.7360111744267017 0.47875290306910134 0.7290242513020834 0.43001107990843274 0.699773432134272 0.4381734142920837
0 0.7789175478384462 0.46632143504778 0.7744337368360806 0.42252956825789234 0.7518271049154838 0.42703553805765543 0.7563109904418498 0.47082732686395334
0 0.7980061998006334 0.4727182209593271 0.7980061998006334 0.4163943393063911 0.7734965230082418 0.4163943393063911 0.7734965230082418 0.4727182209593271
0 0.811834724249275 0.5266748067670624 0.8071841285342262 0.46827804331478917 0.777909685258318 0.47281627232618184 0.7825602064493666 0.5312131397565747
0 0.8511956183464973 0.44065687969149275 0.8056807558760684 0.44418490928117016 0.808715075072497 0.5203892254545092 0.8542299375429259 0.5168612478538916
0 0.8366248348548153 0.4081372548611851 0.8002191899896978 0.41490984369177225 0.8039715479290674 0.4541748670743718 0.840377192794185 0.44740235622737434
0 0.7786140115852029 0.47773719280704324 0.7484943916218331 0.4819395724918814 0.7521558302808303 0.5330253744044133 0.7822755247682005 0.5288229947195752
0 0.753227783501221 0.5323706761738713 0.7516989236349588 0.4833111998575916 0.7206973866519765 0.48519180011911733 0.7222261719942384 0.5342512764353972
0 0.793902833819826 0.1212355761552385 0.8317486549908425 0.11067484347133864 0.8246785630818834 0.06135278990971372 0.7868326673868666 0.0719135160949811
0 0.7828029311183609 0.06433428450784244 0.8236776312337836 0.05937516506526499 0.8204290555364774 0.007249940193085289 0.7795542808970544 0.012209058823333688
0 0.8888362004206731 0.06738748501675296 0.8888362004206731 0.015086750764863049 0.8477464240403694 0.015086750764863049 0.8477464240403694 0.06738748501675296
0 0.8560885661105387 0.11890337292542856 0.9165418389661554 0.1059270270638409 0.9110332484355922 0.05596923178261752 0.8505799755799756 0.06894557764420517
0 0.9003702054239163 0.18104100917835658 0.9003702054239163 0.12572292087431458 0.8499091105292277 0.12572292087431458 0.8499091105292277 0.18104100917835658
0 0.8613582326961233 0.22482216622191759 0.8878185006725046 0.2155926524069687 0.8804401029742827 0.17441465257582917 0.8539799095219017 0.18364423137710284
0 0.8825502500429259 0.1810008086378367 0.8860103248530983 0.21479510123725645 0.9041763696915064 0.21117431016756283 0.9007161458333334 0.17737993958455334
0 0.9231381072811737 0.2155341517173858 0.9180211403722146 0.1691285739359295 0.8988993252298917 0.17323311021015225 0.9040162176148504 0.21963867499434359
0 0.9054717458648123 0.12912713851798738 0.9101850907881182 0.16200847723211909 0.935831556681166 0.154851975189157 0.9311181372338599 0.1219705714887005
0 0.8666464557577839 0.26457721248802174 0.9080911899515415 0.2604468376510594 0.906049306867178 0.22056270254937713 0.8646045726734203 0.2246930253972796
0 0.9111832652482067 0.301735015297261 0.9111832652482067 0.2615036712594495 0.8736979166666666 0.2615036712594495 0.8736979166666666 0.301735015297261
0 0.9032536880437271 0.35302996919752183 0.9032536880437271 0.3057581626983071 0.8729769714877137 0.3057581626983071 0.8729769714877137 0.35302996919752183
0 0.8690488859556242 0.401986533169852 0.916722410618895 0.4045448108263682 0.9181034893925519 0.3544457612695645 0.8704300392532814 0.35188753560210817
0 0.9531516795921092 0.3715227897163144 0.9460151122748779 0.30846016411074584 0.9153643597613325 0.315212529197056 0.9225009270785638 0.37827510281356475
0 0.9149915907118056 0.29418212266756283 0.9409838479662699 0.2838206770472876 0.9337207388965202 0.24835257067184838 0.9077284816420559 0.25871409427571335
0 0.9410539750505571 0.307633564053849 0.9387117602449634 0.24880916458987704 0.9106043628138355 0.2509878441259849 0.9129466521434295 0.309812217595427
0 0.9340959672380571 0.20445255364023238 0.9055271917210393 0.20943505516247204 0.9093644324967567 0.25226594317304624 0.9379332080137744 0.24728341565627662
0 0.9467944097460699 0.12351018850401273 1.0067709525717339 0.08166962709703071 0.9881725194835547 0.029771164694271057 0.9281958276098901 0.07161179108757786
0 0.9645463247147817 0.17881384984394963 1.0102132906698336 0.1559415489079802 0.9939610966832646 0.09277400288102575 0.9482941307282128 0.1156463623046875
0 0.9674113253825168 0.16293691085997392 0.9538589123550061 0.12511948385677304 0.9333862006591499 0.13940155445209354 0.9469385391626602 0.1772190464416192
0 0.9995605319701999 0.15929401144258412 0.9505851475455968 0.16688644175228917 0.9549015776432769 0.22108836393340076 1.00387696206788 0.21349594662096066
0 0.9997582441430097 0.20941411656862224 0.9462048503796551 0.2215307908326235 0.9528697552989546 0.2788747498286441 1.0064231490623092 0.26675807556464276
0 0.9853499974959936 0.28606803413144166 0.9570695553361569 0.29395953150786575 0.9615889142866682 0.32548694513116216 0.9898692819225046 0.3175954477547381
0 1.0016080788785866 0.337495820079589 0.9670831962091728 0.33466226035122976 0.965320778125954 0.3764647137773504 0.9998457353193682 0.37929827350570966
0 0.9998506539033882 0.328891162774835 0.9998506539033882 0.28161935627562024 0.9897583902100504 0.28161935627562024 0.9897583902100504 0.328891162774835
0 0.9902185759119353 0.40275147420178076 0.9537444434905372 0.3973947034377662 0.9505804525335775 0.4393316785562181 0.9870545849549756 0.44468857929288225
0 0.9014610132163843 0.4678135730541951 0.9540220453916743 0.4599562584846146 0.949917710598863 0.4065089835015838 0.8973566784235729 0.41436624608210443
0 0.8788386567317231 0.46754978056457625 0.907720954718025 0.45289619614765225 0.8975340455442995 0.41381011910901566 0.8686517475579976 0.42846372952046957
0 0.8836681100475046 0.5256687664701342 0.9117932441907052 0.5207637026525235 0.9089319697229854 0.4888261993252236 0.8808068355797848 0.49373131513189417
0 0.9095988104777167 0.47194218026312285 0.9122883071247329 0.5244777490983017 0.9366736033606151 0.522047520496167 0.9339840321895986 0.4695119516609881
0 0.97894533038576 0.5169726604091248 0.97894533038576 0.48076446377235943 0.9558773949032738 0.48076446377235943 0.9558773949032738 0.5169726604091248
0 0.9551565242483211 0.4898165389260807 0.9551565242483211 0.46366614580560583 0.9335303300757403 0.46366614580560583 0.9335303300757403 0.4898165389260807
0 0.9763042743389423 0.49086682191293124 0.9960166176596841 0.489033271750559 0.9947789975866148 0.46313211418294825 0.975066654265873 0.4649656643453205
0 0.346573490799565 0.254308437366908 0.33085291376917353 0.14463937424719842 0.2867687444256048 0.1569408826161893 0.30248934008699635 0.26660995873316384
0 0.4891219552474435 0.35914619614765225 0.4424795446523962 0.3699923877618585 0.45001947312127977 0.43311209735512934 0.4966618837163271 0.42226593173545307
0 0.39769199916294645 0.3706581856566759 0.40477494646195816 0.4266580454941706 0.4485304835951809 0.4158846905527976 0.4414475362961691 0.3598848307153029
0 0.3966515323326847 0.36829070784976575 0.40807244716546476 0.46921150688418334 0.45404857593578296 0.45908305023557283 0.44262762384100274 0.3581621992120954
0 0.49928758781908195 0.42335746804128516 0.4529742752093826 0.43143467033945115 0.458574940142323 0.49394795354423976 0.5048882527520223 0.4858707772406037
0 0.47742984757755264 0.5563757407401245 0.5069432147984394 0.546081231034391 0.49600294250562804 0.4850242393792589 0.4664895380227411 0.49531874908499257
0 0.5135270003434066 0.6094773144697615 0.5107280652019421 0.5567580682861744 0.48098836859212835 0.5598316615038065 0.4837873037335928 0.6125509596764533
0 0.4821862301110348 0.6637461985599447 0.5242657597393926 0.6514579084094176 0.5171963758084364 0.604332529097237 0.4751168461800786 0.6166207672587042
0 0.532737536308093 0.7357083114286095 0.5280643970829517 0.6813738171449105 0.5008894812056434 0.6859236397166472 0.5055626576927846 0.7402581859894058
0 0.5291025536692041 0.6789690111930367 0.4823414263416705 0.6850855240829962 0.4861893240494315 0.7423518894072083 0.5329504141149649 0.7362354285063085
0 0.48251715393439026 0.6968953589158327 0.43260999593397054 0.7098501488134848 0.43976974021529686 0.7635436699784391 0.4896768982157166 0.7505888800807868
0 0.43856986654838215 0.7081808840802012 0.4835614960126679 0.6994218192677278 0.4791031722184066 0.654842344215822 0.43411150549212074 0.6636014610173552
0 0.4745892535199176 0.6167292164375267 0.4321017049898886 0.6233158663956027 0.43535445403121187 0.6641604473887351 0.47784196529924067 0.6575738494197189
0 0.46712560036534645 0.6145336664515013 0.4561738513764881 0.5381327796429142 0.41749630510006486 0.5489256044871965 0.4284479795649229 0.6253264912957837
0 0.4196188231527587 0.5452741528694633 0.4569416721516331 0.5372627427265225 0.45240811637906364 0.496147714644112 0.41508526738018925 0.504159072797993
0 0.4491916977878892 0.49796088509502767 0.44583349728613403 0.4557915708681591 0.41600519163995725 0.4604157897845241 0.4193633921417125 0.5025850520223328
0 0.5369557065113706 0.6603544842851629 0.53284909873655 0.5973281470433613 0.5163399459969285 0.5994221623955228 0.5204465537717491 0.6624484996373243
0 0.4375452360681853 0.7545924536008038 0.5460213648385035 0.7313928555386233 0.5311052743914072 0.5956233217931485 0.4226290710970887 0.6188228678662692
0 0.437596434056395 0.7310796734421582 0.4558790344312805 0.7654606105927917 0.4689122760106647 0.751968877685131 0.45062967563577916 0.7175879405344975
0 0.37446920280782586 0.7639499124920145 0.41129274100465507 0.7506911945505483 0.40563268044347145 0.7200899140392089 0.36880906772264194 0.7333485799916152
0 0.3699505145733173 0.7239514014586882 0.4045354635869773 0.7154360093696763 0.3998255840296856 0.6781983773590555 0.36524063501602566 0.6867138214371273
0 0.33429469293727104 0.780536190208422 0.36702809316334706 0.7722324455820113 0.36214923043536323 0.7347931480082783 0.32941579294728707 0.7430968926346891
0 0.32382269220037774 0.7369402961795943 0.3692125406602946 0.7259265178309998 0.3637630103999733 0.6822072017741163 0.3183731619400565 0.6932209801227108
0 0.3196505405672886 0.7861079617293973 0.37430823096716653 0.7818712172760062 0.3722254342066354 0.7295643483150553 0.3175677810687576 0.7338009887903268
0 0.31750931699051815 0.6900287478705281 0.3523221976591117 0.6846318675468483 0.3493947458791209 0.6478717030617813 0.3145819024725275 0.653268583385461
0 0.3517859602149153 0.6527534237915247 0.3517859602149153 0.606487371649409 0.3078127012148008 0.606487371649409 0.3078127012148008 0.6527534237915247
0 0.33777883899954214 0.5627899429867175 0.3087664780017075 0.5678498302245262 0.31241519168765264 0.6085762920737063 0.3414275713164873 0.6035164568249574
0 0.3806403489631029 0.5513323860233443 0.3764320159278655 0.5161027794599127 0.35083127050900487 0.5220559947129205 0.35503960354424224 0.5572855492872923
0 0.353588136852297 0.6029671404187074 0.3914339580233135 0.5924064467266025 0.38566695552169183 0.552175076694261 0.34782113435067535 0.5627358223754259
0 0.35763084029685593 0.6473711523936595 0.3967917865012592 0.6382646966833475 0.39131702986683453 0.5924336370048978 0.3521561209244315 0.60153998873709
0 0.4085068103012439 0.7127526460351895 0.39883419125362485 0.6340288360439736 0.3593176537817651 0.6434804471225511 0.3689902728293842 0.7222043091028268
0 0.3773429227835966 0.47230069681976683 0.3523027841570322 0.4822826482977534 0.3592939178876679 0.516422304221678 0.38433401925223215 0.5064404047327513
0 0.3114170731205643 0.4405331457290779 0.3114170731205643 0.39527287393859134 0.2869073963281727 0.39527287393859134 0.2869073963281727 0.4405331457290779
0 0.38563912080757784 0.5059974059538703 0.3681979709201389 0.3674783527952646 0.3221864805116758 0.3787560796006575 0.33962763039911475 0.517275184748323
0 0.36764515188587454 0.42041746071290725 0.36764515188587454 0.3741514345653216 0.32583450485061816 0.3741514345653216 0.32583450485061816 0.42041746071290725
0 0.3324547326317346 0.3446271594175894 0.2649958683894231 0.43749287749880217 0.3044865460331769 0.4933359903208848 0.3719454102754884 0.400470298234202
0 0.325141357123779 0.525212354513815 0.3190416794847947 0.48265998489405876 0.293256598951179 0.4898551667975405 0.29935631385216344 0.5324075884063565
0 0.2598980168865423 0.446308974309918 0.2519103668548249 0.39727260713073625 0.2206593048878205 0.407182241826488 0.22864699218153808 0.45621860900566974
0 0.2643084403796074 0.5065349728325969 0.26036485385545444 0.4533467853292696 0.23063011309166095 0.4576385861970294 0.23457371824681394 0.5108267217112968
0 0.16609868199834021 0.4754683902357059 0.22452751038566468 0.45788527428596143 0.21585215287913043 0.401766151545198 0.15742332449180593 0.4193492415004126
0 0.22952590961013813 0.512748341341035 0.22283402700272817 0.4629526479483869 0.19602301181891027 0.4699665440002129 0.20271487579532013 0.5197622893819208
0 0.20457128727392399 0.5159862719768153 0.19640541309547657 0.47204080350963584 0.17273891947353862 0.4806015820478865 0.18090479365198603 0.5245471025041258
0 0.12946486327528808 0.41998252023830124 0.13488115583147323 0.4653242848800841 0.16422261481465583 0.4585012926559838 0.15880634088947077 0.4131595280142009
0 0.1479405087574643 0.48799572608336883 0.16285511804005456 0.536550752552039 0.18504061483492637 0.5232848601203152 0.17012599623683608 0.47472978166258517
0 0.11752445095188015 0.48704671778508307 0.13739837162078372 0.48358065915473275 0.1344705099587912 0.450900440118585 0.1145966079208877 0.45436649874893525
0 0.1291380103254493 0.42306801895063617 0.10074410537514786 0.4318715604038011 0.10542552607982296 0.46126409527390333 0.13381944966112447 0.4524605278262085
0 0.0980937990367922 0.4758765043554355 0.09702029944339514 0.43393851545031675 0.07547309139563778 0.4350121935140944 0.07654659564678486 0.47695018241921316
0 0.12038576268160009 0.5471461749361158 0.12038576268160009 0.5129495390026086 0.09731783651461386 0.5129495390026086 0.09731783651461386 0.5471461749361158
0 0.15259356376452324 0.5296418224120262 0.14247489062857716 0.4825822092605409 0.11985667954143296 0.4920495210351895 0.12997535267737906 0.5391091341866748
0 0.04588965764121404 0.44609743082543657 0.05921138162577982 0.49876026887909924 0.08266526293259692 0.48721079525793226 0.06934353429028112 0.4345479572042696
0 0.014539868840367802 0.44766854021374575 0.024251250848083123 0.495092128773158 0.051576411767756986 0.48419932896680684 0.041865030924479164 0.43677568841833475
0 -0.00125609620295747 0.44399967226096676 0.0010190970003968775 0.4741566022778695 0.018618268116635427 0.4715719141789555 0.01634307600494124 0.441414932172993
0 0.07361383868952229 0.5496310440401405 0.06390325432149772 0.4954370761851842 0.039308769216758715 0.504015790949079 0.04901935358478327 0.5582098107930952
0 0.06615327362321381 0.49878272815294933 0.07029389228867378 0.550776778940854 0.09853980654761904 0.546397948386925 0.09439917856665904 0.4944038456099606
0 0.1066891829754989 0.6437014006268633 0.1066891829754989 0.5863717126277683 0.0742499010321276 0.5863717126277683 0.0742499010321276 0.6437014006268633
0 0.1309574765309018 0.5833225022792004 0.10821573259775163 0.5848334603252768 0.10972271966992427 0.628987820834886 0.13246446360307446 0.6274768627888097
0 0.1575511517833295 0.6191553379039342 0.15092616378169357 0.5760194950656143 0.12970787672478346 0.5823633041251863 0.13633287404191946 0.625499198952566
0 0.18873858888507325 0.6203917417250053 0.18080545315957913 0.5687385832024595 0.15348262577266483 0.57690752019671 0.1614157242361588 0.6285606787192557
0 0.1803013914525145 0.5658305231513522 0.18817552280076694 0.6207617998529333 0.21312882233597566 0.6137986451235093 0.20525467235672315 0.5588673684219282
0 0.24100819495716957 0.6052311599965396 0.2352140098264366 0.5621152809571976 0.20722782568180517 0.5694365883198467 0.21302199218153808 0.6125524153701288
0 0.27716586121127135 0.5953422689356633 0.2703857608185001 0.5385833688245315 0.23742044190347414 0.5462491037086084 0.2442005422962454 0.6030078998416205
0 0.23995261838584592 0.6062379801293655 0.24726515549879807 0.6623526318109828 0.28240914630074787 0.6534373398736957 0.2750966091877957 0.5973226881920783
0 0.24716711917639653 0.6641148009941972 0.24041973481975923 0.6123370766842792 0.21409346099592683 0.6190154353439097 0.22084082672156402 0.6707932116428875
0 0.18448408823164683 0.6297505523317717 0.1920999007638412 0.677566710282022 0.22133341173258164 0.6685027816226575 0.21371758056938722 0.620686727650527
0 0.19052474286238935 0.6766747859714385 0.18460189204512936 0.6270922997131868 0.15829978262839592 0.633208604646907 0.16422261481465583 0.6827910389160988
0 0.10873490404587817 0.6336707353998083 0.11703467922187405 0.7031513064642781 0.1621574243491968 0.6926585624733816 0.15385764917320094 0.6231779914089118
0 0.2653866908780239 0.7560302110506282 0.22888593475751678 0.6923714788849553 0.1909961444263202 0.7346634353039821 0.22749691917782738 0.798322167469655
0 0.1897914080683856 0.7392910854982965 0.17465306842137898 0.7111291316745635 0.14431873549762955 0.7428715720493505 0.15945706582913613 0.7710335258730835
0 0.19230005359766103 0.7379231493558348 0.158620850652711 0.7731658051732858 0.1746242462642609 0.8029370283552492 0.20830341194721078 0.7676943725377982
0 0.15501648806244753 0.7721600248216567 0.20769788581373055 0.8701636137304355 0.24541394206921552 0.8306965868558348 0.19273255363343253 0.7326930499361158
0 0.22516878940829135 0.7929614715316227 0.255167959956168 0.8564667319926533 0.2923688504285428 0.8222574627176054 0.26236967988066623 0.7587522022565747
0 0.2508108397543212 0.8544914596531623 0.2185699686462626 0.8787132666098807 0.23190279670687386 0.9132605167629365 0.26414368644593256 0.889038709806218
0 0.25059097532242064 0.8818001690268313 0.25754643068791017 0.9400269802424936 0.2853682335188683 0.9335572536799936 0.2784127781533787 0.875330546442451
0 0.25972042619381486 0.8573249673924617 0.2906250633454003 0.8902984047260967 0.31869819836738783 0.8390781071157634 0.28779352395380225 0.8061046177930685
0 0.3083130739838503 0.8293926492460338 0.31837137336404914 0.8925440201767462 0.35088697719923306 0.8824625096491695 0.3408286591880342 0.8193111387184572
0 0.32533545488257404 0.9469063805965183 0.31912488553113555 0.877584688098914 0.27982064830514536 0.8844394456385754 0.286031254918584 0.9537611381361797
0 0.334813230931395 0.9492157346345294 0.33375700227506866 0.8917432846771188 0.3191827906793727 0.8922646309691759 0.32023901933569904 0.9497370809265865
0 0.3836146018152854 0.9345620982285455 0.37459097502432465 0.8779069162917909 0.34344925839676815 0.8875624284630537 0.35247288518772896 0.9442176103998083
0 0.3398024637038309 0.8180013783339545 0.3516847193605006 0.8898414208901193 0.3807990478217529 0.8804672735107006 0.36891679216508316 0.8086272829435956
0 0.367439950051034 0.8156219430432815 0.3797946506076389 0.8702078564203578 0.4085333408453526 0.8575456089624148 0.3961786402887477 0.8029597475743985
0 0.3964877658420139 0.8050633809026299 0.4096609634939713 0.863878448330361 0.4363820282094208 0.852227803998749 0.42320879329546324 0.7934127365710179
0 0.4641698294652396 0.852371709716381 0.45256636809371187 0.7899265061854504 0.42657325381324407 0.799328935613421 0.4381767151847718 0.8617740871552917
0 0.4524764921493437 0.7950280886492493 0.4638950967381143 0.860524686069261 0.48988675780057617 0.8517036502974606 0.4784681532118056 0.786207000888389
0 0.5138927268749046 0.828692616555313 0.5045829651847719 0.7793335792762457 0.47853816851009234 0.788896394953817 0.48784789293822495 0.8382553282547647
0 0.5435545831663996 0.813597021151645 0.5372816372267056 0.7680856941912 0.5059725396944635 0.7764862944360892 0.5122454483721574 0.8219976733855942
0 0.5544616550170749 0.8693027788776352 0.5462212754693223 0.8089425446024542 0.5116383013416704 0.8181332745787638 0.5198786808894231 0.878493456864885
0 0.5270384624327495 0.9030284459180685 0.5545657650455014 0.8957128573520017 0.5506537766974778 0.8670578912738235 0.5231265113467262 0.8743734278508305
0 0.5173911815452342 0.903874099965396 0.5159829760354663 0.8508266468470507 0.4831615257030296 0.852522685946151 0.4845697312127976 0.9055701910535562
0 0.48867972982963215 0.8944431805326342 0.48064473842672084 0.8533376144591142 0.46917728335575015 0.8577011082403908 0.47721227475866146 0.8988067263029706
0 0.4740848005618513 0.8561924377129472 0.4442794483077686 0.8645094915386765 0.45201500227745345 0.9184736677491482 0.481820317269536 0.9101566659124787
0 0.44355306287679336 0.9191855019564523 0.43007271455757784 0.8627609954781995 0.40887909494476876 0.8726176533219762 0.42235940600198413 0.929042107811169
0 0.3780446035084707 0.8793679128513628 0.3877823192703564 0.9371098740949745 0.4205288357204861 0.92635947232352 0.41079115722060056 0.8686176150580281
0 0.17300668420663537 0.9699180901964438 0.15258327945248112 0.8810796006574745 0.11778080419743017 0.8966545871819102 0.13820420895158445 0.9854930767208795
0 0.015136782794062763 0.9969233914168973 0.06419017172267294 0.9806280444793442 0.048875489659944 0.8908845293867121 -0.00017789779492495843 0.9071798763242653
0 0.10145507365355998 0.841878445834886 0.012459063267969823 0.8813870639573573 0.020184438889425463 0.9152629273916632 0.10918045509720314 0.875754257280132
0 0.1139023702805441 0.9719677068915034 0.09851139427250268 0.8822824195458902 0.04700293441977402 0.899489862549244 0.06239391042781546 0.9891751498948573
0 0.015933776222014747 0.690730392222104 0.0017648955695649497 0.6986379802125479 0.004399810227427873 0.7078287101888575 0.018568689860994855 0.6999211741874733
0 0.01061140370165181 0.7913846953357911 0.0788325681208982 0.7128198678895603 0.05017223055400546 0.6643732386106527 -0.018048936194115944 0.7429379620787638
0 0.03243927728562128 0.7010310366368985 0.03243927728562128 0.6255972503194208 0.0 0.6255972503194208 0.0 0.7010310366368985
0 0.03892713414007054 0.7050541580434146 0.03892713414007054 0.5974353484847477 0.0 0.5974353484847477 0.0 0.7050541580434146
0 0.5868402092156975 0.71996747980329 0.6248685024014614 0.7056826017987383 0.6142403366219285 0.6506044560031143 0.5762120434361645 0.664889385996726
0 0.5928767650264233 0.6059506365956399 0.6002191303704976 0.6456471951694261 0.6145430531111683 0.6404897244663011 0.607200687767094 0.6007931658925149
0 0.6606855194501678 0.6658904873329695 0.6276806282909798 0.6716466640491908 0.6314735272865155 0.7139824472456612 0.6644784184457037 0.7082262185403801
0 0.6665088993580205 0.7118788139174297 0.6560179322630495 0.5923407845440268 0.619622571709974 0.5985587280897307 0.630113538804945 0.7180967574631335
0 0.6553565317603404 0.6362353557216248 0.6490073850303343 0.5919421844222477 0.6207269428704976 0.5998337597822615 0.6270762386485043 0.6441269310816387
0 0.6642191494486417 0.5858498984341727 0.6687608655992445 0.6397125400107805 0.7035177414816086 0.6340074685403801 0.6989760253310058 0.5801447749747125
0 0.6966023613972833 0.6849162477041632 0.6943472651480463 0.637720059292483 0.6700417841164912 0.639980907537665 0.672296880365728 0.6871770959493452
0 0.7001800350799374 0.5908134499441013 0.7075554518181472 0.6577009626710232 0.7352361248235272 0.6517592889892994 0.7278607080853174 0.5848717762623775
0 0.7610398363572192 0.6205281090289608 0.753485114874275 0.5625547964690695 0.725890144469246 0.5695550713872178 0.7334448659521902 0.627528435936169
0 0.783153342967796 0.5611872762390865 0.755674555479243 0.5650212094568515 0.7595716390272055 0.6193932398417537 0.7870504265157585 0.6155593066239885
0 0.7799844334268162 0.5592155911447242 0.7885239895737942 0.6187889190101948 0.8180521125467415 0.6105491729164448 0.8095124818757631 0.5509758450509742
0 0.8471286946018391 0.562138935979424 0.8150883675786019 0.5672970825403268 0.8190157078706883 0.6147876849978705 0.8510561094179259 0.6096295384369677
0 0.8580529442345849 0.5720733174676587 0.8614235902443911 0.6002895998589225 0.877789284283425 0.5964839486897093 0.8744187873216194 0.5682676143093857
0 0.9049340552026099 0.5501357538330494 0.8730764610281212 0.5538398183793388 0.8752837873931624 0.590797177368372 0.9071413815676511 0.5870931648111425
0 0.9282678923181853 0.5902942871925575 0.9236111111111112 0.5448127499633997 0.9031238672351953 0.548896230668388 0.9077807974902702 0.594377715908486
0 0.9505000411372482 0.57253544822056 0.9460774143391331 0.5355116992021135 0.9239835820646367 0.5406493620734402 0.9284062833867521 0.577673007113767
0 0.9999757796999008 0.572886582330707 0.9928758781908196 0.520054519887271 0.966761252527854 0.5268862462734242 0.973861079512935 0.57971836070592
0 0.20977399404523428 0.018104101567698906 0.20977399404523428 0.0 0.17300947885664683 0.0 0.17300947885664683 0.018104101567698906
0 0.2508637517945379 0.023133017947767214 0.2508637517945379 0.0 0.21049486470018697 0.0 0.21049486470018697 0.023133017947767214
0 0.44189505291800213 0.021121450745876645 0.44189505291800213 0.0 0.40296792576455664 0.0 0.40296792576455664 0.021121450745876645
0 0.5118197300204136 0.03319085233256196 0.5118197300204136 0.0 0.4916352771577381 0.0 0.4916352771577381 0.03319085233256196
0 0.5954409495669262 0.028161934327835526 0.5954409495669262 0.0 0.5601182129502442 0.0 0.5601182129502442 0.028161934327835526
0 0.6271593329088446 0.016092534365808334 0.6271593329088446 0.0 0.6026496933784532 0.0 0.6026496933784532 0.016092534365808334
0 0.9585273938301282 -0.02095680789200167 0.8963425558274191 0.00615637184610968 0.9062962048801892 0.050596971528087405 0.9684811174068987 0.0234837897591534
0 0.5935367123111264 0.7546689295078258 0.6369265974368513 0.745355245404999 0.6329429915245345 0.7092284116468803 0.5895531436608097 0.7185420957497072
0 0.7170736571371337 0.7275619896753887 0.7120859893687043 0.685808379970986 0.6739770984766102 0.6946701231766397 0.6789647662450397 0.7364237328810423
0 0.7199181637047848 0.7463456889839757 0.7555721595028235 0.7380547336662852 0.7485777094541743 0.679501847067318 0.7129237136561355 0.6877927503959487
0 0.7592787597060058 0.6328544031822295 0.7628164885244964 0.6723430055166632 0.7853521735968025 0.668412684581958 0.7818142957303114 0.6289240822475245
0 0.7816331278855693 0.6214446761539075 0.7845523075015263 0.662173945412319 0.804965101901137 0.6593258807362649 0.8020459968091804 0.6185966114778535
0 0.8508174090449481 0.648549276478652 0.8466218568757631 0.6075735790766078 0.8220977969513126 0.612461746449771 0.8262932745964973 0.6534373398736957
0 0.8679018870669262 0.6036995103046475 0.872759286882822 0.6494458278155611 0.8955408266321352 0.64473686673166 0.890683352292239 0.5989905492207463
0 0.9119041359031593 0.6437014006268633 0.9119041359031593 0.5994469091880057 0.8917196830404838 0.5994469091880057 0.8917196830404838 0.6437014006268633
0 0.9393130944034265 0.629254784657155 0.9351565182864011 0.5930089479410668 0.9113148001087454 0.5983312759529387 0.9154713762257708 0.6345771126690268
0 0.9564814119257479 0.5853931225544347 0.9338030879168574 0.5906666848281782 0.9393167460794414 0.6368239758571125 0.9619950700883318 0.6315504655724287
0 0.9566648154904991 0.5891260410289342 0.9604133727058531 0.6309666284304462 0.9820617005065247 0.6271910269378195 0.9783131432911706 0.5853504915253673
0 0.9987319741348062 0.5746837921402523 0.9781499357305021 0.5770769005536627 0.9809041192097833 0.6231903648051533 1.0014862321380875 0.620797256391743
0 0.6179467877771101 0.8162085875944953 0.6779941656650641 0.7966599732485093 0.6678647144955738 0.73609043101842 0.6078173366076198 0.7556390453644058
0 0.6338168599521139 0.8508335613920092 0.6255479749742445 0.804685888339145 0.5939992082570208 0.8156903606460285 0.6022680559728899 0.8618380336988927
0 0.6791749984499008 0.815726181108257 0.6266255174946581 0.8436570435610093 0.6453196393992292 0.9121240359148743 0.6978691203544719 0.8841931214730622
0 0.7170736571371337 0.7275619896753887 0.7120859893687043 0.685808379970986 0.6740940266330891 0.6946429848874042 0.6790816944015187 0.736396542602747
0 0.6868971753615308 0.7409515640804675 0.6916775173611112 0.7769676611411307 0.7071915511246566 0.772959200649489 0.7024112091250763 0.7369431035888256
0 0.777003175318605 0.8534697706492227 0.7598148108402014 0.7650375756128887 0.7214943463112409 0.7795367525220933 0.7386827107896444 0.8679689475584274
0 0.6841134803781288 0.7788165480761552 0.6977182092538537 0.8794190700862436 0.7726202698126526 0.8597010233942451 0.7590156899849283 0.7590985013841567
0 0.7569691864125457 0.690629793391317 0.7611890334058303 0.743617355112729 0.782867916046627 0.7402565743285509 0.7786481435773428 0.6872689606180792
0 0.8095402048038767 0.7131004528455068 0.8095402048038767 0.6778979845713107 0.7871931399763431 0.6778979845713107 0.7871931399763431 0.7131004528455068
0 0.8287925114707341 0.7118081087960498 0.8259563515911172 0.6742165872551107 0.8099708044776404 0.6765643092192823 0.8128068153092567 0.7141558307602215
0 0.8293364621489622 0.722461914894325 0.8657959878663004 0.7122880717964757 0.8586981730292277 0.6627725994363554 0.8222386473118894 0.6729464425342047
0 0.841203142289568 0.7831183828324638 0.8718402569110577 0.7745692498436169 0.8628016135340354 0.711514422597024 0.8321644989125457 0.720063555585871
0 0.791382804749504 0.7894204966660455 0.8289252387152778 0.7946584984228598 0.83133057534913 0.7610991963739087 0.7937880668593559 0.7558611426280345
0 0.7886348812862485 0.7583606726469335 0.8232367472479777 0.7583606726469335 0.8232367472479777 0.7131004528455068 0.7886348812862485 0.7131004528455068
0 0.8145862993885454 0.7382450136252928 0.8145862993885454 0.712094620504818 0.7900766225961539 0.712094620504818 0.7900766225961539 0.7382450136252928
0 0.8308525784111722 0.7878715346172275 0.7996515406793727 0.7912202019504632 0.8020304212931166 0.8343683142069048 0.8332315335489163 0.831019698862729
0 0.8520717224940858 0.8287655052172062 0.8520717224940858 0.7875284068222955 0.8311663989764576 0.7875284068222955 0.8311663989764576 0.8287655052172062
0 0.848885001717033 0.7804775985379845 0.8540232824900794 0.836038670710445 0.8718644026871566 0.8328267346045837 0.8667260473901099 0.777265714421183
0 0.9055758558932387 0.7658381031562767 0.9021013979510073 0.712515108020789 0.8772726839133089 0.7156643453204855 0.88074706733154 0.7689873404559732
0 0.9130962963360424 0.687220818748669 0.9082720597002824 0.653565752851496 0.8898343748807616 0.6587107981693197 0.8946586115165217 0.6923658640664928
0 0.8977526244371947 0.7131581087128673 0.9156266842424069 0.7108910217805047 0.9140194996518238 0.6862245523949905 0.8961454398466118 0.6884916913164129
0 0.9551565242483211 0.7030425973401565 0.9551565242483211 0.6537592041431537 0.927042494181166 0.6537592041431537 0.927042494181166 0.7030425973401565
0 0.9782108218387515 0.6925482936774648 0.9715679014995421 0.643116835638043 0.9539840381515187 0.6477168796415833 0.960626958490728 0.6971483376810051
0 0.9998506539033882 0.7372392332736638 0.9998506539033882 0.6396782272312873 0.9746201064560439 0.6396782272312873 0.9746201064560439 0.7372392332736638
0 0.9640180240766179 0.6986514973681058 0.967516851366949 0.7425870359248563 0.9946550641741071 0.7383799252355728 0.9911561623597757 0.6944443866788224
0 0.9682992043221536 0.7473829227168068 0.9646948510473901 0.7021226509263203 0.9444401220524268 0.7052626341733657 0.9480444753271902 0.750522957952912
0 0.9484468304048382 0.7407207846438458 0.9432621211796016 0.7045512678676001 0.9191405653807998 0.7112822914448467 0.9243252746060363 0.7474517562320325
0 0.9256007528712606 0.7523259905371593 0.9183353335575015 0.7083991861424617 0.8990661099425747 0.714603456565428 0.906331529256334 0.758530156982006
0 0.9724870805193071 0.7504246466407581 0.9324342310792506 0.7713807608037425 0.9457061357696124 0.8207605417176853 0.9857590597336691 0.7998044275547008
0 0.9080144302312271 0.7690570057961563 0.9129301078153618 0.827354678100378 0.935808603289072 0.8235993003520283 0.9308928511809371 0.7653015760587468
0 0.9186016078105922 0.8303346390212415 0.9104520357572116 0.7637355096092419 0.876949696895986 0.7717160902396987 0.8850993434733669 0.8383152196516983
0 0.8990770649706197 0.8504261231300575 0.9161885206807082 0.9124996048831452 0.9560891921121414 0.8910878066106793 0.9389777364020528 0.8290143768466514
0 0.8871580689817995 0.8663752229290886 0.9249212430364774 0.861585418857139 0.9226581727192079 0.8268529316838799 0.8848950731885302 0.8316427357558295
0 0.9189687130360958 0.9237114615497232 0.9082277179201007 0.8787529862515971 0.871679434118399 0.8957507053875639 0.8824204292343941 0.94070918068569
0 0.8949579744257479 0.8418182944926533 0.8650634169432998 0.856416718517089 0.874548831702152 0.8942287776498616 0.9044433891846001 0.8796303536254259
0 0.9424784267923917 0.8213467183673605 0.9521712418440934 0.8991076389813139 0.9915982387295864 0.8895406121898957 0.9819055727258852 0.811779795554062
0 1.0044302282461461 0.7909598927278535 0.9984513167496566 0.7575915464956878 0.9762314643906441 0.765341971558241 0.982210450411134 0.7987103697794665
0 0.9998506539033882 0.8901183146228173 0.9998506539033882 0.8428464821290726 0.9868749075902397 0.8428464821290726 0.9868749075902397 0.8901183146228173
0 0.7751838208991529 1.0133045203031836 0.8890868991576999 0.9541712278401832 0.8687367049183455 0.877864493218963 0.7548337011837989 0.936997889660083
0 0.8300562149439102 0.8812874529187074 0.826221209888202 0.8438321427145443 0.8015961699433379 0.8487403778648052 0.8054312495230463 0.8861957400580281
0 0.81212402641846 0.901366875565641 0.8009896191048534 0.8521721237156623 0.7764254652682387 0.862995050225591 0.7875599471058455 0.9121897500865098
0 0.7853909260769613 0.899673279952353 0.7761637369791666 0.8610511272891823 0.7549701546283577 0.8709078891110785 0.764197269202152 0.9095298858070698
0 0.7677295577686203 0.9182802684465503 0.7556910252833104 0.8678904960671316 0.7325509505685287 0.8786523354317505 0.7445895575778388 0.929042107811169
0 0.70342771648924 0.9518734153734562 0.6907403780572726 0.898768046442451 0.6663027659731762 0.9101333748136712 0.6789901789291438 0.9632387437446763
0 0.6190473954756182 0.9401270071936222 0.63466307997558 1.01051728282714 0.6847378424526862 0.9888921214530983 0.6691221579527243 0.9185019497977002
0 0.7180338988810668 1.0101694760168227 0.7500608115842491 0.9929830365936435 0.7415514376573947 0.9621147402709753 0.7095246740022131 0.9793011796941546
0 0.57237305134644 0.9997486848847423 0.57237305134644 0.9575058061382027 0.49235614781269077 0.9575058061382027 0.49235614781269077 0.9997486848847423
0 0.652266841231685 -0.004562796685317915 0.6051111838465354 0.002747487981234133 0.6070188864683493 0.02670230897971678 0.6541745065914988 0.019392024922411526
0 0.6704117212540064 0.011063617173410964 0.6704117212540064 0.0 0.6495063977363782 0.0 0.6495063977363782 0.011063617173410964
0 0.6963631393563035 0.01206940077435625 0.6963631393563035 0.0 0.668969979944101 0.0 0.668969979944101 0.01206940077435625
0 0.6945618942689256 1.022674196623456 0.7667196085164835 0.9859568191346358 0.7517869364793193 0.9288302004032687 0.6796292222317613 0.9655474739139693
0 0.19319391308832226 0.9997486848847423 0.19319391308832226 0.9675636096544932 0.15426678593487675 0.9675636096544932 0.15426678593487675 0.9997486848847423
1 0.9627440362913996 0.967410137949851 0.9744118863991911 0.9871776262377555 0.9854965116805937 0.9744411384023637 0.9738287360968025 0.9546735461363395
1 0.9832529666514042 0.9431931139866375 0.9805125701121795 0.8998620002395656 0.9559803125476953 0.902882148703684 0.9587207836109203 0.9462133664288757
1 0.8375525841346154 0.7483186738048339 0.8319298228355846 0.7276361780637777 0.827208503844246 0.7301347722795997 0.8328312651432769 0.7508173200097157
1 0.8699989179115155 0.7160089807981527 0.8598353347498855 0.7190170158113288 0.8622443230597527 0.734862657381282 0.8724079062213828 0.7318546223681058
1 0.8471316755618513 0.6449436272226363 0.8395534044948108 0.6525386049962735 0.8435475182911706 0.6602967764287425 0.8511257893582113 0.6527018506441652
1 0.9324019621871185 0.7780653061614938 0.9361602820465125 0.7645811636565695 0.9257463727678571 0.7589308366661787 0.9219880529084631 0.7724150311601629
1 0.9326289622920483 0.7615838903787798 0.9412368569473062 0.75239965903495 0.9348483615451388 0.7407437638082943 0.9262404668898809 0.7499278911740045
1 0.9896836426377442 0.7507120421635435 0.9994086520575778 0.7415202204169772 0.994794424054678 0.732016776245741 0.9850694146348443 0.7412085460032475
1 0.8796520116710547 0.4717562673851416 0.8693988506610577 0.479408017212122 0.8739897526518621 0.49138338521148317 0.8842429136618589 0.4837315833954429
1 0.8746296157184829 0.49904854821590183 0.8701457301921169 0.4767058338379738 0.8630187019469246 0.4794901599266663 0.8675025874732906 0.5018328743045943
1 0.8822991041618972 0.46841441061874467 0.8730763865041209 0.4356935361378034 0.8563864385397588 0.4448510451048765 0.8656091561975351 0.4775719715748776
1 0.8794778490823413 0.4127720535512271 0.8670764592395451 0.39608717858283643 0.8533822270394537 0.41590150901365525 0.86578369140625 0.4325863839820459
1 0.8493919884911096 0.44567382396587524 0.8545971918164301 0.4260226352048286 0.8427683698679792 0.4199233566882054 0.8375631665426587 0.43957446746566226
1 0.8407588301997482 0.3795261415549803 0.8560948261265644 0.3910920957081159 0.8641762087196657 0.3702326552019006 0.8488402873168498 0.35866662306517516
1 0.8416094471392322 0.32157315671748565 0.8175940135168651 0.36074340404400024 0.8378947983440171 0.38497238549097634 0.861910157442384 0.3458021901535216
1 0.8362534817612942 0.33166756053190216 0.820381360176282 0.3174613159803556 0.8113973428914835 0.3370007802518101 0.827269539000496 0.3512070507978865
1 0.8530570788261218 0.28750150248382933 0.8235694969093407 0.3151788402862809 0.8340660533043346 0.3369487392029121 0.863553709745116 0.3092714014004605
1 0.8448697976285867 0.31565513805798817 0.8371595445570055 0.27621057045723757 0.8155364058684371 0.2844385410289342 0.8232467334640187 0.32388313462421475
1 0.817014887510493 0.24814950140412054 0.7956762069310898 0.2881879400354025 0.8146267659207113 0.30784885075063884 0.8359655210241148 0.267810386124827
1 0.8240797627394307 0.2736732703863661 0.8474365532471001 0.2929846846468404 0.8599585974463904 0.2635021047250985 0.8366018814627213 0.24419069046462416
1 0.8190442505628053 0.2642054907101789 0.8136330629006411 0.20380631662917909 0.7935707548744658 0.20730525833987704 0.7989818680126297 0.2677044324208768
1 0.8321708334525717 0.16765446313601337 0.8065242185115232 0.2180768456532155 0.8392225179334555 0.25045295468384 0.8648692073985043 0.20003057216663783
1 0.8414749313186813 0.1579285577777297 0.8176999121212989 0.16622148867969416 0.821344731928228 0.18656318313624629 0.8451198256496109 0.17827025223428183
1 0.8108150123530983 0.16769485863550762 0.7943367870736034 0.17004086496070459 0.7969776195484203 0.20615072429078604 0.8134559193519154 0.20380471796558908
1 0.7857299357543498 0.12980922198579908 0.7980224460326999 0.158393937846871 0.816991188878396 0.1425144903907581 0.8046986786000457 0.11392970954336137
1 0.8413985442183685 0.15293990854916417 0.835208506229014 0.13341375347702833 0.8236236758575626 0.14056289906802333 0.8298137138469169 0.16008905414015917
1 0.8487722469045711 0.10890822272487556 0.8309979002117674 0.08727485357801187 0.8143530392675901 0.11389693044113341 0.8321273114363935 0.13553022810303983
1 0.8612210340115614 0.14574859983064045 0.8461388668297848 0.1475020868408619 0.8475534068795788 0.17118728871646083 0.8626355740613553 0.16943380170623934
1 0.8423671326503358 0.07113596771604158 0.8529610919137286 0.057410745442015146 0.8446600125677274 0.04493796561401991 0.8340660533043346 0.05866318788804634
1 0.8151609539548993 0.0473723728368392 0.8178666968339819 0.06205347246368252 0.8280200702075702 0.058410696520309835 0.8253143273284875 0.04372966187979131
1 0.7883865673172313 0.0761893823159005 0.8017581105960012 0.06872672969681644 0.7975405738467262 0.05401610678261752 0.7841691050919567 0.06147869441537678
1 0.787191649496337 0.07999483202750679 0.7813075325282357 0.06391746222059 0.7693299606751756 0.07245102448601536 0.7752140776432769 0.08852840079156463
1 0.8420973557692307 -0.01299145112045782 0.823054461543231 0.027811287615124573 0.8428861177884616 0.045828830647509186 0.8619290865384616 0.005026093130420379
1 0.8597623757535867 0.012640310511678406 0.8818968236082494 0.016711080703865323 0.8832717168898809 0.002158468586013508 0.8611372690352183 -0.0019123022154202047
1 0.8901599702380952 0.02144766747443802 0.8986440805288461 0.04860412688637105 0.906249031187996 0.043979020906672564 0.8977648463732448 0.016822561494739537
1 0.9703147804344093 0.37891053909743666 0.9654004442822802 0.3607405186511792 0.9583437666933761 0.3644558388289236 0.9632582518935058 0.38262593725877075
1 0.9496722285418574 0.36948824984860784 0.9317581493484813 0.38432865695206025 0.9372167342748398 0.3971554757789209 0.9551307389442155 0.3823150686754685
1 0.957098396124275 0.3255042054990284 0.9495032826331654 0.2980984585451714 0.9378700861855159 0.3043744738707144 0.9454651996766255 0.3317802208245714
1 0.9586951473548153 0.30037274596232166 0.9707025288079976 0.28672223846591516 0.9616606808989622 0.2712396105062819 0.9496533739697802 0.2848900400190987
1 0.9401105757306929 0.18941951407281463 0.9521327874599359 0.2280499589910296 0.9649061265882555 0.22031162138488875 0.9528839148590125 0.1816811634694088
1 0.9489735660389957 0.1120843838589358 0.9426892551892552 0.09162586348629485 0.9298833490728022 0.09928329311806258 0.9361676599225427 0.11974181349070352
1 0.9131074749360882 0.05536087530028881 0.9179987086481227 0.12971235337005563 0.9366800124246414 0.12731999879801292 0.9317887041886065 0.052968517478929875
1 0.9251444424173917 0.036475118217923166 0.9074543823689332 0.05169551011041645 0.9138700790312119 0.06621116755158979 0.9315601390796703 0.0509907756590965
1 0.9416594080290369 0.06620908149056377 0.9694352481828068 0.04655136810250746 0.9597563691191621 0.0199285568939157 0.9319805289653923 0.03958620854496347
1 0.9854481456043956 0.024217009341290292 0.9782859420310592 0.008513615525357768 0.9639124980921856 0.021275227886245442 0.9710747761895223 0.03697862251450703
1 0.9679135426205738 0.022217659568461688 0.9995023287259616 0.022217659568461688 0.9995023287259616 0.0 0.9679135426205738 0.0
1 0.7935449695703602 0.8259559124454323 0.7832908397483592 0.7847182421708635 0.767020760001717 0.7925939088785668 0.777274889823718 0.8338315271640758
1 0.8058762323288691 0.8397146611644218 0.7979494125124008 0.8115117919505963 0.7858431377108135 0.8181356140864565 0.793770032051282 0.8463384833002822
1 0.7687108898046398 0.9797769835697935 0.7417587634262439 0.9797769835697935 0.7417587634262439 0.998489197921103 0.7687108898046398 0.998489197921103
1 0.695201682811546 0.9164689696017888 0.7172133896377061 0.9611401533552492 0.7318864945818071 0.9470653631415034 0.7098747877556472 0.902394179388043
1 0.7155898097670559 0.9088290732804515 0.7278482625772665 0.947449354337468 0.7490797776442307 0.934330642934146 0.7368213248340202 0.8957103618771295
1 0.7154317443624084 0.9095332131068995 0.7405029594971001 0.8934767039102428 0.7329390715621185 0.8704855299889533 0.7078678564274268 0.8865419871965503
1 0.6934877053285257 0.8050715431850245 0.6904770102401938 0.7655864241176001 0.6718843155000381 0.768346211370049 0.67489501058837 0.8078312784484135
1 0.6095789721888355 0.8855359988886818 0.633561764299069 0.8654591237056803 0.6259706751039759 0.8478070182735307 0.6019879202557425 0.8678838934565322
1 0.6686434902987637 0.5675649821656729 0.6573727040645986 0.5767142248722317 0.6622441143925519 0.5883961666178663 0.6735149751507173 0.5792468719222477
1 0.6982057452638507 0.5799373906150181 0.6779464703048688 0.5596594217485626 0.6707540099874084 0.573647910122977 0.6910132104223901 0.5939258789894325
1 0.7087406069950015 0.5780933906516184 0.7019404410151481 0.5591178517122285 0.6926011678208944 0.5656330687020868 0.6994013338007479 0.584608555652417
1 0.7262471889547085 0.32575645641736317 0.7341169979109432 0.31660630390225725 0.7287618522970085 0.3076401926589784 0.7208920433407738 0.31679039716314417
1 0.6169933277172047 0.9774592073040886 0.6206346821581197 0.9650401646680685 0.6150955367874313 0.9618785019830707 0.6114541450845162 0.9742976485972104
1 0.5311897846077533 0.6723971261279547 0.5552647629063645 0.7359784985725883 0.5901168431991186 0.7102889884675788 0.5660418649005075 0.6467076680120049
1 0.5877650147974856 0.5972757940601043 0.5362579755585126 0.578209794156596 0.5269131130642362 0.6273539086622923 0.578420152303209 0.6464199085658007
1 0.6166638943738553 0.5787571349785722 0.5931004488133395 0.554364959872764 0.5790322924417163 0.580820528774489 0.6025957380022321 0.6052126518912372
1 0.5918993455004197 0.5563778203025181 0.6032856066730579 0.5664873529333475 0.6114004505422962 0.5486955009083528 0.600014152107658 0.5385859682775235
1 0.563800555591327 0.5543061082570273 0.5465030879764766 0.5238763916431537 0.5305997035733364 0.5414744804421316 0.5478971339261867 0.571904249045065
1 0.5425052852421016 0.5293805773863395 0.5566633920820933 0.5179841075682762 0.5511693337315896 0.5046972115563778 0.5370111896295978 0.5160935773963213
1 0.55863768189818 0.48549749579096574 0.5416549291366186 0.47739136158099976 0.5379569364554716 0.4924731798838107 0.5549396519550328 0.5005793140937767
1 0.523756574507307 0.5195658227247923 0.5121528895637782 0.48516263425654815 0.5028732355697688 0.4912554921242813 0.5144769205132975 0.5256587325815854
1 0.5184248666914683 0.480355985729211 0.5151938786582341 0.4318958133002156 0.500943101223863 0.43374542808207783 0.5041740892570971 0.48220560051107325
1 0.5315272665431356 0.428201782642475 0.5531260358836042 0.41313413135847 0.5417783781431242 0.38146912868831184 0.5201796088026557 0.3965368579559066
1 0.5579378270113133 0.15065787476209805 0.5507759215339781 0.17155138109977242 0.567399654924069 0.1826441048357312 0.5745615976634043 0.1617505855007919
1 0.5617363898308723 0.24795170902596625 0.5817074059566736 0.24567708367992708 0.5802454313806853 0.22068926991555313 0.5602743779928838 0.22296389526159233
1 0.604270739433093 0.9702749431031729 0.5754564445970696 0.9480942266357006 0.5649378290979854 0.9746943251237755 0.5937520866720085 0.9968750415912478
1 0.5699100331363515 0.9135169268060583 0.5556598891559829 0.9466535058094655 0.5770894517537584 0.9645932667096997 0.591339595734127 0.9314565837281729
1 0.568009037674565 0.9387485692610733 0.5496212466732486 0.9047554185077725 0.5300996475312881 0.9253116848115417 0.5484874385326045 0.9593049395429621
1 0.49411282754788616 0.9721592345879472 0.5402566725808914 0.9548627863141503 0.5295005118308341 0.8990024131242015 0.48335670405982906 0.9162988613979983
1 0.4845152541685745 0.013431358174936531 0.45069026364802733 0.03128843291248536 0.46687791985033195 0.09097846322002769 0.5007029103708791 0.07312138442083356
1 0.49753373999589817 0.061150513475148396 0.5140706901876335 0.06065959378036161 0.5138212956206121 0.04430560643262717 0.4972843454288767 0.0447964643904054
1 0.6095329908806472 0.049363498590264655 0.6348177172762134 0.04495386451838167 0.6332058376736112 0.026961736012967318 0.6079211112780448 0.03137136846019219
1 0.5049004374260722 0.7625907625006655 0.5319018986926701 0.7677870690314895 0.5341500642098786 0.7450462224333209 0.5071486029432807 0.7398498119243772
1 0.5584985083276099 0.8163234834167377 0.5487483470576733 0.8080640854583688 0.5432847317612942 0.820619599376464 0.5530349675552312 0.8288790493238927
1 0.4982032263526404 0.7867522101589118 0.48681651803600046 0.754977900490444 0.464302743019784 0.7706837434784923 0.47568941407442383 0.8024580531469602
1 0.48379982376564407 0.6065593245082251 0.4787203796908387 0.583821805209886 0.46788939684447495 0.5885319100531037 0.4729688409192804 0.6112694813405025
1 0.45516595153435974 0.7653818991561968 0.441653073489011 0.7462337045490843 0.42938198886074863 0.7630912091906676 0.4428949041680975 0.78223940379778
1 0.4010359655806433 0.710801912531942 0.42553051400097297 0.7163815863900128 0.4289904397631448 0.6868135884429568 0.40449589134281516 0.6812339665739459
1 0.39258226108201694 0.7806808237728918 0.3941944760426206 0.8020499910162905 0.4156205360123817 0.7989032491914662 0.41400835831377825 0.7775340299590077
1 0.32120794312566775 0.8251401001184518 0.34293623517866684 0.8244183360007187 0.3425705086471688 0.8029870938198733 0.3208422165941697 0.8037089099266663
1 0.41181902949481075 0.651851309625213 0.4053430429162851 0.6195815962055473 0.3910696474478213 0.625157734807549 0.3975456340263469 0.6574273962381548
1 0.4020815745669261 0.5510958877901405 0.40925424876230543 0.5931274829974978 0.4245311098948794 0.588052518932336 0.4173583984375 0.5460209237249787
1 0.4044160388764881 0.5591929759036947 0.39794925601200015 0.548303555386233 0.39103778843769077 0.5562935980255803 0.39750453404017855 0.567183018543042
1 0.42242584414825624 0.5249107659776938 0.41254153967777013 0.4982911715921795 0.3992982894655258 0.5078637612130005 0.40918263119801207 0.5344834075875745
1 0.3997956999055632 0.44802154593004684 0.3915142576336424 0.47533259481140866 0.41178813929668423 0.48729995649555474 0.420069581568605 0.4599888556251331
1 0.4602273235390911 0.08196189009554342 0.4139510493575435 0.1007310714591707 0.4266229985834478 0.16155107748366296 0.4728992355029953 0.14278189612003567
1 0.5188235328311012 0.25162486607618184 0.4950073763855502 0.21322681225544346 0.4659114553523733 0.24835748363800308 0.4897276863219246 0.2867555114642116
1 0.43680338690714665 0.1440938790368465 0.45566153613638966 0.24752516478452408 0.5028853084578182 0.23076417783253034 0.4840271219665751 0.1273328920848528
1 0.47143394460899346 0.3106359842485626 0.43205751225770755 0.2856636112349606 0.416173094212645 0.3344209531299909 0.4555495265639309 0.3593932741545331
1 0.45563209915626907 0.36079606896161626 0.4933665814708295 0.36010328874474284 0.493079589545654 0.3296703748036893 0.45534510723109356 0.3303631290260328
1 0.5014808291480655 0.2906620733985706 0.4579677931118361 0.2978045124008465 0.4603050520714095 0.3255235974183481 0.503818125369639 0.3183811584160722
1 0.38505973396720466 0.3639719766490098 0.36868997837015416 0.3437880559918015 0.35690162295386907 0.3623996455177944 0.3732713785509196 0.38258351418594283
1 0.37587625319558915 0.39917335315294933 0.4010870517828526 0.3949097043610919 0.3981903038909875 0.36156605293234934 0.37297950530372403 0.36582970172420676
1 0.4000803443247291 0.3448110707167669 0.38107404138287926 0.3164848054694155 0.363137940347413 0.33991237555898635 0.382144280551263 0.36823864080633784
1 0.4318856971750038 0.34921542789907634 0.41667016929468104 0.2950812734574638 0.38328688252394305 0.3133470057628833 0.3985023731422657 0.367481108215436
1 0.3571585444449214 0.1564697967477308 0.41139502519507404 0.15801413177022333 0.4119873046875 0.1175187612920238 0.35775089846134767 0.11597442626953125
1 0.3600259671426664 0.034373616441145054 0.4121392591241224 0.04986909219719076 0.41630857884519995 0.02257254501420757 0.3641953613877442 0.007077070882819987
1 0.2997053470075931 0.13332676278265412 0.3327285338088561 0.16440058485612755 0.35178230853890036 0.12498233671691998 0.3187591217376374 0.09390851464344654
1 0.3053410941136771 0.09323969488452606 0.2553404084928743 0.10292895445425629 0.261399414658692 0.16379523724063696 0.31140010027949483 0.15410598416953925
1 0.2707520462800004 0.06834845729743398 0.2609631138989049 0.032577953306129885 0.24309199779170482 0.04209833291360832 0.2528809301728003 0.07786883690491242
1 0.25195711203401633 0.12368821204216354 0.25367079142103555 0.08901876810259064 0.24064973451570132 0.08776589674681577 0.238936036497682 0.12243528869732884
1 0.24344501798115079 0.2285233973644458 0.23589422763922277 0.2724198401481979 0.2644143203530411 0.28196994450063884 0.271965092063969 0.2380734757223568
1 0.2931790008358612 0.375046894131974 0.3562782296913156 0.37736368260554193 0.3573705279637897 0.3194528089065162 0.29427128047733514 0.31713602043294825
1 0.3125439132671799 0.36444551900054567 0.27108731112637363 0.3756407131734455 0.2747710138304621 0.40219542521228174 0.31622765323326846 0.39100025703391184
1 0.27472890777028963 0.3866269113257959 0.301548101963141 0.3573721474642648 0.28143675714476496 0.3214814480159311 0.25461754432091344 0.3507362118774622
1 0.2419579101860596 0.2883517315684226 0.24419737502623245 0.3445941463645922 0.27675048306456995 0.3420708313508172 0.27451099959339703 0.2858284425491775
1 0.26668003627232145 0.4133604657304754 0.27396349039415446 0.4384269649369144 0.28847269843058415 0.430220101923512 0.28118924430875114 0.4051535507280132
1 0.27981295370211384 0.4212605672963027 0.260796142876221 0.38013475148397574 0.24493827400626716 0.3944092056820299 0.26395508483216 0.4355350214943569
1 0.23850489652491605 0.34668311877794933 0.24006179604629313 0.37274949757772574 0.24956002893319787 0.37164519795770334 0.24800316667382097 0.3455787411743372
1 0.2858913733700111 0.7982376332583582 0.3201437031393086 0.813737079678849 0.3277444059304411 0.781039288340476 0.29349205753014346 0.7655398419199851
1 0.2659049121451465 0.7160305042689257 0.24591934520828565 0.7243958559312447 0.25198463002112903 0.7526040800182336 0.27197017832698983 0.7442387803449745
1 0.23875345269693415 0.6818445260926853 0.25192471272488365 0.7048157362149968 0.27374828371227294 0.6804566261512457 0.2605770423153236 0.6574854160289342
1 0.2730943542405945 0.663041590831958 0.251866453587645 0.7100216087328312 0.2682154542506105 0.7244022505856048 0.28944335490356 0.6774221806956718
1 0.2694527948586786 0.7727923157674085 0.32449855035914604 0.7693788700656143 0.3223945515205281 0.703329628939523 0.26734881465106075 0.706743074641317
1 0.2932807819892781 0.7006657615024755 0.32058633843912165 0.6798028637237808 0.30832581758790256 0.648565341098142 0.281020261138059 0.6694282908658965
1 0.3137124682229663 0.6501066087661042 0.3021405863965678 0.6016702733210445 0.27662546905405794 0.6135367242400447 0.2881973695114564 0.6619730596851043
1 0.30819774809337797 0.5914791178662692 0.3049866579682253 0.5640999633165193 0.29203692053118324 0.5670565291604557 0.2952480292873359 0.5944356837102055
1 0.23481687142880991 0.40321196729929726 0.24377758133251298 0.35070244498309733 0.21243233966012287 0.3402896601662319 0.2034716297564198 0.3927991044988421
1 0.163090092213017 0.3736732651874601 0.17225736401456615 0.42057134833002824 0.20911507146553535 0.4065463116465476 0.19994781829498626 0.35964822850397943
1 0.21760609385731455 0.33797502923864725 0.1747240711626698 0.27713059485466357 0.14204827798882974 0.3219609951038783 0.18493030068347452 0.38280537749880217
1 0.21564685788928953 0.3289161435180872 0.24066471383976268 0.3189431601529227 0.2355714641939007 0.29407112602480834 0.2105536082434276 0.30404413538450276
1 0.1965477725670597 0.2717917343217632 0.22943377931476075 0.277297817665633 0.23229874272049564 0.2439874912242467 0.19941275460379465 0.23848140788037692
1 0.25287152151776177 0.2188601128287372 0.24195813375806052 0.13663607439759237 0.21135235647869927 0.14454392233333554 0.2222657256074004 0.22676788278089066
1 0.18342299688430058 0.172525188179601 0.16690816168965583 0.1518668413568396 0.155065673902649 0.17029636519527921 0.17158049978179374 0.19095464703171583
1 0.23865577036353403 0.08133954205748575 0.18000074300428304 0.07912766100803875 0.17895845033601382 0.13293449232891025 0.23761345906426473 0.13514637987698971
1 0.17166966774815895 0.08351022177701102 0.11577721713372348 0.11136122903385196 0.1288073473360949 0.1622652641959247 0.18469979795053038 0.1344142569390838
1 0.10792552682506296 0.11391257914814469 0.12370110256767972 0.09952098709964265 0.11357537759820474 0.07791402189654427 0.097799801855588 0.09230561394504631
1 0.07368526528606485 0.08911606562807775 0.058493943732591196 0.12488344052784285 0.0825527596386361 0.14477522166055554 0.09774407653435974 0.10900791174711523
1 0.05930060548514528 0.12217149620771002 0.03499977288810907 0.09553156110253407 0.01800850575951284 0.12570371091670438 0.04230933835654905 0.1523435940328205
1 0.00192654787839114 0.10238204904065627 0.029123248052538825 0.09778266139899648 0.026622059581043956 0.0689919258910509 -0.0005746384825607505 0.07359131353271069
1 0.12269288599855006 0.03146154673379771 0.148390382200807 0.030108615933731833 0.14786015325413518 0.01050338875089837 0.12216265705187825 0.011856322800280492
1 0.17070042723118894 0.37060349316572616 0.13759300967858096 0.3496069055196577 0.12394924885769612 0.3914864587215183 0.1570566664103041 0.41248304636758676
1 0.08328692351214324 0.3832573183959753 0.04760472503773895 0.3765295441349686 0.04258056845566001 0.4284017845556724 0.07826276693006429 0.4351295588166791
1 0.13179639320233802 0.41382984895722424 0.11767746735550691 0.34783769181883517 0.09681068206153655 0.3565284170121513 0.11092961722386771 0.4225205481560104
1 0.06505371391846002 0.37050538980981157 0.0770361577780401 0.4131368867786414 0.10789762690244868 0.3962510221049164 0.09591518304286858 0.3536195511306165
1 0.20485330472207913 0.5448707177651193 0.21806868295820933 0.5657675643998882 0.23090281503977794 0.5499676732025927 0.21768743680364774 0.529070722589704
1 0.12193589914994944 0.5501754734747658 0.08859313480437749 0.5349667498768899 0.08236208998385512 0.5615593619403482 0.11570486364492712 0.5767681375272838
1 0.12741809886890454 0.5761961538909445 0.14448899489182693 0.5727936258917163 0.14203495682377518 0.5488260454376065 0.12496407943185286 0.5522286254258943
1 0.24663052774319863 0.7000466757779227 0.2211699433379121 0.6822849254185743 0.21541829278035332 0.6983346240483922 0.24087887718563988 0.7160964263968005
1 0.21159591954269688 0.6964153959154067 0.1870031484899649 0.7113338645922062 0.19170932047824138 0.7264360626064736 0.21630209153097338 0.7115175939296742
1 0.1566010266724378 0.7031354498010275 0.19831743810930821 0.7006048303243452 0.1975671863672352 0.6765292166038916 0.15585076561486474 0.6790598360805739
1 0.20289386381305327 0.6936794716414235 0.22411453563797315 0.6825766360333262 0.219796875894288 0.6665122244995741 0.19857620406936813 0.6776151120967313
1 0.04671011099157461 0.30001376150413916 0.01893487983861977 0.28815055990137883 0.011829625410329146 0.3205344153019192 0.039604857727721494 0.3323975909101496
1 0.03992309849777501 0.27958385461030666 0.027495352776495965 0.17988114625063217 -0.002959174842042655 0.18727087121602826 0.009468572334783272 0.2869735535811728
1 -0.006048841790838556 0.12482101466424217 0.0038130577376182845 0.1829171513780012 0.02023749299101777 0.17748970148713666 0.010375593462560931 0.1193935647733776
1 0.0062104831830631394 0.39083825912345616 0.014605509346949166 0.4224634121792483 0.03994468251136342 0.40936944756840926 0.03154965401860238 0.37774421652902734
1 0.03263868953718807 0.43919978231140866 0.029835376110705702 0.362278355041192 -0.001590688150007646 0.36450782788876174 0.0012126249125880054 0.4414292811535083
1 0.48013771439064407 0.920252421442451 0.43079906272655294 0.9221915093962947 0.43177666856255725 0.9706112083422062 0.481115245702648 0.9686721203883625
1 0.4248671386122558 0.9361789579895123 0.3265614492115957 0.9387307890026086 0.3273703327109089 0.9993926638029706 0.4256760593735691 0.996840936767994
1 0.21179707845052084 0.9766799952752342 0.28088028643448565 1.0202394449731154 0.2985990941160619 0.9655358283645656 0.22951586750109698 0.9219763786666844
1 0.32911780873206653 0.96570146550921 0.2938410347925729 0.964631426679621 0.2933338803394956 0.9971807372630963 0.3286106729099893 0.9982506721145656
1 0.22672738435067535 0.9244692540859242 0.1804104759579613 0.895435859641184 0.1626094496730483 0.9507170747045358 0.20892635806576237 0.9797505731273957
1 0.21461183131105005 0.9766268624560797 0.19237213693695626 0.976091895030345 0.1921049311338618 0.997715704688831 0.21434464413895565 0.9982506721145656
1 0.19467893421140492 0.8926669223142035 0.1825433155846974 0.8691094315640971 0.17115014231103098 0.8805347553103705 0.1832857609377385 0.904092246060477
1 0.18224929977249313 0.8676456275952938 0.16572680723681701 0.8324600037764853 0.15219241970188016 0.8448320483024117 0.1687149215530563 0.8800176721212202
1 0.1828599121689942 0.8657667429727428 0.19585904038723864 0.9088416546329323 0.22284082731775604 0.892990918135115 0.2098416804685115 0.8499159544858657
1 0.045574733189174106 0.7954177466527363 0.07407537513891274 0.8631655223528003 0.11213584406180842 0.8319963653408486 0.08363520211206979 0.7642485896407847
1 0.11116474976033082 0.7917110306643952 0.09719378200060573 0.8493417353199532 0.13945280268369867 0.8692843747504525 0.15342377044342376 0.8116537740730143
1 0.14891259050194597 0.8480286996246805 0.11879888588110024 0.8685696811448573 0.12714707371079442 0.8923942916844123 0.1572607690161401 0.8718533621532953
1 0.07184632968553256 0.7485600590096625 0.11645631708650507 0.8255704135667323 0.16821670998001564 0.7672026600098488 0.12360672723679315 0.6901924094308987
1 0.11168339022495517 0.7075554037012883 0.05735509590642647 0.6137744182216248 0.03149258493649363 0.642940176812713 0.08582087925502233 0.7367211622923765
1 0.12485705365191449 0.6910490851589118 0.10376951895353995 0.6420124840289608 0.0860692398015396 0.6568300419406143 0.10715677449991415 0.7058666430705653
1 0.033502203786475025 0.5749879801293655 0.01514482905722072 0.594197469838027 0.03696581615778698 0.6347912556065002 0.055323189722603784 0.6155818178868985
1 0.04735045846419748 0.588787852194687 0.048016740288926565 0.4925724789881016 0.00044824304889264414 0.49193119393499785 -0.0002180392125005105 0.5881465671415833
1 0.02006267598842672 0.8838741166018952 0.019360786829239283 0.8216888583701555 0.0013359147550422194 0.8220849110280025 0.0020378031864562167 0.8842701692597423
1 0.1683800479576847 0.9139679838892142 0.16123189215840583 0.8824523197934412 0.15308995881505646 0.8860471553250107 0.16023811461433532 0.9175628194207837
1 0.2875837761549431 0.09655091059878088 0.2779961144676721 0.06101828580008252 0.26635114322797426 0.06713500014764893 0.27593880491524536 0.1026675599600225
1 0.34387449234250994 0.10806462224541165 0.35660326611864696 0.10830464923605196 0.35672723679315477 0.09550632691261512 0.3439984630170177 0.09526629992197481
1 0.3748077280792125 0.10922135933091327 0.37606200426634995 0.09755503379912758 0.3641597761775984 0.0950640234874095 0.3629054999904609 0.10673041400552
1 0.3829762664906708 0.09688983377849833 0.3826971368475275 0.11208032871226842 0.39803417611034797 0.11262889127715077 0.3983133057534913 0.09743839634338067