0 0.3064522427165886 0.2998482402245603 0.28721011818657693 0.14774206726994346 0.2540423258580804 0.15590703762955402 0.27328442840136435 0.30801321058417086
0 0.06268617261727193 0.1477666040161746 0.08490594869388284 0.2500534901067839 0.1399348695958382 0.22679167320979898 0.11771510451259118 0.1245047871191897
0 0.09608178042540977 0.2969434575219849 0.058675331753337764 0.1373308191347362 0.020209980285820425 0.15487293645964195 0.05761642895789243 0.3144855748468907
0 0.11582132169080399 0.2288241132419912 0.05680115009934483 0.2905728594142588 0.09907781287641278 0.369206015428706 0.15809798446787193 0.30745726925643846
0 0.08659163263414367 0.3629498812421482 0.07485006590741512 0.2646747531603329 0.034426356598691914 0.2740730630692525 0.046167923325420454 0.3723482524929334
0 0.08357348703170028 0.08442211055276382 0.08357348703170028 0.024120603015075376 0.03674351585014409 0.024120603015075376 0.03674351585014409 0.08442211055276382
0 0.12379184030318466 0.0877541393490892 0.12496903169395601 0.010573252002198493 0.09973365497863945 0.009824206481626884 0.09855647458123198 0.08700515517038317
0 0.14697406340057637 0.08442211055276382 0.14697406340057637 0.02914572864321608 0.12319884726224783 0.02914572864321608 0.12319884726224783 0.08442211055276382
0 0.18155619596541786 0.09045226130653267 0.18155619596541786 0.012060301507537688 0.14985590778097982 0.012060301507537688 0.14985590778097982 0.09045226130653267
0 0.21037463976945245 0.0814070351758794 0.21037463976945245 0.023115577889447236 0.18155619596541786 0.023115577889447236 0.18155619596541786 0.0814070351758794
0 0.24495677233429394 0.08442211055276382 0.24495677233429394 0.04723618090452261 0.2132564841498559 0.04723618090452261 0.2132564841498559 0.08442211055276382
0 0.14755261116137766 0.30439140281485555 0.18426839075445786 0.28480819625471104 0.16936762257336882 0.23044427459563444 0.13265184298028865 0.2500274811557789
0 0.335014409221902 0.0964824120603015 0.335014409221902 0.04120603015075377 0.276657060518732 0.04120603015075377 0.276657060518732 0.0964824120603015
0 0.4082252436481223 0.02414814551271985 0.33369568926456683 0.017308220791457288 0.3301058062902445 0.0934267897102701 0.40463533868707224 0.10026671443153266
0 0.45635463044004415 0.09858054923052764 0.46090403620035575 0.031943960525282665 0.4139850187713887 0.02571058417085427 0.4094356130110771 0.09234711153423367
0 0.5369104390872659 0.049332048425722363 0.5434824479072856 0.13184213302842338 0.5699725851888959 0.12773621525596734 0.5634005763688761 0.04522613065326633
0 0.5618129587310879 0.051175739537531406 0.5699312501407151 0.14602087586369347 0.6029458609369371 0.14052182298209798 0.59482756952731 0.04567668665593593
0 0.5540345821325648 0.07738693467336684 0.5540345821325648 0.05226130653266332 0.5432276657060519 0.05226130653266332 0.5432276657060519 0.07738693467336684
0 0.5709946162418948 0.15803339205794598 0.5624075238230593 0.08616053902324121 0.504575921753985 0.09960612388112437 0.5131630141728206 0.17147903825769473
0 0.5389048991354467 0.11658291457286432 0.5389048991354467 0.05125628140703518 0.4992795389048991 0.05125628140703518 0.4992795389048991 0.11658291457286432
0 0.5708197338093255 0.1774683353289887 0.5263278752307727 0.1846296914258794 0.5299564768326729 0.2284986946451005 0.5744483354112256 0.2213373385482098
0 0.6091008694783412 0.17123213724874373 0.5820288314599469 0.17809850031407035 0.587123903829701 0.21718995367462313 0.6141959858215508 0.21032359060929648
0 0.6072359552300972 0.142335149870446 0.5704906804417327 0.15002398466944095 0.57794189453125 0.21931906848696608 0.6146871693196145 0.21163029502983668
0 0.6231988472622478 0.3005025125628141 0.6137219959445921 0.2344027878651068 0.5799157750022514 0.24383452909076633 0.5893925823464518 0.3099343151303392
0 0.5324995936852711 0.3383611171089824 0.5905347049064527 0.3201869945430276 0.5819434350093435 0.2668011075887249 0.5239083237881619 0.2849752301546796
0 0.578502556089022 0.2661383700730214 0.5744846135120227 0.23811366402324122 0.5539791755786203 0.24383452909076633 0.5579971181556196 0.2718592964824121
0 0.5841527933346091 0.2886972705323492 0.5724133758105188 0.16132683682082286 0.5068139507722442 0.1730923293223932 0.5185533682963347 0.3004627630339196
0 0.5498004660482709 0.37686896396042713 0.581899813341476 0.37127176409390705 0.5776878598787599 0.3242675167831344 0.5455885565590103 0.3298647166496545
0 0.594711435631304 0.36859977377119973 0.5888893061481223 0.31986961173052764 0.544376516204746 0.3302186592140389 0.5501986017144722 0.3789488212547111
0 0.5944285104185428 0.370358997134108 0.6298429725493065 0.3596193859924623 0.622196164529674 0.31055092356312813 0.5867817463723658 0.32129059604663945
0 0.6257204610951008 0.3944723618090452 0.6223631317402513 0.36168844711840453 0.596340036529629 0.36687434977622485 0.5996974098579341 0.3996582644668656
0 0.6203170028818443 0.392964824120603 0.6404899135446686 0.37889447236180906 0.6296829971181557 0.3487437185929648 0.6095100864553314 0.3628140703517588
0 0.5972334452252567 0.39827138622801506 0.6096369059010267 0.4934351628749215 0.6446974256883781 0.48454270866048993 0.632293965012608 0.38937890134265074
0 0.5974295668368381 0.40767834533998115 0.5456031557462401 0.4193390659351445 0.5489241190533817 0.44806178107333544 0.6007505741174352 0.4364010604781721
0 0.5886396688411833 0.3649760644040515 0.5382780575271299 0.3797662016135364 0.548421854244529 0.44698026264133167 0.598783421585127 0.43219012543184676
0 0.549366008307817 0.48880400537845475 0.5523586657961095 0.5639490175486809 0.6065861155045479 0.5597464249960741 0.6035934580162554 0.48460147416771354
0 0.5987820144345506 0.4352506551311244 0.5505126601337356 0.4480762577536118 0.5567619477637563 0.49384339299034236 0.6050312580911158 0.4810177596969221
0 0.6501335561790796 0.5522112515703518 0.6453191663758555 0.4833726739164573 0.605388542417147 0.48880704180080087 0.610202932220371 0.5576456501256282
0 0.6572959086393417 0.5400495519590138 0.6953620580843615 0.5363448099874372 0.6931890658068038 0.4928961212311558 0.6551228723883286 0.4966008632027324
0 0.7211815561959655 0.5376884422110553 0.7211815561959655 0.48743718592964824 0.6938040345821326 0.48743718592964824 0.6938040345821326 0.5376884422110553
0 0.7068424279820334 0.4830313677763819 0.7013104793317724 0.4341572977190641 0.6805183344684348 0.43873689737751254 0.6860503270921515 0.487611028776696
0 0.6451115237189301 0.4373004549112751 0.7151385480457493 0.427907604428392 0.7119084778711501 0.3810466517156093 0.6418814535443309 0.390439563540358
0 0.6343788344853206 0.33238372035961056 0.6446600482511933 0.39589831481626886 0.6731860246026207 0.3869127743208229 0.662904810836748 0.3233981798641646
0 0.6672821924390985 0.27446792065797737 0.6393588283220011 0.2790505260678392 0.642614403100797 0.3176530847597362 0.6705378111913499 0.31307047934987436
0 0.696390333368043 0.36058098107726133 0.6932444723607484 0.32254853368404524 0.6771650506714922 0.325136608334642 0.6803109116787869 0.3631691170697236
0 0.7285100403711501 0.3734782309987437 0.7001675652495722 0.3753609968789259 0.701574276091386 0.416569296678706 0.7299167512129638 0.41468653079852386
0 0.7029287904415076 0.3876759284704774 0.7258156548315923 0.37255282761463565 0.7180112019739509 0.3495691347361809 0.6951243375838662 0.36469223559202263
0 0.6933141263142787 0.3238592866677136 0.6973054649506935 0.36283419048366833 0.712737773268642 0.35975881605292087 0.7087463906587717 0.32078391223696606
0 0.7717694109386257 0.36525001717572236 0.7418912948036743 0.3706279812146671 0.7450386509084564 0.40465376197393216 0.7749167670434077 0.39927579793498746
0 0.6962345354151657 0.2331423352112123 0.6258143883960735 0.23928204253690327 0.6293606277158006 0.3184326171875 0.6997807747348929 0.3122929712036746
0 0.6562114352795164 0.19049747026146358 0.6248263927976405 0.19698357510207287 0.627874588760244 0.22568549534783292 0.65925963124212 0.21919932916535803
0 0.6377410888671875 0.24068033036275124 0.662923983263351 0.23628911157349247 0.6612391842888824 0.21748746172267588 0.6360562898927188 0.2218786191700691
0 0.6448126801152738 0.19698492462311556 0.6448126801152738 0.17185929648241205 0.627521613832853 0.17185929648241205 0.627521613832853 0.19698492462311556
0 0.6183954508229017 0.17411759726366205 0.6521043145347397 0.1671511856155779 0.6478067007806871 0.12668444762876885 0.614097837068849 0.13365079793498744
0 0.6470443329824838 0.12952568015860552 0.6427918799672415 0.07613678745288945 0.6115572706766705 0.08097807150989321 0.6158097236919128 0.13436696421560929
0 0.6122478298220236 0.08281409488850502 0.6364553490014859 0.07859297709249372 0.6334183222965823 0.04470043086526382 0.60921080311712 0.04892154866127513
0 0.6454611126902468 0.07969848019393844 0.6812679939379953 0.07256282633872488 0.6767147185135987 0.028100524595634422 0.6409077932923947 0.03523617845084799
0 0.678758824593052 0.07277077526303392 0.6492447646962807 0.07620168714667086 0.651058317948487 0.10656038983982412 0.6805723778452585 0.10312941661432161
0 0.6865994236311239 0.16683417085427135 0.6865994236311239 0.11055276381909548 0.6505763688760807 0.11055276381909548 0.6505763688760807 0.16683417085427135
0 0.626169122261685 0.25633716679098617 0.6977831046244597 0.24472091904836685 0.6908110692796515 0.16107913836761933 0.6191970869168768 0.17269538611023869
0 0.6566801043683582 0.19909146562892588 0.6636772485562635 0.2527759034429962 0.6996887822659628 0.24364222234217964 0.6926916380780574 0.1899577845281093
0 0.6992006329363293 0.3153479801350503 0.6979382429755043 0.273084661589196 0.6681508880527287 0.2748160357451319 0.6694132340400981 0.31707935429098616
0 0.7240699086477845 0.026321671835741207 0.6861772344847578 0.028838773947864323 0.6874633261381033 0.06651353692289573 0.7253560003011302 0.0639964348107726
0 0.6923231405208708 0.09614975512327262 0.7218408502144498 0.09443402314305904 0.7209255867114328 0.06379210505653267 0.6914079209913094 0.06550777569488066
0 0.6980420203305115 0.1331362623665201 0.7295473741866669 0.123369778580402 0.7240549136994552 0.08889154022063442 0.6925496038167552 0.09865802400675251
0 0.6995929641064031 0.1704123645571608 0.7235896305666877 0.16832017754789572 0.721731004522582 0.12683651411353644 0.6977343380622973 0.1289287011228015
0 0.7334909136769407 0.18770684477072863 0.7095311849192858 0.19142054265467964 0.7128171893292957 0.23267558495603016 0.7367769180869507 0.22896188707207915
0 0.7543227665706052 0.30452261306532663 0.7543227665706052 0.23819095477386934 0.7067723342939481 0.23819095477386934 0.7067723342939481 0.30452261306532663
0 0.7664205677571145 0.0198294941504397 0.7256223475211635 0.026525142803863064 0.7293156340761212 0.07031746869111181 0.7701138982855278 0.06362188137955402
0 0.7309901432620002 0.1178109173798681 0.77254088124212 0.110991848892902 0.7686065761775036 0.06434221890703518 0.7270558821708394 0.07116128739400125
0 0.7687561738731539 0.10705879249764447 0.7332867449230007 0.11579037766959799 0.7385233678460464 0.15718527942446608 0.7739927967961996 0.14845369425251256
0 0.7388022475009006 0.1536146307710427 0.7448975840631754 0.23439113291064698 0.7828135201841678 0.228823561165201 0.776718271568804 0.14804705902559673
0 0.7532444494945515 0.2671882974442525 0.7879740690291787 0.25863883627119977 0.7838109261020804 0.22572929343985554 0.7490813065674532 0.23427875461290829
0 0.7593659942363112 0.3085427135678392 0.7952507085003152 0.29944117560458544 0.7895677550038275 0.25583919352622486 0.7536830407398235 0.26494073148947866
0 0.8132503630448487 0.3963645743365264 0.8040872623322677 0.3040485631281407 0.7660991217973253 0.3113860317211055 0.7752621345629953 0.4037019815876256
0 0.7721267392381124 0.36605132596576634 0.7672866689368696 0.3165380736691269 0.7517901593738743 0.31948585701947235 0.7566303176220281 0.3689991706579774
0 0.7567146587096992 0.3690854173209799 0.7514409221902018 0.31758793969849247 0.7223919255589202 0.32337689423680904 0.7276657060518732 0.3748743718592965
0 0.8117658191867796 0.3650588145807161 0.775413667090688 0.3686809904012249 0.7774908851821416 0.4092493105174309 0.8138431252251441 0.40562713469692213
0 0.7063566971924532 0.4865481276008951 0.7355907780979827 0.47839195979899496 0.7286078373362077 0.42968688658134424 0.6993737564306781 0.43784308505417713
0 0.778472636549892 0.4659698639682789 0.7739913896456232 0.4222110307396357 0.7513976523099783 0.42671358501491835 0.7558789871611581 0.470472356901696
0 0.797550432276657 0.4723618090452261 0.797550432276657 0.41608040201005025 0.7730547550432276 0.41608040201005025 0.7730547550432276 0.4723618090452261
0 0.8113710255031971 0.5262777510599874 0.8067231192025396 0.467925013249843 0.7774653805779449 0.4724598333464196 0.7821131989316913 0.5308126324984297
0 0.8507094149630764 0.44032467022613064 0.8052205462277108 0.44385004858275756 0.8082531316136077 0.5199968961016017 0.8537420003489733 0.5164715790868405
0 0.8361469895420569 0.40782955303863067 0.7997621211950648 0.41459703301664574 0.8035123533749099 0.4538324557357098 0.8398972217219021 0.4470650370995603
0 0.7781693076537735 0.4773769972911432 0.7480668389488022 0.4815762160411432 0.7517262219695605 0.5326235057121546 0.7818286906745316 0.5284242869621545
0 0.7527975912396434 0.5319692947157664 0.7512696016075289 0.48294683868561555 0.7202857289602845 0.4848260160666614 0.7218136746189436 0.533848502767745
0 0.793449379868741 0.12114417301350502 0.8312735873615363 0.11059140919440955 0.8242074927953891 0.061306532663316586 0.7863832853025937 0.07185929648241206
0 0.7823558444592039 0.06428578439070352 0.8232071846294128 0.059330404463724874 0.8199604485151747 0.007244474324748743 0.7791090203980547 0.012199854251727387
0 0.888328530259366 0.06733668341708543 0.888328530259366 0.01507537688442211 0.8472622478386167 0.01507537688442211 0.8472622478386167 0.06733668341708543
0 0.8555996150036023 0.11881373419833542 0.9160183513542417 0.10584716796875 0.9105128747241985 0.05592703507773241 0.8500941383735591 0.06889360130731784
0 0.8998559077809798 0.18090452261306533 0.8998559077809798 0.12562814070351758 0.8494236311239193 0.12562814070351758 0.8494236311239193 0.18090452261306533
0 0.8608662278233069 0.22465268235709798 0.8873114242333844 0.21543011689305905 0.8799372516379232 0.1742831589588568 0.8534921431747569 0.18350578576476131
0 0.882046130617345 0.18086434369111182 0.8855042911056826 0.21463316337547111 0.903659963470371 0.21101509745995603 0.9002017150351225 0.17724621643373115
0 0.92261085180453 0.21537165809516332 0.9174968268754503 0.1690010722558103 0.8983858751632294 0.17310251207207913 0.9034999000923091 0.21947309791143216
0 0.9049545420006304 0.12902979251727387 0.9096652423957583 0.1618863359767588 0.9352970178257834 0.1547352239714196 0.9305863174306557 0.12187861917006909
0 0.8661514853881485 0.26437773584720475 0.9075725456479647 0.2602504711055276 0.9055318255245858 0.22039641567211055 0.8641107652647695 0.22452361907192211
0 0.9106628242074928 0.3015075376884422 0.9106628242074928 0.2613065326633166 0.8731988472622478 0.2613065326633166 0.8731988472622478 0.3015075376884422
0 0.9027377521613833 0.3527638190954774 0.9027377521613833 0.3055276381909548 0.872478386167147 0.3055276381909548 0.872478386167147 0.3527638190954774
0 0.8685525240059888 0.4016834661589196 0.916198818415661 0.40423982706501255 0.9175790572372569 0.35417854654130027 0.8699328507744957 0.35162224697707284
0 0.9526072565348073 0.3712426880496231 0.9454747620508376 0.3082276004043656 0.9148415337378423 0.3149748989086055 0.921974028221812 0.3779899252119975
0 0.9144689906227486 0.2939603412570666 0.9404463974130943 0.28360669313363696 0.9331874352710735 0.2481653261424309 0.9072100284807276 0.25851903560772616
0 0.9405164911011797 0.3074016321843593 0.9381756081704791 0.24862158693859926 0.9100842214798721 0.25079860974795853 0.9124251923574838 0.3095786549937186
0 0.9335624408996758 0.20429840854663944 0.905009948554575 0.20927715972440328 0.9088450495035573 0.25207574738929023 0.9373974539017471 0.2470969962115264
0 0.9462536198948577 0.12341707315876256 1.0061959478284852 0.08160805246937813 0.9876081043430296 0.029748719181846732 0.927665688462491 0.07155780121309674
0 0.9639954140962717 0.17867903972989949 1.009636255093885 0.15582398074356155 0.9933933400970371 0.09270405985003141 0.9477524990994236 0.11555918017823492
0 0.9668587896253602 0.1628140703517588 0.9533140858586996 0.12502515016488694 0.9328530611153638 0.13929645787531408 0.9463976769351135 0.1770854394040515
0 0.9989895779392561 0.15917392136463568 0.9500421969279088 0.16676062195744346 0.9543561688074117 0.220921686067054 1.003303549818759 0.21333498547424623
0 0.999187194648325 0.2092562421482412 0.9456643755910032 0.22136377689227388 0.9523254746318894 0.27866450170775753 1.005848293689211 0.2665569669637249
0 0.9847872071719651 0.2858523574905779 0.9565229168542867 0.29373791565248114 0.9610396943106088 0.32524156426664574 0.9893038966813761 0.31735600610474246
0 1.0010360146118515 0.3372413826947236 0.9665308355941553 0.33440996486337937 0.9647694348601855 0.37618089225423995 0.9992746138778819 0.37901231008558417
0 0.9992795389048992 0.32864321608040203 0.9992795389048992 0.2814070351758794 0.989193083573487 0.2814070351758794 0.989193083573487 0.32864321608040203
0 0.9896529579712265 0.40244784714588566 0.9531996669274586 0.39709509461369347 0.9500375357416246 0.43900048337390074 0.9864908267853927 0.4443532972479585
0 0.9009460976900217 0.46746090069488067 0.9534771394317363 0.45960950995210426 0.949375119607799 0.40620252139604274 0.8968441658129953 0.4140538507969535
0 0.8783367058042147 0.46719731469849246 0.9072024650463797 0.45255476601758793 0.8970213788387068 0.4134981548366834 0.8681556195965417 0.42814070351758793
0 0.883163408174982 0.525272480566897 0.9112724721947046 0.5203710814816269 0.908412790435879 0.488457669205402 0.8803037264161563 0.4933590989616049
0 0.9090792521276116 0.47158638652245605 0.9117672615161203 0.5240823256909548 0.9361385818173631 0.5216539239164573 0.9334505724288544 0.46915798474795856
0 0.978386167146974 0.5165829145728643 0.978386167146974 0.48040201005025124 0.9553314121037464 0.48040201005025124 0.9553314121037464 0.5165829145728643
0 0.9546109510086456 0.4894472361809045 0.9546109510086456 0.46331658291457284 0.9329971181556196 0.46331658291457284 0.9329971181556196 0.4894472361809045
0 0.9757466165064391 0.49049673415907663 0.9954476919916246 0.48866457531799623 0.9942108066349964 0.4627829700259108 0.9745097311498109 0.4646151288669912
0 0.3463755231082268 0.2541167139407977 0.3306639393743246 0.14453032987201633 0.2866049554918273 0.15682256497330402 0.3023165612124572 0.26640894904208545
0 0.48884257115960467 0.35887543184673365 0.4422267946798451 0.36971343534076634 0.44976243780394454 0.43278557092101133 0.49637821428370404 0.42194756742697864
0 0.39746485113754054 0.3703787492148241 0.4045437419792417 0.4263363938834799 0.4482742881225234 0.4155711418420226 0.44119539728082224 0.3596134971733668
0 0.39642496686160394 0.36801303882694725 0.40783937657600866 0.46885777765782033 0.4537892190455016 0.4587369219142588 0.4423748093310969 0.35789218308338566
0 0.4990024181882655 0.4230382871388191 0.4527155631557322 0.43110940444409546 0.4583130322547055 0.49357557440522926 0.5045998872872388 0.4855044570999529
0 0.4771571530388824 0.555956295147613 0.5066536675269048 0.5456695096576634 0.49571962384050794 0.4846585834445666 0.46622310935248557 0.49494530759265076
0 0.5132336795158277 0.60901780631674 0.5104363521169173 0.5563383322864321 0.4807136381737437 0.5594095968121859 0.483510965572654 0.6120891321843593
0 0.48191081550004505 0.663245794401696 0.5239663247759816 0.6509667478015075 0.516900977758578 0.6038769285882538 0.47484546848264136 0.6161559138465766
0 0.5324332377409042 0.7351536736416457 0.5277627730575694 0.680860111102387 0.5006034037565292 0.6854065248115578 0.5052739124133195 0.7397000873508166
0 0.5288003267403638 0.6784571048602387 0.4820659098776342 0.6845690243208229 0.4859116084293948 0.7417922130182161 0.5326460252921245 0.7356803548994975
0 0.48224153985894724 0.6963699724206972 0.43236288900677683 0.7093150076554648 0.43951855750180113 0.7629680384343593 0.48939720835397155 0.7500230031995917
0 0.4383193573965463 0.7076469996466709 0.48328529379896884 0.6988944968985553 0.4788295075254413 0.6543486475345477 0.4338635711230187 0.6631011502826634
0 0.4743181827776027 0.6162642435811871 0.43185490764870765 0.6228459190483668 0.4351057772677639 0.6636597293106156 0.47756905239665887 0.6570781151853015
0 0.4668587896253602 0.614070351758794 0.45591331284053044 0.5377270875863693 0.41725783114474513 0.5485117849992148 0.4282032639561194 0.6248550491716395
0 0.41937915461207675 0.5448630481509108 0.4566806936126621 0.5368576893255339 0.4521497127302098 0.49577366814541457 0.41484817372962446 0.5037789962998587
0 0.44893512121195067 0.4975854921580559 0.4455788472200333 0.4554479551075691 0.41576757073745946 0.4600686538159548 0.4191238447293768 0.5022061601955088
0 0.5366490168942498 0.6598566563285176 0.5325447544240814 0.5968778217258166 0.5160450344470461 0.598970254102544 0.5201492969172146 0.6619490887052449
0 0.43729530356459384 0.7540235356469849 0.5457094835616669 0.7308414631752512 0.5308019104883376 0.595174296776853 0.4223876865178089 0.6183563079067211
0 0.43734648866680925 0.7305284969770729 0.4556186467151477 0.7648834995288945 0.4686444637067723 0.7514019683377826 0.4503723056584339 0.717046965785961
0 0.3742553095309123 0.7633739375588882 0.41105783775835286 0.7501252600895101 0.40540100449443894 0.7195470148594535 0.3685984322935429 0.7327956923288317
0 0.3697391916764229 0.7234056022298995 0.40430439446089245 0.7148966266881281 0.3995972119422055 0.6776870804216395 0.3650320091577359 0.6861961173052764
0 0.334103740944986 0.7799477121937815 0.3668184527746195 0.7716502434045226 0.36194236821331277 0.7342391891096105 0.3292276563836793 0.7425366578988694
0 0.3236377287323262 0.7363846822000628 0.36900166888058356 0.7253792154130025 0.36355524860129235 0.6816928882694724 0.31819130845303495 0.6926983550565327
0 0.31946796780017334 0.7855152839392274 0.3740944546306511 0.7812817750863693 0.3720128391936464 0.7290143343671482 0.3173863963366242 0.7332477818781407
0 0.31732797760097714 0.6895085167046169 0.3521209628849964 0.6841157079342023 0.34919518902253693 0.6473832786981784 0.3144022037385176 0.652776087468593
0 0.3515850144092219 0.6522613065326633 0.3515850144092219 0.6060301507537689 0.3076368876080692 0.6060301507537689 0.3076368876080692 0.6522613065326633
0 0.3375859109400329 0.5623656613143844 0.3085901221899203 0.5674217032427764 0.3122367529085802 0.6081174917556532 0.3412325416586928 0.6030614498272613
0 0.38042293845404807 0.5509167541810616 0.376217009354737 0.5157137003376256 0.35063090035826056 0.521662389093907 0.3548368294575716 0.5568653815954774
0 0.3533861671469741 0.6025125628140704 0.39121037463976943 0.5919597989949749 0.3854466858789625 0.5517587939698493 0.34762247838616717 0.5623115577889447
0 0.3574265801597397 0.6468830971262562 0.39656515423777466 0.637783522102701 0.39109353716847534 0.5919869734414259 0.35195498507716816 0.6010864871231156
0 0.40827348252881845 0.712215312401853 0.39860640204261977 0.6335508106940955 0.35911243449714064 0.6429953110277953 0.36877951498333933 0.7216598127355528
0 0.3771273918041922 0.4719446230174309 0.3521015705911158 0.48191905572785804 0.35908868883116446 0.5160329847479586 0.3841145100442408 0.5060585827084642
0 0.3112391930835735 0.4402010050251256 0.3112391930835735 0.3949748743718593 0.28674351585014407 0.3949748743718593 0.28674351585014407 0.4402010050251256
0 0.38541885068162374 0.5056159398064541 0.3679876629832155 0.36720130191975503 0.32200246585549125 0.37847053872880027 0.3394336535538995 0.5168852072864322
0 0.36743515850144093 0.4201005025125628 0.36743515850144093 0.37386934673366834 0.3256484149855908 0.37386934673366834 0.3256484149855908 0.4201005025125628
0 0.3322648369956772 0.34436734453517587 0.2648445151381259 0.43716304913238063 0.30431262629176425 0.49296405734728327 0.37173294814931557 0.4001683834210113
0 0.32495565716746216 0.5248164037963253 0.31885946312280483 0.48229612417556533 0.293089105347735 0.4894858815562186 0.29918532137912013 0.5320062225188442
0 0.25974957468873827 0.44597247713175253 0.2517664796680813 0.39697308564305905 0.2205332775280867 0.40687525763583543 0.22851639453547146 0.4558746491245289
0 0.2641574738692138 0.5061531105233197 0.2602161330517156 0.4530050153109296 0.23049838810901477 0.45729354781721104 0.23443972892651296 0.5104416123586684
0 0.16600381812719517 0.4751099246231156 0.22439926982956593 0.4575400807749686 0.21572886969926378 0.401463248861495 0.15733340700352913 0.41903309270964195
0 0.22939480828276973 0.512361796776853 0.222706753513655 0.46260360641096104 0.19591104468969517 0.4696122212625628 0.20259909945880988 0.5193704116284548
0 0.20445444948048 0.5155972734767588 0.19629323997827358 0.4716849015585741 0.17264025905290323 0.48023927008087314 0.18080146855510965 0.5241516419990578
0 0.12939091443328418 0.4196658953949435 0.13480411276693646 0.4649734880456972 0.16412882296427525 0.4581556463960427 0.15871563562398686 0.41284805374528893
0 0.14785600601767945 0.48762780577693154 0.16276209498688535 0.5361462463685616 0.18493491840637383 0.5228903305590452 0.17002881844380405 0.4743718592964824
0 0.11745732112301874 0.48667955254789574 0.13731988912357032 0.48321606813363693 0.1343937085066474 0.4505604806257852 0.11453115149945965 0.454023965040044
0 0.1290642466256529 0.4227490602426193 0.10068655975957425 0.4315459745014133 0.10536531343927301 0.46091633705637564 0.13374301129871555 0.45211942279758166
0 0.09803777469338189 0.47551772534547737 0.09696488833908389 0.43361135511542087 0.07542998234201921 0.43468422434437815 0.07650287419299914 0.4765905945744347
0 0.12031700288184438 0.5467336683417086 0.12031700288184438 0.5125628140703518 0.09726224783861671 0.5125628140703518 0.09726224783861671 0.5467336683417086
0 0.15250640781193714 0.529242526107098 0.14239351344039872 0.48221840403187816 0.11978822207931826 0.491678577212233 0.12990111645085667 0.53870266861652
0 0.0458634456227767 0.4457610930629711 0.059177563582098795 0.49838422458974563 0.0826180427837097 0.48684345801271983 0.0693039248243876 0.4342203571568781
0 0.014531564300273268 0.447331015428706 0.02423739914248244 0.49471886409586996 0.05154695428414029 0.4838342714549309 0.04184111669359015 0.43644639211683417
0 -0.0012553787712404983 0.44366491883244347 0.001018514894271103 0.47379911029758165 0.018607634288776848 0.4712163723892902 0.016333740795036557 0.44108211958228644
0 0.07357179053578665 0.5492166643765704 0.0638667554607996 0.49506354403855213 0.03928631939187174 0.5036358243855998 0.04899135446685879 0.5577889447236181
0 0.0661154865187939 0.4984066757125471 0.07025374047007273 0.5503615489557161 0.09848352261853836 0.5459860336840452 0.09434525767389566 0.49403112976994346
0 0.10662824207492795 0.6432160804020101 0.10662824207492795 0.5859296482412061 0.07420749279538905 0.5859296482412061 0.07420749279538905 0.6432160804020101
0 0.1308826809314211 0.5828827364360867 0.10815392310062816 0.5843925437735553 0.1096600469319896 0.628513600718436 0.13238880476278256 0.6270037933809673
0 0.157461160885154 0.6186885354506909 0.15083995676178066 0.575585201397613 0.12963379082143822 0.5819242697864322 0.13625500593817544 0.6250276038395101
0 0.18863077740847892 0.6199240219652953 0.1807021874859285 0.5683098107726131 0.1533949574407308 0.5764725728250628 0.16132353636991736 0.628086784017745
0 0.18019840559286068 0.5654039239164573 0.1880680490982979 0.6202937907309988 0.21300708869692228 0.61333590560223 0.20513744519148505 0.5584460387876884
0 0.24087053898088526 0.6047748508165829 0.23507965263784447 0.5616915142116834 0.20710945679062726 0.5690072677842337 0.2129003211469403 0.6120906043891332
0 0.27700755094588664 0.5948934123743719 0.2702313293984713 0.538177336879711 0.23728483348483653 0.5458372796600188 0.2440610550322519 0.6025532938128141
0 0.23981557180970822 0.6057809187539259 0.24712391614226856 0.6618532727112123 0.2822478456524676 0.6529447162570666 0.27493947933317947 0.5968723622997801
0 0.24702594328338887 0.6636140909626256 0.24028241600014635 0.611875417124686 0.21397118472228477 0.6185487373390389 0.22071469001879954 0.6702874725188442
0 0.1843787091609724 0.6292757733982413 0.19199017351573758 0.677055872624843 0.22120699483997883 0.6679988075141332 0.2135955194918498 0.620218769629397
0 0.1904159238084249 0.6761646366598618 0.1844964590814684 0.6266195479349874 0.15820935823731877 0.6327312220281093 0.16412882296427525 0.6822762494111181
0 0.1086727988823003 0.6331930035921797 0.11696783060299216 0.7026211992580088 0.16206480790283906 0.692136340884108 0.15376976518878333 0.6227081452182789
0 0.265235109356707 0.7554602234806846 0.2287551923856268 0.6918495063206658 0.19088705541077539 0.7341095737476445 0.22736697238185563 0.7977202909076633
0 0.1896829962386865 0.7387337076005025 0.17455331324156836 0.7105930040829146 0.14423630904052032 0.7423115332521985 0.15936599203763846 0.7704522367697865
0 0.1921902087648595 0.7373668268098305 0.15853025452891412 0.7725828851287688 0.17452449963484443 0.8023316656524812 0.20818443188406205 0.7671156073335427
0 0.1549279490534098 0.7715778600031407 0.20757924720258467 0.8695075720398869 0.24527377697507655 0.8300703345830716 0.19262246783253784 0.732140683888191
0 0.22504018294364644 0.7923636738379397 0.25502220835397155 0.8558210363340139 0.29220185293587897 0.821637545638348 0.26221982752555384 0.7581801831422739
0 0.25066758301484826 0.853847239125314 0.21844513203293858 0.8780507763426507 0.23177034229641347 0.9125720153501884 0.26399281526505086 0.8883684781328518
0 0.25044784765765715 0.8811354133951005 0.2573993254120137 0.9393182342375942 0.28520523642943985 0.9328534763662061 0.2782537586750833 0.8746706555237123
0 0.259572075835566 0.8566785956147928 0.29045907496031836 0.8896271518726445 0.31851616235562635 0.8384455235160176 0.28762914124414624 0.8054969059163003
0 0.308136975730874 0.8287673720163317 0.3181895275280867 0.8918710986573493 0.35068654876621036 0.8817972307828204 0.34063399696899765 0.8186934427999372
0 0.32514962407972353 0.9461925104035804 0.3189425949404494 0.8769230674858668 0.2796608213045412 0.8837726842218907 0.28586787243054307 0.9530421271396042
0 0.33462199010491717 0.9485000687028895 0.3335663853186352 0.8910710167046169 0.3190004859946303 0.8915919931689699 0.3200560907809123 0.9490210451672425
0 0.38339550007317186 0.933857520021985 0.37437702805576817 0.8772450509382852 0.34325309995271974 0.8868932676075691 0.3522715719701234 0.9435057366912688
0 0.3396083600926468 0.8173846527559674 0.35148383148808987 0.8891705843671482 0.38058155070807814 0.8798034974678078 0.3687060793126351 0.8080176271984925
0 0.3672300882916629 0.8150070420461684 0.37957772466566103 0.8695517995249686 0.4082999985224919 0.8568991196215452 0.395952340161766 0.802354362142745
0 0.39626129766019 0.804456425192368 0.40942699421379686 0.8632271464745603 0.43613277732123557 0.8515853191739949 0.4229670807676288 0.7928145978918028
0 0.4639046968575513 0.8517291045069095 0.4523078852496848 0.7893309933456344 0.42632959899022876 0.7987262975031407 0.43792645457155077 0.8611244086644159
0 0.45221804748007477 0.7944286864007538 0.46363012660133734 0.859875917674309 0.48960696173676155 0.8510615209838254 0.4781948826154989 0.7856142897102701
0 0.5135991868780394 0.8280678293812814 0.5042947554794444 0.7787460250471105 0.47826484438321776 0.7883016154993718 0.4875692318083574 0.8376233584916771
0 0.5432441117784131 0.812983619268216 0.5369747722526792 0.7675066003847362 0.5056835251514094 0.7759008666378768 0.5119528646771434 0.8213779468632224
0 0.5541449555058988 0.8686473750588882 0.5459092989435114 0.8083326790201005 0.5113460749645398 0.8175164764250942 0.5195817315269272 0.8778311724638819
0 0.526737443995407 0.9023476145375314 0.5542489967016391 0.8950375657584799 0.5503392727986537 0.8664042257184359 0.5228277200924216 0.8737142744974874
0 0.5170956482461275 0.9031926600777324 0.515688277802481 0.8501851910921796 0.48288557508836905 0.8518799441543656 0.4842929455320155 0.904887474481784
0 0.4884005939582583 0.8937688319527324 0.4803702054861987 0.852694257419912 0.4689093158293183 0.8570544985670541 0.4769397043013779 0.8981290730998743
0 0.473814027110163 0.8555469608786118 0.44402570477136616 0.863857740852701 0.45175680990521433 0.9177812279169284 0.4815451322440112 0.9094704479428392
0 0.44329970302087085 0.918492486848304 0.4298270717477936 0.862110540495446 0.40864554193590147 0.8719597744582287 0.42211817320897876 0.9283417208110867
0 0.37782868047269 0.8787049873390389 0.3875608416730458 0.9364033301271985 0.4202886575924217 0.9256610812853329 0.4105565403655214 0.8679627384971733
0 0.1729078705097825 0.9691868154247801 0.1524961290167113 0.8804153212350817 0.11771353246155665 0.8959786113183102 0.13812527395462784 0.9847501055080088
0 0.015128137055322828 0.9961718381948806 0.06415350636419027 0.9798887013190954 0.048847572260699974 0.8902128440051822 -0.00017779618931091485 0.9064959808809674
0 0.10139712682718502 0.8412437553980842 0.01245194690715339 0.8807225826397613 0.020172910662824207 0.914572864321608 0.10911809607953778 0.8750940370799309
0 0.11383731633167102 0.9712349589745602 0.0984551267596418 0.8816172537492148 0.04697608947753906 0.8988116853800251 0.06235827355288635 0.9884293906053706
0 0.015924674976799606 0.6902096542281722 0.0017638874672331797 0.6981112839588568 0.004397297111643151 0.7072950813638506 0.018558084449438267 0.6993935129750314
0 0.01060534279353337 0.7907880466787061 0.07878754255751025 0.7122824817446608 0.050143574431581524 0.6638723402167085 -0.01803862739365108 0.7423778438088882
0 0.032420749279538905 0.700502512562814 0.032420749279538905 0.6251256281407035 0.0 0.6251256281407035 0.0 0.700502512562814
0 0.03890489913544669 0.7045226130653266 0.03890489913544669 0.5969849246231156 0.0 0.5969849246231156 0.0 0.7045226130653266
0 0.5865050214168318 0.7194246991794913 0.6245115868296335 0.7051505697432475 0.6138894908366355 0.6501139731862438 0.5758829254238338 0.6643881026224875
0 0.5925381355395578 0.6054937774811557 0.599876293874955 0.6451604335152324 0.6141920282105547 0.6400068580205716 0.6068538698751575 0.600340201986495
0 0.6603081343153369 0.6653884657663317 0.6273221062651972 0.6711403084759736 0.6311128379975685 0.7134441739949748 0.6640988660477081 0.7076922699434673
0 0.6661281970461095 0.7113421109453517 0.6556432542608519 0.5918942245406721 0.6192686757024496 0.598107480763191 0.6297536624611626 0.7175553671678706
0 0.6549822452776026 0.6357556827104272 0.6486366557800117 0.5914959318074748 0.6203724094357889 0.5993815513112437 0.6267180429068354 0.643641302214196
0 0.6638397304743786 0.585408242383794 0.668378890419556 0.6392302700023555 0.7031159414681646 0.6335294637248744 0.6985767815229872 0.5797073747644472
0 0.6962045015450513 0.6843999047974246 0.6939506860562635 0.637239297071294 0.6696590456564075 0.6394983952967965 0.6719128611451954 0.6866590030229272
0 0.6997801151330602 0.5903680389250943 0.7071512975335464 0.6572050928470478 0.7348161856791472 0.6512679363614949 0.7274450032786608 0.5844308210976759
0 0.7606051662126261 0.6200602622487437 0.7530547480074747 0.5621306606273555 0.7254755201532106 0.569125657584799 0.7330259383583618 0.6270553205480528
0 0.7827060490588977 0.5607642092297425 0.7552429551006394 0.564595254102544 0.7591377720022064 0.6189262965216709 0.7866008659604647 0.6150952516488694
0 0.7795389048991355 0.5587939698492462 0.7880736249324568 0.6183223858550565 0.81758482655462 0.6100888966315955 0.8090501065212986 0.5505604806257852
0 0.8466448605232348 0.5617151308299309 0.8146227745913635 0.5668693810851131 0.8185479331772334 0.6143241843985553 0.8505700191091048 0.6091699341433732
0 0.85756285389837 0.5716420235945352 0.8609315723781971 0.5998370146631595 0.8772879388902648 0.5960342483903894 0.8739193083573487 0.5678391959798995
0 0.9044171863742796 0.5497210171953517 0.872577766176603 0.5534222626805905 0.8747838264927054 0.590351783330716 0.9066232466903819 0.5866505378454774
0 0.9277377169826189 0.5898492707679021 0.9230835664512789 0.5444020026892273 0.9026080304676243 0.548482402245603 0.9072622689458754 0.5939296089824121
0 0.9499571522649496 0.5721038051586055 0.9455370284638419 0.5351079739517902 0.9234558457256394 0.5402417360238694 0.9278759695267471 0.5772375058888191
0 0.9994045994123739 0.572454680629711 0.9923087787903008 0.5196624602504711 0.9662090378467219 0.5264890124450377 0.973304858468795 0.5792812941661433
0 0.20965417867435157 0.018090452261306532 0.20965417867435157 0.0 0.1729106628242075 0.0 0.1729106628242075 0.018090452261306532
0 0.2507204610951009 0.023115577889447236 0.2507204610951009 0.0 0.21037463976945245 0.0 0.21037463976945245 0.023115577889447236
0 0.44164265129682995 0.021105527638190954 0.44164265129682995 0.0 0.4027377521613833 0.0 0.4027377521613833 0.021105527638190954
0 0.5115273775216138 0.033165829145728645 0.5115273775216138 0.0 0.49135446685878964 0.0 0.49135446685878964 0.033165829145728645
0 0.5951008645533141 0.02814070351758794 0.5951008645533141 0.0 0.5597982708933718 0.0 0.5597982708933718 0.02814070351758794
0 0.6268011527377522 0.016080402010050253 0.6268011527377522 0.0 0.6023054755043228 0.0 0.6023054755043228 0.016080402010050253
0 0.9579799333292057 -0.020941008754711055 0.8958305776634546 0.006151730331344221 0.9057785166100054 0.05055882439541457 0.9679279602226675 0.023466085309359296
0 0.5931976933987753 0.754099967611495 0.6365627761533006 0.7447933024497487 0.632581507438198 0.7086937372408919 0.5892164246836725 0.7180004024026382
0 0.7166640751643552 0.7270134853957286 0.7116792442475685 0.6852913247880025 0.6735921634377251 0.6941463911353644 0.6785769943545119 0.7358685517430904
0 0.7195069590631754 0.7457829921089824 0.7551405848962086 0.7374982824277638 0.748150124673541 0.6789895522534548 0.7125165428139635 0.6872742005928077
0 0.7588450846823217 0.6323772794637249 0.7623808143461815 0.6718361092572236 0.7849035785246308 0.6679087576554649 0.7813677609138598 0.6284499278619661
0 0.7811866782240634 0.6209761576436872 0.7841042290503423 0.6616747065405151 0.8045053619472713 0.6588288120288944 0.8015878990679035 0.6181302631320665
0 0.8503314191394993 0.6480603088685616 0.8461382863157421 0.6071155337233041 0.8216282737358159 0.6120000024536746 0.8258213186126621 0.6529447162570666
0 0.8674061360208033 0.6032443712704145 0.872260805509276 0.6489562068153266 0.8950292933571236 0.6442507949905779 0.890174623868651 0.5985389594456658
0 0.9113832853025937 0.6432160804020101 0.9113832853025937 0.5989949748743718 0.8912103746397695 0.5989949748743718 0.8912103746397695 0.6432160804020101
0 0.9387765494134996 0.6287803764918342 0.9346223770713257 0.5925618694056218 0.9107943048394722 0.5978802091512249 0.9149484771816463 0.6340987162374372
0 0.9559350797010087 0.5849517975620289 0.933269753579791 0.5902213705244975 0.9387802431837626 0.6363438898594536 0.9614455693049802 0.6310743168969849
0 0.9561183610635807 0.5886818737240892 0.9598648115262518 0.6304909557553392 0.9815008070008555 0.6267181856548367 0.9777543565381844 0.5849091649654523
0 0.998161557771974 0.5742505250863693 0.9775912150182366 0.5766418150321923 0.9803438653863472 0.6227205362751256 1.0009142081400846 0.6203292463293028
0 0.6175938147289265 0.8155932249136306 0.6776069399259276 0.7960593372134108 0.6674832830511528 0.7355354654130025 0.6074701578541517 0.7550693531132223
0 0.6334548202646568 0.8501921227229899 0.6251907128765535 0.8040792340609296 0.5936599423631124 0.8150753768844221 0.6019240497512158 0.8611882655464824
0 0.6787870555514904 0.8151112005339196 0.6262675788285753 0.8430210132694723 0.6449510645797686 0.911436393392745 0.6974705413026837 0.8835265193153267
0 0.7166640751643552 0.7270134853957286 0.7116792442475685 0.6852913247880025 0.6737090009090193 0.6941192780307789 0.678693831825806 0.7358413772966395
0 0.6865048367283186 0.7403929437225188 0.6912824207492796 0.7763819095477387 0.7067876370564662 0.7723764697510992 0.7020100090620497 0.7363875039258794
0 0.7765593515005854 0.8528263264565012 0.7593808572642742 0.7644607927331972 0.7210822641334204 0.7789490666221733 0.7382607583697316 0.8673146003454774
0 0.6837227681184708 0.7782294038552136 0.6973196683768237 0.8787560851130654 0.7721789797032601 0.8590528938638505 0.7585821234183627 0.7585262126059987
0 0.7565368300556106 0.69010911491049 0.7607542362268102 0.7430567142352387 0.7824207492795389 0.7396984924623116 0.7782034310552504 0.6867508317956972
0 0.8090778097982709 0.7125628140703517 0.8090778097982709 0.6773869346733669 0.7867435158501441 0.6773869346733669 0.7867435158501441 0.7125628140703517
0 0.8283190988326279 0.711271445116206 0.8254845698903548 0.6737082629946608 0.8095081340339066 0.6760542213018216 0.8123425750292688 0.7136174034233669
0 0.8288627866365724 0.7219172645453832 0.8653014784931106 0.7117510771631596 0.858207680649991 0.6622729124136306 0.8217689887934528 0.6724390997958543
0 0.8407226914287644 0.7825279964274497 0.8713422879705511 0.7739852828596105 0.8623088210048181 0.7109779856312815 0.8316892244630313 0.7195206991991207
0 0.7909307562308627 0.7888253523476759 0.8284518107213616 0.7940594083699749 0.8308557515872659 0.7605254053470477 0.793334697096767 0.7552912879828831
0 0.7881844380403458 0.7577889447236181 0.8227665706051873 0.7577889447236181 0.8227665706051873 0.7125628140703517 0.7881844380403458 0.7125628140703517
0 0.8141210374639769 0.7376884422110552 0.8141210374639769 0.7115577889447237 0.7896253602305475 0.7115577889447237 0.7896253602305475 0.7376884422110552
0 0.8303780239665887 0.7872775743954146 0.7991947756720551 0.7906237118208229 0.8015723324646524 0.8337392529051507 0.8327555807591859 0.8303931768216081
0 0.8515850144092219 0.828140703517588 0.8515850144092219 0.7869346733668342 0.8306916426512968 0.7869346733668342 0.8306916426512968 0.828140703517588
0 0.848400104973433 0.7798891920540201 0.8535355010018912 0.8354083650675251 0.8713663854241714 0.8321988359767588 0.8662309893957133 0.7766797243051193
0 0.9050585831963707 0.7652607520021985 0.9015861753084474 0.7119779193820666 0.8767716025756485 0.7151248184280778 0.8802440104635717 0.7684075897063443
0 0.912574790053134 0.6867027397730842 0.9077532765501171 0.6530730434398555 0.8893261120711005 0.658214166535804 0.8941476255741174 0.6918438628690327
0 0.897239838965688 0.712620475423995 0.9151037034796019 0.710355058986338 0.9134974410966769 0.6857072226366207 0.895633576582763 0.6879726390742776
0 0.9546109510086456 0.7025125628140704 0.9546109510086456 0.6532663316582915 0.9265129682997119 0.6532663316582915 0.9265129682997119 0.7025125628140704
0 0.9776520742806646 0.6920261708935301 0.9710129619675342 0.6426319831579774 0.9534391463661743 0.6472285745131909 0.9600782586793047 0.6966227622487438
0 0.9992795389048992 0.7366834170854272 0.9992795389048992 0.6391959798994975 0.9740634005763689 0.6391959798994975 0.9740634005763689 0.7366834170854272
0 0.9634673808424892 0.698124779169284 0.9669642379716769 0.7420272137052449 0.994086977384276 0.7378232716315954 0.9905900323081772 0.6939208370956345
0 0.9677461739575829 0.746819485611652 0.9641438684820786 0.7015932936165201 0.9439006882373469 0.7047309300408291 0.9475029937128512 0.7499571220359611
0 0.9479050869900486 0.7401623596498116 0.9427233429394812 0.7040201005025125 0.9186155995305746 0.7107460520375314 0.923797343581142 0.7468882498429649
0 0.9250720461095101 0.7517587939698492 0.9178107973478026 0.7078651313206659 0.8985526225065292 0.7140647083071608 0.9058138712682366 0.7579583096144786
0 0.9719316554000811 0.7498589137091709 0.9319016514319164 0.770799186361495 0.9451659804462356 0.8201417855880967 0.9851959844144003 0.799201451593907
0 0.9074957679946416 0.7684772127237751 0.9124086583382115 0.8267309447628769 0.9352740636820065 0.8229783561361494 0.9303611733384366 0.7647246240970478
0 0.9180769247005583 0.8297086629436243 0.9099319853768912 0.7631597317642902 0.8764488374121938 0.771134296973147 0.8845937767358609 0.8376832281524812
0 0.898563527923496 0.8497849967611495 0.9156652445064841 0.9118116215844849 0.9555431003185789 0.8904160082639762 0.9384413837355908 0.8283893834406407
0 0.8866513826661563 0.8657220428313442 0.9243929200625901 0.8609358437696294 0.9221311893518102 0.8262295363536433 0.8843896519553764 0.831015735415358
0 0.9184438392133465 0.9230150999136306 0.9077089513069615 0.8780904645296796 0.871181521017201 0.8950753523476759 0.8819164089235861 0.9399999877316269
0 0.8944468209654178 0.8411836403698179 0.8645693204588437 0.8557710427135679 0.8740492938918408 0.8935546261581344 0.903926794398415 0.8789672238143844
0 0.9419400877499099 0.8207274777206344 0.9516273520521884 0.8984297709249371 0.991031877589157 0.8888700092258166 0.9813447012337896 0.8111677773633794
0 1.003856559995272 0.790363560968907 0.9978810071258105 0.7570203924897927 0.9756738844110231 0.7647649870445979 0.9816494372804845 0.7981082168655779
0 0.9992795389048992 0.8894472361809045 0.9992795389048992 0.842211055276382 0.9863112391930836 0.842211055276382 0.9863112391930836 0.8894472361809045
0 0.7747410491151837 1.0125406083150126 0.8885790910088707 0.953451829459799 0.868240488365679 0.8772026637091709 0.7544025344189031 0.9362914425643845
0 0.82958210442183 0.8806230861337939 0.8257492900925342 0.8431959602701005 0.8011383144587536 0.8481004877905151 0.8049712167349604 0.8855276136542085
0 0.8116601949466409 0.9006873356038002 0.8005320964010717 0.8515296821019158 0.775981980029719 0.8623444370288945 0.7871100785752881 0.9115020905307789
0 0.784942363112392 0.8989949748743719 0.7757204259163365 0.860401985513505 0.7545389400778999 0.8702512808181533 0.7637607893270443 0.9088442088371546
0 0.7672910662824207 0.9175879396984925 0.7552594011730007 0.8672362054412689 0.7321325736361897 0.8779899252119975 0.7441642827190652 0.9283417208110867
0 0.7030259278047325 0.9511558034312186 0.6903458301203396 0.8980904277245603 0.665922181407038 0.9094472607176508 0.6786023230648865 0.9625125750824435
0 0.6186938107185473 0.9394182214784862 0.6343005617345101 1.009755442250314 0.6843467074787238 0.9881466046050565 0.6687399564627612 0.9178094451750942
0 0.7176237958308943 1.0094078792399497 0.7496323819119236 0.9922343651853015 0.7411279156159942 0.9613894055237123 0.7091194174818759 0.9785629195783605
0 0.5720461095100865 0.9989949748743718 0.5720461095100865 0.9567839195979899 0.4920749279538905 0.9567839195979899 0.4920749279538905 0.9989949748743718
0 0.6518942973112167 -0.004559356842807789 0.6047655704729151 0.00274541653580402 0.6066721715569839 0.026682177979742462 0.65380085442183 0.019377404601130653
0 0.670028818443804 0.011055276381909548 0.670028818443804 0.0 0.649135446685879 0.0 0.649135446685879 0.011055276381909548
0 0.6959654178674352 0.012060301507537688 0.6959654178674352 0.0 0.6685878962536023 0.0 0.6685878962536023 0.012060301507537688
0 0.6941651445987932 1.021903217258166 0.7662816995846091 0.9852134819605842 0.7513575485185519 0.9281299073492463 0.6792410375061915 0.9648195813049623
0 0.1930835734870317 0.9989949748743718 0.1930835734870317 0.9668341708542714 0.15417867435158503 0.9668341708542714 0.15417867435158503 0.9989949748743718
1 0.9621941734116084 0.966680754848461 0.9738553181848884 0.9864333876413317 0.9849336387788185 0.973706484080559 0.9732724940055385 0.9539538512876884
1 0.9826913443353746 0.9424820022966395 0.9799525016322946 0.8991835397691583 0.9554343099896434 0.9022014982137249 0.9581731526927233 0.945499960741206
1 0.8370742138249729 0.7477545196686558 0.8314546700513329 0.7270875863693468 0.8267360544342129 0.729584322982098 0.832355598207853 0.750251256281407
1 0.8695019988573938 0.7154691916614322 0.859344218581142 0.7184749430747488 0.8617518532173091 0.7343086281014447 0.8719096334935609 0.7313028766881281
1 0.8466478507182097 0.6444573943938442 0.8390738627409042 0.6520466713450063 0.8430656850853296 0.6597989949748744 0.8506396730626351 0.6522097793655779
1 0.931869374915571 0.7774787021042714 0.9356255874853656 0.7640047159626256 0.9252175982472532 0.7583586879711055 0.9214614736243696 0.7718326741127512
1 0.9320962779460105 0.7610096993757852 0.9406992447822856 0.7518324042085427 0.9343143869889229 0.7401853015075377 0.9257114201526477 0.7493625353329145
1 0.9891183286991174 0.750146054981941 0.9988377815708304 0.7409611534233669 0.9942261973444254 0.7314648805551194 0.9845067444727126 0.7406497207718279
1 0.8791495991028008 0.4714005820116206 0.8689022888711275 0.4790466001884422 0.8734905671661113 0.49101292595791457 0.8837378773977845 0.483366907781093
1 0.8741300291561599 0.49867231666143214 0.8696486943049802 0.4763464539494347 0.862525786034312 0.47912867560458544 0.8670071208854917 0.5014545383165829
1 0.8817951301332853 0.4680612535332915 0.872577678229692 0.43536505771042716 0.8558973152974153 0.4445156691661432 0.8651147672010087 0.4772119263308731
1 0.8789755521658862 0.41246086388976133 0.866581193995407 0.39578857421875 0.8528948077550883 0.41558794951319095 0.8652891659255674 0.43226023918420226
1 0.8489068550747478 0.4453378341904837 0.8541090907555836 0.42570144423288314 0.8422870031351315 0.4196067618365264 0.8370847674542957 0.4392430904522613
1 0.840278647475009 0.3792400110906093 0.8556058592342849 0.3907972479585427 0.8636826397019092 0.3699535274026382 0.8483554279426333 0.3583962291928392
1 0.8411287423169579 0.3213307136267274 0.817127062882745 0.3604714245053392 0.8374162393619417 0.3846821387209485 0.8614178308492435 0.34554148918420224
1 0.8357758535775396 0.3314175246348932 0.8199127812894003 0.31722197412845476 0.8109339293554124 0.33674672189070354 0.8267970016435519 0.350942272397142
1 0.852569843918858 0.2872847513936872 0.8230990978757655 0.31494122222440324 0.8335896692633286 0.33669470398869344 0.8630605032533322 0.3090382331579774
1 0.8443872633172731 0.31541717375942213 0.836681354973433 0.2760023260835427 0.8150706002622928 0.2842240990106784 0.8227765086061329 0.3236389466865578
1 0.8165481963143912 0.24796240725109925 0.7952217739665887 0.28797067613457916 0.8141614930430475 0.30761675810694095 0.8354880033377612 0.26760848922346103
1 0.8236091020127881 0.2734669440954774 0.8469524988179935 0.2927638068271043 0.8594674322034852 0.2633034557553392 0.83612403539828 0.2440065930237123
1 0.818576427976405 0.26400631085113063 0.8131683085768642 0.203652662727701 0.79311746822654 0.20714896504004396 0.7985254996791696 0.2675026131634736
1 0.831695556640625 0.16752807003768844 0.8060635173698667 0.2179124381673995 0.8387431823554575 0.2502641380731784 0.8643752216262158 0.19987976994346734
1 0.8409942714900036 0.15780949424858667 0.8172328630167057 0.16609616686950376 0.8208756240712807 0.18642253013112436 0.8446371204914895 0.17813585751020727
1 0.8103518966982619 0.16756843298523869 0.7938830460869957 0.1699126737201633 0.7965224208337086 0.2059953085741206 0.8129912714449747 0.20365106783919598
1 0.7852811346136528 0.1297113619857098 0.7975666145082853 0.15827452693153266 0.816524538595326 0.14240704253690326 0.8042390587006935 0.11384381624921483
1 0.8409179335712356 0.15282460888426508 0.8347314840091409 0.13331317230684672 0.8231532731729557 0.14045692328831658 0.8293397227350504 0.15996835986573493
1 0.8482874449804124 0.10882611298680904 0.8305232243166877 0.08720905553156406 0.8138878902028548 0.11381105969299624 0.8316520229196686 0.13542805580637562
1 0.860729118589022 0.14563871604114323 0.8456555457211365 0.14739088508951004 0.8470692923158322 0.1710582330598304 0.8621428651837176 0.16930606401146356
1 0.8418859652208663 0.07108234041300251 0.8524738938389319 0.05736746476523241 0.8441775978813941 0.04490408585898241 0.8335896692633286 0.05861896150675251
1 0.8146953307929575 0.047336658880339194 0.8173995224130943 0.06200668871702261 0.8275471008476675 0.05836666241363065 0.8248429092275307 0.04369669391881281
1 0.7879362518574388 0.07613194144550879 0.801300136775036 0.06867491755653267 0.7970850172235231 0.053975382282506285 0.7837212202528369 0.06143234482961683
1 0.7867420207526566 0.07993452369268216 0.7808612746532781 0.06386927312342965 0.7688905567531971 0.07239640585741206 0.7747713028525757 0.08846165642666458
1 0.8416164079385807 -0.012981656328517588 0.8225843446055475 0.027790318781407034 0.8424046761020804 0.045794279012248744 0.8614367394351135 0.0050223039023241205
1 0.8592713105919039 0.012630780857412061 0.8813931248029989 0.016698482647613064 0.8827672073408231 0.0021568413355841707 0.860645393129728 -0.001910860454616834
1 0.8896515156418858 0.02143149831187186 0.8981308291212626 0.04856748341315955 0.9057313770656971 0.0439458645767902 0.8972520635863203 0.016809879475502512
1 0.9697605979545659 0.3786248748625942 0.9648490268146613 0.36046854143765705 0.9577963881259006 0.36418107382616205 0.9627080472127162 0.3823374685929648
1 0.9491298356729557 0.3692096959406407 0.9312259553145263 0.38403890791849876 0.9366813901521974 0.3968560453635364 0.9545851825637158 0.3820268333856784
1 0.9565517634411023 0.3252588013308731 0.9489609776037914 0.2978737069134736 0.9373343959665436 0.30414499254082916 0.9449251818038544 0.33153008695822866
1 0.9581475601416156 0.30014630034940326 0.9701480920445334 0.28650607775204145 0.9611113710430926 0.27103510717650753 0.9491109270870858 0.28467526843200375
1 0.9395736122681015 0.189276705794598 0.9515889192520713 0.2278780376491834 0.9643550290154449 0.220145527441897 0.9523396340845641 0.18154419558731155
1 0.9484315371994326 0.11199987976994347 0.9421508085487211 0.09155678293812813 0.9293522463751801 0.09920844456658291 0.9356329750258916 0.11965154139839825
1 0.912585959310834 0.055319137189855525 0.9174744004131394 0.1296145645218279 0.9361450019418678 0.12722401067839195 0.9312564728926513 0.052928583346419596
1 0.9246160413758555 0.03644761895414573 0.9069360738528909 0.051656537079930905 0.9133481072417597 0.0661612505888819 0.9310280747647244 0.05095233246309673
1 0.9411215658490184 0.06615916496545227 0.9688815685788905 0.0465162727701005 0.9592081998885537 0.019913532506281407 0.9314481971586815 0.03955636335976759
1 0.9848852679777558 0.02419875255182161 0.9777271809426783 0.008507196627669598 0.9633619324961725 0.021259189011463567 0.970520107478161 0.03695074493561558
1 0.9673607026465688 0.022200909331815327 0.9989314450310699 0.022200909331815327 0.9989314450310699 0.0 0.9673607026465688 0.0
1 0.7930916997816102 0.8253332090138191 0.7828434221339157 0.7841266267862751 0.76658265391413 0.7919963587468593 0.7768309315618246 0.8332028796325377
1 0.805415964264004 0.8390815773201947 0.7974936185721362 0.8108999587782664 0.7853943222881394 0.8175188074159861 0.7933166679800072 0.8457004259579146
1 0.7682718502341499 0.9790383190365892 0.7413351185383645 0.9790383190365892 0.7413351185383645 0.9977364238183103 0.7682718502341499 0.9977364238183103
1 0.6948046065888419 0.9157780479546168 0.7168037348590598 0.9604155420657977 0.7314684865110546 0.9463513858354271 0.7094693582408367 0.9017138917242462
1 0.7151811143506844 0.9081439300997174 0.7274325587907511 0.9467350792046169 0.7486519497478387 0.9336261998468907 0.7364004613343165 0.8950351120838568
1 0.715023073751576 0.9088474599560301 0.7400800281711546 0.8928030656210741 0.7325204634872569 0.8698292487829774 0.7074635090676783 0.8858735817760678
1 0.6930916206293903 0.8044645836604899 0.690082648989103 0.7650092503533291 0.6715005660263194 0.7677669352622487 0.6745095376666066 0.8072222685694096
1 0.6092308110393777 0.8848684339667086 0.633199862169601 0.8648066381713254 0.6256131218901972 0.8471678460662688 0.6016440707599738 0.8672295805197864
1 0.6682616132137068 0.567137076986495 0.6569972409295074 0.5762794072903581 0.6618658939768327 0.5879525802842337 0.673130266261032 0.578810188638505
1 0.6978069382373469 0.5795001619425251 0.6775592727001531 0.5592374715373744 0.6703708879542282 0.573215442446608 0.6906185095179666 0.5934781328517588
1 0.708335766531205 0.5776575749842965 0.7015394930880764 0.5586963135992462 0.6922055994742885 0.5652066484767588 0.6990018729174171 0.5841677871780779
1 0.7258323647446866 0.32551085505653266 0.7336977208382115 0.31636760462468594 0.7283456236209924 0.3074082571058417 0.7204802675274676 0.31655156887955405
1 0.6166409099479917 0.9767222955598304 0.6202801970995813 0.9643125907859611 0.614744202891413 0.9611533620249686 0.6111049157398235 0.973563066798838
1 0.5308863834963752 0.6718902127826634 0.5549476029893506 0.735423639192054 0.5897797686222307 0.7097534793106156 0.5657185491292552 0.6462201142430904
1 0.5874292994782285 0.5968254971144786 0.535951685836748 0.5777738791614322 0.5266121636206548 0.6268809256242148 0.5780897772621353 0.6459325435772613
1 0.6163116806865769 0.5783208032349246 0.5927616965873784 0.5539470423406093 0.5787015799486671 0.5803826260207287 0.6022515640478656 0.604756386915044
1 0.5915612652253692 0.5559583807710428 0.6029410238568309 0.5660602818781407 0.611051224150644 0.5482818143451633 0.5996714215457267 0.5381799132380654
1 0.563478541305498 0.5538882154915201 0.5461909489260627 0.5234814207757538 0.5302966554845101 0.5410662320391018 0.5475842038904899 0.5714730880967337
1 0.5421954328113743 0.5289814551271985 0.5563454311931512 0.5175935831501256 0.5508545097768822 0.5043167190935145 0.5367044674216499 0.5157044990577889
1 0.5583186080888644 0.4851314985572393 0.541345557836703 0.47703145856234297 0.5376496768478701 0.49210189742658605 0.554622683126576 0.5002019067505497
1 0.5234574199753467 0.5191741176586055 0.5118603445267471 0.4847968480095792 0.5025859909717219 0.490885120180983 0.5141830664203215 0.5252624205009422
1 0.5181287606099153 0.479993841276696 0.5148996138778819 0.43157020453831657 0.5006569634253423 0.4334184349481784 0.5038861101573757 0.4818420716865578
1 0.5312236599001486 0.4278789577771671 0.5528100972903909 0.4128226582129397 0.5414689473528683 0.38118154247801506 0.5198825099626261 0.396237903384108
1 0.557619166305498 0.1505442863732726 0.5504613431111537 0.17142205166457286 0.567075569966341 0.18250640409076632 0.5742334371341409 0.16162863879946607
1 0.5614155266401747 0.24776476376020728 0.581375166043768 0.24549186361494976 0.579914016064031 0.22052290259893217 0.5599543766604377 0.2227958027441897
1 0.6039255895257339 0.96954345703125 0.5751277692723343 0.9473794755025126 0.56461516718356 0.9739594579342022 0.5934129434635042 0.9961234394629397
1 0.5695845194440067 0.9128281789808417 0.5553425285932997 0.9459398432592651 0.5767598440736447 0.9638660220045541 0.5910018349243515 0.9307543577261307
1 0.5676846023251756 0.9380408512288002 0.5493073037447092 0.9040732838999685 0.529796853189166 0.9246140369817839 0.5481741517696326 0.9585816656524812
1 0.4938306121386437 0.9714263455951633 0.5399480814205466 0.9541429069173994 0.5291980666454656 0.8983246923092023 0.48308064133701817 0.9156080696451006
1 0.4842385063940922 0.013421232137248744 0.45043285710667325 0.03126484473146985 0.46661126304428585 0.09090987162374371 0.5004169123317048 0.07306625902952261
1 0.497249548304665 0.061104411216237435 0.5137770595055836 0.060613860317211055 0.5135278179597442 0.04427220330166457 0.49700030675882567 0.04476269285882538
1 0.6091848587783681 0.04932628229035804 0.6344551284306331 0.044919973402167086 0.6328441608879684 0.026941408703674622 0.6075738912357034 0.031347717591865575
1 0.5046120679344155 0.7620158286549937 0.5315980938738293 0.7672082335505653 0.5338449615566463 0.7444845074984296 0.5068589356172325 0.7392920412609925
1 0.5581795200490814 0.8157080568859925 0.5484349143608159 0.8074548769236809 0.542974422575761 0.82000094466473 0.552719072237482 0.8282541246270415
1 0.4979186484037284 0.7861590668184674 0.4865384500377116 0.7544087012209485 0.46403754066665165 0.7701027108197236 0.4754176950592129 0.8018530764172425
1 0.4835234980074748 0.6061020434202261 0.478446938462491 0.5833816298288317 0.46762216881304036 0.5880882071490264 0.47269868438456863 0.6108086207404209
1 0.45490596892167234 0.7648048592572236 0.44140079729151654 0.7456711045461684 0.4291367324697181 0.7625158875431847 0.4426419480733294 0.7816496422542399
1 0.40080692170332766 0.7102660519393844 0.42528747206806106 0.7158414754436244 0.42874541268912103 0.6862957978368405 0.40426486232438763 0.6807203743326005
1 0.3923580378551648 0.7800922336290829 0.39396931321201817 0.8014453370367463 0.4153831547893777 0.7983009530072236 0.4137718794325243 0.7769478495995603
1 0.32102447421818714 0.8245180369621545 0.3427403474747276 0.8237967793066897 0.34237484011251573 0.8023817206147927 0.32065896685597534 0.8031029782702576
1 0.41158380425972624 0.6513598878179963 0.40511152723680655 0.6191144933652638 0.390846274428134 0.6246864203831658 0.39731855145105366 0.6569317534940327
1 0.4018519069001036 0.5506804039729899 0.40902050359104825 0.5926803205480528 0.4242886150261167 0.5876091885207286 0.417120018335172 0.5456092719456658
1 0.4041850505026342 0.5587713960427135 0.39772196393191644 0.5478902078753141 0.39081443764634366 0.5558742197314699 0.39727748024360593 0.5667554078988694
1 0.42218457312680113 0.5245150312107412 0.412305892372681 0.49791548072393216 0.3990702340513554 0.5074808552037532 0.4089489148054755 0.5340804363614949
1 0.3995673539659132 0.44768379249764445 0.391290626196078 0.4749742364164573 0.4115529348939571 0.48693258774340453 0.41982966266379235 0.45964208248272614
1 0.45996445537644093 0.08190010109139448 0.4137146259934483 0.10065513112437185 0.4263793329684123 0.16142927773633794 0.4726291183779494 0.14267424770336054
1 0.5185272040903053 0.2514351542870603 0.4947246364626486 0.21306606273555276 0.4656453421205196 0.24817023349167713 0.48944795372163186 0.2865393250431847
1 0.4365539111046695 0.1439852460544912 0.4554012859245542 0.2473385604781721 0.5025980836719875 0.2305902068938442 0.4837506648786473 0.12723689247016332
1 0.47116467038904897 0.3104018014879083 0.4318107143259186 0.28544823728015073 0.41593537344369147 0.3341688299897927 0.4552893295068219 0.3591223328556847
1 0.455371867682817 0.36052405582600505 0.4930847783597127 0.35983181287295857 0.49279793950941103 0.32942182838018214 0.45508502883251534 0.3301140713332286
1 0.5011944069986041 0.29044293734296484 0.4577061985686464 0.2975800020610867 0.46004215647232977 0.3252781853603957 0.5035303649022874 0.31814112064227384
1 0.38483980821944797 0.3636975772416771 0.36847939614947317 0.3435288625745917 0.3566977641080917 0.36212642803863065 0.37305817617806647 0.3822950813638505
1 0.37566158063817096 0.3988724138269472 0.4008579748851765 0.3946119758951005 0.39796285052120856 0.3612934668459485 0.372766456274203 0.3655539047777952
1 0.39985181824961724 0.3445511247644472 0.3808563848050252 0.3162462090727073 0.3629305397055678 0.3396561052331972 0.38192599513688763 0.3679610209249372
1 0.43163899798214606 0.3489521582521985 0.4164321855440607 0.2948588155621859 0.38306794180306647 0.31311078095555905 0.39827475424115183 0.367204062303706
1 0.3569545471015512 0.1563518274968593 0.4111600320689616 0.15789500480920227 0.4117520027270578 0.11743016842022613 0.35754656173310295 0.11588699110788317
1 0.35982031918396523 0.03434770286981784 0.4119038430689391 0.04983149389525754 0.416070811686667 0.022555526656721104 0.3639873317751486 0.007071735631281407
1 0.2995341628016931 0.13322625088332288 0.3325384838093255 0.1642766444527324 0.3515813865991422 0.12488811243718594 0.31857704360478206 0.09383771886777638
1 0.30516670073143687 0.09316939924230527 0.255194562312849 0.10285135393765704 0.2612501028978859 0.16367175231626885 0.3112222413164738 0.15398979762091708
1 0.27059740841560476 0.0682969289808417 0.2608140621130336 0.032553391959799 0.24295314382063896 0.04206659518294598 0.2527364901232101 0.07781013220398869
1 0.2518132014645623 0.12359496456893844 0.253525901596553 0.08895165524890075 0.24051228723883286 0.08769972911432161 0.23879956512011438 0.12234297709249371
1 0.2433059648409357 0.2283511061165201 0.2357594822600527 0.272214465884108 0.2642632959899023 0.28175735857019474 0.27180975658405754 0.23789399880260678
1 0.2930115361722127 0.37476414052685303 0.35607474819040436 0.37707918253376255 0.35716638922347804 0.3192119655896671 0.29410319919201416 0.31689692358275756
1 0.3123653972526792 0.364170768392745 0.2709324641598748 0.3753575003925879 0.27461407576239416 0.40189221252748114 0.3160470308419263 0.3907054805276382
1 0.27457199316546965 0.38633542468200377 0.30137585906542685 0.35710271327339826 0.28127601029893506 0.321239068879554 0.2544721224122501 0.35047178028815956
1 0.24181970601810157 0.28813433623194096 0.24405788894345506 0.344334342611495 0.27659241953913005 0.3418129465687814 0.2743542146270488 0.2856129401892274
1 0.2665277090814684 0.4130488256713254 0.2738070089466634 0.4380964269590138 0.28830793749014993 0.4298957556336369 0.28102863762495495 0.4048480930040829
1 0.27965312594982666 0.42094297169440953 0.26064718284936733 0.3798481543459485 0.24479837994754142 0.394111855665044 0.2638043230480007 0.435206673013505
1 0.2383686692295569 0.34642174495524497 0.23992466995283232 0.3724684825494661 0.2494174836348388 0.3713650037295854 0.24786150489829115 0.34531820479349873
1 0.2857280808154719 0.7976358231587626 0.3199608442762743 0.8131236014054648 0.3275571927557074 0.7804504701240578 0.293324429294905 0.7649626918773555
1 0.2657530287157218 0.7154906613143844 0.2457788780718097 0.7238497173366835 0.25184070686098475 0.7520366726209171 0.27181483551816915 0.7436776779404837
1 0.23861707527974155 0.6813304805276382 0.2517808150145781 0.7042843612594221 0.2735919347757565 0.6799436022887877 0.2604282170276477 0.6569897215570037
1 0.2729383792932164 0.662541712468593 0.25172259415948084 0.7094863354860239 0.26806225075845413 0.7238560968907035 0.28927803589218976 0.6769114738732727
1 0.2692988942610771 0.772209681218593 0.32431320498243876 0.768798828125 0.3222104163266053 0.7027993973775125 0.2671961056052436 0.7062102504711055
1 0.29311326876153865 0.7001375284626257 0.32040323922544806 0.6792903727622488 0.3081497060462446 0.648076380437343 0.28085975756906295 0.6689235974795854
1 0.3135332662708821 0.649616490656407 0.3019680056173451 0.6012166545618719 0.27646746896529406 0.613074159861809 0.2880327516055588 0.6614739959563443
1 0.3080217213039783 0.5910331687735553 0.304812450573836 0.5636746967258166 0.2918701171875 0.5666290436557789 0.29507938791764227 0.5939875157035176
1 0.23468274822839744 0.40290797247958543 0.24363833820441957 0.3504380422620917 0.21231101088290255 0.34003311233903893 0.2033554209068804 0.3925029812146671
1 0.16299693522604466 0.37339155494268217 0.17215896958232957 0.4202542865695666 0.20899563220461095 0.40623981725031405 0.19983360884168994 0.3593770856234296
1 0.21748180554304755 0.33772021729742463 0.1746242644120362 0.27692165662295853 0.14196714681575895 0.3217182715334485 0.18482467695340643 0.382516770866049
1 0.215523689555847 0.3286681822196922 0.24052726020043452 0.3187027054216394 0.2354369149771479 0.2938494351641018 0.21043334433256033 0.30381491196215454
1 0.19643551609358115 0.2715868159155151 0.2293027278669286 0.2770887518647927 0.2321660594225617 0.24380355144864949 0.19929884764921424 0.23830161549937187
1 0.25272707980373066 0.2186950990303078 0.24181992588537915 0.13653306817289573 0.2112316384439166 0.14443494327104273 0.22213877037554033 0.2265969127865892
1 0.1833182343144925 0.17239511767823493 0.16681283076833237 0.15175235307396356 0.1549771003833078 0.17016797856469848 0.1714824929361041 0.19081068182710428
1 0.23851945420850595 0.08127821725816584 0.17989793497135043 0.0790680084995289 0.17885622579701008 0.13283427636228015 0.2374777450341656 0.13504448512091707
1 0.1715716161370621 0.083447265625 0.11571109123120046 0.11127727259343594 0.1287337751141199 0.16214292900047111 0.18459430001998153 0.13431292203203518
1 0.107863885181438 0.1138267018687186 0.12363044672809348 0.0994459602701005 0.11351050561030934 0.07785527981705402 0.09774394406365386 0.09223602141567211
1 0.07364317594412768 0.0890488821058417 0.05846053241652783 0.12478929069173995 0.08250560815464866 0.1446660794205402 0.09768825168224851 0.10892573217650754
1 0.05926673625319423 0.12207939109610552 0.03497978177469127 0.0954595364517902 0.01799821991054744 0.12560894069959172 0.0422851743890504 0.15222873400204145
1 0.0019254474887243265 0.10230485925722362 0.0291066128513655 0.09770894266253141 0.0266068538259017 0.06893991441582914 -0.0005743102484546408 0.07353583101052136
1 0.1226228059884107 0.031437828792399494 0.14830562360692093 0.030085915416928392 0.14777569949455152 0.01049547051664573 0.1220928818760413 0.011847383892116835
1 0.17060292488559867 0.3703240936125942 0.13751441669738945 0.3493433353289887 0.12387845701717849 0.39119130810301506 0.1569669652053877 0.41217206638662063
1 0.08323934923331401 0.3829683696804334 0.04757753641529798 0.3762456692642902 0.04255624875555121 0.4280788095752199 0.07821806432190821 0.4348015099913631
1 0.13172111181429552 0.4135178455755339 0.11761024980792395 0.3475754627630339 0.09675538780366309 0.35625963067289573 0.11086626080339855 0.4222020134853957
1 0.0650165568854692 0.37022606931140073 0.07699215583911204 0.4128254185968907 0.1078359950172798 0.3959522956579774 0.09586039606363697 0.35335294637248743
1 0.20473629734358115 0.544459909410333 0.217944120467568 0.5653410485042399 0.2307709355862752 0.5495530631673995 0.2175630904755606 0.5286718627316269
1 0.12186625367969876 0.5497607053823806 0.08854253147795839 0.5345634422110552 0.08231504918518946 0.5611360022770101 0.11563877688361177 0.576333326790201
1 0.12734532424970732 0.5757617432867462 0.14440646432662216 0.5723618090452262 0.14195383385210283 0.5484122884932475 0.12489270476855187 0.5518122840766332
1 0.24648966500669803 0.6995188957482726 0.22104361146602575 0.6817705470712939 0.2152952474544646 0.6978081324591708 0.24074130099513688 0.715556542478015
1 0.21147505350690066 0.6958903403737438 0.18689633240273776 0.7107975792046168 0.19159982115116175 0.7258884142391646 0.21617854225532465 0.7109811754082914
1 0.15651157610011032 0.7026053730566897 0.1982041724477103 0.7000766159901067 0.19745433708432772 0.6760191950965766 0.15576175173009163 0.678547890821294
1 0.2027779834758308 0.693156517450534 0.22398653497613472 0.6820620436165201 0.21967133183987753 0.6660097361809045 0.19846278033957357 0.677104271356784
1 0.046683429641064034 0.29978757311950377 0.01892406452629683 0.2879333189384422 0.01182286814928742 0.3202927479192839 0.03958223601239559 0.3321470021003455
1 0.0399002932677695 0.2793730615970477 0.027479647215917405 0.17974552940483668 -0.0029574845641078453 0.18712967915750628 0.009463163892542594 0.2867572113497173
1 -0.006045386839325215 0.12472690601444723 0.0038108798200184057 0.18277925270885678 0.0202259344051482 0.17735589568938442 0.01036966774580458 0.11930354899497488
1 0.0062069356956811735 0.39054359934437816 0.014597167199214528 0.4221449042085427 0.03992186499603887 0.40906080696451 0.03153163349250552 0.3774594407584799
1 0.032620047973281024 0.43886865970477384 0.029818334222183447 0.36200521651224876 -0.0015897795515032941 0.36423303038630656 0.0012119323101098668 0.44109647357883164
1 0.47986345538488384 0.9195586084720477 0.4305529855513779 0.9214962753219221 0.43153003175938853 0.9698794877708857 0.48084045761943894 0.9679418209210113
1 0.42462448427931376 0.935473203419441 0.3263749224308245 0.9380230620877826 0.32718335242367613 0.9986392533958857 0.42543293625889317 0.996089394727544
1 0.21167610014549937 0.9759436219181846 0.28071985602035304 1.0194702761856156 0.2984285382097667 0.9648079263505025 0.2293847823349131 0.9212812720830716
1 0.32892982416949973 0.9649733653619661 0.2936732047572947 0.9639041766449434 0.29316634472234104 0.9964289832953832 0.32842296413454614 0.9974981106705402
1 0.22659787664495903 0.9237723039023241 0.18030742678243764 0.8947607299191269 0.16251656919803675 0.9500003680511935 0.208807030053922 0.9790118806925251
1 0.21448925798839383 0.9758906225463254 0.19226225927171514 0.9753560281878141 0.19199520847639365 0.9969635163120288 0.2142222071930723 0.9974981106705402
1 0.194567743570729 0.8919939664141018 0.1824390510317228 0.8684542095241834 0.17105238856774585 0.8798709121780779 0.1831810701133882 0.9034106690679963
1 0.1821452094086309 0.8669915127394786 0.16563214348784785 0.8318323796717965 0.15210549082467467 0.8441950965766332 0.16861855674545773 0.8793542296443153
1 0.18275547302421988 0.8651140222597362 0.19574717760773144 0.9081565051821608 0.22271354741253152 0.8923176674387563 0.20972183183565607 0.8492751845163317
1 0.04554870011827101 0.7948180845634422 0.07403306658742063 0.8625147833896043 0.11207179308624707 0.8313691259029523 0.08358743211377938 0.7636724270767902
1 0.11110125494965216 0.7911141400361181 0.09713826468080196 0.8487013927057161 0.13937315267513395 0.8686290338410804 0.15333614294398415 0.811041842513348
1 0.14882753355702338 0.8473893515428707 0.11873103424863787 0.867914830500157 0.12707444776375632 0.8917215471890704 0.1571709470721418 0.871196068231784
1 0.07180529437765952 0.7479957158841081 0.11638979953029313 0.8249479820979899 0.1681206343153368 0.7666242589902639 0.12353612366602125 0.6896720541182475
1 0.11161960304985816 0.7070219873782977 0.057322334487431334 0.6133116755653266 0.031474597172366094 0.6424554412688442 0.08577186298645195 0.7361657530818153
1 0.12478573933802008 0.690528079852387 0.10371025151409402 0.6415284429962311 0.08602008214945064 0.6563348358000942 0.10709556997337671 0.70533447265625
1 0.03348306826280929 0.5745544740303078 0.0151361787009995 0.5937495092650754 0.03694470265413224 0.6343126766645729 0.05529159084177154 0.6151177027716709
1 0.04732341381589686 0.5883439413866206 0.0479893148460718 0.49220111789415827 0.00044798700713286825 0.49156034076633165 -0.00021791466718448343 0.587703164258794
1 0.020051216873037025 0.8832077869817839 0.0193497289498189 0.8210693972793656 0.0013351516867920713 0.8214651136542085 0.00203663918058192 0.8836035033566269
1 0.16828387477555948 0.9132789190091081 0.16113980427942634 0.8817869866912689 0.1530025163370182 0.8853791663395101 0.16014658683315133 0.9168710986573493
1 0.2874195197817228 0.09647811812971105 0.27783733005138916 0.060972280837782666 0.2661990075015197 0.06708438432396356 0.2757811972318534 0.10259016027402638
1 0.3436780814135109 0.10798315307003768 0.356399580106268 0.10822299976444724 0.35652347531717177 0.09543432494503769 0.34380197662441464 0.09519447825062814
1 0.37459364129761796 0.10913901784312185 0.3758471925938851 0.09748148702496859 0.3639517792363675 0.09499235680354899 0.3626982279401004 0.10664994896356784
1 0.38275753318061057 0.09681678656956658 0.38247856557884546 0.11199583120681533 0.39780683270105366 0.11254398211761935 0.3980858003028188 0.0973649374803706