0 0.057003257328990226 0.0 0.057003257328990226 0.044989775051124746 0.0 0.044989775051124746 0.0 0.0
0 0.04804560260586319 0.050102249488752554 0.04804560260586319 0.1278118609406953 0.0 0.1278118609406953 0.0 0.050102249488752554
0 0.039902280130293157 0.17177914110429449 0.039902280130293157 0.22699386503067484 0.0 0.22699386503067484 0.0 0.17177914110429449
0 0.02687296416938111 0.22699386503067484 0.02687296416938111 0.2955010224948875 0.0 0.2955010224948875 0.0 0.22699386503067484
0 0.05130293159609121 0.2392638036809816 0.05130293159609121 0.28016359918200406 0.026058631921824105 0.28016359918200406 0.026058631921824105 0.2392638036809816
0 0.041291435140831584 0.2803440394562733 0.03654914734623492 0.3041621556598099 0.0193044644567925 0.29874894743173336 0.024046752251389168 0.2749308312281967
0 0.011400651465798045 0.2955010224948875 0.011400651465798045 0.3394683026584867 0.0 0.3394683026584867 0.0 0.2955010224948875
0 0.010586319218241042 0.4222903885480573 0.010586319218241042 0.4570552147239264 0.0 0.4570552147239264 0.0 0.4222903885480573
0 0.05618892508143322 0.22699386503067484 0.05618892508143322 0.3946830265848671 0.0 0.3946830265848671 0.0 0.22699386503067484
0 0.13599348534201955 0.0 0.13599348534201955 0.02147239263803681 0.10586319218241043 0.02147239263803681 0.10586319218241043 0.0
0 0.13634725262989267 0.040103590465654225 0.13446494366422812 0.06610178014683697 0.10590324130933945 0.06284153005464482 0.107785550275004 0.03684334037346206
0 0.1343648208469055 0.05010224948875254 0.10656828473822194 0.04622425058606413 0.10899141971875742 0.018841338720135662 0.136787955827441 0.022719337622824076
0 0.10322816949490064 0.0600905510756289 0.13069854771489126 0.06468954554790544 0.128173762143863 0.08846590046525751 0.10070338392387237 0.08386690599298097
0 0.09614183726856931 0.1165273318711127 0.1025552311353395 0.08592665585894872 0.11983131086395167 0.09163514415588547 0.11341791699718148 0.12223582016804944
0 0.09981063951267401 0.1172839028616963 0.12672365280898418 0.12090454049621305 0.1256577298922576 0.13339625609564262 0.09874471659594745 0.1297756184611259
0 0.09520158564316882 0.1279411197283636 0.12502765656689818 0.12956939460585715 0.1240827238645443 0.15685843268896865 0.09425665294081494 0.1552301578114751
0 0.09468178401403159 0.15302029259084474 0.12083437734903535 0.15958785590687433 0.11670007516913057 0.1855434953594463 0.0905474818341268 0.17897593204341672
0 0.11384991230268104 0.208628283781658 0.0898709596592333 0.20041686330029893 0.09496366825357055 0.1769702689948089 0.1189426208970183 0.185181689476168
0 0.11162615885742926 0.2171621834198522 0.08777248809822101 0.2134182790624509 0.08931345527436733 0.19793927953437157 0.11316712603357558 0.20168318389177287
0 0.1046699132453962 0.25700054668043487 0.08902828393588545 0.2589645467614246 0.08850420872706163 0.25238413411893335 0.10414583803657239 0.2504201340379436
0 0.11482084690553745 0.21267893660531698 0.11482084690553745 0.24539877300613497 0.08631921824104234 0.24539877300613497 0.08631921824104234 0.21267893660531698
0 0.11333390321593753 0.26042266888113075 0.08328684291036045 0.2584369951078422 0.08518995087012075 0.21303483261589218 0.11523701117569782 0.21502050638918077
0 0.10083035189832865 0.29858526936873514 0.08016500240294762 0.27696201682926014 0.09518342500133499 0.25433303161353044 0.11584877449671602 0.27595628415300544
0 0.07737344369659317 0.2919439878927926 0.10749617674249816 0.2989482134817442 0.10285210689568768 0.3304367165166826 0.07272937384978269 0.323432490927731
0 0.07023167652891378 0.3395058024709876 0.07591209193791164 0.29195604021979893 0.10808717536216879 0.2980160099199504 0.10240675995317093 0.3455657721711391
0 0.09624564753453892 0.3785522882730413 0.0666348421880265 0.4653056907129257 0.03400539144108725 0.447746985403004 0.06361619678759968 0.36099358296311956
0 -0.006877970011099495 0.5323755555575266 0.022274582897539422 0.4211537739477705 0.07191188305826321 0.44166605319929886 0.0427593301496243 0.552887834809055
0 0.08469055374592833 0.38854805725971364 0.06881107491856675 0.40848670756646216 0.0565960912052117 0.39314928425357876 0.0724755700325733 0.3732106339468302
0 0.05211726384364821 0.5460122699386503 0.05211726384364821 0.7259713701431493 0.0 0.7259713701431493 0.0 0.5460122699386503
0 0.08469055374592833 0.556237218813906 0.08469055374592833 0.614519427402863 0.05618892508143322 0.614519427402863 0.05618892508143322 0.556237218813906
0 0.05033826108744675 0.6538618845367312 0.05324480080180406 0.6246657228252321 0.07599599097970434 0.6282365895862829 0.07308945126534705 0.6574327512977821
0 0.050904563357441875 0.6560661254602109 0.08534018958386705 0.657337836906321 0.08432737704779572 0.7005760260740614 0.04989175082137055 0.6993043146279514
0 0.05090569635338047 0.6969424908973015 0.09556868808477612 0.7018190049762696 0.0919874595889532 0.7535307726838476 0.047324467857557555 0.7486542586048794
0 0.06921824104234528 0.7535787321063395 0.06921824104234528 0.8067484662576687 0.046416938110749185 0.8067484662576687 0.046416938110749185 0.7535787321063395
0 0.06677524429967427 0.8036809815950919 0.0685380341061506 0.832455190665223 0.041200421536692844 0.8350956333453625 0.03943763173021651 0.8063214242752313
0 0.11726384364820847 0.7668711656441718 0.11726384364820847 0.8282208588957055 0.08713355048859935 0.8282208588957055 0.08713355048859935 0.7668711656441718
0 0.0985342019543974 0.8312883435582822 0.0985342019543974 0.8568507157464212 0.06758957654723127 0.8568507157464212 0.06758957654723127 0.8312883435582822
0 0.05234673901565304 0.8595459204748863 0.08057421592598307 0.8577737659940129 0.08187389831609898 0.8904120067928337 0.05364642140576895 0.8921841612737071
0 0.09446254071661238 0.8885480572597138 0.09446254071661238 0.9355828220858896 0.057003257328990226 0.9355828220858896 0.057003257328990226 0.8885480572597138
0 0.10824995051019493 0.5647363544950231 0.10624786294023435 0.6124998587714244 0.08594579516619577 0.6111581873029861 0.08794788273615635 0.5633946830265849
0 0.14169381107491857 0.5552147239263804 0.14169381107491857 0.5828220858895705 0.11807817589576547 0.5828220858895705 0.11807817589576547 0.5552147239263804
0 0.14169381107491857 0.5828220858895705 0.14169381107491857 0.6104294478527608 0.11807817589576547 0.6104294478527608 0.11807817589576547 0.5828220858895705
0 0.12416171680398538 0.6166847106940937 0.16689020885227052 0.6300974377481056 0.15865108258287028 0.6714784073138458 0.11592259053458515 0.658065680259834
0 0.08993793728196134 0.654463280938033 0.09246863134360002 0.6083880882370735 0.10976813214347668 0.6098861340012826 0.107237438081838 0.655961326702242
0 0.10658883477924339 0.6565328311972302 0.10229948076240847 0.7103909777480816 0.08335214628954751 0.7080119054850271 0.08764150030638243 0.6541537589341757
0 0.13033196373255757 0.6632288843320929 0.12571704476665416 0.7072678574660225 0.10069171121749597 0.7031333308275597 0.10530663018339934 0.6590943576936301
0 0.11280380856928089 0.715557652980966 0.10856928088198448 0.7580934403020294 0.09203207216236532 0.7554978763567721 0.09626659984966174 0.7129620890357087
0 0.12765717083090133 0.7157877938934005 0.12225339383555199 0.7598910126836649 0.10683285948296961 0.7569121836471743 0.11223663647831895 0.7128089648569099
0 0.15973919295180858 0.6690145445690973 0.15637859433483325 0.7140241162298545 0.12658648949487752 0.7105171468334333 0.12994708811185285 0.665507575172676
0 0.14504215366928527 0.7111933116805004 0.1420770262502395 0.7595934079153133 0.1225234719294884 0.7577047997112955 0.12548859934853418 0.7093047034764826
0 0.16612377850162866 0.7116564417177914 0.16612377850162866 0.7607361963190185 0.14332247557003258 0.7607361963190185 0.14332247557003258 0.7116564417177914
0 0.1742671009771987 0.6728016359918201 0.1742671009771987 0.7096114519427403 0.16123778501628663 0.7096114519427403 0.16123778501628663 0.6728016359918201
0 0.1433992993669719 0.6658178029864568 0.15148116280499047 0.6303005749122197 0.1800903447852007 0.6405641085002122 0.17200848134718214 0.6760813365744491
0 0.1629424961026122 0.569012437038982 0.16552491159583774 0.62089311148775 0.14443465696650146 0.6225482004885695 0.14185224147327594 0.5706675260398015
0 0.14712112368435917 0.5724139153870704 0.14355312458812677 0.5432934974053453 0.16631677053717686 0.5388961783514782 0.1698847696334093 0.5680165963332032
0 0.18421824104234524 0.5250920245398772 0.1884364820846905 0.562167689161554 0.17076547231270353 0.5653374233128833 0.16654723127035828 0.5282617586912065
0 0.18078175895765472 0.5869120654396728 0.18078175895765472 0.6206543967280164 0.16205211726384364 0.6206543967280164 0.16205211726384364 0.5869120654396728
0 0.18322475570032573 0.621676891615542 0.18322475570032573 0.6411042944785276 0.16612377850162866 0.6411042944785276 0.16612377850162866 0.621676891615542
0 0.1948645749011376 0.7638462342765577 0.19615433774744667 0.830243964119062 0.14531860628149368 0.8318008068104727 0.14402884343518463 0.7654030769679685
0 0.12003697508583504 0.793013872768474 0.12388854652698303 0.7639971259603162 0.1468659212958887 0.7688056154313824 0.14301434985474074 0.7978223622395402
0 0.11370834377349037 0.8380273714016045 0.11493610623903786 0.8102784332232187 0.12729391130042597 0.8111404750668555 0.1260661488348785 0.8388894132452415
0 0.09552340368569007 0.8866809535815334 0.09432421578689036 0.8460262767179316 0.1155280888849226 0.845040199456537 0.11672727678372229 0.8856948763201389
0 0.11889250814332247 0.8834355828220859 0.11889250814332247 0.9366053169734151 0.09446254071661238 0.9366053169734151 0.09446254071661238 0.8834355828220859
0 0.18485342019543974 0.9325153374233128 0.3965798045602606 0.9325153374233128 0.3965798045602606 0.9989775051124744 0.18485342019543974 0.9989775051124744
0 0.1473941368078176 0.8977505112474438 0.1473941368078176 0.9325153374233128 0.12133550488599348 0.9325153374233128 0.12133550488599348 0.8977505112474438
0 0.12478350679272268 0.891096812808619 0.11179788670850882 0.8468402414085492 0.14127075554143165 0.8332061449448851 0.1542563756256455 0.877462716344955
0 0.15655813816380973 0.8663816635667952 0.15535690597963062 0.8347074554219989 0.16754425398322695 0.8339787543143731 0.16874548616740603 0.8656529624591695
0 0.1713902386927965 0.8873830835763852 0.16834650504618998 0.9294227094438298 0.14756768302451007 0.9270508565489959 0.15061141667111658 0.8850112306815514
0 0.2003257328990228 0.8916155419222904 0.2003257328990228 0.9253578732106339 0.17263843648208468 0.9253578732106339 0.17263843648208468 0.8916155419222904
0 0.19136807817589577 0.8670756646216768 0.19136807817589577 0.8905930470347648 0.1775244299674267 0.8905930470347648 0.1775244299674267 0.8670756646216768
0 0.20195439739413681 0.8292433537832311 0.20195439739413681 0.8670756646216768 0.18648208469055375 0.8670756646216768 0.18648208469055375 0.8292433537832311
0 0.21661237785016288 0.8210633946830266 0.21661237785016288 0.8292433537832311 0.20521172638436483 0.8292433537832311 0.20521172638436483 0.8210633946830266
0 0.22394136807817588 0.7699386503067485 0.22394136807817588 0.8067484662576687 0.20358306188925082 0.8067484662576687 0.20358306188925082 0.7699386503067485
0 0.23687967043494917 0.7765367496691927 0.2335265376508909 0.8312702995308553 0.21995114006514652 0.8299591002044989 0.22330427284920476 0.7752255503428364
0 0.18485342019543974 0.7147239263803681 0.18485342019543974 0.7576687116564417 0.16612377850162866 0.7576687116564417 0.16612377850162866 0.7147239263803681
0 0.22149837133550487 0.7198364008179959 0.22149837133550487 0.7638036809815951 0.1962540716612378 0.7638036809815951 0.1962540716612378 0.7198364008179959
0 0.21349875455068018 0.6874172982076265 0.20698409657022415 0.7201371346084445 0.18552404675225134 0.7134006977023938 0.19203870473270737 0.6806808613015758
0 0.21579804560260588 0.6431492842535788 0.21579804560260588 0.6860940695296524 0.19299674267100977 0.6860940695296524 0.19299674267100977 0.6431492842535788
0 0.24009765214976936 0.6237601452325378 0.1934331976677253 0.6454140785429129 0.18079259414764295 0.6024667423440428 0.22745704862968702 0.5808128090336677
0 0.21815960912052115 0.5606339468302658 0.2216775244299674 0.5915541922290388 0.20605863192182408 0.5943558282208589 0.20254071661237782 0.5634355828220858
0 0.2210285642696066 0.5134104137171622 0.231520922074668 0.5792826805096744 0.21194562766224 0.5841985213150857 0.20145326985717862 0.5183262545225735
0 0.20314332247557002 0.5186298568507156 0.2077361563517915 0.5589979550102249 0.18926710097719868 0.5623108384458078 0.18467426710097717 0.5219427402862984
0 0.064185667752443 0.5207157464212677 0.06102605863192182 0.5484867075664621 0.045179153094462535 0.5456441717791409 0.04833876221498371 0.5178732106339468
0 0.08944826201418946 0.5457531445219487 0.04655860961135157 0.5477477098915875 0.045341573334523225 0.506487940163039 0.08823122573736111 0.5044933747934
0 0.08957654723127036 0.5081799591002045 0.08957654723127036 0.5449897750511248 0.0781758957654723 0.5449897750511248 0.0781758957654723 0.5081799591002045
0 0.09039087947882736 0.5010224948875256 0.11237785016286644 0.5010224948875256 0.11237785016286644 0.5449897750511248 0.09039087947882736 0.5449897750511248
0 0.13029315960912052 0.5061349693251533 0.13029315960912052 0.5449897750511248 0.11156351791530944 0.5449897750511248 0.11156351791530944 0.5061349693251533
0 0.15991569266142938 0.5385420425839048 0.13266909369611038 0.5461445928064478 0.126001149645526 0.5084686635390354 0.153247748610845 0.5008661133164923
0 0.15062823180969154 0.5011291442607334 0.19809184205153835 0.4775677630030933 0.20840011517964066 0.5103067293363253 0.16093650493779385 0.5338681105939653
0 0.20198955526246773 0.47552455061528653 0.24070596999608507 0.468819274923462 0.244423201912588 0.5026582480856557 0.20570678717897067 0.5093635237774803
0 0.25977198697068404 0.4723926380368098 0.25977198697068404 0.5 0.24267100977198697 0.5 0.24267100977198697 0.4723926380368098
0 0.27477449260836884 0.46330816422840954 0.2795038837384114 0.49299984269309416 0.2624342270107742 0.4972864558754128 0.2577048358807316 0.46759477741072825
0 0.30015328607012837 0.4594610850475158 0.30518298524621573 0.4847227234452063 0.27989078367503345 0.4926620955130519 0.2748610844989461 0.46740045711536143
0 0.307366574793285 0.45559226050023605 0.3313204710598849 0.45183262545225744 0.3339138060636433 0.47788264904829336 0.3099599097970434 0.48164228409627197
0 0.05491329479768785 0.501719919146069 0.059149705334111555 0.46714422497251673 0.07958803261094688 0.4710923555208813 0.07535162207452316 0.5056680496944336
0 0.07671232876712332 0.503143121270695 0.07926910891972694 0.47264476006387096 0.09647940743384947 0.47491946101913335 0.09392262728124585 0.5054178222259574
0 0.11074918566775244 0.47137014314928427 0.11074918566775244 0.5051124744376279 0.09283387622149837 0.5051124744376279 0.09283387622149837 0.47137014314928427
0 0.11348917417129717 0.506892818477084 0.11178386664111897 0.47905689883315283 0.12486108449894615 0.4777938169132683 0.1265663920291243 0.5056297365571994
0 0.12851043225636058 0.5080417841154038 0.12483493265252223 0.4803515171613332 0.1479443612994102 0.4755153926933069 0.15161986090324855 0.5032056596473775
0 0.14121479210576737 0.4556718392878624 0.19409848630005747 0.43907133405509446 0.2027208277447787 0.48237699987970645 0.1498371335504886 0.49897750511247446
0 0.2027428462206223 0.47694761526192364 0.19911120314105268 0.44654776726116363 0.21663228817406402 0.4432477837610812 0.22026393125363364 0.47364763176184116
0 0.23452768729641693 0.4447852760736196 0.23452768729641693 0.4754601226993865 0.21742671009771988 0.4754601226993865 0.21742671009771988 0.4447852760736196
0 0.23186544725632677 0.44545383042315567 0.2520671510899524 0.44038068271197117 0.2567652217489351 0.46987572754443935 0.2365635179153095 0.47494887525562385
0 0.2556690052618392 0.46503854019191443 0.25128413931345533 0.4375098316816109 0.26882360310699077 0.4331052383199624 0.2732084690553746 0.46063394683026593
0 0.2852042094713104 0.4173352210162027 0.2915309446254072 0.45705521472392646 0.27414808318717115 0.46142048135913166 0.26782134803307445 0.42170048765140794
0 0.30978501628664495 0.4103149284253579 0.31527035830618894 0.4481963190184049 0.2920521172638436 0.4534969325153374 0.28656677524429963 0.41561554192229044
0 0.3070472752883177 0.43693693693693697 0.3279117880095079 0.43257060741723324 0.3333480059864425 0.47352567291217607 0.31248349326525227 0.4778920024318798
0 0.3289902280130293 0.41922290388548056 0.3542345276872964 0.41922290388548056 0.3542345276872964 0.45296523517382414 0.3289902280130293 0.45296523517382414
0 0.32930560524185204 0.44991548163646466 0.3507842066615202 0.4457663983356384 0.3536932085631978 0.4695083750014775 0.3322146071435296 0.47365745830230377
0 0.3298045602605863 0.4100204498977505 0.3298045602605863 0.4335378323108384 0.31758957654723124 0.4335378323108384 0.31758957654723124 0.4100204498977505
0 0.11572605649363146 0.46711235809247653 0.07471364728187657 0.47692114931110247 0.06928238975331256 0.44111816640041523 0.11029479896506746 0.43130937518178925
0 0.1339338901633734 0.41056551526580887 0.13586674102333363 0.44939644951580693 0.1090983409168684 0.4514971394014625 0.10716549005690817 0.41266620515146446
0 0.11582942354241996 0.4602540290050842 0.13712159698771775 0.45223354158458556 0.1424110211278128 0.4743719630025703 0.121118847682515 0.48239245042306894
0 0.13907474249493793 0.45470623998231363 0.13438682982656924 0.41938871386724147 0.15591161193767056 0.41488420936273696 0.16059952460603924 0.4502017354778091
0 0.16226951818061222 0.45045757802885195 0.1552684717084027 0.425843673949051 0.177553908057836 0.41585005875875597 0.18455495453004553 0.4404639628385569
0 0.19807065898271115 0.43880761365423954 0.18194061638687048 0.44285826647789844 0.17790027562014535 0.41749252792197583 0.194030318215986 0.41344187509831687
0 0.21416938110749187 0.4171779141104294 0.22076547231270355 0.44202453987730056 0.20268729641693808 0.4495910020449897 0.19609120521172635 0.42474437627811856
0 0.24185667752442996 0.4059304703476483 0.24185667752442996 0.4335378323108384 0.2271986970684039 0.4335378323108384 0.2271986970684039 0.4059304703476483
0 0.26713229766975694 0.4224870221802738 0.24364194437484338 0.4283860311467674 0.23838010523678277 0.3953515809344031 0.2618704585316963 0.3894525719679095
0 0.28937535926422686 0.41657644652953213 0.26868173979689597 0.4230722964032239 0.26278980647633643 0.3934800914230722 0.2834834259436673 0.38698424154938044
0 0.287521924329742 0.38508730533270413 0.3137810072663493 0.3809658644014473 0.3166374342270108 0.40965864401447233 0.29037835129040346 0.41378008494572915
0 0.34441852275728496 0.34833913668269495 0.3491944713443085 0.3843199027248107 0.32516066555154505 0.389349472171558 0.32038471696452153 0.3533687061294423
0 0.32135751386565725 0.3585253965622064 0.31697332511664766 0.3236610843972808 0.3444053173694868 0.31822251699552323 0.3487895061184964 0.35308682916044876
0 0.31474838586189335 0.3485377142893929 0.3281451340016612 0.3847681522347898 0.313885347488302 0.3930811536918182 0.3004885993485342 0.3568507157464213
0 0.30953428999031607 0.37898634831150174 0.29487630953429 0.3820538329740784 0.2915309446254072 0.35685071574642124 0.30618892508143325 0.3537832310838446
0 0.2939739413680782 0.35480572597137017 0.2939739413680782 0.38650306748466257 0.2785016286644951 0.38650306748466257 0.2785016286644951 0.35480572597137017
0 0.2614319719368579 0.36318231870379103 0.2896203958907541 0.3561035079439987 0.29375469807065896 0.38205914739657065 0.2655662741167627 0.389137958156363
0 0.26465798045602607 0.37116564417177916 0.26465798045602607 0.3895705521472393 0.252442996742671 0.3895705521472393 0.252442996742671 0.37116564417177916
0 0.19481701475378427 0.41302778780223753 0.1750814332247557 0.41922290388548056 0.17009963594558344 0.3942018525201491 0.189835217474612 0.3880067364369061
0 0.22231270358306188 0.3773006134969325 0.22231270358306188 0.4110429447852761 0.19299674267100977 0.4110429447852761 0.19299674267100977 0.3773006134969325
0 0.14633550488599348 0.3618609406952965 0.12247557003257327 0.4517382413087935 0.0780130293159609 0.4331288343558282 0.10187296416938109 0.3432515337423312
0 0.1380245257712205 0.4032960423433177 0.13617551255029697 0.3731143991338866 0.15336271316344127 0.3714543486106098 0.1552117263843648 0.40163599182004084
0 0.15798045602605862 0.3967280163599182 0.15798045602605862 0.4550102249488753 0.13762214983713356 0.4550102249488753 0.13762214983713356 0.3967280163599182
0 0.19691521269390785 0.34879224118730895 0.2000838520334118 0.3885784283949868 0.16855871254877933 0.3925367996922392 0.16539007320927535 0.35275061248456135
0 0.22926584815835635 0.38005348434796293 0.20358306188925085 0.3865030674846626 0.19778877474317216 0.3501258455246185 0.22347156101227766 0.3436762623879188
0 0.22675483356866258 0.34817048017764207 0.2551952999398862 0.3396679744069091 0.2635221092952706 0.38358039969456803 0.23508164292404693 0.392082905465301
0 0.2776723545408361 0.3615598206412637 0.26041448764306846 0.3680606367610363 0.2542509637510086 0.3422637473968593 0.27150883064877623 0.33576293127708673
0 0.2934039087947882 0.3547034764826176 0.2787459283387622 0.3608384458077709 0.2721498371335505 0.33599182004089984 0.2868078175895765 0.32985685071574644
0 0.2929549712241144 0.36057778907996657 0.2864782872862906 0.3296751327124194 0.3118512767717001 0.32129120442480696 0.31832796070952396 0.35219386079235415
0 0.3434039087947882 0.3170756646216769 0.3177524429967426 0.3278118609406953 0.31001628664495107 0.29867075664621673 0.3356677524429967 0.28793456032719833
0 0.31433224755700323 0.2985685071574642 0.31433224755700323 0.32515337423312884 0.2956026058631922 0.32515337423312884 0.2956026058631922 0.2985685071574642
0 0.29564662382251955 0.2999226220085116 0.29894797077207497 0.3247941192726469 0.2845540980720134 0.32780633394130326 0.28125275112245796 0.30293483667716803
0 0.28216612377850164 0.3021472392638037 0.28695815585066403 0.33223218499292123 0.25548108243547984 0.3401368570080227 0.25068905036331746 0.3100519112789052
0 0.24826109838840446 0.31337905537546557 0.251354849721918 0.3425134621051786 0.22943188768615846 0.3461837275966459 0.226338136352645 0.3170493208669328
0 0.2071535955900777 0.3150070788107598 0.22629666750187927 0.3120025169104924 0.22936607366574796 0.3428346704420325 0.2102230017539464 0.3458392323422999
0 0.20985821038513125 0.3464453265968965 0.18782333780417707 0.35336220377721644 0.18145238551446635 0.32136412847347523 0.20348725809542056 0.31444725129315526
0 0.18485342019543974 0.3149284253578732 0.18485342019543974 0.35276073619631904 0.16693811074918566 0.35276073619631904 0.16693811074918566 0.3149284253578732
0 0.17187200613144285 0.32232647660291114 0.1478013029315961 0.3726993865030675 0.13031711055757808 0.35952724648141465 0.15438781375742483 0.3091543365812583
0 0.15067652217489355 0.3095642598710084 0.14728138311200203 0.3436683970426302 0.11921824104234531 0.3392638036809817 0.1226133801052368 0.3051596665093599
0 0.15798045602605862 0.3476482617586912 0.14690553745928336 0.3754601226993865 0.11628664495114002 0.3562372188139059 0.12736156351791525 0.32842535787321064
0 0.12768729641693813 0.30429447852760744 0.12461789025306941 0.3351266320591475 0.10407166123778504 0.33190184049079763 0.10714106740165373 0.30106968695925757
0 0.11783983475013901 0.30126190832460464 0.12057082704377531 0.2704000199511197 0.13710574402160958 0.2727068681729761 0.1343747517279733 0.3035687565464611
0 0.12793491237637625 0.2547122671626461 0.15935118723009123 0.26880048857674266 0.14754152725986414 0.3103202583534594 0.11612525240614911 0.29623203693936284
0 0.1791530944625407 0.278118609406953 0.1791530944625407 0.31390593047034765 0.15228013029315962 0.31390593047034765 0.15228013029315962 0.278118609406953
0 0.18041431635814725 0.28623622125791803 0.20910463176292993 0.2822335278567509 0.2116568681973464 0.3110753653548805 0.1829665527925637 0.31507805875604766
0 0.21077792680590146 0.2830867316251653 0.23008239126269392 0.2812221821243834 0.23194098486300052 0.31156020690484776 0.21263652040620803 0.31342475640562967
0 0.24545853169631673 0.2782365895862829 0.25106489601603615 0.3134340097530282 0.23477825106489608 0.31752398930313047 0.2291718867451767 0.2823265691363851
0 0.2740822255480236 0.26928646437848885 0.2820406725944185 0.3017631128060575 0.2630425213487102 0.30910296799867343 0.2550840743023153 0.2766263195711048
0 0.2941720221850515 0.30006079699331234 0.27964609560700765 0.3031006466589289 0.2752442996742671 0.2699386503067484 0.2897702262523109 0.26689880064113186
0 0.31026058631921827 0.261758691206544 0.31026058631921827 0.2995910020449898 0.2907166123778502 0.2995910020449898 0.2907166123778502 0.261758691206544
0 0.3321132219025654 0.24836773991312527 0.3363394279464562 0.2943576194527786 0.3113958962409948 0.2979714298508799 0.30716969019710405 0.2519815503112266
0 0.11400651465798045 0.20756646216768918 0.13517915309446255 0.20756646216768918 0.13517915309446255 0.25255623721881393 0.11400651465798045 0.25255623721881393
0 0.12125407166123776 0.18333333333333332 0.14128664495114007 0.19171779141104292 0.13566775244299673 0.21288343558282208 0.11563517915309446 0.20449897750511245
0 0.13599348534201955 0.15644171779141106 0.13599348534201955 0.18609406952965235 0.12133550488599348 0.18609406952965235 0.12133550488599348 0.15644171779141106
0 0.14351408315769307 0.1288945025863106 0.1393945200229929 0.1495849873691808 0.1234910902471738 0.14459280644773245 0.12761065338187394 0.12390232166486226
0 0.15879478827361562 0.10940695296523517 0.15879478827361562 0.12474437627811862 0.13762214983713356 0.12474437627811862 0.13762214983713356 0.10940695296523517
0 0.15960912052117263 0.08997955010224949 0.15960912052117263 0.11349693251533742 0.14332247557003258 0.11349693251533742 0.14332247557003258 0.08997955010224949
0 0.15798045602605862 0.06339468302658487 0.15798045602605862 0.08997955010224949 0.12866449511400652 0.08997955010224949 0.12866449511400652 0.06339468302658487
0 0.1083688298672012 0.0709454145036967 0.10226133801052367 0.03260185622148812 0.14704961162615882 0.021354412458706933 0.15315710348283634 0.05969797074091551
0 0.14454397394136803 0.23568507157464208 0.1608306188925081 0.25613496932515334 0.14698697068403904 0.2735173824130879 0.13070032573289897 0.2530674846625766
0 0.15960912052117263 0.25255623721881393 0.17996742671009772 0.25255623721881393 0.17996742671009772 0.28016359918200406 0.15960912052117263 0.28016359918200406
0 0.17950413046422284 0.2556371463219271 0.2004967961282689 0.25061640556129827 0.2053507152581273 0.2826135595799046 0.18435804959408122 0.2876343003405334
0 0.2054698070658983 0.25327670284725506 0.2295990979704335 0.2515935189554822 0.23094211976948137 0.2819474594934718 0.20681282886494615 0.2836306433852446
0 0.24185667752443002 0.24539877300613505 0.24528940115259337 0.27988044675161244 0.23205963417689807 0.2819568979078182 0.2286269105487347 0.2474752241623408
0 0.24625847345717053 0.2714033051456365 0.2425389558940048 0.24338141822804402 0.25376353552249314 0.24103244348643127 0.25748305308565894 0.2690543304040237
0 0.2862540716612378 0.23582822085889565 0.28969055374592834 0.2660327198364007 0.2742996742671009 0.26879345603271976 0.2708631921824104 0.2385889570552147
0 0.325017875585922 0.23834106439223898 0.2949630571224279 0.2557583919397476 0.28469055374592833 0.2278118609406953 0.3147453722094224 0.21039453339318667
0 0.329843648208469 0.20885889570552144 0.3342736156351791 0.23945194274028628 0.3139934853420195 0.24408179959100204 0.3095635179153094 0.2134887525562372
0 0.32747160841623385 0.17976565522577795 0.33072893740646186 0.20430553252639147 0.3059028083458051 0.20950091195489973 0.30264547935557706 0.1849610346542862
0 0.30211726384364823 0.19427402862985685 0.30211726384364823 0.22085889570552147 0.28175895765472314 0.22085889570552147 0.28175895765472314 0.19427402862985685
0 0.2785016286644951 0.2004089979550102 0.2821661237785016 0.23261758691206535 0.2570846905537459 0.23711656441717782 0.25342019543973937 0.20490797546012268
0 0.252442996742671 0.21063394683026584 0.252442996742671 0.24028629856850717 0.23697068403908794 0.24028629856850717 0.23697068403908794 0.21063394683026584
0 0.250814332247557 0.19120654396728015 0.250814332247557 0.22597137014314927 0.22394136807817588 0.22597137014314927 0.22394136807817588 0.19120654396728015
0 0.19884189930699783 0.23688598838885006 0.22337024244146644 0.231450982006835 0.22607557440482698 0.25069996294313834 0.20154723127035834 0.2561349693251534
0 0.21598481905388037 0.18857995159565483 0.22743776708603528 0.23651526237781656 0.19755401488210858 0.24777208682763924 0.18610106684995362 0.19983677604547753
0 0.15723360987636545 0.20288897174298665 0.1900588478773373 0.20505824266458783 0.188038764014613 0.2532510818108893 0.1552135260136412 0.2510818108892881
0 0.1409312571783623 0.24241994396964428 0.14652331908644162 0.19678002766055536 0.15980211255672083 0.19934513044197788 0.15421005064864152 0.2449850467510668
0 0.17793159609120524 0.17024539877300612 0.17550661554870142 0.21591834518703512 0.15940013259923322 0.2145700997158731 0.16182511314173703 0.16889715330184413
0 0.15960912052117263 0.16257668711656442 0.15960912052117263 0.17995910020449898 0.14169381107491857 0.17995910020449898 0.14169381107491857 0.16257668711656442
0 0.18078175895765472 0.130879345603272 0.18078175895765472 0.16768916155419222 0.16042345276872963 0.16768916155419222 0.16042345276872963 0.130879345603272
0 0.18123326990679528 0.17131345036344128 0.17947560228335538 0.14924375873170137 0.19414970813042215 0.14740124319180387 0.19590737575386205 0.16947093482354372
0 0.2159627949012446 0.19306240174001443 0.18371429647342358 0.19929193706632622 0.1803063395530116 0.171477711975602 0.2125548379808326 0.16524817664929017
0 0.20954749537811432 0.17376886088542529 0.20149220882119906 0.11308240756093518 0.2230169909323004 0.10857790305643067 0.2310722774892156 0.16926435638092077
0 0.251628664495114 0.15030674846625766 0.251628664495114 0.17075664621676892 0.23534201954397393 0.17075664621676892 0.23534201954397393 0.15030674846625766
0 0.2500287411381491 0.16529532058222068 0.28193140448361764 0.1563936003849393 0.28511209043878144 0.17436545170215326 0.2532094270933129 0.18326717189943464
0 0.27304560260586314 0.19826175869120652 0.25496742671009764 0.20582822085889568 0.24934853420195435 0.18466257668711655 0.26742671009771984 0.1770961145194274
0 0.28852417940365827 0.19380210791253738 0.28348158356301684 0.16214409312568823 0.30149085442245055 0.15762151958470977 0.306533450263092 0.18927953437155895
0 0.3027780744379773 0.1522763082905897 0.3297244620067283 0.14920044252237755 0.3320606610775885 0.18146769921888095 0.3051142735088375 0.1845435649870931
0 0.32328990228013027 0.11349693251533742 0.32328990228013027 0.14519427402862986 0.3004885993485342 0.14519427402862986 0.3004885993485342 0.11349693251533742
0 0.3004885993485342 0.11554192229038855 0.3004885993485342 0.14314928425357873 0.2899022801302932 0.14314928425357873 0.2899022801302932 0.11554192229038855
0 0.28420195439739415 0.11758691206543967 0.28420195439739415 0.1492842535787321 0.2687296416938111 0.1492842535787321 0.2687296416938111 0.11758691206543967
0 0.26860435980957154 0.12041843636935662 0.2722625908293661 0.1571653295579676 0.25692808819844654 0.15957212521629702 0.253269857178652 0.12282523202768601
0 0.25173178953956443 0.1517891428010109 0.23268921667638653 0.15497718362936572 0.22919007723710227 0.12202516498334541 0.24823265010028017 0.11883712415499059
0 0.2711726384364821 0.09100204498977506 0.2711726384364821 0.12269938650306748 0.248371335504886 0.12269938650306748 0.248371335504886 0.09100204498977506
0 0.29545981883896305 0.1169061825923747 0.27210298514122533 0.11999327674594504 0.26968899201285085 0.09119813989971147 0.29304582571058857 0.08811104574614115
0 0.3191742230830178 0.1111203227767645 0.30029051853156086 0.11507212734206598 0.29709921648032395 0.09102967998673522 0.31598292103178094 0.08707787542143373
0 0.24592833876221498 0.0869120654396728 0.24592833876221498 0.12065439672801637 0.20439739413680783 0.12065439672801637 0.20439739413680783 0.0869120654396728
0 0.19960077858107567 0.11246196817796397 0.1638496067371097 0.11744974811711306 0.16198260109636922 0.09635143897451241 0.19773377294033523 0.09136365903536332
0 0.17771235279378603 0.1136542394211106 0.20073289902280134 0.10787321063394686 0.2063392633425207 0.14307063080069218 0.18331871711350542 0.14885165958785593
0 0.317212203066656 0.08367000847922589 0.28718121871772456 0.08785974362811111 0.2854731071740684 0.06855703526360415 0.31550409152299985 0.06436730011471893
0 0.28501628664495116 0.06646216768916155 0.28501628664495116 0.08793456032719836 0.2687296416938111 0.08793456032719836 0.2687296416938111 0.06646216768916155
0 0.2687296416938111 0.05930470347648262 0.2687296416938111 0.08895705521472393 0.247557003257329 0.08895705521472393 0.247557003257329 0.05930470347648262
0 0.2850290311863322 0.08674486848828572 0.2827552292171688 0.025361515124426536 0.3150314394651863 0.02347654883420132 0.3173052414343498 0.08485990219806051
0 0.28338762214983715 0.041922290388548056 0.28338762214983715 0.06850715746421268 0.2695439739413681 0.06850715746421268 0.2695439739413681 0.041922290388548056
0 0.2182410423452769 0.0 0.2662866449511401 0.0 0.2662866449511401 0.0541922290388548 0.2182410423452769 0.0541922290388548
0 0.1986644951140065 0.05901840490797544 0.23662866449511394 0.0522085889570552 0.2400162866449511 0.08198364008179956 0.20205211726384362 0.0887934560327198
0 0.1665544471941744 0.05464684845062514 0.20695345729138606 0.06276300131759871 0.20280684191537038 0.0953041802653701 0.1624078318181587 0.08718802739839654
0 0.18973941368078176 0.02044989775051125 0.20602605863192183 0.02044989775051125 0.20602605863192183 0.04294478527607362 0.18973941368078176 0.04294478527607362
0 0.19706840390879482 0.054192229038854824 0.1948320904776865 0.014880674327592833 0.21948527588088435 0.012669594012436032 0.22172158931199265 0.05198114872369802
0 0.2679153094462541 0.0 0.2679153094462541 0.0541922290388548 0.21905537459283386 0.0541922290388548 0.21905537459283386 0.0
0 0.17996742671009772 0.011247443762781187 0.17996742671009772 0.053169734151329244 0.16368078175895764 0.053169734151329244 0.16368078175895764 0.011247443762781187
0 0.14176947911562077 0.044369944079483144 0.14014802110057364 0.013830826863564794 0.16279438471073188 0.011935139439347047 0.164415842725779 0.0424742566552654
0 0.254071661237785 0.5286298568507157 0.254071661237785 0.5521472392638037 0.2288273615635179 0.5521472392638037 0.2288273615635179 0.5286298568507157
0 0.26553495364570284 0.4993707723769074 0.2721748935103984 0.5410571024067958 0.2522863943873716 0.5460515966650937 0.24564645452267606 0.5043652666352053
0 0.2921573540466048 0.4937077237690734 0.29651089952392884 0.5210397986471605 0.2824166875469807 0.5245792040270567 0.27806314206965665 0.49724712914896957
0 0.29828511209043873 0.5318777817875616 0.2905729066871048 0.49314326957776977 0.3080091971642077 0.4876699145916035 0.31572140256754166 0.5264044268013953
0 0.3359650957774258 0.4808277518245437 0.34103338015121176 0.5174199358361006 0.31525864387532493 0.523048348061012 0.310190359501539 0.4864561640494551
0 0.3382145224986307 0.5193369165897532 0.3357426998356922 0.4727817290117089 0.36098339626992587 0.47066887453173356 0.3634552189328644 0.5172240621097779
0 0.22607116011024808 0.5297310051911279 0.26068028063142074 0.5210397986471607 0.26838511651215236 0.5694116721724085 0.23377599599097973 0.5781028787163758
0 0.2703583061889251 0.5357873210633947 0.30618892508143325 0.5357873210633947 0.30618892508143325 0.5664621676891616 0.2703583061889251 0.5664621676891616
0 0.27360941098363034 0.5689018274653849 0.2889095209444179 0.6759355502585543 0.24578207016743084 0.6856551131257083 0.23048196020664327 0.5786213903325387
0 0.304071661237785 0.5631901840490797 0.3077361563517915 0.595398773006135 0.2745602605863192 0.6013496932515336 0.2708957654723127 0.5691411042944784
0 0.31222456409273813 0.592686154216288 0.3055662004215368 0.559244556718393 0.32951714887909567 0.5517262119571756 0.33617551255029704 0.5851678094550705
0 0.33078175895765466 0.5259713701431491 0.3338273615635179 0.5527402862985683 0.30920195439739406 0.5571574642126788 0.3061563517915309 0.5303885480572597
0 0.3330618892508143 0.556237218813906 0.36400651465798045 0.556237218813906 0.36400651465798045 0.5838445807770961 0.3330618892508143 0.5838445807770961
0 0.33049155682252285 0.5264559269889654 0.36669185996360665 0.5215858599143324 0.36907632336691987 0.5495297555038078 0.33287602022583607 0.5543998225784409
0 0.275833124530193 0.6235016517225107 0.2703457780005012 0.5683813119395944 0.3053244800801804 0.5628913009281109 0.3108118266098722 0.6180116407110272
0 0.31571462620163654 0.6205745922489898 0.3104830380551362 0.5899196967429796 0.34095892587590365 0.5817197865230186 0.346190514022404 0.6123746820290288
0 0.316048609371085 0.6511876671385874 0.28588073164620403 0.6559226050023598 0.2827236281633676 0.62420953279849 0.31289150588824854 0.6194745949347177
0 0.30873257748388816 0.5576695893344568 0.3653192322209951 0.5514003352730018 0.36967468649955965 0.6133802013393367 0.3130880317624527 0.6196494554007916
0 0.2726144855336271 0.6441898231685311 0.27490419620616974 0.6815650186454949 0.2600210768346426 0.6830025261638397 0.25773136616209996 0.6456273306868758
0 0.3004885993485342 0.6554192229038854 0.3004885993485342 0.6809815950920245 0.28501628664495116 0.6809815950920245 0.28501628664495116 0.6554192229038854
0 0.31907608828092626 0.7070641392428946 0.2865027983786461 0.7091091290179456 0.2855077290487136 0.6841204759063484 0.3180810189509937 0.6820754861312972
0 0.249185667752443 0.7188139059304703 0.249185667752443 0.7658486707566462 0.24429967426710097 0.7658486707566462 0.24429967426710097 0.7188139059304703
0 0.31758957654723124 0.6922290388548057 0.31758957654723124 0.7096114519427403 0.3127035830618892 0.7096114519427403 0.3127035830618892 0.6922290388548057
0 0.28868616399456604 0.6808420410971308 0.28970098451853743 0.7509248408814134 0.26224485512098183 0.751551651197461 0.26123003459701044 0.6814688514131784
0 0.2561262841393135 0.623124115148655 0.3142169882235029 0.6190718892559384 0.3169456276622401 0.6807424885952494 0.2588549235780507 0.6847947144879661
0 0.24348534201954397 0.7198364008179959 0.24348534201954397 0.7730061349693251 0.22312703583061888 0.7730061349693251 0.22312703583061888 0.7198364008179959
0 0.25895765472312704 0.7740286298568507 0.25895765472312704 0.8261758691206544 0.23697068403908794 0.8261758691206544 0.23697068403908794 0.7740286298568507
0 0.20214897235594245 0.8675009501058689 0.20407670577383183 0.8311933329713883 0.2239665907584099 0.8328582803988634 0.2220388573405206 0.8691658975333441
0 0.2271986970684039 0.8680981595092024 0.2271986970684039 0.8936605316973415 0.2011400651465798 0.8936605316973415 0.2011400651465798 0.8680981595092024
0 0.22068403908794787 0.8936605316973415 0.22068403908794787 0.9274028629856851 0.2011400651465798 0.9274028629856851 0.2011400651465798 0.8936605316973415
0 0.24267100977198697 0.8946830265848671 0.24267100977198697 0.9284253578732107 0.22068403908794787 0.9284253578732107 0.22068403908794787 0.8946830265848671
0 0.2385562730248853 0.8663931428453687 0.24510375044101113 0.8924268413922413 0.23048884549430168 0.8982218376061771 0.22394136807817586 0.8721881390593046
0 0.23534201954397393 0.8292433537832311 0.253257328990228 0.8292433537832311 0.253257328990228 0.869120654396728 0.23534201954397393 0.869120654396728
0 0.27931596091205213 0.8895705521472392 0.27931596091205213 0.9274028629856851 0.24592833876221498 0.9274028629856851 0.24592833876221498 0.8895705521472392
0 0.2752442996742671 0.869120654396728 0.2752442996742671 0.8916155419222904 0.24674267100977199 0.8916155419222904 0.24674267100977199 0.869120654396728
0 0.2744299674267101 0.8282208588957055 0.2744299674267101 0.869120654396728 0.253257328990228 0.869120654396728 0.253257328990228 0.8282208588957055
0 0.3004885993485342 0.8670756646216768 0.3004885993485342 0.8865030674846626 0.2776872964169381 0.8865030674846626 0.2776872964169381 0.8670756646216768
0 0.2998478133176697 0.8848100841463005 0.2769397127142628 0.8874249891045626 0.2735622363432477 0.8407757551376177 0.2964703369466546 0.8381608501793557
0 0.2980456026058632 0.8905930470347648 0.2980456026058632 0.9304703476482618 0.27931596091205213 0.9304703476482618 0.27931596091205213 0.8905930470347648
0 0.3135179153094462 0.8916155419222904 0.3135179153094462 0.9314928425357873 0.2972312703583062 0.9314928425357873 0.2972312703583062 0.8916155419222904
0 0.3501628664495114 0.8885480572597138 0.3501628664495114 0.9314928425357873 0.3135179153094462 0.9314928425357873 0.3135179153094462 0.8885480572597138
0 0.3770358306188925 0.885480572597137 0.3770358306188925 0.9294478527607362 0.34446254071661236 0.9294478527607362 0.34446254071661236 0.885480572597137
0 0.393247281826152 0.8770896862608023 0.39954275804253087 0.9118705830832339 0.3759607200680903 0.9186001663311919 0.3696652438517115 0.8838192695087603
0 0.39064828854613615 0.8278908387377175 0.3982039485750155 0.8832320568769876 0.3728892585637271 0.8886810383553159 0.36533359853484776 0.8333398202160458
0 0.3697815206165091 0.8434914459574043 0.37081671565901325 0.8850855404259564 0.3420632398506395 0.886213776248192 0.34102804480813537 0.8446196817796399
0 0.33631921824104233 0.84560327198364 0.33631921824104233 0.885480572597137 0.3249185667752443 0.885480572597137 0.3249185667752443 0.84560327198364
0 0.3216221213888454 0.8109813271894338 0.32554798514999356 0.8479518846947248 0.31002588794219305 0.85055053982372 0.30610002418104487 0.813579982318429
0 0.31621095597875304 0.8418696806930903 0.32318515414870186 0.8090310482057548 0.3441178855744929 0.8160400173102867 0.3371436874045441 0.8488786497976224
0 0.2680618892508143 0.9291820040899794 0.24412052117263836 0.9248875255623721 0.2448208469055374 0.9187321063394681 0.26876221498371333 0.9230265848670756
0 0.2757109395015188 0.8860090531008018 0.2734674084104966 0.8564302290848096 0.2811916700215935 0.8555065370740561 0.2834352011126157 0.8850853610900483
0 0.38599348534201955 0.8251533742331288 0.38599348534201955 0.8415132924335378 0.3754071661237785 0.8415132924335378 0.3754071661237785 0.8251533742331288
0 0.2980456026058632 0.9294478527607362 0.2980456026058632 0.8087934560327198 0.3925081433224756 0.8087934560327198 0.3925081433224756 0.9294478527607362
0 0.38925081433224756 0.787321063394683 0.38925081433224756 0.8231083844580777 0.36482084690553745 0.8231083844580777 0.36482084690553745 0.787321063394683
0 0.3666411189883119 0.7698785035486588 0.36118030273998847 0.7424515818597378 0.3782333780417705 0.737098520389751 0.38369419429009394 0.764525442078672
0 0.3688925081433225 0.7740286298568507 0.3688925081433225 0.8077709611451943 0.3509771986970684 0.8077709611451943 0.3509771986970684 0.7740286298568507
0 0.3493485342019544 0.7627811860940695 0.3493485342019544 0.8098159509202454 0.3257328990228013 0.8098159509202454 0.3257328990228013 0.7627811860940695
0 0.32797308094155253 0.7691939653509279 0.32942197775182847 0.8110371570783655 0.30383658041915057 0.8124339236794382 0.3023876836088747 0.7705907319520006
0 0.2947882736156352 0.7750511247443763 0.2947882736156352 0.8159509202453987 0.28338762214983715 0.8159509202453987 0.28338762214983715 0.7750511247443763
0 0.28420195439739415 0.7719836400817995 0.28420195439739415 0.8149284253578732 0.25977198697068404 0.8149284253578732 0.25977198697068404 0.7719836400817995
0 0.30293159609120524 0.7443762781186094 0.30293159609120524 0.7750511247443763 0.28583061889250816 0.7750511247443763 0.28583061889250816 0.7443762781186094
0 0.32652742318866096 0.7677361410490245 0.28709393432520475 0.7755540816890512 0.28343604190509736 0.746465483888797 0.3228695307685536 0.7386475432487704
0 0.3193454433058323 0.6817786932963145 0.3206572909484296 0.7427246130192705 0.2868761739461233 0.7438710014479124 0.285564326303526 0.6829250817249563
0 0.3493485342019544 0.7116564417177914 0.3493485342019544 0.7361963190184049 0.32166123778501626 0.7361963190184049 0.32166123778501626 0.7116564417177914
0 0.3329684412879799 0.7093432565624056 0.32958429006247664 0.6626018304334709 0.35352031825706204 0.6598695899963124 0.35690446948256527 0.7066110161252471
0 0.35790983252140324 0.7072588088386991 0.37931307832002537 0.7054671806286986 0.3805489896514946 0.7287447744177208 0.3591457438528725 0.7305364026277212
0 0.3770358306188925 0.6329243353783232 0.3770358306188925 0.6666666666666666 0.3517915309446254 0.6666666666666666 0.3517915309446254 0.6329243353783232
0 0.35610294482382326 0.683151152772155 0.37572132475735387 0.6813916311129106 0.3770895682798989 0.7054436174519637 0.35747118834636826 0.7072031391112081
0 0.33748966072539616 0.05970175317662738 0.3334637484902829 0.00030514004733346985 0.3678497968744281 -0.003369407872061758 0.3718757091095414 0.056027205257232156
0 0.4202276905214951 0.04334973374638078 0.3822523946205696 0.048118001984247497 0.379994839874867 0.019771609062746748 0.41797013577579256 0.015003340824880031
0 0.38192182410423453 0.05623721881390593 0.38192182410423453 0.07975460122699386 0.35912052117263843 0.07975460122699386 0.35912052117263843 0.05623721881390593
0 0.3727259149680668 0.079044659361856 0.3762819509835996 0.11253248318911245 0.3592129781090423 0.11539011082237166 0.3556569420935095 0.08190228699511522
0 0.34813357426472336 0.12208887495708505 0.3446099526855132 0.08374457032824324 0.3589208017309018 0.08167121938112937 0.36244442331011195 0.12001552400997118
0 0.37181459378492115 0.08019643843386624 0.4286561734706007 0.0719612496828027 0.43162343374783035 0.10425119042288002 0.37478185406215075 0.11248637917394357
0 0.3513953693106787 0.115624827281269 0.3719957742759046 0.11131376775548554 0.3765956510256185 0.1459680539435141 0.3559952460603926 0.1502791134692975
0 0.387153260441088 0.11132689877951885 0.3884499678416565 0.156915842809321 0.37549534222701714 0.15749677621038646 0.3741986348264487 0.11190783218058434
0 0.38955867164534835 0.13640331188587956 0.3869667116866608 0.10711257419322656 0.4078811472153809 0.10419472292882435 0.41047310717406843 0.13348546062147737
0 0.35251005939835217 0.1508480692890653 0.3653477677716037 0.14681823649705278 0.3700421536692853 0.17039576566823048 0.3572044452960337 0.17442559846024297
0 0.39407898540947905 0.16567442310717448 0.3747663011005532 0.1757783666702969 0.36580382784341703 0.148769981002166 0.3851165121523428 0.1386660374390436
0 0.38669772546168796 0.13500223807893838 0.419798758580196 0.12510641845932402 0.42749647006193126 0.1657012208501189 0.39439543694342316 0.17559704046973326
0 0.3921498371335504 0.19316973415132924 0.3553257328990228 0.19977505112474434 0.35245928338762217 0.17458077709611447 0.38928338762214976 0.16797546012269937
0 0.4407166123778502 0.19366053169734151 0.41400651465798044 0.21042944785276074 0.4006514657980456 0.1768916155419223 0.42736156351791527 0.16012269938650306
0 0.35214032874545753 0.1987381349220421 0.39234056975014586 0.1901202170289726 0.3969008303364651 0.22365804933981107 0.3567005893317768 0.23227596723288055
0 0.3874386132474216 0.2664281591064693 0.36120713618771344 0.27270184765049915 0.3551343915494765 0.23267016597083312 0.3813658686091847 0.22639647742680322
0 0.3939475305924818 0.2231028574586857 0.40340258825600855 0.29829215718786284 0.3643454529448016 0.306035483336097 0.35489039528127486 0.2308461836069198
0 0.4042825866396113 0.2638539676154078 0.40176616649757035 0.22909752254517413 0.4190206653494954 0.2271279627208421 0.42153708549153623 0.2618844077910758
0 0.4404544371176611 0.2268941094318918 0.4148923492492253 0.2304603720883834 0.4132040994677047 0.21138211382113814 0.4387661873361404 0.20781585116464654
0 0.4153094462540717 0.26482617586912066 0.4153094462540717 0.29243353783231085 0.3990228013029316 0.29243353783231085 0.3990228013029316 0.26482617586912066
0 0.44967426710097713 0.3063394683026585 0.4345276872964169 0.312678936605317 0.42557003257328985 0.2789366053169734 0.4407166123778501 0.27259713701431487
0 0.37202455524931094 0.35504168633002975 0.367389125532448 0.3259399087619946 0.38320596341768975 0.3219679093912223 0.3878413931345527 0.35106968695925744
0 0.3984468102010009 0.34829667315078044 0.3951994120918407 0.3115990822484911 0.41092992770318576 0.3094044590752655 0.414177325812346 0.3461020499775549
0 0.4150463542971687 0.07404436054742806 0.3835755449761965 0.0789837973887054 0.38060636431971945 0.04915840805411358 0.41207717364069163 0.04421897121283625
0 0.44625407166123776 0.40081799591002043 0.44625407166123776 0.4539877300613497 0.3745928338762215 0.4539877300613497 0.3745928338762215 0.40081799591002043
0 0.4030944625407166 0.3486707566462168 0.4030944625407166 0.3783231083844581 0.3721498371335505 0.3783231083844581 0.3721498371335505 0.3486707566462168
0 0.4205519738063493 0.3675498267586383 0.4287269413174462 0.4065556226623013 0.4106491873554877 0.4125290060078198 0.40247421984439086 0.3735232101041568
0 0.4479306380532669 0.3714062312041381 0.4539183751676566 0.40147961024900763 0.43169189499904187 0.40845663418741734 0.4257041578846522 0.3783832551425479
0 0.449413680781759 0.3774642126789366 0.446400651465798 0.3509815950920245 0.4655537459283388 0.3475460122699386 0.46856677524429974 0.37402862985685065
0 0.45709403535002935 0.3369874953903918 0.43458642601591285 0.3605384022260216 0.420635980135633 0.33951858929229944 0.4431435894697496 0.3159676824566697
0 0.43159609120521175 0.3118609406952965 0.43159609120521175 0.34662576687116564 0.41123778501628666 0.34662576687116564 0.41123778501628666 0.3118609406952965
0 0.38289021920943744 0.5083181340850053 0.3761994893916718 0.45791189962969103 0.41000528215511933 0.45083734040789253 0.4166960119728849 0.5012435748632067
0 0.4540093566228713 0.43248102551433565 0.4621089565616598 0.4901113078327227 0.44292296089019095 0.49436255335501855 0.4348233609514025 0.4367322710366315
0 0.42446254071661227 0.5006952965235173 0.4273127035830618 0.5257464212678936 0.3872964169381107 0.5329243353783231 0.3844462540716612 0.5078732106339467
0 0.38718058773033553 0.5355156401113301 0.4298198473641506 0.5297276546108245 0.4333546960806219 0.5707832237012102 0.39071543644680673 0.5765712092017158
0 0.387061154425839 0.5776283823250381 0.4311506529473001 0.5679404137848929 0.43517786912609163 0.5968356604548087 0.39108837060463053 0.6065236289949538
0 0.40031895280767915 0.7151341922652654 0.3871006598327193 0.6036958344880552 0.43032374214879854 0.5956127814577934 0.4435420351237583 0.7070511392350036
0 0.4909465414830426 0.6038133044628894 0.44189499904196206 0.6192108745338627 0.4314523855144663 0.5667629014796103 0.48050392795554697 0.5513653314086371
0 0.4853824952296513 0.5395917280768625 0.4916273153055914 0.6532883193572196 0.4355646358151996 0.6581430524800038 0.4293198157392595 0.5444464611996466
0 0.45946076692359794 0.488934783048857 0.46185538749314675 0.5190022069691632 0.43428096881349376 0.5224645163902893 0.43188634824394484 0.49239709246998314
0 0.4415292770508389 0.7082644108963755 0.44659870373870225 0.7623693963441445 0.40596547008927075 0.7683717554108475 0.4008960434014074 0.7142667699630785
0 0.5098035931650658 0.7086900363308765 0.40514508323774934 0.7257564918843178 0.3987103862276953 0.6635438936754561 0.5033688961550118 0.6464774381220147
0 0.44961686560359454 0.7601509774913183 0.4584643863532747 0.845850188118368 0.41168738430439816 0.8534638954123946 0.4028398635547181 0.7677646847853451
0 0.4730674505442122 0.7989176517532044 0.4784499880829427 0.8597436281111276 0.4584293318503216 0.8625367848770511 0.4530467943115913 0.8017108085191279
0 0.4666492197147169 0.7577022099288878 0.47190363184559947 0.7989369881543728 0.45351445979663285 0.8026313690584432 0.44826004766575017 0.7613965908329583
0 0.5067849167176365 0.753078647270519 0.5014650868383994 0.8031764317160947 0.47506151942306873 0.7987560389708969 0.48038134930230575 0.7486582545253213
0 0.4622019543973941 0.9005235173824131 0.4210684039087947 0.9099141104294478 0.4161824104234527 0.8761717791411041 0.45731596091205207 0.8667811860940694
0 0.49542784652892935 0.8062299597224122 0.5008638859340208 0.8562845066099212 0.48578304735350264 0.8588666691554979 0.48034700794841123 0.8088121222679889
0 0.40160360811826623 0.7672329715274502 0.4721623653219745 0.7561585653610194 0.49139313455274375 0.9493314456504643 0.42083437734903545 0.9604058518168951
0 0.5139394520022993 0.8287020329604234 0.51834642651849 0.8508360399374473 0.5014849588043686 0.8561289546493444 0.4970779842881778 0.8339949476723205
0 0.5377724880982211 0.907896806669813 0.48687672262590836 0.9206779927638825 0.4771673765973441 0.8597215667767817 0.5280631420696568 0.8469403806827122
0 0.48649400174783497 0.9772307845777843 0.48287916103916734 0.9363808668761533 0.5108544530070708 0.932477929073769 0.5144692937157384 0.9733278467754001
0 0.5401689828314581 0.9263357176663898 0.5440379500163577 0.9627704699904448 0.5148606745089114 0.9676552272260472 0.5109917073240118 0.9312204749019922
0 0.5082184916061139 0.9353154003460754 0.48416436983212235 0.9390907660846314 0.4815960912052118 0.9132924335378325 0.5056502129792033 0.9095170677992765
0 0.5047685142631197 0.7034126300398721 0.5545776649155373 0.9943668026692427 0.4372841795191293 1.0260243643680764 0.38747502886671176 0.7350701917387058
0 0.39932715582537787 0.713413372241537 0.46681869067787857 0.6937775738079675 0.47140032964077444 0.7186055103598867 0.4039087947882737 0.7382413087934563
0 0.494299674267101 0.6952965235173824 0.494299674267101 0.7075664621676891 0.4771986970684039 0.7075664621676891 0.4771986970684039 0.6952965235173824
0 0.4370694128160041 0.6699196481893696 0.4387196967513187 0.6388376133340572 0.4697435934392205 0.6414345693758257 0.4680933095039059 0.6725166042311381
0 0.4218241042345277 0.6247443762781186 0.43159609120521175 0.6247443762781186 0.43159609120521175 0.6421267893660532 0.4218241042345277 0.6421267893660532
0 0.4008158264351673 0.5896324646817134 0.43129725368317257 0.6011144256205324 0.42659056271105406 0.6208138684077223 0.39610913546304877 0.6093319074689031
0 0.47724061443878746 0.6595569006069179 0.47406209883766626 0.5784061689611121 0.4978205150596886 0.5769390395675366 0.5009990306608099 0.6580897712133422
0 0.42758303877591786 0.5538247942313252 0.47203162894515693 0.520044631150387 0.4864039946443105 0.5498602296648933 0.4419554044750714 0.5836403927458316
0 0.4594918566775244 0.9012351738241308 0.46626710097719865 0.9480245398773004 0.4264951140065146 0.9571042944785274 0.41971986970684033 0.9103149284253579
0 0.6561923159248843 0.9589372173503479 0.5925297599494764 0.9671358035532529 0.5871489152479872 0.9012617201064937 0.650811471223395 0.8930631339035887
0 0.6685667752442996 0.9529652351738241 0.6685667752442996 0.9989775051124744 0.5920195439739414 0.9989775051124744 0.5920195439739414 0.9529652351738241
0 0.6948403183793105 0.9093035655648429 0.6573603206578872 0.9130684275036494 0.6543541529649979 0.8658857341643339 0.6918341506864212 0.8621208722255276
0 0.6649418877298825 0.957850930589705 0.663091420677068 0.9206750853405266 0.6894542389637384 0.918606224089502 0.6913047060165528 0.9557820693386806
0 0.7768729641693811 0.9601226993865031 0.7768729641693811 0.9989775051124744 0.7288273615635179 0.9989775051124744 0.7288273615635179 0.9601226993865031
0 0.7169901608516069 0.9603335230746528 0.7154605594546494 0.9180802394957099 0.7421672991033952 0.9165559842303884 0.7436969005003528 0.9588092678093313
0 0.7748935103983965 0.9586440144722356 0.7443247306439491 0.9634418750983171 0.7400902029566526 0.9209060877772536 0.7706589827111 0.916108227151172
0 0.7957524429967425 0.9524662576687116 0.7726058631921823 0.9577505112474436 0.7667035830618891 0.9169897750511246 0.7898501628664494 0.9117055214723926
0 0.743485342019544 0.8548057259713702 0.743485342019544 0.8987730061349694 0.7084690553745928 0.8987730061349694 0.7084690553745928 0.8548057259713702
0 0.8070032573289903 0.9560327198364008 0.8070032573289903 0.9989775051124744 0.7776872964169381 0.9989775051124744 0.7776872964169381 0.9560327198364008
0 0.8443796661958431 0.9493593571855148 0.7937361275258712 0.9535986390864505 0.7916714709867113 0.9147121631648478 0.8423150096566832 0.9104728812639121
0 0.8184039087947883 0.9580777096114519 0.8477198697068404 0.9580777096114519 0.8477198697068404 0.9989775051124744 0.8184039087947883 0.9989775051124744
0 0.8684456184952726 0.9019028380467853 0.8721498371335501 0.9437627811860938 0.8456939699690152 0.9474537383410642 0.8419897513307377 0.9055937952017556
0 0.8941368078175895 0.8987730061349694 0.8941368078175895 0.9396728016359919 0.8697068403908795 0.9396728016359919 0.8697068403908795 0.8987730061349694
0 0.923409657022418 0.8878443401900635 0.9270070894807434 0.9465656201130757 0.8957463115539374 0.9495849873691806 0.8921488790956121 0.8908637074461685
0 0.9625407166123778 0.8926380368098159 0.9625407166123778 0.943762781186094 0.9218241042345277 0.943762781186094 0.9218241042345277 0.8926380368098159
0 0.9684376053015837 0.9405895211903249 0.9716780860384141 0.9894154149918905 0.928883522408177 0.9938932374303645 0.9256430416713467 0.945067343628799
0 0.9218241042345277 0.9652351738241309 0.9218241042345277 0.9989775051124744 0.8884364820846905 0.9989775051124744 0.8884364820846905 0.9652351738241309
0 0.8892508143322475 0.9498977505112475 0.8892508143322475 0.9989775051124744 0.8517915309446255 0.9989775051124744 0.8517915309446255 0.9498977505112475
0 0.8998146692126248 0.825837388054439 0.9580422329551835 0.8197447288625626 0.9617320004492865 0.8753402439884351 0.9035044367067278 0.8814329031803115
0 0.9124628866276555 0.8236874966067648 0.9097496468824765 0.7725853737987948 0.9567719293188434 0.7686492209131874 0.9594851690640224 0.8197513437211574
0 0.910234766028442 0.7770088283704922 0.9144156669579726 0.824255573844082 0.8883173115118772 0.8278966531996608 0.8841364105823469 0.780649907726071
0 0.8605383686899586 0.8286049432697001 0.8578390846409498 0.7811549520932599 0.8855594503877381 0.7786687843210532 0.8882587344367469 0.8261187754974934
0 0.8831152420532401 0.8291552076722373 0.885569470964843 0.8815422043579435 0.865901943165225 0.8829948522671177 0.8634477142536221 0.8306078555814115
0 0.8656351791530945 0.8323108384458078 0.8656351791530945 0.8895705521472392 0.8403908794788274 0.8895705521472392 0.8403908794788274 0.8323108384458078
0 0.836664111898831 0.835895585227956 0.83355527878904 0.7851497654276434 0.857779268059015 0.7828100565379525 0.8608881011688062 0.8335558763382653
0 0.8334269347410985 0.7846414216204782 0.8406122192783662 0.8405779066439354 0.8155983442461562 0.8456437154933901 0.8084130597088885 0.789707230469933
0 0.8160758766047135 0.8934921207746901 0.812880820080475 0.8413388668350774 0.8374784441463881 0.8389630698905328 0.8406735006706265 0.8911163238301454
0 0.8127035830618893 0.7883435582822086 0.8127035830618893 0.84560327198364 0.7899022801302932 0.84560327198364 0.7899022801302932 0.7883435582822086
0 0.7913840978266674 0.8323276006570787 0.7637768996635874 0.83547889637601 0.7603259998932024 0.7878155486271748 0.7879331980562824 0.7846642529082436
0 0.7634174844219166 0.7898250798783838 0.7675178988790352 0.8378784713894842 0.7402023405120537 0.8415532638604146 0.7361019260549351 0.7934998723493142
0 0.6994325608415113 0.8458989488492049 0.6978163447374427 0.7890768890104595 0.7326427934189507 0.7875151420421241 0.7342590095230193 0.8443372018808696
0 0.7909040422918782 0.836388749203795 0.7932717466759227 0.8943611921284658 0.7429155764404337 0.8976036742767107 0.7405478720563893 0.83963123135204
0 0.8333312453019295 0.8618137486235646 0.8438987722375345 0.8788736825546642 0.8310448509145577 0.8914267736353628 0.8204773239789528 0.8743668397042632
0 0.7591808726996148 0.8986069155948637 0.7529018336943403 0.7882293710358862 0.8331114932455895 0.7810355745175591 0.8393905322508641 0.8914131190765366
0 0.999185667752443 0.7106339468302658 0.999185667752443 0.7505112474437627 0.9698697068403909 0.7505112474437627 0.9698697068403909 0.7106339468302658
0 0.9397394136807817 0.7014314928425358 0.9397394136807817 0.7535787321063395 0.9161237785016286 0.7535787321063395 0.9161237785016286 0.7014314928425358
0 0.9484118936868654 0.6445775942326513 0.9514569259432946 0.7057522299937138 0.903598271207493 0.709508008880189 0.900553238951064 0.6483333731191265
0 0.999185667752443 0.6421267893660532 0.999185667752443 0.696319018404908 0.9796416938110749 0.696319018404908 0.9796416938110749 0.6421267893660532
0 0.999185667752443 0.6411042944785276 0.999185667752443 0.6983640081799591 0.9641693811074918 0.6983640081799591 0.9641693811074918 0.6411042944785276
0 0.9820846905537459 0.6615541922290389 0.9820846905537459 0.7034764826175869 0.9649837133550488 0.7034764826175869 0.9649837133550488 0.6615541922290389
0 0.8502739973730408 0.7125898526251394 0.8491582931294718 0.6621572828913035 0.8793105613304569 0.6611056189129232 0.8804262655740258 0.7115381886467592
0 0.8714483826232784 0.7140962562513921 0.9007965943174122 0.710411225171597 0.9047231270358306 0.759713701431493 0.875374915341697 0.7633987325112881
0 0.8726631516242281 0.7096989806879758 0.8752645787652568 0.7619615987523175 0.8489017604785866 0.764030460003342 0.8463003333375582 0.7117678419390003
0 0.8810291398890748 0.7128193223898744 0.8175077031428822 0.7109644613939091 0.8185113126155471 0.6567777593544464 0.8820327493617397 0.6586326203504117
0 0.8203924991451762 0.7120631800155918 0.8450969100365325 0.7104305776813657 0.847371191534544 0.7646877718650081 0.8226667806431877 0.7663203741992342
0 0.8201330351782077 0.7145755236390728 0.8234979174841507 0.7666841781901397 0.8056777513556446 0.7684984017024764 0.8023128690497016 0.7163897471514096
0 0.8224916954236141 0.7108364210654196 0.788225239462057 0.715138998562433 0.7844680233495663 0.6679625017716497 0.8187344793111234 0.6636599242746362
0 0.7668034666447161 0.7199596908152643 0.7623184656451747 0.6678685595741697 0.7830724726302051 0.6650513462234134 0.7875574736297465 0.7171424774645081
0 0.7728773495228076 0.7643089605563644 0.770592783178494 0.7184120694182521 0.802177467395024 0.7159334144963517 0.8044620337393377 0.761830305634464
0 0.7671009771986971 0.6912065439672802 0.7671009771986971 0.7208588957055214 0.743485342019544 0.7208588957055214 0.743485342019544 0.6912065439672802
0 0.7684416461428457 0.716581874407701 0.7728211646937315 0.7660731208539079 0.746990943036466 0.769676791859943 0.7426114244855802 0.7201855454137362
0 0.7083334409638182 0.7167397251832139 0.7155210047348803 0.6640946176712416 0.7491307762052246 0.671329113616129 0.7419432124341624 0.7239742211281014
0 0.7438909238393389 0.7259395415085181 0.7465240370600388 0.7788387322654826 0.7242677346987921 0.7805853285908667 0.7216346214780923 0.7276861378339022
0 0.6862866449511399 0.7232310838445807 0.6806351791530942 0.6735582822085889 0.7028664495114005 0.6695705521472393 0.7085179153094462 0.7192433537832309
0 0.691436640861436 0.724119702887453 0.7445715193009974 0.721553648509453 0.7462976149808266 0.7779041422370436 0.693162736541265 0.7804701966150436
0 0.5879353545477325 0.8291175082586126 0.6281257830117767 0.8228095013371087 0.6320095214232024 0.8618216139688535 0.5918190929591582 0.8681296208903573
0 0.6897394136807817 0.7955010224948875 0.6897394136807817 0.8292433537832311 0.6555374592833876 0.8292433537832311 0.6555374592833876 0.7955010224948875
0 0.6878971538420462 0.7976633477488351 0.6537552731350457 0.8015605618693218 0.6517194425161532 0.7734419524623688 0.6858613232231536 0.7695447383418821
0 0.6822475570032575 0.7703476482617589 0.6563893760962166 0.7744061664307065 0.6528564269606616 0.7389177284882806 0.6787146078677024 0.7348592103193331
0 0.6484931250180161 0.7497375898076263 0.650828024559684 0.7937139185985485 0.6268304459369864 0.7957227138643066 0.6244955463953187 0.7517463850733844
0 0.634592387666771 0.7583382357060817 0.6387778323144886 0.8082639997758916 0.5940141002186428 0.8141804633442586 0.5898286555709252 0.7642546992744489
0 0.6758957654723127 0.6707566462167689 0.6758957654723127 0.7055214723926381 0.6335504885993485 0.7055214723926381 0.6335504885993485 0.6707566462167689
0 0.6413773238695362 0.7797394200801923 0.6301189138443594 0.6737169698430985 0.6743915622377423 0.6663049981693324 0.6856499722629191 0.7723274484064262
0 0.6637183663242296 0.6056945099889885 0.6702204961162617 0.6710083372660061 0.6320345778000501 0.6770017303759637 0.6255324480080181 0.6116879030989462
0 0.5666986012646101 0.7020209310718153 0.5551255029699177 0.636629375676651 0.5980647633646293 0.6246481414651751 0.6096378616593218 0.6900396968603394
0 0.633425206715109 0.6853075350007866 0.6064896016036082 0.6920717319490326 0.6028877474317216 0.6694588642441404 0.6298233525432222 0.6626946672958944
0 0.5944845496962762 0.6300226606975075 0.5581697332511665 0.6376222848615488 0.5507306981248349 0.5815785110263638 0.5870455145699446 0.5739788868623226
0 0.5806270222809976 0.5575132107700528 0.6186743592384029 0.5475604735121085 0.6304422054447799 0.6184852104025671 0.5923948684873745 0.6284379476605114
0 0.6626547231270358 0.5789161554192228 0.6240065146579803 0.5858486707566463 0.6201954397394136 0.5523517382413088 0.658843648208469 0.5454192229038854
0 0.6600577093257517 0.5412774684681488 0.6693858146146748 0.6098797829710272 0.6284522038749034 0.6186549168410227 0.6191240985859802 0.5500526023381443
0 0.5858682034577801 0.7122384772691522 0.572538210974693 0.7143306591159353 0.571222751190178 0.7011168790309896 0.5845527436732649 0.6990246971842066
0 0.5896323234126098 0.7350197495587865 0.5882412654500022 0.6878603243970082 0.6310405604390702 0.6858699610611536 0.6324316184016778 0.7330293862229319
0 0.5789902280130294 0.754601226993865 0.5789902280130294 0.7372188139059305 0.5920195439739414 0.7372188139059305 0.5920195439739414 0.754601226993865
0 0.9940312272012659 0.571492390960758 0.9991830988809995 0.6253991600704456 0.9698979644262681 0.6298116932128272 0.9647460927465346 0.5759049241031395
0 0.9917478260512383 0.5205375770094669 0.996140907205146 0.572020774826769 0.9631034581907651 0.5764653396152943 0.9587103770368575 0.5249821417979923
0 0.8977317867641216 0.5856152426554939 0.9395606578215617 0.5797795401266894 0.944516167474378 0.6357798393934858 0.9026872964169381 0.6416155419222903
0 0.9419822649742409 0.530341049045224 0.945355708881569 0.5790524752817138 0.8987951549523012 0.5841361740658465 0.8954217110449731 0.5354247478293567
0 0.8982084690553745 0.5388548057259713 0.8982084690553745 0.5838445807770961 0.8688925081433225 0.5838445807770961 0.8688925081433225 0.5388548057259713
0 0.8982391985741501 0.5829571323841496 0.9018239151297965 0.6384701458205337 0.8720216004878902 0.6415042398663189 0.8684368839322438 0.5859912264299347
0 0.8613896717051569 0.5902437903540821 0.8692127511620248 0.6059603409848121 0.862624894777294 0.6111302589554468 0.8548018153204262 0.5954137083247167
0 0.8550298482870505 0.6437898355255304 0.7889200116604772 0.6489779029704072 0.7860143981546026 0.5906041870568857 0.8521242347811758 0.5854161196120089
0 0.8379478827361564 0.5398773006134969 0.8379478827361564 0.5858895705521472 0.8045602605863192 0.5858895705521472 0.8045602605863192 0.5398773006134969
0 0.7857178651966927 0.5929369199307849 0.7810323227261339 0.5458706937234546 0.8036832873966426 0.542315557652981 0.8083688298672014 0.5893817838603115
0 0.7768729641693811 0.5480572597137015 0.7768729641693811 0.591002044989775 0.761400651465798 0.591002044989775 0.761400651465798 0.5480572597137015
0 0.7481152006330947 0.6563419080952317 0.7193512545309376 0.6451332792142981 0.7236596197192056 0.6277020702748981 0.7524235658213626 0.6389106991558318
0 0.7733560595967159 0.5261767344195718 0.7892751639001575 0.6318297322476714 0.6809081010553009 0.6575723750436252 0.6649889967518594 0.5519193772155255
0 0.7182410423452769 0.6032719836400818 0.7182410423452769 0.6584867075664622 0.6856677524429967 0.6584867075664622 0.6856677524429967 0.6032719836400818
0 0.7638243053997386 0.6536923966211523 0.7623194348805001 0.5988954140739986 0.7864118702948618 0.5978522749904065 0.7879167408141002 0.6526492575375603
0 0.7654723127035831 0.5930470347648262 0.7654723127035831 0.6196319018404908 0.75 0.6196319018404908 0.75 0.5930470347648262
0 0.7646579804560261 0.5940695296523517 0.7646579804560261 0.647239263803681 0.75 0.647239263803681 0.75 0.5940695296523517
0 0.6285998003705059 0.63012117789348 0.5562279473076719 0.6398574438401453 0.5493949501131645 0.5597804923964032 0.6217668031759985 0.550044226449738
0 0.6200325732899024 0.5513292433537834 0.5462665998496617 0.5629070316186882 0.5404409922325232 0.5043888626710713 0.6142069656727638 0.49281107440616656
0 0.562967181939711 0.4080818468740025 0.5743395906685995 0.500898377011005 0.5332181657283801 0.5088419211083134 0.5218457569994915 0.41602539097131097
0 0.5915309446254072 0.41022494887525573 0.5997744926083689 0.49303130407424894 0.5717113505387122 0.49743589743589756 0.5634678025557506 0.4146295422369043
0 0.638854652698301 0.40703587022605425 0.6497711066114976 0.4892776211794617 0.6015714411479884 0.4993643950699166 0.5906549872347918 0.4171226441165091
0 0.6092082184916063 0.49167846468459964 0.6474943623152093 0.4856693408840648 0.650551240290654 0.5163756488909863 0.6122650964670511 0.5223847726915212
0 0.6459511231877944 0.48207190311198705 0.6584614605660666 0.5417633533593991 0.6216245295438052 0.5539352808417306 0.6091141921655332 0.4942438305943185
0 0.7031311780986989 0.5382342163433692 0.6657425015533505 0.5454566946818444 0.6603763815405471 0.5016608153953449 0.6977650580858955 0.49443833705686957
0 0.7062032956505078 0.3954709491158427 0.712785016286645 0.4753578732106339 0.6675819122437249 0.48122939973535417 0.6610001916075876 0.401342475640563
0 0.7253927955547038 0.4735895585227956 0.7280944625407165 0.5176891615541922 0.7025004790189691 0.5201611933116804 0.6997988120329564 0.4760615902802839
0 0.756683482958608 0.39352336774901486 0.7631186938905219 0.46624519926180846 0.7186084849447841 0.47245498528604907 0.7121732740128702 0.39973315377325547
0 0.7501601965077161 0.47153776526199337 0.7536778448229828 0.5201230346307285 0.7278328082447802 0.5230731838144088 0.7243151599295136 0.4744879144456737
0 0.7166123778501629 0.5224948875255624 0.7166123778501629 0.5347648261758691 0.7068403908794788 0.5347648261758691 0.7068403908794788 0.5224948875255624
0 0.7796004165926113 0.5297279569186041 0.7063860923181186 0.5401745071845778 0.7005952390839612 0.47618853950605305 0.773809563358454 0.46574198924007926
0 0.7788119803382125 0.3851128031700766 0.7904875302988322 0.4646961895800033 0.7650975998743322 0.4705688578054097 0.7534220499137125 0.390985471395483
0 0.7867219746234081 0.44389050076410286 0.7809552087865568 0.37691228691870987 0.8067998212584814 0.37340405897248496 0.8125665870953327 0.4403822728178779
0 0.8459243338495221 0.3688608401220289 0.8510973460778556 0.4403097656642864 0.8116689806162226 0.444810419390526 0.8064959683878892 0.3733614938482685
0 0.8233895900115482 0.45299612134689726 0.8274521887282952 0.516759812862303 0.8014945391837516 0.519367256104896 0.7974319404670046 0.4556035645894903
0 0.775918316211476 0.4722888154789996 0.8020320721623654 0.47046720151014637 0.8038661989476322 0.5119207173194904 0.7777524429967428 0.5137423312883437
0 0.8448634427461792 0.46926223061192396 0.8483086945627664 0.5038697498820199 0.8268604359809573 0.5072361176655656 0.8234151841643699 0.47262859839546967
0 0.8403908794788274 0.4498977505112474 0.8811074918566775 0.4498977505112474 0.8811074918566775 0.5 0.8403908794788274 0.5
0 0.8546093436258982 0.4431212706950164 0.849718888046049 0.3847858363447909 0.942213645085003 0.3725607193881839 0.9471041006648523 0.43089615373840934
0 0.9096303205949986 0.4937413291494032 0.8674234677334877 0.5073688528953986 0.85571728579196 0.45020778724590294 0.897924138653471 0.4365802634999076
0 0.8987366845673037 0.43569336207373033 0.9502553041640991 0.4254794671972587 0.9574654459019282 0.48281655889017855 0.9059468263051327 0.49303045376665017
0 0.9979280632446195 0.41631025814857286 1.0011920579831222 0.47163797264233326 0.9747656989481448 0.4740958662191682 0.971501704209642 0.4187681517254078
0 0.9530789236326926 0.4889762728374305 0.946352212132966 0.42647425572054337 0.9712086232761158 0.4222566476837628 0.9779353347758424 0.48475866480064994
0 0.9663517915309446 0.39034764826175855 0.9699837133550487 0.42226993865030665 0.9490065146579801 0.42603271983640073 0.9453745928338761 0.39411042944785263
0 0.967338674179065 0.4124246946332836 0.9593934325204683 0.352567291217598 0.9848798309710363 0.34723373680428893 0.992825072629633 0.40709114021997456
0 0.9633550488599348 0.34662576687116564 0.9633550488599348 0.38139059304703476 0.9405537459283387 0.38139059304703476 0.9405537459283387 0.34662576687116564
0 0.8761400651465797 0.36431492842535784 0.899511400651466 0.360122699386503 0.9019055374592834 0.3811656441717791 0.8785342019543974 0.3853578732106339
0 0.5168254967729436 0.32693228727164914 0.5039611663417412 0.2030944724458534 0.5665905815966968 0.19283721425259048 0.5794549120278993 0.31667502907838624
0 0.6191799195248131 0.23968483098760976 0.6334067829086031 0.31113917959821963 0.5837804177045411 0.326717189943462 0.569553554320751 0.25526284133285215
0 0.614336649352936 0.246863427845023 0.5876617660005281 0.2524456972309733 0.5825997006778765 0.21430940142596583 0.6092745840302843 0.20872713204001547
0 0.5728823389211091 0.17892064442116815 0.6118304599984111 0.17739238864781287 0.612706760943831 0.21260212479425405 0.573758639866529 0.21413038056760936
0 0.5695386124446491 0.15230924924706188 0.6106775525558519 0.14990668975419288 0.6119774957767227 0.1849998399765152 0.5708385556655199 0.1874023994693842
0 0.49420153379537246 0.1461228812937714 0.5504850943316868 0.13657274970440064 0.5566101112726015 0.19348405230714158 0.5003265507362872 0.20303418389651234
0 0.4815720617290544 0.11832780180361399 0.4986543493351846 0.06930168627845393 0.5413734180594864 0.09276878205772908 0.5242911304533562 0.14179489758288913
0 0.4899735516979206 0.03337818391691816 0.5096362182735149 0.1642294100320492 0.472604116394924 0.17300269033202792 0.45294144981932977 0.04215146421689688
0 0.5286269105487347 0.10814849771904989 0.5687171135053872 0.09808085574956744 0.5734151841643699 0.12757590058203558 0.5333249812077174 0.13764354255151803
0 0.5979083396156636 0.05443334137041103 0.6049635150704806 0.12087318384368778 0.5761062828044323 0.12570436056116663 0.5690511073496153 0.05926451808788988
0 0.5517665660144083 0.06652933888615224 0.5819741315770702 0.05273685310405562 0.5887027746736727 0.07597062379651608 0.5584952091110107 0.08976310957861271
0 0.4999606456534639 0.07153663116442781 0.4932537568264656 0.006973111045225438 0.5333936766646888 0.0003991151047962326 0.5401005654916872 0.0649626352239986
0 0.5489778726272042 0.02938438756082082 0.5470290913175334 2.1155066638457458e-05 0.5871953274177243 -0.004181651505535575 0.5891441087273952 0.025181580988646788
0 0.6118056166916102 0.12350080141491185 0.6055330574874549 0.0762449566130548 0.6406593890307245 0.06889404742165481 0.6469319482348798 0.11614989222351185
0 0.6220746680030068 0.17613654239421112 0.6165998496617391 0.12114204813591317 0.6493735905788025 0.11599811231713072 0.6548484089200702 0.17099260657542867
0 0.6323066602305595 0.24251144788616782 0.626586380031851 0.19043818141469382 0.6578901858235873 0.1850166916026563 0.6636104660222957 0.2370899580741303
0 0.6835199066896149 0.2313070967396255 0.6919405999743966 0.3106062635625686 0.6416938110749185 0.31901840490797545 0.6332731177901368 0.23971923808503232
0 0.6578116310479065 0.1852087385904533 0.6870382140303486 0.18113122849019894 0.6911595296734725 0.2277046236720036 0.6619329466910303 0.23178213377225798
0 0.7047634701013058 0.1791054576837207 0.7160147028060843 0.22619650663214572 0.6969638107760809 0.23337273221890767 0.6857125780713025 0.18628168327048264
0 0.7309009028703846 0.17733904283498714 0.7362831471481975 0.22295603958221819 0.7139715366285552 0.22710640809212063 0.7085892923507422 0.18148941134488958
0 0.7237654723127036 0.22731288343558279 0.7324820846905538 0.28750920245398764 0.7110553745928339 0.29240081799591 0.7023387622149836 0.23220449897750509
0 0.7336820345777999 0.2963268837501966 0.7228764720621398 0.22848828063551987 0.75811200200451 0.2196397671857794 0.7689175645201702 0.28747837030045614
0 0.7583844003715045 0.17433189095991766 0.7610795845905676 0.2200177437039145 0.7338733330074524 0.2225481744351169 0.7311781487883892 0.17686232169112007
0 0.7993222195354394 0.22827979746564153 0.8048198512154531 0.2800519731025799 0.7719087378916972 0.2855618363829578 0.7664111062116836 0.23378966074601945
0 0.7716143539458628 0.28951281889109987 0.7597335628876312 0.22306078695617618 0.8267383830112599 0.2041738225091586 0.8386191740694915 0.27062585444408227
0 0.8515106387562061 0.20663578895819404 0.8603155176069234 0.27987923669849113 0.8339210055203394 0.28488173866126854 0.8251161266696221 0.21163829092097142
0 0.8957654723127035 0.20552147239263804 0.8957654723127035 0.2770961145194274 0.8526058631921825 0.2770961145194274 0.8526058631921825 0.20552147239263804
0 0.7786482084690554 0.1669325153374233 0.7839413680781758 0.2134560327198363 0.7585179153094461 0.21801635991820031 0.7532247557003255 0.17149284253578728
0 0.8020874712004448 0.1653074966332485 0.806278303011043 0.21266646715546905 0.7828612854532452 0.21593346301561173 0.778670453642647 0.16857449249339118
0 0.8289758514033625 0.16104487888657656 0.8329930869045516 0.2081234833422303 0.8064251122402455 0.2116977025455353 0.8024078767390563 0.16461909808988157
0 0.8425877595787276 0.2070044010834712 0.7831365501384199 0.21718372138362427 0.7776707785214501 0.1668554030454999 0.8371219879617577 0.15667608274534683
0 0.8432573289902278 0.20617586912065433 0.8375732899022799 0.15621676891615538 0.8690390879478826 0.15057259713701432 0.8747231270358305 0.20053169734151324
0 0.9539283213083425 0.266010982403226 0.8990653451176066 0.2787007397849816 0.8879434101812804 0.20289092794321695 0.9428063863720163 0.19020117056146132
0 0.9378906593890308 0.19261592881224776 0.888634562901664 0.20292378267838382 0.8852011620741262 0.17705742552368317 0.9344572585614931 0.1667495716575471
0 0.9340390879478827 0.14621676891615543 0.9340390879478827 0.17177914110429449 0.9039087947882736 0.17177914110429449 0.9039087947882736 0.14621676891615543
0 0.8999185667752442 0.14447852760736196 0.9070846905537459 0.17147239263803685 0.8860749185667751 0.18026584867075665 0.8789087947882736 0.15327198364008177
0 0.999185667752443 0.17995910020449898 0.999185667752443 0.28118609406952966 0.9625407166123778 0.28118609406952966 0.9625407166123778 0.17995910020449898
0 0.999185667752443 0.13496932515337423 0.999185667752443 0.18098159509202455 0.9771986970684039 0.18098159509202455 0.9771986970684039 0.13496932515337423
0 0.990228013029316 0.06850715746421268 0.990228013029316 0.12678936605316973 0.9543973941368078 0.12678936605316973 0.9543973941368078 0.06850715746421268
0 0.999185667752443 0.017382413087934562 0.999185667752443 0.06237218813905931 0.9600977198697068 0.06237218813905931 0.9600977198697068 0.017382413087934562
0 0.9294832291574963 0.12007406179185319 0.8818117792059159 0.1300502956944675 0.8756052469407517 0.08329188083789313 0.923276696892332 0.07331564693527881
0 0.9190633192976878 0.0751409047832809 0.8732124414078015 0.08153773255523959 0.8695777389369982 0.040463364756346924 0.9154286168268846 0.03406653698438823
0 0.8532910939858581 0.1324879046336475 0.8488817827917692 0.08265998304154817 0.8707793755461984 0.07960496782881936 0.8751886867402876 0.1294328894209187
0 0.8443304868386302 0.08489471066158186 0.8187120345100801 0.09025590007185104 0.8121093406109692 0.040512905543580384 0.8377277929395194 0.0351517161333112
0 0.8646869840703225 0.028181639913718252 0.8781736647182187 0.07333949631621711 0.8530966935879702 0.08514721125024517 0.8396100129400741 0.03998935484774631
0 0.8419315080552865 0.0995412590504615 0.8459591513337442 0.12988448571270658 0.8253587463685185 0.13419554523849003 0.8213311030900607 0.10385231857624497
0 0.7999667134263773 0.1504216858477751 0.7938289070115789 0.08362963294672578 0.8195142537863477 0.07990834863343932 0.8256520602011459 0.14670040153448863
0 0.819553554320751 0.07734873090340431 0.7979018969151178 0.08414531456754483 0.7911956313470013 0.05046313003729101 0.8128472887526346 0.0436665463731505
0 0.7932957030029898 0.04507941843852426 0.7975480790683148 0.09580356892736085 0.7672816920262372 0.09980390509006361 0.7630293159609122 0.04907975460122702
0 0.7956026058631922 0.09918200408997956 0.7956026058631922 0.1492842535787321 0.7695439739413681 0.1492842535787321 0.7695439739413681 0.09918200408997956
0 0.7767752442996742 0.14638036809815946 0.7508957654723126 0.15102249488752556 0.7463355048859934 0.11094069529652348 0.772214983713355 0.10629856850715741
0 0.7638436482084691 0.06032719836400818 0.7638436482084691 0.10736196319018405 0.739413680781759 0.10736196319018405 0.739413680781759 0.06032719836400818
0 0.740228013029316 0.06032719836400818 0.740228013029316 0.10429447852760736 0.7157980456026058 0.10429447852760736 0.7157980456026058 0.06032719836400818
0 0.7385053871210222 0.10165958785590688 0.7459909797043347 0.14865502595563945 0.7303307441743924 0.15258769859996854 0.7228451515910799 0.10559226050023597
0 0.697882736156352 0.1124744376278119 0.6887334738455645 0.06652231444725133 0.711726384364821 0.059304703476482645 0.7208756466756086 0.10525682665704321
0 0.7184201954397392 0.11507157464212675 0.7239576547231269 0.16374233128834348 0.7028664495114005 0.16752556237218805 0.6973289902280129 0.11885480572597133
0 0.699205700846073 0.11412578320494979 0.7007966406843512 0.16406632823065914 0.6777715915122123 0.16522276014818008 0.676180651673934 0.11528221512247072
0 0.6752999126082464 0.11698837847274175 0.6796297767537934 0.16591849967579425 0.6563915150552155 0.16916055663624116 0.6520616509096685 0.12023043543318865
0 0.6478928009369395 0.11893683509110545 0.6398226768656443 0.07502699846051332 0.6640284741792629 0.06801314308035201 0.6720985982505581 0.11192297971094414
0 0.6703698011246956 0.11681902732437172 0.6635774564936056 0.06706869122276118 0.6903839050234162 0.06129860905017443 0.6971762496545062 0.11104894515178496
0 0.9104234527687296 0.0 0.9104234527687296 0.019427402862985686 0.8754071661237784 0.019427402862985686 0.8754071661237784 0.0
0 0.8778501628664495 0.0 0.8778501628664495 0.02556237218813906 0.8232899022801303 0.02556237218813906 0.8232899022801303 0.0
0 0.8118892508143323 0.0 0.8118892508143323 0.014314928425357873 0.7850162866449512 0.014314928425357873 0.7850162866449512 0.0
0 0.6636807817589576 0.0 0.6636807817589576 0.027607361963190184 0.6392508143322475 0.027607361963190184 0.6392508143322475 0.0
0 0.6392508143322475 0.0 0.6392508143322475 0.032719836400818 0.6083061889250815 0.032719836400818 0.6083061889250815 0.0
0 0.8613632722806642 0.5412015153038989 0.8642067602926257 0.580475376311643 0.8396833449030809 0.5832746655938851 0.8368398568911197 0.544000804586141
0 0.4824612603792057 0.4325212477983853 0.4886087627798384 0.4826944217880067 0.4596034719737907 0.48829745735664387 0.45345596957315804 0.4381242833670224
0 0.10342019543973942 0.9867075664621677 0.10342019543973942 0.9989775051124744 0.009771986970684038 0.9989775051124744 0.009771986970684038 0.9867075664621677
0 0.2923452768729642 0.0 0.2923452768729642 0.02965235173824131 0.2687296416938111 0.02965235173824131 0.2687296416938111 0.0
0 0.31921824104234525 0.0 0.31921824104234525 0.024539877300613498 0.2996742671009772 0.024539877300613498 0.2996742671009772 0.0
1 0.7652227673180758 0.0051199220712071745 0.8002054856294711 0.007494255139461414 0.7988544280399371 0.03887800237931719 0.7638717097285418 0.03650366931106295
1 0.7061937104826161 0.020449988441308763 0.718528400042217 -0.01052562185088741 0.758766035011558 0.01473591813471432 0.7464313454519572 0.045711528426910494
1 0.6651118757429515 0.03684819163795785 0.6880670759848136 0.004822521524176482 0.7059310432896373 0.025009894127259992 0.6829758430477751 0.057035564241041364
1 0.7161333428920285 0.04059905654813626 0.7059541897975661 0.053380242642205616 0.6945774935744096 0.03909539298777194 0.7047566466688719 0.026314206893702587
1 0.9619430757876258 0.3299322045957248 0.926938287185701 0.3635431989881299 0.9035351320827706 0.3251159289075036 0.9385399206846955 0.2915049345150985
1 0.853767307034531 0.2887584512968748 0.8898821827355031 0.2551140374179324 0.9177031270653249 0.3021970289361417 0.8815882513643526 0.33584144281508405
1 0.8149309760974975 0.3488510818325814 0.8381634941473842 0.2905087829467015 0.8848678355261586 0.31983047454147623 0.8616353174762721 0.37817277342735606
1 0.7373451385924644 0.35959673307266254 0.7360757442752873 0.2910594927755192 0.7817667353844797 0.2897252970676133 0.7830361297016568 0.35826253736475666
1 0.6804130856678905 0.3696517936575142 0.6785780311435249 0.2982290620624824 0.7374090731364868 0.2958459850280448 0.7392441276608526 0.36726871662307664
1 0.6156102667517256 0.354824377887661 0.6526225052002167 0.3458295658138386 0.6616058643780763 0.4041084254941171 0.6245936259295853 0.41310323756793954
1 0.5760285762068009 0.35544133961264657 0.6308473802436443 0.29425763729423776 0.6573090259191895 0.3316368093102289 0.6024902218823462 0.3928205116286377
1 0.6543918721090658 0.46342791565408187 0.6237866166954595 0.45244833485056074 0.6321920133109786 0.41550913500095715 0.6627972687245848 0.42648871580447817
1 0.7011620044117145 0.37175433356389337 0.7179276858742042 0.38002450362356555 0.7107444042491603 0.4029832773657177 0.6939787227866706 0.3947131073060456
1 0.9223902628783932 0.10970863266503351 0.9286980147470478 0.08946830265848676 0.9379996702572945 0.094038514035024 0.9316919183886401 0.11427884404157075
1 0.6166465029710303 0.22691007373842842 0.6292207392164496 0.24194675224766277 0.6251197342763894 0.24735353621968467 0.61254549803097 0.23231685771045033
1 0.6827176353583302 0.30402604910069614 0.6736334445246293 0.23869861085761865 0.7081557841951894 0.23113010996857056 0.7172399750288904 0.29645754821164805
1 0.6782522918577225 0.253394458529954 0.6620853811829719 0.2503871197077004 0.664040034291022 0.23382051932056014 0.6802069449657726 0.2368278581428138
1 0.8352165114215628 0.5209578686770763 0.8597662131246626 0.529979900745871 0.8562464015103318 0.54508001721466 0.8316966998072322 0.5360579851458653
1 0.8887146856628563 0.5136004018489798 0.9370288410765771 0.4898620252435644 0.9483192133645891 0.5260905511093823 0.9000050579508685 0.5498289277147976
1 0.5818888109609109 0.39076363432487304 0.5459250910110641 0.3787217985174315 0.5575825427482769 0.3238316310155633 0.5935462626981237 0.33587346682300484
1 0.5594896918706567 0.33154718241586095 0.5504673331234842 0.4089602733186377 0.506329269851207 0.40084995349821206 0.5153516285983794 0.3234368625954353
1 0.5283797291285948 0.3012812560903559 0.5307046302451305 0.3596656394258794 0.49206057177690726 0.3620917441480059 0.4897356706603715 0.3037073608124823
1 0.47692675835551324 0.4491636049537683 0.44645272084564436 0.4045223010031037 0.48723276513248853 0.36063288084318695 0.5177068026423575 0.4052741847938515
1 0.4700307340810384 0.11396058809706604 0.44151205573857066 0.13101238489504463 0.43044413802622805 0.10182842687809165 0.45896281636869585 0.08477663008011306
1 0.4656143166936728 0.16775264465960174 0.5008620148150196 0.16986017050296104 0.4994544841609245 0.2069739119136975 0.4642067860395777 0.2048663860703382
1 0.4426839396352004 0.3039690785710677 0.45710575167059253 0.27094791894235837 0.4836122663745368 0.2891994440919413 0.46919045433914464 0.3222206037206506
1 0.38501150522635885 0.36388788827845403 0.3975857414717782 0.37967639759274335 0.3832151680116932 0.3977204305262652 0.3706409317662739 0.3819319212119759
1 0.349924166536606 0.3010295358207951 0.37166438526330875 0.3066773082845749 0.3674941281973973 0.33198593430895473 0.34575390947069456 0.326338161845175
1 0.33516755580702307 0.04194110640960477 0.3317352057984972 0.07354558636231354 0.31511527470995687 0.07069987294048077 0.3185476247184828 0.039095392987772
1 0.3355079886371205 0.15127948729697863 0.3196651457989446 0.14431705798154218 0.32573289902280134 0.1225490219022599 0.3415757418609772 0.12951145121769636
1 0.4839782287536469 0.5042774929378366 0.4628027831480442 0.49836895688019817 0.46622636135312073 0.4790247047119487 0.4874018069587234 0.4849332407695871
1 0.5342874050959748 0.4886802018986663 0.5530079784815345 0.5650747194837877 0.5025167928433569 0.5845817672169068 0.4837962194577972 0.5081872496317853
1 0.5706323788257996 0.6285647919962087 0.5373605350386758 0.673974621322811 0.49569537520565815 0.6258442652171564 0.5289672189927821 0.580434435890554
1 0.5024044809974013 0.691197598530516 0.547835159580734 0.7191813258410773 0.5308956478152038 0.7625387603244869 0.4854649692318711 0.7345550330139258
1 0.392787819981757 0.5828938885648515 0.37126547474029414 0.6034836033204258 0.35591212584388965 0.5781812214012513 0.37743447108535255 0.5575915066456769
1 0.3652180694952071 0.7658923735585459 0.39190869518458266 0.7472738104045789 0.4045902777859707 0.7759357166709787 0.37789965209659504 0.7945542798249458
1 0.5508759019165093 0.682709365173523 0.5528745256789501 0.7040403842904008 0.5379011130425203 0.7062522525612477 0.5359024892800794 0.6849212334443698
1 0.5399142580604152 0.7639390272298546 0.5364343351046486 0.7071356863021969 0.5788803382447919 0.7030359910493033 0.5823602612005585 0.759839331976961
1 0.5604271292496159 0.7705646910001183 0.530543740324199 0.8337600180383221 0.48980120677079897 0.8033853222292285 0.5196845956962158 0.7401899951910246
1 0.5156825338364809 0.8063447439232486 0.5809246863978266 0.7937416086871529 0.5918065461499019 0.8825536461393093 0.5265643935885561 0.8951567813754049
1 0.5961128304933291 0.9040094307968436 0.5861322652911801 0.9624911321467553 0.5604112916538176 0.9555705669260068 0.5703918568559665 0.897088865576095
1 0.6293221931362148 0.8521251656618037 0.6407812519847471 0.825403929388546 0.6581346905922212 0.8371366024880855 0.6466756317436888 0.8638578387613433
1 0.9857328828176906 0.4937612174916402 0.9556088943766747 0.5121622352793285 0.9482623457416491 0.4932007213598797 0.9783863341826651 0.4747997035721915
1 0.9550072804532147 0.7131981086242529 0.9590527141552035 0.7619611602702643 0.9453176846944563 0.76375764210885 0.9412722509924675 0.7149945904628388
1 0.949361405220726 0.6663381149397329 0.9407074766140036 0.6283066162850501 0.948299439467844 0.6255830185322857 0.9569533680745663 0.6636145171869685
1 0.9599096623983531 0.82328708162777 0.9861024041184334 0.7677878558904458 1.002548343251989 0.780024765125531 0.9763556015319087 0.8355239908628551
1 0.9818092489426232 0.8879917123358482 0.9730671337196818 0.8550613734083873 0.9915692953799369 0.8473174362338638 1.000311410602878 0.8802477751613247
1 0.9546285481939498 0.9127764811445994 0.9745930287510094 0.8789893762276736 0.9915853124917995 0.8948192630594378 0.9716208319347399 0.9286063679763635
1 0.9679904260072267 0.9986051001618718 0.969223987460514 0.899483916271275 0.9977709829025532 0.9000440268034711 0.9965374214492659 0.9991652106940679
1 0.8930940414802733 0.8643783327906593 0.9056682777256927 0.8749039640614288 0.8987593759542956 0.8879164869312371 0.8861851397088762 0.8773908556604677
1 0.5897921086910881 0.9886623140736835 0.58312382508029 1.0035473297195023 0.5748227395918158 0.9976843461424783 0.5814910232026138 0.9827993304966595
1 0.4005623272807719 0.9949116977608132 0.39019965693267045 0.9103368321712483 0.41620650604560755 0.9053129767963802 0.426569176393709 0.9898878423859452
1 0.061074918566775264 0.6037230696414876 0.05154111752439535 0.6332511971323481 0.04278490310116509 0.6287939615448794 0.05231870414354501 0.5992658340540191
1 -0.0027543692821722274 0.7306327142617853 0.03652519816296348 0.7059725551176157 0.04981797038770872 0.7393540213649252 0.010538402942573013 0.7640141805090949
1 0.04963630598709807 0.7595871154155482 0.05109653511119413 0.8072581004696417 0.018327604654983256 0.8088406166923808 0.016867375530887192 0.7611696316382873
1 0.03706406915824615 0.8550613602600504 0.0005987626969057273 0.8397990836643188 0.009161250916751372 0.8075453824193956 0.0456265573780918 0.8228076590151272
1 0.05320271958756287 0.860294266703868 0.03539765055755701 0.8838273719157334 0.02046373897894969 0.8660135533396068 0.038268808008955546 0.8424804481277415
1 0.026436728519355523 0.8709131576462024 0.021409920397994827 0.9035240345442105 -0.0014341659212510705 0.8979723772694612 0.0035926422001096247 0.8653615003714531
1 0.03272927841486894 0.9665105361926459 0.043279387501124825 0.928241451853128 0.07351074370404993 0.9413811543913538 0.06296063461779404 0.9796502387308718
1 0.13207644167692786 0.9776408149656621 0.0723036095218743 0.9754334088462454 0.07305039023731741 0.9435522785459806 0.132823222392371 0.9457596846653973
1 0.1541684475664307 0.9506054381058275 0.12235216447918172 0.9549242573632983 0.1207473695125652 0.9362852409610356 0.15256365259981416 0.9319664217035648
1 0.13087201471436533 0.9817263804305921 0.1355521563515343 0.950874810017257 0.1534917897080489 0.9551653732607858 0.1488116480708799 0.9860169436741208
1 0.02415379605067527 0.3852550117818906 0.024731336712365947 0.42078851895932534 0.004042784243530867 0.42131866267853707 0.0034652435818401904 0.3857851555011023
1 0.07579935617709928 0.13455439908234745 0.07743028448615909 0.21441974760347118 0.038627296785831336 0.21566903014274694 0.03699636847677153 0.1358036816216232
1 0.053128933652574865 0.1000956757217237 0.060513951534176214 0.05558618234553799 0.09443989819643503 0.06446080506383196 0.08705488031483367 0.10897029844001767
1 0.10950733207435884 0.03733034701338132 0.06025438590527434 0.04420181057309394 0.05697226486167367 0.007111831881045388 0.10622521103075819 0.00024036832133276544
1 0.31078790128395567 0.4663133523823598 0.29627831673389154 0.4655542354154685 0.2967847971538625 0.4502916550467047 0.31129438170392665 0.45105077201359606
