0 0.23999155055924964 0.06988851683889839 0.2553086766337757 -0.016633345569946743 0.3195038513995758 0.00023591225066971845 0.30418672532504976 0.08675777465951486
0 0.25144111721899187 0.0013264252434741788 0.24082823847447835 0.06832822275665182 0.20818968939672317 0.06065425880140291 0.21880256814123666 -0.006347538711774724
0 0.21914971058224045 0.00030898193313973936 0.20963943126181445 0.06210536856108831 0.16801023822662642 0.05259559128556511 0.17752051754705242 -0.009200795342383458
0 0.17423771001866833 0.0 0.17423771001866833 0.04169825625473844 0.11263223397635345 0.04169825625473844 0.11263223397635345 0.0
0 0.09583074051026758 0.0 0.09583074051026758 0.039423805913570885 0.05164903546981954 0.039423805913570885 0.05164903546981954 0.0
0 0.05164903546981954 0.0 0.05164903546981954 0.07884761182714177 0.0 0.07884761182714177 0.0 0.0
0 0.10062227753578096 0.06285064442759666 0.07952706907280646 0.13995451099317663 -0.004853764779091473 0.10568612585291887 0.01624144368388301 0.02858225928733889
0 0.0986579839495653 0.021368005341045854 0.15387541538139965 0.03594403971105409 0.14672805679186457 0.07613464536819362 0.09151062536003023 0.06155861099818538
0 0.06376147107334777 0.05450789293454825 0.06911490852057564 0.020964400765477956 0.0978627426940222 0.02777478714019577 0.09250930524679435 0.06131827930926606
0 0.17567627673855407 0.048708435284481766 0.2855156749127266 0.0848766857743892 0.2765818197530122 0.1251494753074792 0.16674242157883967 0.08898122481757176
0 0.2166648959582315 0.10828232770576378 0.20397043422829994 0.18045821853214739 0.16844294018546901 0.171182899092069 0.18113740191540056 0.09900700826568537
0 0.2566894835096452 0.20053070507960571 0.16574859822128432 0.17155287752734896 0.18249784463684715 0.09352841450555811 0.27343872992520807 0.12250624205781485
0 0.17059493927550115 0.1607533797309845 0.12932884920607174 0.1491511274288489 0.14200862798291183 0.08220817609527134 0.18327471805234122 0.09381042839740694
0 0.08574522490305785 0.13737249669757756 0.09738643434971997 0.06330553449583018 0.14046515925141917 0.07335582401647403 0.12882394980475703 0.1474227862182214
0 0.027380211574362167 0.11599696739954511 0.027380211574362167 0.18877937831690675 0.0 0.18877937831690675 0.0 0.11599696739954511
0 0.031112739862977662 0.1208953928298022 0.12323672240888862 0.15255254645170044 0.10811674260069563 0.21786473161393624 0.01599276005478467 0.18620757799203802
0 0.1236347735414319 0.15033092227936803 0.1697674027481121 0.16762494108968706 0.16014732841117404 0.20571686166834002 0.11401469920449382 0.188422842858021
0 0.11571772339943381 0.1828123425085566 0.16051595080770184 0.20035584849268362 0.151237900658607 0.2355234960799695 0.106439673250339 0.21797999009584246
0 0.13293384264999317 0.30732006347836216 0.1665368295821649 0.17767639403181174 0.20614628381184957 0.19291578422704017 0.17254329687967782 0.32255945367359057
0 0.19303049159925328 0.23836239575435939 0.20740510267579346 0.18582259287338895 0.24156813939016805 0.199696739954511 0.22719352831362788 0.25223654283548147
0 0.19244857579003355 0.33286044930159053 0.2216972640339203 0.25949415262953895 0.29279062292694036 0.30156497406565763 0.2635419346830536 0.37493127073770915
0 0.19677921548740274 0.23114674926275966 0.22519581811779868 0.24196590213118419 0.2152194469480719 0.2808608915953259 0.186802844317676 0.27004173872690135
0 0.2576533460103464 0.2992831739482701 0.2988422432971629 0.21843378551184897 0.32638376630140137 0.23926111275611975 0.2851948690145849 0.32011050119254086
0 0.26696191356578886 0.14520263208106293 0.30701981725274863 0.16870106428066078 0.2945791172528872 0.20018117930334617 0.25452121356592744 0.17668274710374834
0 0.27865187659218793 0.11180376717270984 0.31598018721711807 0.13181445851211515 0.3035930271549904 0.16611414529245688 0.2662647165300603 0.1461034539530516
0 0.2992019404157904 0.08927355937643536 0.33417666322975664 0.10476859819704155 0.32620060955945474 0.13149200622015128 0.29122588674548844 0.11599696739954508
0 0.3787512004920669 0.05781223294929158 0.3741398721633317 0.09433052715535942 0.3393498818392077 0.08780955970322585 0.34396121016794295 0.05129126549715801
0 0.388301182327318 0.12585291887793784 0.388301182327318 0.13874147081122062 0.37523335407591785 0.13874147081122062 0.37523335407591785 0.12585291887793784
0 0.32150828887661426 0.1418725455954886 0.34965928556945386 0.06438517433193344 0.3868590366584395 0.08444582634103125 0.3587080399655999 0.1619331976045864
0 0.3996266334785314 0.041394996209249385 0.4685749844430616 0.08339651250947686 0.4515245799626634 0.1249431387414708 0.38257622899813315 0.08294162244124333
0 0.3467259982858015 0.0533279929048593 0.35687029622758915 0.010070522265295286 0.39114252503786506 0.02200065801707982 0.38099822709607734 0.06525812865664384
0 0.34725663977494914 0.04708157067170305 0.31071532459690043 0.028531566409912487 0.319865381853798 0.001776493757598335 0.35640669703184663 0.0203264980193889
0 0.017535641120658915 0.18717789268342547 0.11461093670248841 0.2144712967774361 0.10089286338560931 0.2868959289894455 0.0038175678037798157 0.2596025248954349
0 0.11742377100186682 0.21902956785443517 0.15270690728064715 0.23335860500379077 0.13534536403235845 0.29681576952236544 0.1000622277535781 0.2824867323730098
0 0.15183571873055382 0.3115996967399545 0.1341630367143746 0.35466262319939346 0.10653391412570005 0.3378316906747536 0.12420659614187927 0.2947687642153146
0 0.15096316628449166 0.23240395899758018 0.12614298744363275 0.3357225793720856 0.09338800283008418 0.3240424979488405 0.11820818167094307 0.22072387757433512
0 0.0885224147509221 0.3116977540101835 0.12872900304071888 0.3501864283954721 0.10229889344527782 0.39116958406975927 0.06209230515548103 0.35268090968447074
0 0.047234875486275606 0.267784609710311 0.09215270509607784 0.29241109074316046 0.06292765409131308 0.3715361130069242 0.01800982448151085 0.34690963197407476
0 -0.001933873557330327 0.31239345058829937 1.547098845864433e-05 0.26726885846049453 0.0291164002791654 0.26913491302217063 0.02716705573337643 0.3142595051499755
0 0.023646546359676415 0.3100833965125095 0.023646546359676415 0.36087945413191813 0.0 0.36087945413191813 0.0 0.3100833965125095
0 -0.010282881247003373 0.4456182652033956 0.023165046364777054 0.3524726879528704 0.06397013067828253 0.37422289613343446 0.030522203066502097 0.46736847338395954
0 0.18005131658582743 0.32354315743558326 0.16406816070104252 0.37547124741657756 0.13453981297576528 0.3619803296395152 0.15052296886055014 0.3100522396585209
0 0.16209207667275344 0.3736909481847898 0.14458261499382827 0.4224511863184977 0.12411478470217391 0.4115412818951268 0.1416242463810991 0.36278104376141895
0 0.13976353453640325 0.3698256254738438 0.12233976353453642 0.4122820318423047 0.08923459863098941 0.39211523881728577 0.10665836963285624 0.34965883244882484
0 0.12248138531854175 0.4108650754228648 0.11046499152415083 0.44746542574050363 0.07795635474111107 0.4316227026744399 0.089972748535502 0.3950223523568011
0 0.0954522418029369 0.37726956535332146 0.08423841569422436 0.4080098168715757 0.06016204876859614 0.3949727613077699 0.07137587487730869 0.3642325097895157
0 0.09670192906036094 0.38832448824867327 0.05538270068450533 0.4890068233510235 0.02576228998133166 0.47096285064442756 0.06708151835718727 0.3702805155420773
0 0.10886866263240651 0.44844649296013467 0.08893507724408116 0.4994471530131912 0.06091533459782581 0.4831910692439099 0.08084891998615115 0.4321904091908534
0 0.07806599551619199 0.529032995108374 0.056533487908209806 0.5989905179307695 0.012820622107048757 0.579018974524079 0.03435312971503095 0.5090614517016835
0 0.024891101431238332 0.4632297194844579 0.024891101431238332 0.5185746777862017 0.0 0.5185746777862017 0.0 0.4632297194844579
0 0.02613565650280025 0.5178165276724791 0.02613565650280025 0.574677786201668 0.0 0.574677786201668 0.0 0.5178165276724791
0 0.08525202240199128 0.511751326762699 0.07376382174141975 0.5327462529888611 0.051218227945048114 0.5144340117804864 0.06270642860561965 0.4934390855543244
0 0.08216575418324651 0.5114995374588756 0.13131037947511748 0.5334945155838103 0.11526726534713382 0.5867032989963206 0.06612264005526283 0.5647083208713858
0 0.13186060983198508 0.45511751326762695 0.11555693839452395 0.5147081122062168 0.08811449906658368 0.5035633055344958 0.10441817050404481 0.44397270659590593
0 0.13017887506490317 0.46131261378287935 0.10755096135933952 0.4462751650304467 0.12357956234467835 0.41047309532892606 0.146207476050242 0.42551054408135863
0 0.19914101465527623 0.5030569437640243 0.12786054520655943 0.47157586228450815 0.1397658033013452 0.43156279123628305 0.211046272750062 0.4630438727157992
0 0.15900547521848252 0.37848840338362344 0.2225799106766832 0.40372678976467924 0.20752025455852743 0.4600358325867491 0.14394581910032675 0.43479744620569327
0 0.22492379325496462 0.3896457792531087 0.26115183652793406 0.4051538433478489 0.2534514554739788 0.43185571289279123 0.2172234122010094 0.416347648798051
0 0.11321188976310834 0.5154278355333535 0.126535448508665 0.4721405797251966 0.1714758206817775 0.4926729465036818 0.15815226193622084 0.5359602023118385
0 0.19372791208275117 0.5742057304704822 0.15016848457808413 0.5590427281960318 0.16005447863709482 0.5168867209292346 0.20361390614176186 0.5320497232036849
0 0.20748674092131328 0.5066181636074033 0.200978517152595 0.5330490850032342 0.16780941180500447 0.5209256386893044 0.1743176355737228 0.4944947172934735
0 0.18297468082988683 0.6190300607998928 0.12244989613872331 0.5931213404961594 0.1349051572970335 0.5499314312868536 0.195429941988197 0.575840151590587
0 0.13602986932171746 0.5604245640636847 0.14947106409458613 0.5658832448824868 0.14822650902302426 0.5704321455648218 0.13478531425015555 0.5649734647460196
0 0.20594242970509177 0.5737766036438102 0.1355416701415842 0.5820771749919887 0.13071292476857052 0.5212852598422736 0.2011136843320781 0.5129846884940952
0 0.07626368245483386 0.5670304130053816 0.11884888857151603 0.5873326787556395 0.09582257949340488 0.6590263363949341 0.05323737337672272 0.6387240706446763
0 0.05283269307232168 0.6494602007206929 -0.013229531725068609 0.6195116504801919 0.0005250189565543605 0.5744750125608007 0.06658724375394466 0.6044235628013017
0 0.002519199014407591 0.6214482359111779 0.0875632444929099 0.6719264505764276 0.056377947965430206 0.7499152015946128 -0.02866609751307211 0.699436986929363
0 0.12904254467617038 0.7469807694122605 0.10938786997756184 0.7883424195999108 0.08610926780398001 0.7719226498132938 0.10576394250258857 0.7305609996256437
0 0.09665582709984047 0.6821458661533584 0.1435294513372042 0.7069755837092945 0.11423590946999562 0.7890619067535625 0.06736228523263188 0.7642321891976263
0 0.0807684816021764 0.6890396314142816 0.1028502586772769 0.6267373173236146 0.12988479061051741 0.6409603058741286 0.10780301353541691 0.7032626199647957
0 0.14459369568482708 0.7021646492902146 0.11305066197455095 0.6856944916472771 0.125281634229556 0.6509241588455202 0.1568246679398321 0.6673943164884577
0 0.21027387203456788 0.6474176044160116 0.18496325765785926 0.6967569915922005 0.15173783237661076 0.6714569259994378 0.17704844675331938 0.6221175388232489
0 0.1426521706388055 0.6036565048796859 0.1758746566573788 0.6257346088283442 0.1556843269295559 0.6708324681407938 0.12246184091098258 0.6487543641921354
0 0.1416868211882293 0.611217495290872 0.1289846611795046 0.6460376886582309 0.10346486698015771 0.6322190350390411 0.1161670269888824 0.5973988416716822
0 0.12538535578539725 0.7536094488289852 0.16104782974606796 0.6712845039515772 0.21555889122686323 0.7063360210982608 0.17989641726619254 0.7886609659756688
0 0.25438705662725575 0.6978013646702046 0.229247044181705 0.7590598938589841 0.20161792159303046 0.7422289613343442 0.22675793403858122 0.6809704321455646
0 0.2762991529891121 0.7002602821091061 0.24662008172842537 0.7665525417344737 0.2282648761984788 0.7543545341722884 0.25794394745916555 0.6880622745469208
0 0.25255225644576806 0.8756843791156677 0.16366012825975226 0.8221420751930774 0.19431529869037628 0.7465959582915139 0.28320742687639205 0.8001382622141042
0 0.1883756970895644 0.6132275464427307 0.21092037622027834 0.5628709261503841 0.24113452689071305 0.5829498317099907 0.2185898477599991 0.6333064520023373
0 0.265309857608258 0.5954600187307674 0.23686811376697536 0.6532132185702179 0.21453933160071745 0.6368906925924273 0.24298107544200007 0.5791374927529768
0 0.22585739277453581 0.5732258572102936 0.2380974744924915 0.5463830517687784 0.2663113031430886 0.5654798518031098 0.25407122142513294 0.592322657244625
0 0.2314000451844835 0.5717031335261707 0.19636225272395064 0.5591477813243966 0.20559732698108205 0.5208925889619139 0.2406351194416149 0.5334479411636881
0 0.21188693806398393 0.4754257809558995 0.24089398144089585 0.48151899665048226 0.23565204769548925 0.5185606703938003 0.20664500431857732 0.5124674546992175
0 0.3075604051151333 0.5077462126824277 0.25946588536924076 0.4890634858571397 0.26795662209482707 0.4566188528588908 0.3160511418407196 0.4753015796841788
0 0.29426406530253674 0.4999777014672434 0.28650389838573886 0.537796013022343 0.25224202935685786 0.5273602996922802 0.2600021962736557 0.48954198813718053
0 0.29615875983244805 0.49628807274538567 0.2831502865539381 0.5683282428417583 0.2414237406121207 0.5571440100500449 0.25443221389063064 0.48510383995367207
0 0.3139780760212134 0.4823238743831832 0.24685013446793122 0.444086665215076 0.26109439024337733 0.40696742577867784 0.3282223317966595 0.4452046349467852
0 0.27554449284380833 0.37103866565579985 0.3380211574362166 0.4090978013646701 0.3230864965774735 0.445489006823351 0.2606098319850653 0.40742987111448076
0 0.21729931549471063 0.4151630022744503 0.2416925948973242 0.355724033358605 0.27529558182949593 0.37619408642911295 0.2509023024268824 0.4356330553449582
0 0.3140251009224941 0.3248958637921163 0.36096264753941687 0.3555811579561114 0.3442436453679126 0.39354259210298237 0.29730609875098973 0.3628572979389873
0 0.33096775753580066 0.30673334700127886 0.3594661934528112 0.32872330767487207 0.34693033600519535 0.3528386138298365 0.3184319000881848 0.3308486531562433
0 0.29253745632090383 0.297999650084563 0.3221578670240774 0.3186213331778154 0.31001866832607344 0.3445034116755118 0.2803982576228999 0.3238817285822594
0 0.3636302368473668 0.25112011889545466 0.333343068120295 0.3085205672167133 0.3028042925917522 0.28460188908017503 0.33309146131882394 0.22720144075891643
0 0.37234389369517223 0.3377183036223474 0.3332015353183804 0.30976269230511183 0.3537972696884758 0.2669574026984777 0.3929396280652676 0.2949130140157132
0 0.3915451523694343 0.29395152345647907 0.350662377839939 0.26430306201883735 0.3607688526780726 0.243616893323614 0.401651627207568 0.27326535476125574
0 0.3549545844227642 0.1670435724814286 0.42536542113233156 0.2198342482111888 0.3984018417278484 0.27321712703407125 0.32799100501828105 0.22042645130431104
0 0.3230752458368191 0.14939805373208387 0.3635353732351853 0.1923727323112703 0.32690305464582364 0.24356698158547682 0.28644292724745746 0.2005923030062904
0 0.4067760978153013 0.1437718992684876 0.44115272708925485 0.17368809294510584 0.41798550261524753 0.2132041063049403 0.383608873341294 0.18328791262832206
0 0.3641568139390168 0.1399545109931766 0.38606098319850657 0.15329795299469295 0.3780958307405103 0.1727065959059894 0.35619166148102044 0.15936315390447306
0 0.41783543152553726 0.14883069924768177 0.3751854865731654 0.11418907097451447 0.3918433775309942 0.08374642794657955 0.4344933224833659 0.11838805621974685
0 0.4737274424393279 0.1273388931008339 0.5104667081518357 0.16090978013646706 0.46558805227131306 0.23381349507202434 0.42884878655880526 0.20024260803639116
0 0.40197137523335413 0.31070811220621686 0.4420900025801752 0.2201392777233307 0.4948330323128993 0.2548189130716174 0.45471440496607823 0.34538774755450363
0 0.41158332369359435 0.25667754221213834 0.4472872402928591 0.2847419086554451 0.4260813386694051 0.3247879435749146 0.3903774220701404 0.29672357713160785
0 0.5161552821789288 0.2200968099375984 0.4973912210999953 0.2543885227736631 0.46737829687425214 0.23001108065550832 0.48614235795318567 0.19571936781944366
0 0.46343507606374484 0.12509453397012618 0.5366186914904463 0.17324258385260002 0.5004088453986248 0.2549391871569512 0.42722522997192336 0.20679113727447734
0 0.5140012445550716 0.08718726307808947 0.5140012445550716 0.1470811220621683 0.4530180460485376 0.1470811220621683 0.4530180460485376 0.08718726307808947
0 0.5889575302621167 0.1519130425833365 0.5608029914373485 0.22432838534609037 0.5234874573064112 0.20279314851851982 0.5516419961311795 0.1303778057557659
0 0.49969843473266023 0.26135183997200684 0.52884017040831 0.19921852219047073 0.5646259154659903 0.22413250131218296 0.5354841797903405 0.28626581909371906
0 0.48893933866918443 0.29878225405871744 0.5067115850910886 0.26320985072285696 0.5341123961976697 0.28353036521921 0.5163401497757656 0.31910276855507047
0 0.5005380870456458 0.37994023993221243 0.45515941286284267 0.3447576149489363 0.4824737362275339 0.29246309592828784 0.527852410410337 0.32764572091156396
0 0.41253059278567356 0.38186848450317157 0.4335303752538188 0.336180936541635 0.48131916773979866 0.368786008667475 0.4603193852716534 0.4144735566290116
0 0.45837801147965546 0.41430839160919364 0.36999436090402515 0.34830976109669104 0.39250508601268835 0.3035622732574877 0.4808887365883187 0.3695609037699903
0 0.3796755246604419 0.3432931729720359 0.4218193785559998 0.3795373008105027 0.40445309277683794 0.40951136962531975 0.36230923888127997 0.37326724178685294
0 0.4394852242233762 0.4471631760752113 0.3992031555552102 0.4155002425968954 0.41736396651863394 0.3812046732350728 0.45764603518679997 0.4128676067133887
0 0.41219056870095777 0.4196453336785074 0.38049994687874694 0.4679080604301116 0.336105756826081 0.4246380295493631 0.3677963786482918 0.3763753027977589
0 0.4432812328416121 0.4576104892298086 0.4138072403821516 0.49950497257280463 0.3821369742669936 0.4664317887882978 0.4116109667264541 0.4245373054453017
0 0.3376442685890737 0.4240562461556066 0.37922532317338054 0.45220078103766426 0.36821805544140607 0.47633999456420667 0.32663700085709924 0.4481954596821491
0 0.37226666249003776 0.5108013272397537 0.3178685217324254 0.48508235066167493 0.3284406134584233 0.45189034786099647 0.38283875421603564 0.4776093244390752
0 0.3460820448997176 0.5093019187029801 0.32817959887032694 0.5420190120720827 0.2983102771528409 0.517758208432962 0.3162127231822316 0.4850411150638596
0 0.28069503613996466 0.5607394879570772 0.3010291513091763 0.5173849653000525 0.3325929826240966 0.5393596547501022 0.312258867454885 0.5827141774071267
0 0.2642526317602702 0.6119399461162514 0.27782646423626733 0.5809318688006799 0.3141295758392672 0.6045210931003092 0.3005557433632701 0.6355291704158808
0 0.3033267914412906 0.6307575669213275 0.2874730745297019 0.6645593981454483 0.2501459958833948 0.6385723450166211 0.2659997127949835 0.6047705137925002
0 0.2722470290042042 0.6926677638269938 0.2348967171065612 0.6658310989478354 0.2513803937043726 0.6317775846446863 0.28873070560201564 0.6586142495238446
0 0.3001113452089246 0.6355435171416165 0.2906553117942828 0.6560248187301323 0.2729878000365611 0.6439169139465876 0.2824438334512029 0.6234356123580718
0 0.2779650161928425 0.622078770136633 0.2711449452441191 0.6398842299242403 0.2548953256510068 0.6306453130274539 0.2617153965997302 0.6128398532398466
0 0.34471517421404235 0.6259733622693221 0.30040857672492677 0.7118519402476564 0.27242247292146005 0.6904196709122776 0.31672907041057563 0.6045410929339433
0 0.3397250862266034 0.628432105849772 0.3745617624036546 0.6541552379822513 0.3585722805238833 0.6862984606344936 0.32373560434683213 0.6605753285020145
0 0.3427679063333584 0.624575653240488 0.30544710839123423 0.599774003660368 0.32761128660834965 0.5502672841324493 0.3649320845504738 0.5750689337125693
0 0.34573739887990046 0.5460197119029568 0.37351586807716247 0.5008946171341926 0.3997013067828252 0.5248218347232753 0.3719228375855632 0.5699469294920394
0 0.3534967909556276 0.5516040132150545 0.32975258790237966 0.5381039606426014 0.3459045508019205 0.49593531928080875 0.3696487538551684 0.5094353718532619
0 0.3920970015951236 0.615783410310662 0.35779877367350843 0.579494568586246 0.39428050050472535 0.5283127014537745 0.4285787284263404 0.5646015431781903
0 0.36534179758518 0.6676623245020428 0.4235828815760997 0.5751085894853226 0.4520622033676145 0.6017101617050896 0.39382111937669473 0.6942638967218098
0 0.2985628895200466 0.7050657884156671 0.35091825236442925 0.5896863412499945 0.3925148893123794 0.6177040813408751 0.34015952646799674 0.7330835285065479
0 0.4773379248191067 0.4953478791178775 0.44170310184263706 0.5409342464790193 0.4095385305223062 0.5036127069925601 0.4451733534987758 0.45802633963141826
0 0.42532879070308977 0.5639373004751084 0.37974673901050376 0.5095132292631401 0.39838014847051895 0.48634796104646055 0.44396220016310495 0.5407720322584287
0 0.49814703982179864 0.46597741002399984 0.46752979599602046 0.5060429875943461 0.4341733419474511 0.4682059850398148 0.4647905857732293 0.42814040746946863
0 0.47138356351366717 0.5064595885335226 0.49335297107563986 0.459909385214684 0.5205940543705133 0.4789931168231339 0.49862464680854063 0.5255433201419725
0 0.4401951730129341 0.558977220276901 0.47344442027012035 0.5041707524593538 0.4986223170937662 0.5268438896622804 0.46537306983657994 0.5816503574798275
0 0.47917724818782675 0.5584328832243918 0.5027497939756806 0.5189435075712557 0.5285019929699456 0.5417617769399422 0.5049294471820918 0.5812511525930782
0 0.48473759103278874 0.6272151817030779 0.4506878701126657 0.597739435703253 0.47638882008103645 0.5536697361337553 0.5104385410011595 0.5831454821335801
0 0.4441240305371318 0.6016938183028532 0.4257288994794118 0.5736792470274968 0.4432589129873875 0.5565931322694577 0.4616540440451075 0.5846077035448141
0 0.4734469622232005 0.6409881839531058 0.44661314068025576 0.6818543242293683 0.419824851639929 0.6557443739714123 0.4466586731828738 0.6148782336951497
0 0.4205733578958394 0.7918014697603195 0.4057249533291849 0.7899924184988628 0.4065382269403045 0.7800839219630833 0.421386631506959 0.7818929732245401
0 0.44430616054760425 0.7513267626990144 0.44430616054760425 0.759666413949962 0.42874922215308026 0.759666413949962 0.42874922215308026 0.7513267626990144
0 0.36011430037618397 0.75216499065302 0.4090020100189705 0.6499313539027098 0.44889957626532173 0.6782514320922367 0.40001186662253513 0.7804850688425471
0 0.33824200819029476 0.7316478402776799 0.3654383425299461 0.6716900312309582 0.39176943049225943 0.6894186778425098 0.36457309615260813 0.7493764868892315
0 0.34449284380833844 0.7443517816527672 0.31026757934038574 0.827748294162244 0.26919726197884253 0.802729340409401 0.30342252644679524 0.7193328278999241
0 0.24154101758050942 0.7690271307172758 0.27274668593481305 0.6970619520265903 0.30655351941850556 0.7188218942274032 0.27534785106420195 0.7907870729180887
0 0.42039438113989 0.8488919822518302 0.40986666938700567 0.8595806559862788 0.40537811011252006 0.8530183074609429 0.4159058218654045 0.8423296337264943
0 0.4000949111731132 0.8513823303779727 0.3948794129540826 0.8286884452973318 0.4042735879193217 0.8254837425169232 0.40948908613835233 0.8481776275975641
0 0.4354791045988721 0.8149809157191603 0.3770697630050408 0.9302647484294596 0.28864914542085535 0.8637665911751862 0.34705848701468656 0.7484827584648871
0 0.46237320400306253 0.6551159857270062 0.533762252604464 0.7049565378666512 0.510037049228765 0.7553995318520321 0.4386480006273636 0.7055589797123871
0 0.4085662960397318 0.7892199636660133 0.4063824541217081 0.7799075915144406 0.4130396496460063 0.7775902270158925 0.41522349156403 0.7869025991674653
0 0.42916838959590803 0.7033838733879452 0.4627301071466431 0.7230109897260307 0.4449405761367489 0.7681647936382431 0.41137885858601386 0.7485376773001575
0 0.5005570068602675 0.8040176395024015 0.4435364534440551 0.7686728294940786 0.45886015187223383 0.7319774371560288 0.5158807052884462 0.7673222471643518
0 0.48463310852856595 0.8409646947933527 0.4486869943995022 0.8182562547384382 0.46382212953463736 0.7826936868635125 0.4997682436637011 0.805402126918427
0 0.46210329807093975 0.8269901440485216 0.44293714996888617 0.8736921910538288 0.4133167392657124 0.8556482183472327 0.43248288736776597 0.8089461713419255
0 0.4343497199751089 0.8127369219105381 0.4017423771001866 0.892191053828658 0.3666459240821406 0.870811220621683 0.39925326695706287 0.7913570887035631
0 0.49817347034186577 0.9497696087866848 0.4554587926526112 0.9194121783263345 0.48960667545808334 0.848091072291381 0.532321353147338 0.8784485027517314
0 0.4691606574179142 0.8898898452481825 0.45043742450309304 0.927908843598091 0.42069621874885593 0.9061677741604599 0.4394194516636771 0.8681487758105514
0 0.4560408494033681 0.9277918644763365 0.42277251436214364 0.9901493782236368 0.3741495631480462 0.951643613484679 0.40741789818927066 0.8892860997373786
0 0.4163036714374611 0.9537528430629265 0.4163036714374611 0.9992418498862775 0.3596764156813939 0.9992418498862775 0.3596764156813939 0.9537528430629265
0 0.3356089168710421 0.9065914462828344 0.3584867674512243 0.9233153458502428 0.32686042680918037 0.9875351201890914 0.30398257622899816 0.9708112206216829
0 0.3836081948342952 0.940557126448376 0.3500917391989447 1.0063463346858557 0.30281573908143294 0.9705954894949027 0.3363321947167835 0.9048062812574229
0 0.3282454547976806 0.916806304718398 0.30541539998176764 0.9678003505840654 0.2784711790375705 0.949894486751689 0.3013012338534834 0.8989004408860215
0 0.2433827923514511 0.8551009757155712 0.3016706300868545 0.8885197172722918 0.28233595583063475 0.9385769543842771 0.22404811809523134 0.9051582128275564
0 0.30591163658991916 0.8277482941622439 0.2868699439950218 0.8741470811220622 0.25724953329184813 0.8561031084154663 0.27629122588674554 0.8097043214556481
0 0.20215171012142968 0.9762643370359808 0.2230322613794008 0.929019065040933 0.25160564731136137 0.9477641527150815 0.23072509605339026 0.9950094247101292
0 0.26716142026562784 0.9442669944507002 0.3052510650519363 0.9633755175832508 0.29204147535007713 1.002460623298088 0.2539518305637687 0.9833521001655371
0 0.26306594788011967 0.9788225030683393 0.2458868758608967 1.0091711116093496 0.22730279042083715 0.9935560294927117 0.2444818624400601 0.9632074209517014
0 0.20840849038366727 0.986608774857923 0.22158094148307061 0.9133869490939868 0.2608337850462864 0.9238688325642103 0.24766133394688306 0.9970906583281465
0 0.3304293714996889 0.9757391963608795 0.3304293714996889 0.9992418498862775 0.2943372744243933 0.9992418498862775 0.2943372744243933 0.9757391963608795
0 0.4945791185644822 0.9476158929310274 0.4481536809581111 1.0196042791236073 0.4158345095098533 0.9886660145459588 0.4622599471162244 0.9166776283533791
0 0.501028051175861 0.9378717298983632 0.5441380391106755 0.9747797379284521 0.525759399205493 1.0066446574514663 0.4826494112706785 0.9697366494213775
0 0.5544690783283885 1.0283626803840948 0.4801942015627025 0.9757791480255753 0.5122197043225989 0.9086315778578766 0.586494581088285 0.9612151102163963
0 0.545396907398058 0.9314517859441829 0.5783012997381738 0.8592916303088388 0.6185614821946437 0.886542120245469 0.5856570898545278 0.9587022758808129
0 0.5181726832268359 0.9092827663924149 0.5406008246993333 0.8622225893333884 0.5695892726132509 0.8827298124094718 0.5471611311407534 0.9297899894684983
0 0.5763534536403234 0.8025777103866565 0.6440572495332918 0.8438210765731615 0.6186683260734288 0.905686125852919 0.5509645301804604 0.8644427596664139
0 0.5049374682230935 0.856819962202828 0.523799851740113 0.8057512227337852 0.5619644823129577 0.8266752201551293 0.5431020987959383 0.877743959624172
0 0.4948867572295734 0.7994764472799577 0.5209402261333081 0.808545639206374 0.511336018128236 0.8495000500665169 0.48528254922450126 0.8404308581401005
0 0.493044851850079 0.8093893975622559 0.4743813125269255 0.8386248323321865 0.4491359915753194 0.8147022802822651 0.467799530898473 0.7854668455123345
0 0.4694553258089085 0.833902427908068 0.5138852202723855 0.7277223130033272 0.5862575978340109 0.77267411367347 0.5418277033705339 0.8788542285782106
0 0.5718420706091348 0.759807977249205 0.5679276608819815 0.7776921407202111 0.5592131933165843 0.7748608747353553 0.5631276030437375 0.7569767112643491
0 0.5666541428420472 0.7142560830818088 0.5388792501600853 0.7799444536752674 0.506899242519348 0.7598727320142915 0.5346741352013099 0.6941843614208328
0 0.5895047916988663 0.7700685489953278 0.5461719411903223 0.7447272089132425 0.5611842855905932 0.706622525044094 0.6045171360991373 0.7319638651261792
0 0.4902593033650368 0.6061059947737673 0.5443241655321421 0.6333624534815254 0.5256141437050468 0.6884511031661428 0.47154928153794157 0.6611946444583845
0 0.5340356355147414 0.6522603191408232 0.5669979343331506 0.6689934547868881 0.5546628470854215 0.7050616613805512 0.5217005482670123 0.688328525734486
0 0.5711952515437269 0.6610415816177756 0.6296558326552103 0.6951058494197235 0.6129960269972715 0.7375459264011197 0.5545354458857881 0.7034816585991718
0 0.5901387312859181 0.7728671453418364 0.6572165891870126 0.8219016188734779 0.6436545993630806 0.8494403068278106 0.576576741461986 0.800405833296169
0 0.597872069340552 0.7554977131762891 0.6669171779990732 0.8028157290277008 0.6451633155390273 0.8499335212585744 0.5761182068805061 0.8026155054071626
0 0.6165865304035297 0.7286605989905689 0.6742352721047183 0.7612090749306268 0.6596964675236342 0.7994325383771728 0.6020477258224457 0.7668840624371148
0 0.6403095743178004 0.703833565424941 0.6846932568698622 0.7210391635029664 0.6741507312636669 0.7614074566126193 0.6297670487116053 0.744201858534594
0 0.6601720919254124 0.6696295521685707 0.7025298800506403 0.6917466210033724 0.6906851490247408 0.7254189432956001 0.6483273608995127 0.7033018744607984
0 0.683926452273748 0.7208490607062831 0.7414280508546565 0.7534336716411069 0.7302331424074809 0.7827581359552946 0.6727315438265725 0.7501735250204709
0 0.7291848164281269 0.7798332069749809 0.7138767890479154 0.8357846853677029 0.6561916614810205 0.8123578468536771 0.671499688861232 0.7564063684609553
0 0.6899593689373695 0.825580876778308 0.6836267798967751 0.8564420461133658 0.6495113291116071 0.846050929848816 0.6558439181522017 0.8151897605137582
0 0.6990905374961431 0.8671525244787579 0.6469451955111264 1.0006599781122598 0.6111169377400537 0.9798879998297059 0.6632622797250703 0.846380546196204
0 0.5891813522026703 0.9703696177203914 0.6388609113479048 0.8341839725502763 0.6970021619332947 0.8656667422211455 0.6473226027880602 1.0018523873912606
0 0.5859409499682545 0.9523127426946272 0.6056921021293264 0.9117051450298835 0.632506262259973 0.9310645274261766 0.612755110098901 0.9716721250909203
0 0.641568139390168 0.9696739954510993 0.641568139390168 0.9992418498862775 0.5718730553827007 0.9992418498862775 0.5718730553827007 0.9696739954510993
0 0.7252490154232947 0.9829472195226198 0.6638465104429863 0.9424253680081003 0.6933817234164288 0.8759931003251393 0.7547842283967372 0.9165149518396587
0 0.6502800248911015 0.9552691432903715 0.7106409458618543 0.9552691432903715 0.7106409458618543 0.9992418498862775 0.6502800248911015 0.9992418498862775
0 0.8075853176791112 0.8213348284287777 0.7570405618188115 0.9210375025576292 0.6898057535539371 0.8704427321318449 0.7403505094142369 0.7707400580029936
0 0.8239926159483485 0.81743519789409 0.8516134106592207 0.7736879634509639 0.8852048310944449 0.8051695127828618 0.8575840363835727 0.8489167472259879
0 0.7831534056849906 0.7995388499766991 0.8020358180666008 0.7568146566414646 0.8379566460953513 0.780379909717537 0.819074233713741 0.8231041030527716
0 0.7969234370272259 0.7531108498932331 0.7627095904957096 0.7306654332236683 0.7729400615426775 0.7075175104854248 0.8071539080741937 0.7299629271549896
0 0.7864855961052748 0.7797796904963653 0.7504301035909074 0.7534228247781297 0.7632233976353454 0.7274450341167552 0.7992788901497127 0.7538018998349909
0 0.8303580093969616 0.6859102322443329 0.869402213937875 0.7193849941921527 0.8527303140503416 0.7482496470080892 0.8136861095094282 0.7147748850602694
0 0.771396181310726 0.7033080866843318 0.800082559593856 0.6479706348193576 0.8355523791333707 0.6752640389133682 0.8068660008502405 0.7306014907783425
0 0.7986309894212819 0.647611827141774 0.7771001866832608 0.7000758150113722 0.7502177971375232 0.6836997725549658 0.7717485998755443 0.6312357846853677
0 0.7262584918080794 0.7392058651721046 0.7450768365738373 0.6917136458978378 0.7716847519200893 0.707363560395759 0.7528664071543316 0.7548557796700258
0 0.712258867454885 0.6571645185746777 0.7490976975731177 0.6796057619408643 0.7396390790292471 0.7026535253980288 0.7028002489110143 0.6802122820318424
0 0.7289270944044585 0.7341831771186271 0.6995302630636981 0.7191637537152712 0.7097961903398297 0.6893382624272881 0.73919302168059 0.7043576858306441
0 0.7050117826638974 0.661997470892711 0.6922019427958537 0.6903735308113079 0.6613627758594538 0.6697084832777697 0.6741726157274974 0.6413324233591726
0 0.7126168374187674 0.6670626763480614 0.6730091930279257 0.6456156257083234 0.6863015544107932 0.6091775243663196 0.7259091988016348 0.6306245750060576
0 0.7050201433985431 0.575687682898258 0.744172269354205 0.601923169271201 0.7294048231883782 0.6346356732183838 0.6902526972327163 0.6084001868454408
0 0.7730574045410534 0.6294123926068046 0.7453784098899444 0.6818698116667532 0.7149654377621372 0.6580496656749587 0.7426444324132461 0.6055922466150102
0 0.7499516879624897 0.6042478936832466 0.7036969573125008 0.5748456381584952 0.7194194048881613 0.5381311205413621 0.76567413553815 0.5675333760661135
0 0.7644518284329477 0.5696821444734349 0.7239380971206826 0.5425342586354172 0.7387055432865094 0.5098217546882345 0.7792192745987745 0.5369696405262523
0 0.7196266101285301 0.5397139796906804 0.7543813358769268 0.5616156989703097 0.739872228792653 0.5957914845375781 0.7051175030442564 0.5738897652579488
0 0.7772392469554077 0.5393566435127923 0.830027740462444 0.5850539410024537 0.7938809471104183 0.6470352422922858 0.741092453603382 0.6013379448026245
0 0.8280030600069651 0.6665426268162565 0.7947540291043201 0.6447301611590656 0.8202702625554484 0.5869959866732514 0.8535192934580935 0.6088084523304423
0 0.8434253984969602 0.6314807254913394 0.8675506198841604 0.6510759899690907 0.8504140538988079 0.6823934215897824 0.8262888325116077 0.6627981571120312
0 0.8096928877338115 0.7260848236186059 0.8435521065924813 0.7508361949783704 0.830978439913613 0.7763680149846138 0.7971192210549434 0.7516166436248494
0 0.969319517031721 0.7323868307343698 0.9099542674530535 0.6725775621868759 0.9340087862362543 0.637136833523523 0.9933740358149219 0.696946102071017
0 0.8854058512100291 0.6336807713254248 0.8133219350146892 0.5872835880229584 0.8355320299739294 0.5360636162431076 0.9076159461692693 0.5824607995455741
0 0.8794026135656503 0.6236542835481425 0.8682016179215929 0.650947687642153 0.8462974486621033 0.6376042456406368 0.8574984443061605 0.6103108415466262
0 0.8384440593649243 0.5238387739015952 0.8213516996285726 0.5680906859218182 0.7952195687775332 0.5531080933061574 0.8123119285138849 0.5088561812859342
0 0.8207812786168583 0.5691328621640344 0.7548679726963436 0.528321975115447 0.7826049106496115 0.4618256358372797 0.8485182165701262 0.502636522885867
0 0.7558661624623044 0.4744620050154547 0.7957397922550382 0.5022219630256022 0.7789287252884018 0.5380649676328222 0.7390550954956681 0.5103050096226747
0 0.8047076403088176 0.3731577260509819 0.8778352473559428 0.4273370070748212 0.8555967688025335 0.4718918953338444 0.7824691617554084 0.4177126143100051
0 0.825186137048333 0.4849094607078105 0.7714550208248536 0.45348714546130325 0.784845721295729 0.4194985561627548 0.8385768375192084 0.450920871409262
0 0.8780765186790549 0.5513058482131187 0.8336158616398084 0.5280907688687877 0.849805806493144 0.48206582834435696 0.8942664635323904 0.5052809076886878
0 0.8881577038281353 0.5078270160704254 0.8508597425125183 0.48131925976265577 0.8725943169617382 0.4359245306736537 0.9098922782773553 0.4624322869814233
0 0.8768524400136098 0.5504138301712221 0.8950162167337027 0.5012365254973291 0.9350437987650185 0.5231818977080539 0.9168800220449257 0.5723592023819469
0 0.905394435676097 0.4861132608062625 0.9256173789842449 0.4399159476482918 0.947224835979269 0.4539561532145303 0.9270018926711211 0.5001534663725009
0 0.9450755831324597 0.46033944323864207 0.9607381065240295 0.47260669525923527 0.9423191407627728 0.5075144445387191 0.9266566173712031 0.4952471925181258
0 0.9993777224642191 0.4382107657316149 0.9993777224642191 0.5253980288097043 0.9421281891723708 0.5253980288097043 0.9421281891723708 0.4382107657316149
0 1.0112488631468093 0.41803230885869236 0.9815710114403329 0.4722692016096109 0.9110621798860751 0.41499970840380224 0.9407400315925515 0.3607628156528837
0 0.8915893058402341 0.39904523289092875 0.9155822415576448 0.34360575095886575 0.9416451434183931 0.3603485921666189 0.9176522077009823 0.4157880740986819
0 0.9125077784691972 0.35344958301743745 0.8950840074673303 0.3959059893858984 0.8637212196639701 0.37680060652009095 0.881144990665837 0.3343442001516301
0 0.867087427223996 0.37119434514502714 0.8093577985039488 0.33163105760816014 0.8299151154352528 0.28710492392627274 0.8876447441552999 0.32666821146313973
0 0.8179501841605139 0.3170399360695039 0.7926974890260516 0.295063828043358 0.8080862443027971 0.2688154416736676 0.8333389394372592 0.2907915496998135
0 0.8172993154947106 0.31705837755875654 0.8080896079651523 0.3394996209249431 0.7827006845052892 0.32403335860500376 0.7919103920348475 0.3015921152388172
0 0.7810673663546728 0.33120217596898627 0.8116680245575095 0.34777205474312795 0.7987605771143004 0.3831549987103633 0.7681599189114636 0.36658511993622167
0 0.7856719585004326 0.41122654216120474 0.7559214229502973 0.3921494460241523 0.7677865412572704 0.3646833613185562 0.7975370768074057 0.38376045745560866
0 0.7229941504217211 0.38281110088660725 0.7604197598745787 0.3888107571643637 0.7571262215214833 0.419307074536633 0.7197006120686258 0.41330741825887646
0 0.7808338518979464 0.40288097043214544 0.7717485998755443 0.425018953752843 0.7533291848164281 0.41379833206974975 0.7624144368388301 0.39166034874905226
0 0.7488811790880651 0.47217173657918515 0.7114422347435448 0.4550666237394456 0.7223363537946144 0.4196724376083999 0.7597752981391346 0.43677755044813943
0 0.7139339161659544 0.45109186045066424 0.7416976955328634 0.47203171801787236 0.7255450029073622 0.5038218222945848 0.6977812235404531 0.4828819647273767
0 0.7054138145612946 0.5361637604245642 0.6666124168302141 0.5091502886802356 0.6824278397396009 0.47543010439143885 0.7212292374706814 0.5024435761357673
0 0.7855825716618237 0.32431436103247535 0.7693976467633006 0.360935098176962 0.7409355857115943 0.3422630433119336 0.7571205106101174 0.3056423061674469
0 0.7631611698817673 0.3511751326762699 0.7467330429371499 0.3912054586808188 0.7233354075917858 0.37695223654283544 0.7397635345364032 0.3369219105382865
0 0.6761161812332886 0.3757588591069709 0.6780683636273347 0.3281901387547052 0.7111220082959993 0.3302036795804271 0.7091698259019531 0.37777239993269285
0 0.7120868260185219 0.4247201534139053 0.6818331564112888 0.4072604022655309 0.6948334070117445 0.373822894761217 0.7250870766189774 0.3912826459095914
0 0.6827629122588673 0.43184230477634566 0.7138767890479153 0.45079605761940855 0.6988176726820162 0.4874905231235785 0.6677037958929682 0.46853677028051555
0 0.6894818278141241 0.41782882199864774 0.6696681747086228 0.46342642870315365 0.6286684942565466 0.43698133311476756 0.6484821473620479 0.39138372641026165
0 0.6354945136508838 0.43605503081243785 0.6745017118788175 0.4617438481196892 0.6539936393315986 0.5079678619781076 0.6149864411036651 0.4822790446708562
0 0.6241443683883012 0.42987111448066717 0.6241443683883012 0.43669446550416985 0.6017423771001866 0.43669446550416985 0.6017423771001866 0.42987111448066717
0 0.5997510889856875 0.4127369219105382 0.6102053515868078 0.4191053828658074 0.6069695084007467 0.42699014404852165 0.5965152457996266 0.42062168309325243
0 0.6153844733445478 0.535694922194001 0.634678769995513 0.49390442809159896 0.6526712694277078 0.5062350535316972 0.6333769727767427 0.5480255476340993
0 0.5945039978396403 0.5424850158067146 0.6188667504197438 0.4890568898679674 0.6355097392304893 0.5003218561803537 0.6111469866503857 0.553749982119101
0 0.5671063008003516 0.6531761092591564 0.601759929589443 0.5835128572381441 0.6428716206756621 0.6138694118252068 0.6082179918865707 0.6835326638462191
0 0.6 0.5895375284306292 0.5809583074051026 0.6359363153904473 0.550093341630367 0.6171341925701287 0.5691350342252643 0.5707354056103108
0 0.5382061358269898 0.6521804604983019 0.5520795151349831 0.6149947552629119 0.5763653877300509 0.6284441305679894 0.5624920084220576 0.6656298358033793
0 0.49877795687280185 0.6044615950485234 0.5232226109021318 0.5484012155808222 0.5488227200969105 0.5649708086222399 0.5243780660675804 0.6210311880899412
0 0.5223881459933086 0.6199254454827043 0.5472996350015139 0.5602703389060765 0.569379380856674 0.5739567094431397 0.5444678918484687 0.6336118160197676
0 0.538792535134036 0.5555694007611527 0.5604305421207958 0.48636756018285676 0.6134264079799393 0.5109646521892522 0.5917884009931795 0.5801664927675482
0 0.5373605858982338 0.5183414008281333 0.5115121344119479 0.49734647460197134 0.5251065051936241 0.47250247856767963 0.55095495667991 0.4934974047938416
0 0.5443492413000814 0.5214906397620575 0.532382365611986 0.5433603545809762 0.4996409937293572 0.516766781361171 0.5116078694174526 0.49489706654225235
0 0.6508544349241299 0.3969790633930133 0.6286439136470249 0.43756925409692654 0.594897324206596 0.41015921152388163 0.6171078454837009 0.3695690208199684
0 0.6248296811537427 0.35168295679179057 0.5818966988033466 0.43955918759566137 0.5431909839825397 0.41148954441493435 0.586123966332936 0.32361331361106355
0 0.5854387056627256 0.44761182714177417 0.5748599875544493 0.47338893100833973 0.5452395768512756 0.45534495830174365 0.5558182949595518 0.4295678544351781
0 0.5856740621168526 0.44444110825032457 0.6314681437029825 0.4694518049227212 0.6222251658893331 0.49457284621562986 0.5764310843032031 0.4695621495432334
0 0.6288359214951442 0.43695002172227854 0.5949952105605393 0.4111814363963166 0.6162854925431575 0.3696791065754615 0.6501262034777624 0.39544769190142337
0 0.7750349225791244 0.2039950170791551 0.8206067092281257 0.23508748276616748 0.7904812001694778 0.30062914454625966 0.7449094135204765 0.2695366788592473
0 0.7611698817672681 0.3067475360121304 0.7308027380211574 0.288248673237301 0.7407591785936527 0.2639878695981804 0.7711263223397634 0.2824867323730098
0 0.7576493872226152 0.30858774963663016 0.7379625319703033 0.34606497716513823 0.7122520866781047 0.3260174572454109 0.7319389419304166 0.2885402297169029
0 0.6868699439950218 0.21258529188779376 0.6711885500933416 0.2507960576194086 0.6470441817050404 0.23608794541319175 0.6627255756067204 0.19787717968157695
0 0.6060165549185927 0.33688104958075604 0.6227047615512168 0.2651209423909235 0.6583613123543611 0.27742952605773047 0.641673105721737 0.34918963324756297
0 0.5873248555355285 0.24886323450005923 0.625707859561468 0.16842945250774857 0.6633138970118103 0.1950673662649555 0.6249308929858709 0.2755011482572661
0 0.5970186679081569 0.31992050880070216 0.5532728496842431 0.28761893511731973 0.5771275184165313 0.23966454021428807 0.6208733366404451 0.2719661138976705
0 0.9208956504946033 0.062129094664191906 0.9712142995086153 0.08840291757078253 0.9497457245241722 0.14943400172544505 0.8994270755101602 0.12316017881885444
0 0.9380798892485821 0.03169748958608408 1.024499556015466 0.09750321574907793 0.9787726449592024 0.18664122462539717 0.8923529781923185 0.12083549846240332
0 0.8450528935905414 0.22062168309325247 0.8450528935905414 0.0 0.9993777224642191 0.0 0.9993777224642191 0.22062168309325247
0 0.8679426159202139 0.0017416962072003724 0.903365153790768 -0.0031625027691230072 0.9049930394402104 0.01429080102174354 0.8695705015696562 0.019194999998066918
0 0.942284831448619 0.03830226660740896 0.894912344698839 0.10651224804580273 0.8681608480140761 0.07893388408146186 0.9155333347638561 0.010723902643068094
0 0.9340385812072184 0.0 0.9993777224642191 0.0 0.9993777224642191 0.06974981046247157 0.9340385812072184 0.06974981046247157
0 0.8275583313827692 0.08858671081094238 0.8508252313559371 0.04830389995200699 0.8747018491348059 0.068774648573078 0.851434949161638 0.10905745943201338
0 0.9386873604451118 0.009186995495696432 0.9104652439693988 0.14672434553806363 0.8205644423295143 0.1193417473130268 0.8487865588052272 -0.01819560272934041
0 0.7693510371338624 0.03290835805426896 0.7993967218185749 -0.026707252720884506 0.8356831241503492 0.00043889333807364025 0.8056374394656368 0.0600545041132271
0 0.7898446168337714 0.09521911672675783 0.7571391992948557 0.0727415729062484 0.7745232438505479 0.03519555924442122 0.8072286613894636 0.057673103064930654
0 0.8393514858978456 0.07431920168842075 0.8179081383810695 0.11089482203962867 0.8035453001227739 0.0983955904350143 0.8249886476395502 0.061819970083806394
0 0.7517109212724026 0.060346094619288686 0.8193130697895846 -0.0526838296790787 0.8819485022289955 0.0029231497299904 0.8143463537118134 0.11595307402835779
0 0.7395880175318491 -0.03172339244127354 0.7881504792253871 0.0029103290143074906 0.7495797489880751 0.08318925569947831 0.7010172872945374 0.04855553424389727
0 0.7288114499066582 -0.03366186504927978 0.7868077162414436 0.0016679302501894859 0.7527069072806472 0.08476118271417737 0.6947106409458618 0.0494313874147081
0 0.9351511424926872 0.03605102836489906 1.0232106564658479 0.09440013398187291 0.9861048825876103 0.17752400058346945 0.8980453686144496 0.11917489496649561
0 0.7081518357187305 0.0 0.7081518357187305 0.037149355572403335 0.6627255756067206 0.037149355572403335 0.6627255756067206 0.0
0 0.6602364654635967 0.0 0.6602364654635967 0.03184230477634572 0.6179215930304915 0.03184230477634572 0.6179215930304915 0.0
0 0.6414034188659906 0.13907594880256874 0.6759947289432261 0.16436248494849032 0.6607855338775209 0.19524595281630464 0.6261942238002853 0.16995941667038306
0 0.5813762900517782 0.1533351452644227 0.6073874910474222 0.11876350007867596 0.6393138509586596 0.1544194429742372 0.6133026499630155 0.18899108815998394
0 0.4541374072903578 0.35405277874629704 0.48681251533825054 0.2847069760565752 0.5737105155915272 0.34548531091487816 0.5410354075436344 0.4148311136046
0 0.9993777224642191 0.35784685367702807 0.9993777224642191 0.400303260045489 0.9807093963907902 0.400303260045489 0.9807093963907902 0.35784685367702807
0 0.9983802235850938 0.40139760426045906 0.9343615026550558 0.36508864132571983 0.9532154629506172 0.31574423834624354 1.0172341838806551 0.35205320128098283
0 0.9392632480422903 0.3290671751026506 0.927877417486615 0.35103100909029505 0.9192850585618612 0.34441933958369314 0.9306708891175366 0.32245550559604863
0 0.9590124915556696 0.3292424693863704 0.91735524783353 0.4166503924975588 0.8607144327225974 0.3765811264871689 0.902371676444737 0.28917320337598046
0 0.8673208558709493 0.3163585466845514 0.887291178019243 0.28507610660756993 0.9047388827724859 0.30160961101067246 0.8847685606241923 0.3328920510876539
0 0.9036846151030418 0.613134727734915 0.9159954610344447 0.5775123756856798 0.9497682931293239 0.5948374436962047 0.9374574471979209 0.6304597957454399
0 1.026226550974319 0.6027037847875902 0.9926655153366943 0.668126176623421 0.9416527411675047 0.6292816314708964 0.9752137768051293 0.5638592396350657
0 0.45346800057441 0.12449991252114076 0.34056391530884017 0.06591108406663361 0.3663262052901719 -0.007781106987195079 0.47923029055574173 0.05080772146731207
0 0.5288349955431474 0.06067249964141551 0.5195781967406111 0.09732598405835709 0.4730082914277064 0.07986804089912504 0.4822650902302426 0.043214556482183475
0 0.5257481370987489 0.17465096356226542 0.4996663963391211 0.1252206709491656 0.5298906633658251 0.10154832317448674 0.555972404125453 0.15097861578758656
0 0.5389880809918146 0.4190820551700005 0.5096931693073572 0.4726191170467136 0.49045043320089987 0.4569895608561264 0.5197453448853573 0.40345249897941327
0 0.4561567707752572 0.4238926845087583 0.4757732607702574 0.39015193678868654 0.5121516774516117 0.421546363289758 0.49253518745661146 0.4552871110098297
0 0.508653021409711 0.4718972194332316 0.45332077566053924 0.4237444419400447 0.48464488134681044 0.37031534946622136 0.5399771270959821 0.4184681269594083
0 0.5154925648563397 0.4971504012966981 0.5322296847842413 0.44956994588376764 0.5538591936141448 0.46086376826749614 0.5371220736862432 0.5084442236804266
0 0.6418046611684738 0.541216264892847 0.6698198210881691 0.46915941392594834 0.7330288584726887 0.5056380982439048 0.7050136985529935 0.5776949492108036
0 0.6646402757168157 0.6492680935440602 0.6344837489828156 0.7043797748877354 0.6063376573644154 0.6815186329970258 0.6364941840984156 0.6264069516533505
0 0.6431920691800959 0.5589720530182217 0.6271621998583783 0.5910569658309588 0.6097109628135527 0.5781150819586417 0.6257408321352703 0.5460301691459046
0 0.7307425505217949 0.23831392386184264 0.7438807675436359 0.19740737518487675 0.7706988890815797 0.21019276898793174 0.7575606720597386 0.2510993176648977
0 0.6978337160708701 0.318147881605431 0.7211713348011082 0.24957339624311609 0.74287713335376 0.2605384790046297 0.7195395146235221 0.32911296436694465
0 0.6781580584940884 0.3528430629264594 0.6662103298070939 0.3819560272934041 0.6341008089607966 0.3623957543593632 0.6460485376477909 0.3332827899924185
0 0.6252453209516061 0.35189829124628225 0.6497726293619264 0.368974164576894 0.639816188789431 0.3902023677611245 0.6152888803791108 0.3731264944305127
0 0.6315446843138195 0.34885402694348877 0.7004738882772487 0.4141715752026594 0.666229476808195 0.4678136117105034 0.5973002728447658 0.40249606345133276
0 0.528763582403906 0.29187612993526574 0.5561054999760664 0.31091152971365266 0.544196065291274 0.3363037265994052 0.5168541477191135 0.31726832682101835
0 0.6653889957126975 0.1859360402996949 0.6984866643846814 0.16516283721999891 0.7106698469955918 0.19397639281198878 0.6775721783236078 0.21474959589168477
1 0.6638516673394602 0.1433798224660167 0.6733688516479434 0.0583480861212984 0.7556576121069836 0.07201939562375691 0.7461404277985004 0.1570511319684752
1 0.7663683289923658 0.15273520647348543 0.8075604901840173 0.11345896986965152 0.8331884026873148 0.15335595746566189 0.7919962414956633 0.1926321940694958
1 0.8410270602829503 0.12955718242990225 0.9480385162927417 0.21541535325471972 0.9233358953523163 0.2611172093031569 0.8163244393425249 0.1752590384783394
1 0.8682555123440658 0.28885012770901813 0.8047791037368975 0.23530950708683993 0.8286372440167207 0.19332319822070712 0.892113652623889 0.24686381884288533
1 0.9858010126203394 0.3389497807132251 0.8886230405355152 0.28530132883419757 0.903408596576865 0.24554644745580292 1.000586568661689 0.2991948993348305
1 0.6947330131590962 0.28059513806875125 0.671246244042745 0.22596654628355012 0.7128292218345547 0.1994289842824903 0.7363159909509059 0.2540575760676914
1 0.6984394208693491 0.34157959783574726 0.651168496730417 0.3091838236206739 0.6734929487033938 0.26083023645320197 0.7207638728423259 0.29322601066827525
1 0.5896085073368963 0.03708936293208519 0.6042768524039024 0.12197739957143672 0.549080692075836 0.13613486986227383 0.5344123470088299 0.0512468332229223
1 0.5768322269542483 0.04093173614223479 0.49903083432026796 0.052093198371426785 0.49481436652876104 0.008466009844244204 0.5726157591627413 -0.0026954523849477925
1 0.666934717213984 0.06008546701559051 0.6325063395487326 0.1346556317383264 0.585432376829727 0.10239488784914676 0.6198607544949786 0.027824723126410857
1 0.8323998769388352 0.3414203077266661 0.8868492014104958 0.4077583565565536 0.8604024441206665 0.4399797556704876 0.805953119649006 0.3736417068406
1 0.6395337737257143 0.593116396669071 0.6751950405214363 0.622081556283012 0.6659406508877178 0.6389941720911912 0.6302793840919958 0.6100290124772503
1 0.6558521127479457 0.5938697061864266 0.6305286943950398 0.5412386990104425 0.64934660858743 0.5277988529277625 0.674670026940336 0.5804298601037465
1 0.9787042124061891 0.5800633058918044 0.9460414758707065 0.5674014322424481 0.9573739887990044 0.52400810235915 0.9900367253344869 0.5366699760085063
1 0.9014736345512423 0.5682633480226675 0.9400320930714463 0.5570781526369422 0.9449284380833852 0.5821329135620025 0.9063699795631811 0.5933181089477277
1 0.8891708976461525 0.6798586183656323 0.9136908369562979 0.7057492695219894 0.8982576228998131 0.727445034116755 0.8737376835896677 0.701554382960398
1 0.9134507002627087 0.6994283911907496 0.9767599320068543 0.7564394849038699 0.9299876606113615 0.8335366295941553 0.8666784288672159 0.7765255358810351
1 0.9234537280815893 0.8232544092299898 0.9149126668438748 0.8648783225249327 0.8785521661106396 0.8538033936624783 0.8870932273483542 0.8121794803675356
1 0.9828652199651935 0.8640664702773765 0.958678835459312 0.947935367937599 0.899621166100576 0.9226547034777917 0.9238075506064576 0.8387858058175689
1 0.8989675845627918 0.8803328797873374 0.8689051584577107 0.9423161905159583 0.8443411992692579 0.9246318126417654 0.874403625374339 0.8626485019131445
1 0.7269651884678466 0.931498033711378 0.799187829608561 0.9040004792062536 0.8187677748343345 0.9803370997610509 0.7465451336936201 1.0078346542661751
1 0.9292541371755308 0.9882857689669133 0.8573788357509406 1.0003643992883193 0.8509938251065134 0.9439661299029858 0.9228691265311038 0.9318874995815799
1 0.0575929077953262 0.7971697385135356 0.011749817595564148 0.7930324435864833 0.014460820605009514 0.7484432553018445 0.06030391080477157 0.7525805502288968
1 0.04087670246830446 0.7895618285642734 0.04295096101981601 0.895702844485426 0.0063264884782564465 0.8967652570306577 0.004252229926744897 0.7906242411095049
1 0.08027661469971725 0.9003171085273635 0.030604110435937314 0.8781271423856265 0.047811658915037275 0.8209502456584061 0.09748416317881721 0.8431402118001431
1 0.05219620741177276 0.9045123000192362 0.04833022042511974 0.9845842499439522 -0.00012516778927856905 0.9811115742846812 0.0037408191973744604 0.9010396243599652
1 0.1608544122409239 0.9335378597909476 0.1795799145848394 0.8733915621692435 0.22707114680041143 0.8953388156053027 0.20834564445649595 0.9554851132270068
1 0.18888842662163285 0.877563183509423 0.14636157270493574 0.8706548957029149 0.1509539038335064 0.8286917351622939 0.1934807577502035 0.835600022968802
1 0.04403668474005421 0.9263500942286312 0.2046989381844145 0.9276907629339632 0.20432539228912394 0.9941382426249683 0.04366313884476364 0.9927975739196363
1 0.1586876162956177 0.9016884814666541 0.10015549767166379 0.9156031452256542 0.08978061199812208 0.8508222403688653 0.148312730622076 0.8369075766098653
1 0.09897416836883581 0.9301204294251869 0.05097821975801893 0.9278714178824399 0.051960174237710016 0.8967652570306579 0.0999561228485269 0.8990142685734049
1 0.2259736579892713 0.6899131910220867 0.20108255655803298 0.6848588877798104 0.20545529340021196 0.652893621691978 0.2303463948314503 0.6579479249342542
1 0.25397578091291284 0.2599996264828404 0.2779552513528813 0.2064381740989192 0.2972114935218589 0.21923496119467173 0.27323202308189043 0.2727964135785928
1 0.054796924073099655 0.5191353953338714 0.02679443496295655 0.5090267425755081 0.03329184816428127 0.48230984610441147 0.061294337274424376 0.49241849886277483
1 0.7738021157436217 0.4418751425233368 0.7738021157436217 0.4785190955357989 0.7572080734433339 0.4785190955357989 0.7572080734433339 0.4418751425233368
1 0.8129338063229665 0.8129313639837731 0.8170822979076352 0.8382029727427761 0.7997303210806238 0.8424311038487965 0.7955818294959552 0.8171594950897934
1 0.8639763205260763 0.7876872444937143 0.8494564860373162 0.7750514401142128 0.8588466869798147 0.7590346376131302 0.8733665214685749 0.7716704419926317
1 0.8018301035400485 0.8036017583548598 0.7784521964773264 0.806191188891358 0.7767774118439251 0.7837470735201248 0.8001553189066473 0.7811576429836267
1 1.0100610807949524 0.7944239547900832 0.9651534827099884 0.8650950862518609 0.9477287590877568 0.84865947564416 0.9926363571727209 0.7779883441823823
1 1.0123650743693353 0.9041038232245572 0.957478410401475 1.0061703265981352 0.9367349552242676 0.9896123655020199 0.991621619192128 0.8875458621284419
1 0.43414229011564737 0.5941370132726705 0.4574777143819034 0.590978013646702 0.4604373609094186 0.6234305119085434 0.4371019366431626 0.6265895115345119
1 0.13739567852971835 0.83929163874868 0.11269605635297889 0.8158861518991135 0.13670961135381238 0.7782702697025421 0.16140923353055184 0.8016757565521083
