0 0.23999154471282863 0.06988851620990097 0.2553086722943081 -0.016633345377635014 0.3195038506460991 0.00023591224671856213 0.30418672306461964 0.08675777270452284
0 0.2514411247362613 0.0013264252255593763 0.24082824289242377 0.06832822115697854 0.20818968359253462 0.06065425916184432 0.2188025654363721 -0.006347538396388496
0 0.21914971000894523 0.00030898193774393237 0.20963942997190027 0.06210537115853333 0.16801024403124026 0.052595594057628293 0.17752052406828522 -0.009200795298728914
0 0.17423771001866833 0.0 0.17423771001866833 0.04169825625473844 0.11263223397635345 0.04169825625473844 0.11263223397635345 0.0
0 0.09583074051026758 0.0 0.09583074051026758 0.039423805913570885 0.05164903546981954 0.039423805913570885 0.05164903546981954 0.0
0 0.05164903546981954 0.0 0.05164903546981954 0.07884761182714177 0.0 0.07884761182714177 0.0 0.0
0 0.10062227563674063 0.06285064558444194 0.0795270709718468 0.13995451562055772 -0.004853764897781496 0.10568612122553782 0.016241443921263053 0.028582259865761527
0 0.09865798427959221 0.021368005042549695 0.153875411484059 0.03594403848944513 0.14672805985532048 0.07613464771933046 0.09151062315565203 0.06155861138032186
0 0.06376147077331352 0.05450789398818056 0.06911490819583269 0.02096440052787312 0.09786274215043073 0.0277747876541103 0.0925093094755124 0.06131827677624799
0 0.17567627105048225 0.04870843778874858 0.285515681363517 0.08487668445925535 0.27658181703825063 0.12514947597685866 0.16674242571561917 0.08898122352212555
0 0.21666489169697029 0.10828232494062144 0.2039704337651194 0.18045821345331453 0.16844294037074128 0.17118289418253058 0.18113739830259218 0.09900700566983747
0 0.2566894835096453 0.20053070507960577 0.1657486009390071 0.1715528764355987 0.18249785180557715 0.09352841207346653 0.2734387343762154 0.12250624650169992
0 0.1705949328742416 0.16075337882110619 0.12932885294013982 0.1491511231394226 0.14200863129022928 0.08220817791502796 0.18327471122433106 0.09381042781248519
0 0.08574522216644952 0.1373724948284389 0.09738643434971997 0.06330553449583018 0.14046515777530919 0.07335582441050867 0.12882394559203875 0.14742278474311743
0 0.027380211574362167 0.11599696739954511 0.027380211574362167 0.18877937831690675 0.0 0.18877937831690675 0.0 0.11599696739954511
0 0.031112739738649513 0.12089539731064017 0.12323672206192633 0.15255254900211454 0.1081167433524473 0.21786473572841641 0.015992759842270266 0.18620757246848937
0 0.12363477041058163 0.15033092021580624 0.16976740705944696 0.16762493558685557 0.16014732451044258 0.205716865545335 0.11401469735677894 0.188422838605833
0 0.11571771874513846 0.18281234729642484 0.16051594722916343 0.20035585948605714 0.15123790083424082 0.23552349284347754 0.10643967235021586 0.21797998065384525
0 0.13293383918197244 0.30732006336180345 0.16653683560934582 0.17767639391525303 0.20614627821518164 0.19291578268263718 0.17254329128300988 0.32255946369764027
0 0.1930304991954146 0.2383623911269783 0.2074050950796321 0.18582259750077 0.24156814698632934 0.19969673532712992 0.22719353211170853 0.25223655209024354
0 0.19244857626667508 0.3328604535499787 0.22169727261346842 0.25949415968981 0.2927906200169182 0.30156496639410774 0.26354194266052816 0.3749312602542764
0 0.19677922379992804 0.23114675387367323 0.22519581764472815 0.24196589472078753 0.2152194561391568 0.28086088352622723 0.18680284330395341 0.27004174267911296
0 0.2576533414298285 0.29928318165395185 0.29884223486966205 0.2184337879149095 0.3263837699201735 0.2392611210774616 0.2851948764803399 0.32011049167959865
0 0.26696190540287607 0.14520263671875 0.30701982537336653 0.16870106775892604 0.2945791172105923 0.2001811758508458 0.2545212162305052 0.17668274481066978
0 0.27865188494185594 0.11180376193123934 0.31598018131125544 0.1318144548834048 0.30359302608582567 0.16611414194287813 0.26626471072602287 0.14610344899071265
0 0.29920193209882545 0.08927355832091961 0.3341766718239538 0.10476859253947711 0.3262006264706168 0.13149200740232894 0.2912258867454885 0.11599696739954511
0 0.37875121234734754 0.05781223161189822 0.37413988665311915 0.09433052809153478 0.3393498855714258 0.087809559067964 0.34396121126565415 0.05129126837255378
0 0.388301182327318 0.12585291887793784 0.388301182327318 0.13874147081122062 0.37523335407591785 0.13874147081122062 0.37523335407591785 0.12585291887793784
0 0.32150828771585255 0.14187254193517818 0.34965928177990824 0.06438517190905753 0.3868590510996811 0.08444582900827449 0.3587080570356254 0.16193319903439513
0 0.39962664107469276 0.04139499505240417 0.4685749844430616 0.08339651250947688 0.4515245647703407 0.12494314105516134 0.38257622140197184 0.08294162359808863
0 0.34672598610327865 0.053327992795722964 0.35687027974535235 0.010070522415357797 0.391142526471103 0.022000657689670796 0.3809982328290292 0.06525812734700767
0 0.34725665393347466 0.0470815720749769 0.31071531987739187 0.02853156690619225 0.31986538994438396 0.0017764937073286055 0.3564066860196601 0.02032649869535618
0 0.017535641093987 0.18717788800405136 0.11461093904961692 0.21447129209806198 0.10089286039835485 0.28689593704836763 0.0038175677837758754 0.259602532954357
0 0.1174237691028265 0.2190295632270541 0.15270690348256652 0.23335859574902862 0.13534536403235845 0.29681576952236544 0.10006222965261843 0.2824867370003909
0 0.15183571873055382 0.3115996967399545 0.13416304051245528 0.35466261394463133 0.10653391222665973 0.3378316953021347 0.12420659993995994 0.2947687549605525
0 0.15096316666950257 0.23240396703527766 0.12614298489943898 0.33572258128642674 0.09338800493203563 0.3240424930552265 0.11820817720689755 0.22072387880407743
0 0.08852241672784109 0.3116977509447261 0.12872900307067225 0.3501864325557359 0.10229889086929254 0.3911695964775635 0.06209230452646138 0.35268091486655373
0 0.04723487763799491 0.26778459874312927 0.09215270768208911 0.2924110811709273 0.06292765438742125 0.3715361044929279 0.018009824343327045 0.3469096220651298
0 -0.0019338736270033356 0.3123934545509737 1.547098804239761e-05 0.2672688539865073 0.029116399702108938 0.26913491481176555 0.027167056166168765 0.314259515376232
0 0.023646546359676415 0.3100833965125095 0.023646546359676415 0.36087945413191813 0.0 0.36087945413191813 0.0 0.3100833965125095
0 -0.010282880857855769 0.44561827734078846 0.023165047057459795 0.3524726827186197 0.06397013257732284 0.3742229007608155 0.03052220228820687 0.46736849538298425
0 0.1800513181466825 0.32354315236448067 0.16406815914018746 0.37547125248768004 0.13453981011419766 0.36198033122423473 0.15052296912069268 0.31005223110103536
0 0.16209207474258128 0.37369093703356 0.14458261904096337 0.4224512014902388 0.12411478133993856 0.4115412714266253 0.14162424653675812 0.3627810532437571
0 0.1397635383344839 0.36982561621908167 0.12233976733261706 0.41228202258754265 0.08923459483290876 0.39211524807204795 0.10665836583477559 0.349658841703587
0 0.12248138826532845 0.4108650722315675 0.1104649921789923 0.44746543531439537 0.07795635572337332 0.43162271703527766 0.08997275180970947 0.3950223539524498
0 0.09545224278182367 0.3772695684541438 0.08423841912032806 0.4080098392929066 0.06016204871965181 0.3949727484274308 0.07137587712874825 0.36423250072557334
0 0.09670192526228026 0.3883244975034354 0.05538270068450529 0.4890068233510235 0.02576229093085184 0.47096285989918973 0.06708152025622764 0.37028051091469627
0 0.10886865887644874 0.4484464863740286 0.08893507819184622 0.4994471667841405 0.060915336300292666 0.48319108455446835 0.08084891698489519 0.4321904041443565
0 0.07806599681690456 0.5290329754578516 0.05653348589210534 0.59899050905634 0.01282062186316518 0.5790189637479861 0.03435312922726378 0.5090614301494977
0 0.024891101431238332 0.4632297194844579 0.024891101431238332 0.5185746777862017 0.0 0.5185746777862017 0.0 0.4632297194844579
0 0.02613565650280025 0.5178165276724791 0.02613565650280025 0.574677786201668 0.0 0.574677786201668 0.0 0.5178165276724791
0 0.08525202240199128 0.511751326762699 0.07376382064581956 0.5327462636674327 0.05121822867544824 0.5144340046614386 0.06270643043161997 0.4934390677567049
0 0.08216574953146877 0.5114995509589414 0.13131037808829535 0.5334945111856757 0.11526726637853921 0.5867032852924801 0.06612263782171263 0.5647083250657459
0 0.1318606060339044 0.4551175040128649 0.11555693649548363 0.5147081307157411 0.08811450286466437 0.503563314789258 0.10441817240308514 0.44397268808638174
0 0.13017887288765945 0.46131259550914516 0.10755096226652439 0.4462751803568044 0.12357956530814893 0.4104730867815343 0.146207475929284 0.42551054820768575
0 0.19914102227923733 0.5030569404792931 0.12786054344153508 0.4715758490688969 0.13976580768767988 0.43156279245048335 0.21104627703018047 0.46304388386087947
0 0.15900547903520243 0.37848839748981233 0.2225799085786792 0.40372678165276726 0.2075202528853259 0.4600358547994456 0.14394582334184913 0.43479742436268004
0 0.22492379910766375 0.38964579989279285 0.26115182948987825 0.4051538659732752 0.2534514488310419 0.43185570567191056 0.2172234184488274 0.4163476395914282
0 0.11321188755189697 0.5154278272928118 0.12653545006952008 0.47214057465409404 0.17147582172234754 0.4926729585475502 0.15815225920472445 0.535960211186268
0 0.19372790276670426 0.5742057470592068 0.15016848475723885 0.5590427447847565 0.16005448042864226 0.5168867017212376 0.20361390793330936 0.5320497039956881
0 0.20748673482347738 0.5066181729470717 0.20097851471346065 0.5330490794843394 0.16780942051619865 0.520925618736377 0.17431764062621538 0.4944947121991092
0 0.18297468184237906 0.6190300768663524 0.12244989268143279 0.5931213240084818 0.13490515698834687 0.5499314314673759 0.19542993665409147 0.5758401380514357
0 0.13602987311979814 0.5604245733184468 0.14947106219554585 0.565883263392011 0.14822650712398394 0.570432164074346 0.13478531804823624 0.5649734740007818
0 0.20594243522601313 0.57377660373922 0.13554166783141142 0.5820771536201668 0.1307129210096453 0.5212852587927644 0.20111368840424704 0.5129847089118177
0 0.07626368410481973 0.5670303911580743 0.11884888492909439 0.5873327016649688 0.09582258413204438 0.6590263360914992 0.05323737381256806 0.6387240718584155
0 0.05283269306555548 0.64946019748922 -0.013229531535615666 0.6195116484138078 0.0005250189641134741 0.5744750143633909 0.06658724278638135 0.6044235634388031
0 0.002519198953549018 0.6214482536634051 0.08756323994207471 0.6719264564774451 0.056377949741365896 0.7499151801050749 -0.02866609688493578 0.6994369772910348
0 0.1290425441245819 0.7469807726763884 0.10938786599824499 0.7883423869586335 0.08610926819797177 0.7719226342606852 0.10576394632430869 0.7305610199784401
0 0.09665582605823643 0.6821458887385093 0.1435294492539962 0.7069755826057856 0.11423590706977774 0.7890619447142722 0.06736228387401796 0.7642322045731852
0 0.08076848313166031 0.6890396222280136 0.10285025823910042 0.626737303947119 0.12988478750194463 0.6409603000319845 0.10780301239450452 0.7032626183128791
0 0.14459369994129687 0.7021646333337282 0.11305065902776427 0.6856944884559799 0.12528163717634275 0.6509241620368177 0.1568246685946737 0.6673943069145659
0 0.21027388035620528 0.6474176252132298 0.18496326192536558 0.6967569832733131 0.15173783269667374 0.6714569161207591 0.17704844163231176 0.6221175580606757
0 0.14265216858251983 0.6036564824796247 0.17587466379389974 0.6257345967441006 0.1556843233612953 0.6708324510460102 0.12246183764511706 0.6487543830553449
0 0.14168681991567653 0.611217484318731 0.12898466137528197 0.6460376939057761 0.10346486365194267 0.632219038378388 0.11616703168753889 0.5973988287913429
0 0.12538535326404013 0.753609449778478 0.1610478304451715 0.6712844999022697 0.2155588906079846 0.7063360322687642 0.17989641342685322 0.7886609358711618
0 0.25438704903109444 0.697801383179729 0.22924704038362437 0.7590599031137462 0.2016179215930305 0.7422289613343442 0.22675793024050053 0.6809704414003269
0 0.2762991448849273 0.7002602809301555 0.2466200880182405 0.7665525585345195 0.22826487571464685 0.7543545506775967 0.25794395157173694 0.6880622730732325
0 0.25255225323414165 0.8756843896595432 0.16366013133459084 0.8221420739255592 0.19431529493159808 0.7465959596670062 0.28320743582155217 0.8001382291271797
0 0.1883757044680013 0.613227526105833 0.2109203706562111 0.5628709308661866 0.24113452011706596 0.582949831415253 0.2185898539288562 0.6333064729287102
0 0.26530985425701037 0.5954600023988343 0.236868117118223 0.6532132349021512 0.21453933383488255 0.6368907034803829 0.2429810709736699 0.5791374709770659
0 0.225857386324965 0.5732258528448398 0.23809747986713403 0.5463830631189585 0.2663112941853512 0.5654798483107468 0.2540712196335855 0.5923226380366281
0 0.23140003937850032 0.5717031205577142 0.19636225151437073 0.5591477863349366 0.20559732262659458 0.5208925792355714 0.24063511049072417 0.5334479597321597
0 0.21188694420406815 0.4754257838413334 0.24089398766869555 0.481518980406558 0.23565204765163153 0.5185606568215742 0.20664500418700413 0.5124674602563495
0 0.30756040619409225 0.5077461896293357 0.2594658804740977 0.48906350876907223 0.2679566227284439 0.4566188577994693 0.31605114844843846 0.4753015849335434
0 0.2942640664196192 0.49997769602326575 0.2865039039711516 0.5377960320762651 0.25224202600561024 0.5273603160242134 0.26000218845407785 0.489541979971214
0 0.29615875794862323 0.49628805373092777 0.2831502936979815 0.5683282327254312 0.2414237439595325 0.5571439915122726 0.25443220821017426 0.4851038587915798
0 0.3139780800611096 0.48232386706903907 0.2468501377639818 0.4440866604820176 0.26109438351985453 0.4069674291603487 0.32822234480738566 0.4452046357473702
0 0.275544485247647 0.37103866102841876 0.3380211650323779 0.4090977828551459 0.3230865041736349 0.4454889883138268 0.260609824388904 0.40742988962400495
0 0.21729932309087197 0.4151629837649261 0.24169259109924354 0.35572404261336715 0.2752955780314153 0.3761940956838751 0.2509023100230437 0.43563303683543403
0 0.31402510029971414 0.32489587467127085 0.36096263569782594 0.35558114908607374 0.34424363654373447 0.39354261003541985 0.29730610114562267 0.3628572893468063
0 0.3309677494336302 0.30673335771654664 0.35946619191671203 0.32872329723482513 0.34693032284293324 0.3528386160132558 0.31843189935025473 0.33084865335807195
0 0.2925374589503442 0.2979996386940864 0.32215787345159846 0.318621331042101 0.31001867592223475 0.3445034070481307 0.28039826142098045 0.3238817378370214
0 0.36363025563209783 0.2511201269975479 0.3333430690800988 0.30852056796845384 0.3028042976650008 0.28460188974838896 0.33309144623619324 0.22720144877748294
0 0.37234388825013615 0.33771830132913194 0.33320155259460565 0.3097626958677857 0.3537972526811411 0.26695740810391394 0.3929396263174782 0.2949130135652601
0 0.3915451610021585 0.29395151319062734 0.3506623928637407 0.26430307291419874 0.3607688576224137 0.24361689801104056 0.4016516257608315 0.2732653614243745
0 0.3549545658398802 0.16704357456672905 0.4253654361290448 0.2198342416573872 0.398401836022577 0.2732171209767698 0.327991003714219 0.22042645388611165
0 0.32307526185487323 0.1493980517615144 0.363535379577143 0.19237273637773053 0.3269030435083813 0.24356699170625237 0.2864429257861115 0.20059229552158359
0 0.40677611013340076 0.14377189676720054 0.44115272811576306 0.17368808888051435 0.4179854995357226 0.21320410693026204 0.3836088815533603 0.1832879148169482
0 0.36415682153517814 0.13995451562055772 0.3860609983908292 0.1532979506810024 0.3780958155481876 0.17270659821967993 0.35619167667334317 0.15936315159078254
0 0.41783543736873835 0.14883070013756278 0.37518549825956754 0.11418907275427644 0.39184338629579574 0.08374642928140104 0.43449332540496655 0.11838805088046105
0 0.4737274606701151 0.12733889819095315 0.5104667127095325 0.16090978430110997 0.4655880598674743 0.2338134904446432 0.4288487698472503 0.20024260433448635
0 0.4019713861718264 0.3107081160932169 0.4420900184617105 0.22013927861720528 0.49483301510481487 0.25481890836748955 0.4547144207957374 0.34538774584350124
0 0.4115833408282125 0.25667754224613815 0.4472872360789709 0.2847419142994219 0.4260813363531619 0.324787941007925 0.3903774031215969 0.2967235689546413
0 0.5161552880221297 0.22009679925902673 0.4973912123351937 0.25438851565461523 0.46737828518785 0.23001107887574632 0.4861423608747861 0.19571936248015778
0 0.4634350798630017 0.12509453739516205 0.5366187009591825 0.17324258776846213 0.5004088633833425 0.25493919713827945 0.42722524228716163 0.20679113519652673
0 0.5140012445550716 0.08718726307808947 0.5140012445550716 0.1470811220621683 0.4530180460485376 0.1470811220621683 0.4530180460485376 0.08718726307808947
0 0.5889575438389663 0.15191304493890376 0.5608029795790875 0.22432837728481567 0.5234874447607148 0.20279314736690912 0.5516420090205935 0.13037780345254454
0 0.4996984323953796 0.2613518449553402 0.5288401558003073 0.19921851863094675 0.5646258996893474 0.2241325002443257 0.5354841762844197 0.2862658265687192
0 0.4889393434364305 0.2987822445167385 0.5067115883391023 0.263209854137545 0.5341123855106565 0.283530373388931 0.5163401406079846 0.3191027637681245
0 0.5005380740874883 0.37994023829901913 0.4551594039261823 0.3447576122269475 0.4824737188010462 0.29246309293410017 0.5278524269431588 0.32764571900617184
0 0.41253058214549626 0.3818684911257937 0.4335303600337391 0.3361809465178402 0.48131917824119086 0.3687860056520683 0.46031940035294805 0.4144735502600218
0 0.45837801142219586 0.41430839902980476 0.36999435757136745 0.348309751890933 0.3925050879088558 0.3035622828832804 0.4808887417596842 0.3695609068852469
0 0.37967551325742843 0.34329316180433805 0.4218193960990977 0.3795373090927668 0.4044530900576579 0.4095113781747536 0.36230924519679525 0.37326723088632485
0 0.4394852187816 0.44716317478321643 0.39920315508079884 0.4155002272969579 0.4173639816160742 0.3812046701750853 0.4576460453168754 0.41286761766134383
0 0.4121905779645691 0.4196453427075436 0.3804999626268863 0.4679080480151867 0.33610575497335876 0.42463800923403144 0.3677963703110415 0.37637530392638835
0 0.4432812484807677 0.4576105055617419 0.41380723099865824 0.4995049627736448 0.38213697337332764 0.46643177463395563 0.4116109528746305 0.4245373174220527
0 0.3376442814882156 0.4240562548865144 0.3792253267564756 0.4522007731798474 0.36821807120702393 0.4763400155183851 0.32663698795795737 0.44819545095124147
0 0.3722666732702629 0.5108013254300132 0.31786853004555266 0.4850823414696266 0.3284406205030725 0.45189036845799374 0.38283874473737944 0.47760930614456976
0 0.34608205950772014 0.5093019151434562 0.32817961639993 0.5420190263101782 0.29831027569204066 0.5177582226710576 0.3162127187998308 0.48504111150433565
0 0.28069504344396584 0.5607394665999337 0.3010291507248561 0.5173849781143385 0.3325929861300171 0.5393596704120072 0.31225885985872354 0.5827141588976024
0 0.26425263951413736 0.6119399573244408 0.2778264670618291 0.5809318768065296 0.3141295665083424 0.6045211086316575 0.3005557389606507 0.6355291891495688
0 0.30332679962177195 0.6307575726165656 0.2874730792042626 0.6645593881787812 0.2501459982206752 0.6385723400332876 0.2659997186381845 0.6047705244710718
0 0.2722470295970753 0.692667766625995 0.2348967233502353 0.6658310850431198 0.2513803934264643 0.6317775862247678 0.2887306996733043 0.6586142678076431
0 0.3001113445327085 0.6355435340308709 0.29065532007793055 0.6560248316373674 0.2729878072495333 0.643916918889784 0.2824438317043112 0.6234356212832876
0 0.27796502104440535 0.6220787806073493 0.2711449405311722 0.6398842488390827 0.25489532717578367 0.6306453123519238 0.2617153886986135 0.6128398441201904
0 0.34471516825801185 0.6259733696070651 0.3004085823253734 0.711851963046105 0.2724224819332899 0.6904196923568992 0.31672906786592836 0.6045410989178591
0 0.3397250979600965 0.6284321285360596 0.37456177745313474 0.6541552308655942 0.35857227565193295 0.6862984542326099 0.3237355961588947 0.6605753056292646
0 0.3427678923022324 0.6245756691563211 0.3054471161325451 0.5997740172182998 0.3276112716095597 0.5502672867850882 0.36493208576005365 0.5750689387231094
0 0.3457373836875778 0.5460197211577189 0.37351586200023335 0.5008946115813353 0.39970131134052195 0.5248218273194655 0.3719228330278664 0.5699469368958491
0 0.3534967865199129 0.5516039983533927 0.3297525915063978 0.5381039380123437 0.34590453721754433 0.49593530847232753 0.36964877021186604 0.5094353688133766
0 0.3920969841416459 0.6157834137633861 0.35779875854416227 0.5794945659738675 0.3942805007146469 0.5283127235950531 0.4285787263121305 0.564601525110761
0 0.36534178472114187 0.6676623248258624 0.4235828829316078 0.5751085953788382 0.4520622210689561 0.6017101597297906 0.3938211228584902 0.6942638891768148
0 0.29856288603691855 0.7050657698925559 0.3509182695579885 0.5896863264961618 0.3925148869569656 0.617704100822119 0.340159522426299 0.7330835442185131
0 0.47733791614810206 0.49534786244610024 0.4417031079845986 0.5409342293670631 0.4095385301610143 0.5036126889452237 0.4451733383245177 0.4580263220242608
0 0.4253287846506495 0.5639373108326621 0.37974672726985453 0.5095132476367039 0.39838014898199287 0.48634797646476974 0.4439622063627878 0.5407720396607278
0 0.4981470303870761 0.4659774120871636 0.46752979062548616 0.5060429894806672 0.4341733371091319 0.46820600508197496 0.46479057687072184 0.4281404276884714
0 0.4713835511507273 0.5064595925979672 0.49335297903216396 0.4599093884749337 0.5205940669118505 0.47899312445211806 0.4986246390304138 0.5255433285751516
0 0.4401951560190767 0.5589772210688732 0.4734444276991288 0.5041707511016869 0.49862232220120956 0.526843900297337 0.46537308850196407 0.5816503702645233
0 0.4791772506514468 0.5584329022341736 0.5027498103998134 0.5189435263309088 0.5285019746980981 0.5417617901967636 0.5049294529305383 0.5812511661000285
0 0.4847376027608704 0.6272151735897223 0.45068788558114886 0.5977394503115523 0.47638881377129355 0.5536697538085197 0.5104385309510151 0.5831454770866897
0 0.4441240425798265 0.6016938250746304 0.42572891244846767 0.5736792436416083 0.4432589157664709 0.556593148070271 0.4616540458978298 0.5846076832294825
0 0.47344697241317285 0.6409882031398076 0.4466131527229504 0.681854317457591 0.41982483403906734 0.6557443660710055 0.4466586917100965 0.6148782517532221
0 0.4205733597760773 0.7918014468524924 0.4057249533291848 0.7899924184988628 0.4065382363414942 0.7800838999715694 0.4213866427883867 0.781892928325199
0 0.44430616054760425 0.7513267626990144 0.44430616054760425 0.759666413949962 0.42874922215308026 0.759666413949962 0.42874922215308026 0.7513267626990144
0 0.3601142964009995 0.7521650127789755 0.4090020132865977 0.6499313574292788 0.44889955930110453 0.6782514385602255 0.400011880396313 0.7804850939099223
0 0.33824202342291537 0.7316478529692239 0.36543833193158837 0.6716900435788239 0.3917694376652925 0.6894186972848749 0.3645730911758128 0.7493765066752748
0 0.3444928286160159 0.7443517723980051 0.3102675831384665 0.8277483311812927 0.2691972657769232 0.8027293774284496 0.3034225302448759 0.7193328186451621
0 0.24154100969999417 0.769027143106757 0.27274668609866015 0.6970619739593205 0.3065535160200004 0.7188219095017532 0.2753478586117377 0.7907870323753791
0 0.4203943942152497 0.8488919458396512 0.4098666843302738 0.8595806408145376 0.4053781126030647 0.8530182740831123 0.4159058224880406 0.8423296716558473
0 0.40009490643960016 0.8513823097813211 0.39487942005435206 0.8286884299184989 0.4042735927655375 0.8254837834356046 0.40948907915078564 0.8481776632984268
0 0.435479117240977 0.8149809240842968 0.3770697640571523 0.9302647195140732 0.2886491548814756 0.8637665697261183 0.34705847008449364 0.7484827742963419
0 0.4623732124713169 0.6551159677223513 0.5337622404543598 0.7049565174256065 0.5100370358441584 0.755399552143551 0.4386480078611154 0.7055590024402957
0 0.4085662974729698 0.7892199235038382 0.40638243907270927 0.7799075967529853 0.41303963889672135 0.7775902043155326 0.41522349729698194 0.7869026236140069
0 0.42916837833501864 0.7033838556967873 0.46273011811119324 0.7230109850324583 0.4449405919415059 0.7681647843714462 0.4113788521653314 0.7485376550357752
0 0.5005569885291887 0.8040176403170015 0.44353644152049626 0.7686728245385945 0.45886013978152224 0.7319774150486874 0.5158806867902147 0.7673222308270944
0 0.48463311756183886 0.8409646867892343 0.4486869807264118 0.8182562769498674 0.46382214226334006 0.7826936503447214 0.4997682411179605 0.8054021527317097
0 0.46210328287861696 0.8269901810675702 0.4429371423727248 0.8736922095633529 0.4133167468618738 0.8556481998377085 0.432482887367766 0.8089461713419257
0 0.4343497199751089 0.8127369219105383 0.40174236190786405 0.8921910908477066 0.36664593167830195 0.8708112021121588 0.3992532517647402 0.7913571257226119
0 0.49817346502848864 0.9497695934420015 0.45545880662482496 0.9194122152494788 0.48960666620887133 0.8480910387248862 0.5323213625933416 0.8784485094650303
0 0.4691606484812539 0.8898898016963609 0.45043744014224874 0.9279088272661581 0.4206962276855165 0.906167817712282 0.4394194360245216 0.8681487921424849
0 0.4560408624863877 0.9277918470728298 0.42277252444140867 0.990149416283643 0.37414957175880914 0.9516435902257866 0.4074179098037881 0.8892861135625948
0 0.4163036714374611 0.9537528430629265 0.4163036714374611 0.9992418498862775 0.3596764156813939 0.9992418498862775 0.3596764156813939 0.9537528430629265
0 0.3356089280418676 0.9065914081749905 0.358486780856215 0.9233153186303544 0.3268604290433455 0.987535131077047 0.30398257622899816 0.9708112206216831
0 0.383608197898841 0.9405571255745356 0.35009173124416615 1.0063463605833018 0.3028157298877956 0.9705954921164234 0.33633219654247043 0.9048062571076573
0 0.328245437137815 0.9168062593288002 0.30541540215901136 0.9678003688577995 0.2784711722639235 0.949894532730762 0.30130122623313044 0.8989004232017627
0 0.24338279396536636 0.8551009657529378 0.30167062755838714 0.8885197267105762 0.28233594722308647 0.9385769766691149 0.22404811363006572 0.9051582157114765
0 0.3059116403879998 0.8277483311812927 0.2868699439950218 0.8741470811220622 0.2572495294937675 0.8561030713964177 0.2762912258867455 0.8097043214556482
0 0.20215170384936995 0.9762643115641585 0.22303225998560983 0.9290190285313211 0.2516056386001672 0.9477641790359648 0.23072510145433067 0.9950094620688021
0 0.26716141858008907 0.9442669895221285 0.30525105920873524 0.9633754819880117 0.2920414675965989 1.0024606561552312 0.2539518269679527 0.9833520711417267
0 0.26306594820147206 0.9788225129122441 0.24588686854630135 1.009171099080743 0.22730278390197184 0.9935560016762225 0.24448186355714258 0.9632074155077237
0 0.20840849101951422 0.9866087293877938 0.22158093740276913 0.913386994912102 0.2608337782151816 0.9238688459533738 0.24766133183192673 0.9970906729766869
0 0.3304293714996889 0.9757391963608795 0.3304293714996889 0.9992418498862775 0.2943372744243933 0.9992418498862775 0.2943372744243933 0.9757391963608795
0 0.49457911341251165 0.9476159177466357 0.4481536922205585 1.0196042700732089 0.4158344945331946 0.9886659704617609 0.4622599537059544 0.9166776181351877
0 0.5010280644737866 0.9378717637947782 0.5441380271128267 0.9747797551708207 0.525759380651544 1.0066446415667647 0.4826494180125039 0.9697366501907221
0 0.5544690723810867 1.0283626993105572 0.4801941867488916 0.9757791769332828 0.5122197168394135 0.9086316204866376 0.586494564490802 0.9612151428639121
0 0.5453969009484871 0.9314518278525398 0.5783013069043638 0.8592916145932051 0.6185614936605476 0.8865420765909306 0.585657087704671 0.9587022898502654
0 0.5181726765469431 0.9092827855501326 0.5406008366108237 0.8622225977599033 0.5695892694802038 0.8827298549741756 0.5471611473971297 0.9297899502167836
0 0.5763534612364849 0.8025776918771323 0.6440572495332918 0.8438210765731615 0.6186683336695901 0.9056861073433946 0.5509645453727832 0.8644427226473654
0 0.5049374668807366 0.8568199452710387 0.523799836895224 0.8057512423592684 0.5619644706265557 0.8266752415122726 0.5431021006120683 0.8777439444240428
0 0.4948867579461924 0.7994764210872346 0.5209402239834513 0.8085456252369219 0.5113360174116172 0.84950007625924 0.4852825513743583 0.8404308721095527
0 0.49304484074799704 0.8093893819003506 0.47438130025620334 0.8386248052798048 0.4491359898223592 0.8147022631965504 0.46779953031415294 0.7854668398170963
0 0.4694553415598748 0.833902470355146 0.5138852131908253 0.7277223067901819 0.5862576022382545 0.7726741209456738 0.5418276926264973 0.8788542382368272
0 0.5718420630444928 0.7598079655367466 0.567927647171068 0.7776920992465883 0.5592131789752839 0.7748608824156558 0.5631275948487088 0.7569767024320034
0 0.5666541507248561 0.7142560726047195 0.5388792426080234 0.7799444307062642 0.5068992515046477 0.7598727488716595 0.5346741216406736 0.6941843444963041
0 0.5895048092816584 0.7700685352154805 0.5461719372885229 0.7447271918238249 0.5611842688968186 0.7066225134305109 0.6045171408899541 0.7319638568221664
0 0.49025929040914745 0.6061059866464888 0.5443241710461069 0.6333624642395991 0.5256141420470014 0.6884511119041414 0.4715492993908486 0.6611946343110311
0 0.5340356263004629 0.6522603183193945 0.5669979529864461 0.6689934372630781 0.5546628504564989 0.7050616515234079 0.5217005617513223 0.6883285325797243
0 0.5711952499076307 0.6610415605453942 0.6296558391995956 0.6951058411616281 0.6129960141422293 0.7375459128749289 0.5545354628310711 0.7034816785325056
0 0.5901387469250738 0.7728671290099033 0.6572166115286636 0.8219016352054113 0.6436545770214297 0.8494402904958775 0.5765767503986465 0.8004058768479909
0 0.5978720569432561 0.7554976988959439 0.6669172133877178 0.8028157243591262 0.6451633265838908 0.8499334767698067 0.5761182081202357 0.8026155438542456
0 0.6165865296967369 0.7286606008487727 0.6742352792470442 0.7612090902494788 0.6596964543549705 0.7994325535147365 0.6020477427854698 0.7668840641140305
0 0.6403096073817672 0.7038335445887035 0.6846932943518591 0.7210391654129549 0.6741507339714919 0.7614074660757439 0.6297670470014001 0.7442018452514926
0 0.6601721259771702 0.6696295633381113 0.7025299167217641 0.6917466401511562 0.6906851464053749 0.7254189353173569 0.6483273556607809 0.7033018585043119
0 0.6839264618660548 0.7208490725987965 0.7414280357906814 0.7534336555718111 0.7302331170756845 0.7827581560367702 0.6727315431510579 0.7501735267899451
0 0.7291848468127723 0.7798331884654568 0.71387675866327 0.835784703877227 0.6561916614810205 0.8123578468536771 0.6714996736689095 0.7564063777157174
0 0.6899593331907281 0.8255808658903525 0.6836267933017657 0.8564420733332544 0.6495112933649658 0.8460509189608605 0.6558439092155414 0.81518980406558
0 0.6990905267968264 0.8671525169991471 0.6469451581460018 1.000659957087519 0.6111169517151525 0.9798880136763173 0.6632622444043638 0.8463805735879454
0 0.5891813647324207 0.9703695833728203 0.6388609434553905 0.8341840002191527 0.6970021901252333 0.8656667574867324 0.6473226114022635 1.0018524331880212
0 0.585940956253403 0.9523127095278147 0.6056921151237749 0.911705126990144 0.6325062607561645 0.9310645160573825 0.6127551018857926 0.9716720985950531
0 0.641568139390168 0.9696739954510993 0.641568139390168 0.9992418498862775 0.5718730553827007 0.9992418498862775 0.5718730553827007 0.9696739954510993
0 0.7252490477452163 0.9829471752985216 0.6638465411335174 0.9424253844057998 0.6933817077142969 0.8759931285242134 0.7547842143259956 0.9165149194169352
0 0.6502800248911015 0.9552691432903715 0.7106409458618543 0.9552691432903715 0.7106409458618543 0.9992418498862775 0.6502800248911015 0.9992418498862775
0 0.8075852836224331 0.8213348735725455 0.7570405780861077 0.9210375365748199 0.6898057388087274 0.8704427700317475 0.7403505203066661 0.7707400607556625
0 0.8239926122773413 0.8174351944536581 0.8516133942808806 0.7736879801370593 0.8852048350478375 0.8051694880117514 0.8575840530442984 0.8489167486021607
0 0.7831533701433183 0.7995388907316149 0.8020358320045116 0.7568146515471 0.8379566356419181 0.7803798672644996 0.8190742497423382 0.8231041064490144
0 0.7969234635092564 0.7531108494687027 0.7627095932832918 0.730665413695271 0.7729400273947962 0.7075174952023313 0.8071538976207607 0.7299629309757629
0 0.786485578231954 0.779779695940343 0.750430094654247 0.7534228275001185 0.7632233976353454 0.7274450341167551 0.7992788812130522 0.7538019025569798
0 0.8303580435448429 0.6859102169612395 0.8694022367960486 0.7193850155035775 0.8527303338421749 0.7482496468382771 0.8136861405909692 0.7147748945697499
0 0.7713961835670116 0.70330810546875 0.800082555081285 0.6479706435243319 0.8355523746207997 0.6752640476183425 0.8068660031065261 0.7306015095627606
0 0.7986310046136046 0.6476118363965362 0.777100217067906 0.7000758335208965 0.7502177819452007 0.6836997633002038 0.7717485694908992 0.6312357661758434
0 0.7262585016237555 0.7392058470106377 0.7450768518833618 0.6917136469241613 0.7716847617357654 0.7073635422342921 0.752866411476159 0.7548557885945792
0 0.7122588522625622 0.6571645093199157 0.7490977279577629 0.6796057804503886 0.7396390638369243 0.7026535161432667 0.702800264103337 0.6802122912866044
0 0.7289271090589997 0.7341831950548474 0.6995302685759568 0.7191637341410396 0.7097961767608509 0.6893382734019617 0.7391930172438939 0.7043576880419589
0 0.7050118105116289 0.6619974849258434 0.692201947898841 0.6903735110938685 0.6613627483033214 0.669708460185273 0.6741726109161092 0.6413324340172479
0 0.7126168593458307 0.667062662513623 0.6730091828475031 0.6456156304788192 0.6863015536276835 0.6091775033761372 0.7259092301260112 0.6306245816847517
0 0.7050201662890868 0.5756876658453374 0.7441723009927271 0.6019231580802218 0.7294048316447573 0.6346356881396892 0.690252696941117 0.6084001959048048
0 0.7730573880872744 0.6294123929409117 0.7453784194879822 0.6818698191841595 0.7149654405044338 0.658049681043878 0.7426444091037259 0.6055922548006302
0 0.7499516884139701 0.6042479080535681 0.7036969909478065 0.5748456213129027 0.7194193737359987 0.5381311007391963 0.7656741471637757 0.5675333874798616
0 0.7644518488448974 0.5696821581512983 0.7239381022236698 0.5425342389179776 0.7387055715716397 0.5098217551323209 0.7792192422312539 0.5369696280918309
0 0.7196265970169571 0.5397139889801696 0.7543813139292938 0.5616157074784401 0.7398722659896158 0.5957914617045347 0.7051174731156659 0.5738897432062642
0 0.7772392268201618 0.5393566626143148 0.8300277624504122 0.5850539478594106 0.7938809730135734 0.6470352647158122 0.741092437383323 0.6013379331969058
0 0.8280030816107266 0.6665426374295157 0.7947539998347075 0.644730181111993 0.8202702653430305 0.586995967144854 0.8535192711574362 0.6088084697361874
0 0.8434254160265635 0.6314807397294352 0.8675505965113566 0.6510759864095669 0.8504140363692051 0.6823934073516869 0.8262888558844119 0.6627981606715552
0 0.8096929145437928 0.7260848154526394 0.843552119997472 0.7508362140322925 0.8309784220402925 0.7763680204285918 0.7971192165866132 0.7516166218489386
0 0.969319484214569 0.7323868457253364 0.9099542680703563 0.6725775752671295 0.9340088042548227 0.6371368338792409 0.9933740203990354 0.6969461043374479
0 0.885405829476509 0.6336807817830743 0.8133219046554138 0.587283605151867 0.8355320169084475 0.5360636331530753 0.9076159417295426 0.5824608097842826
0 0.879402583181005 0.6236542650386183 0.8682015875369478 0.6509476691326289 0.8462974486621033 0.6376042456406369 0.8574984443061605 0.6103108415466262
0 0.8384440813141724 0.5238387864859743 0.8213517308309349 0.5680906629815438 0.7952195685623444 0.5531080822948257 0.8123119190455819 0.5088561595254454
0 0.8207812591153936 0.5691328417450483 0.7548679999854153 0.5283219783571834 0.7826049272956207 0.46182563324784404 0.848518186425599 0.5026365429095195
0 0.7558661355835796 0.47446199291307334 0.7957398296515246 0.5022219758398881 0.7789286890605553 0.5380649754637746 0.7390550709542237 0.5103049925369598
0 0.8047076298275124 0.3731577239134169 0.8778352672147246 0.4273370217879312 0.8555967453183339 0.4718918991956501 0.7824691838927349 0.41771262445804114
0 0.8251861211447962 0.4849094625130307 0.7714550538172837 0.45348713884216263 0.7848457189250155 0.4194985621801554 0.8385768622141413 0.4509208858510235
0 0.878076521298421 0.5513058561913619 0.8336158852141023 0.5280907481253554 0.8498058117318762 0.4820658443008434 0.8942664478161948 0.5052809060930392
0 0.8881576908398802 0.5078270299765447 0.8508597791157825 0.4813192626397839 0.8725942957082297 0.435924515568731 0.9098922833939406 0.4624322829054919
0 0.8768524758624378 0.5504138359434231 0.8950161889390168 0.501236528768243 0.9350437812354153 0.5231818834699583 0.916879992197223 0.5723591906451384
0 0.9053944443499145 0.48611327569714274 0.92561740080021 0.4399159556541414 0.9472248336136824 0.4539561701869314 0.9270018771633868 0.500153443956122
0 0.9450755757282592 0.46033945727113346 0.9607381007652069 0.4726066907487917 0.9423191566680927 0.5075144503855904 0.926656631631145 0.4952471706341215
0 0.9993777224642191 0.4382107657316149 0.9993777224642191 0.5253980288097043 0.9421281891723708 0.5253980288097043 0.9421281891723708 0.4382107657316149
0 1.0112488514604077 0.41803233021583586 0.9815710289699362 0.4722692158477066 0.9110621681996733 0.4149997297609458 0.9407400666517579 0.3607628209921697
0 0.8915893326802661 0.39904521395529285 0.915582263996383 0.3436057413952924 0.9416451492736855 0.36034860097611826 0.9176522179575685 0.4157880966730241
0 0.9125077936615199 0.3534495922721996 0.895084022659653 0.39590599864066056 0.8637212196639701 0.37680060652009095 0.881144990665837 0.33434420015163
0 0.8670874585553439 0.37119434926435746 0.8093577719061139 0.3316310509485761 0.8299151113779558 0.2871049327141774 0.8876447220655725 0.32666820789305345
0 0.8179501697893979 0.31703994669997393 0.7926974910790682 0.295063819914175 0.8080862504618466 0.2688154404230241 0.8333389291721764 0.29079154407191765
0 0.8172993306870333 0.3170583868135188 0.8080895927728298 0.339499611670181 0.7827007148899346 0.32403335397762273 0.7919103768425249 0.30159210598405517
0 0.7810673882817362 0.3312021852714533 0.8116679924500233 0.34777205021115665 0.7987605951258168 0.38315499560954086 0.7681599149959163 0.36658513066983744
0 0.7856719533923848 0.411226563240381 0.7559214356380289 0.3921494444181198 0.7677865636667703 0.3646833695996612 0.7975370814211263 0.38376046528501706
0 0.7229941272557561 0.38281111178568045 0.7604197304517346 0.38881074270576665 0.7571261868242455 0.4193070811516774 0.7197005836282669 0.41330740395778054
0 0.7808338822825918 0.40288098894166985 0.7717485694908992 0.4250189352433188 0.7533291696241055 0.4137983228149877 0.7624144064541848 0.39166033023952807
0 0.7488811613983744 0.47217171692866283 0.7114422649200762 0.45506660282114764 0.7223363756465853 0.41967245916058565 0.7597752721248833 0.43677757326810085
0 0.7139338817964375 0.4510918675813827 0.7416976995177349 0.4720317386514405 0.7255449941904558 0.5038218002955601 0.6977812524307716 0.48288197549931294
0 0.7054137993689716 0.5361637696793262 0.6666123794337274 0.5091502758659496 0.6824278151981565 0.47543008730572406 0.7212292351334008 0.5024435811191006
0 0.7855825465735843 0.32431435169280703 0.7693976335222853 0.36093509838922716 0.7409355766519524 0.3422630373685083 0.7571204897032514 0.30564231380899354
0 0.7631611850740899 0.35117514193103205 0.7467330429371499 0.3912054586808188 0.7233354227841086 0.3769522457975976 0.7397635649210486 0.33692190591090554
0 0.6761161647528391 0.37575886735778763 0.6780683782134801 0.3281901303884927 0.7111220107585952 0.33020368898520425 0.7091697972979543 0.37777240281759383
0 0.7120867992085408 0.4247201452479388 0.6818331876896002 0.4072603886555866 0.6948334101052038 0.3738228868046342 0.7250870975857576 0.3912826433969864
0 0.6827628818742222 0.4318422862668215 0.71387675866327 0.45079603910988436 0.6988176726820162 0.4874905231235785 0.6677037958929682 0.46853677028051555
0 0.6894818384898102 0.41782881799658833 0.66966816321173 0.4634264294535396 0.6286684901505134 0.4369813168564016 0.6484821654285936 0.39138370539945033
0 0.6354945146599836 0.43605500771476974 0.6745016766247277 0.4617438674244219 0.653993636239888 0.5079678411823588 0.6149864362943372 0.48227902774651726
0 0.6241443683883012 0.42987111448066717 0.6241443683883012 0.43669446550416985 0.6017423771001866 0.43669446550416985 0.6017423771001866 0.42987111448066717
0 0.5997510813895263 0.41273694042006254 0.610205336394485 0.4191053736110453 0.6069695235930694 0.4269901533032837 0.5965152306073039 0.4206216738384903
0 0.6153844751477909 0.5356949234298001 0.6346787628952435 0.49390444347043216 0.6526712964763535 0.5062350720686837 0.6333769707480943 0.5480255520280516
0 0.5945039949731643 0.5424850035834439 0.6188667454034109 0.489056891614149 0.6355097449634411 0.5003218343530847 0.6111469945331947 0.5537499925961903
0 0.5671063122277535 0.6531761233060084 0.6017599242328485 0.583512844869456 0.6428716406736155 0.613869390133387 0.6082179906877139 0.6835326685699393
0 0.6000000075961613 0.589537509921105 0.5809582922127801 0.6359363061356852 0.5500933416303672 0.6171341925701289 0.5691350190329418 0.5707353963555487
0 0.5382061467529753 0.652180449722209 0.5520795099321328 0.6149947692084439 0.5763653872097658 0.6284441134530184 0.5624920240306083 0.6656298402405942
0 0.49877796754676806 0.604461600511159 0.523222604596103 0.5484012028229246 0.5488227317254589 0.564970790119764 0.5243780566953173 0.6210311878079985
0 0.5223881282936955 0.6199254288286581 0.5472996254180927 0.5602703427075436 0.5693793875427816 0.5739567014102777 0.5444678904183844 0.6336118338052028
0 0.5387925324264935 0.555569386283406 0.5604305397893007 0.4863675502866755 0.6134264126429294 0.5109646719816149 0.5917884052801221 0.5801665079783453
0 0.5373605800550326 0.5183414115067049 0.5115121344119478 0.4973464746019712 0.5251064905856215 0.47250248212720336 0.5509549742095131 0.49349741903193706
0 0.5443492383784808 0.5214906219644381 0.532382359768785 0.543360365259548 0.4996410054157592 0.5167667600040277 0.5116078840254551 0.4948970629827284
0 0.650854446610532 0.39697904203587 0.6286439165686255 0.43756927189454603 0.5948973242065961 0.41015921152388174 0.6171078542485027 0.3695690279390163
0 0.6248296940630834 0.3516829507291272 0.5818966840021196 0.4395591845740144 0.5431909756995761 0.4114895373063163 0.5861239477797332 0.32361330346142914
0 0.5854386980665642 0.44761184565129836 0.574859979958288 0.4733889495178639 0.545239584447437 0.45534493979221946 0.5558183025557133 0.4295678359256539
0 0.5856740651252333 0.444441117871612 0.6314681313686217 0.4694517886123484 0.6222251602486193 0.4945728686653004 0.5764310940052311 0.46956215165075343
0 0.6288359095461263 0.43695003576040087 0.5949952007452746 0.41118144627499525 0.6162854938234094 0.36967911333455744 0.650126202624261 0.39544770281996305
0 0.7750348967651292 0.20399501705097375 0.8206066993281347 0.23508747786260897 0.7904812350507545 0.30062914798438684 0.7449094324877489 0.2695366871727516
0 0.7611698513826229 0.3067475406395115 0.7308027532134801 0.2882486824920631 0.7407591937859754 0.26398787885294256 0.7711262919551183 0.2824867370003909
0 0.7576494104163426 0.30858775754152057 0.737962515070784 0.3460649861992987 0.7122520916789826 0.32601745929385423 0.7319389110629279 0.2885402306360761
0 0.6868699743796671 0.21258528726041273 0.6711885349010189 0.25079604836464653 0.6470442120896858 0.23608794078581075 0.6627255756067206 0.19787717968157695
0 0.6060165471739849 0.3368810461360998 0.6227047438939017 0.2651209393805677 0.6583612770787959 0.2774295185080435 0.6416731183396858 0.3491896252635756
0 0.5873248629044804 0.24886323756752274 0.6257078482931122 0.1684294520588514 0.6633138983013768 0.195067364488071 0.6249308749319384 0.2755011499967423
0 0.5970186661991482 0.31992051454996684 0.5532728668763612 0.2876189422028999 0.5771275100755484 0.23966453615872582 0.620873347379142 0.2719661085057927
0 0.9208956269203096 0.06212909227071882 0.9712142706955896 0.08840291657350206 0.9497456957111465 0.14943400651239103 0.8994270519358665 0.12316017642538145
0 0.938079890955585 0.03169749088591026 1.0244995193149113 0.09750321093972114 0.9787726790992533 0.1866412274850147 0.8923529747783137 0.12083549586275114
0 0.8450528935905414 0.22062168309325247 0.8450528935905414 0.0 0.9993777224642191 0.0 0.9993777224642191 0.22062168309325247
0 0.8679426343973631 0.0017416961632324404 0.9033651298518202 -0.0031625026098429207 0.9049930631854776 0.01429080167803645 0.8695704917694073 0.019194999908840594
0 0.9422848220189017 0.03830226756479814 0.8949123494136979 0.10651224756710813 0.8681608721122434 0.07893388356287612 0.9155333447174471 0.010723902837537833
0 0.9340385812072184 0.0 0.9993777224642191 0.0 0.9993777224642191 0.06974981046247157 0.9340385812072184 0.06974981046247157
0 0.8275583263651214 0.0885867103651855 0.8508252165817517 0.04830390056757605 0.874701850667976 0.06877464774524379 0.8514349604513457 0.10905745754285325
0 0.9386873559767813 0.009186995580758535 0.9104652618427194 0.1467243509820413 0.8205644646711652 0.1193417425495463 0.8487865588052271 -0.01819560272934041
0 0.7693510690533603 0.03290835793403354 0.79939669767521 -0.026707253734481615 0.8356831045572106 0.000438893356496769 0.805637475935361 0.06005450430198363
0 0.7898446007700685 0.09521911829325898 0.757139176260112 0.07274157427946124 0.7745232193382467 0.03519555960214888 0.8072286438482031 0.05767310361594662
0 0.8393515187461108 0.07431919887447284 0.8179081630172682 0.11089481703705459 0.8035452652214919 0.09839558980969247 0.8249886209503344 0.061819971647110734
0 0.7517108834153313 0.06034609293558093 0.8193130730544104 -0.052683832430315346 0.8819485126108432 0.002923149697431748 0.8143463229717641 0.11595307669014168
0 0.7395880176328173 -0.03172339265142272 0.7881505048712664 0.002910328959767976 0.749579780355476 0.08318925789579286 0.7010172931170271 0.04855553176567535
0 0.7288114195220131 -0.033661866206125025 0.7868077314337664 0.001667930286340952 0.7527068920883245 0.08476118502786793 0.6947106561381845 0.04943138510101758
0 0.935151114994944 0.036051029323898906 1.0232106786228221 0.09440013547120807 0.986104873818645 0.1775240026883233 0.8980453861523802 0.11917489075678782
0 0.7081518357187305 0.0 0.7081518357187305 0.037149355572403335 0.6627255756067206 0.037149355572403335 0.6627255756067206 0.0
0 0.6602364654635967 0.0 0.6602364654635967 0.03184230477634572 0.6179215930304915 0.03184230477634572 0.6179215930304915 0.0
0 0.6414034546126323 0.139075949483066 0.6759947021332452 0.1643624815460043 0.6607855160042003 0.1952459582602824 0.6261942305027808 0.16995941462889144
0 0.5813763089705196 0.15333514325631398 0.6073875023700024 0.11876350501163879 0.6393138265936139 0.1544194427559645 0.6133026331941311 0.18899109256909236
0 0.4541374163814561 0.3540527713940485 0.486812532207724 0.28470697757237967 0.5737105288265207 0.345485314173261 0.5410354130002528 0.4148311079949299
0 0.9993777224642191 0.35784685367702807 0.9993777224642191 0.400303260045489 0.9807093963907902 0.400303260045489 0.9807093963907902 0.35784685367702807
0 0.9983801945589608 0.4013975893935984 0.9343614940251633 0.3650886356333515 0.9532154702813861 0.31574423372790705 1.0172341708151835 0.35205321062505923
0 0.9392632209668638 0.32906718105868554 0.9278774107177582 0.351030999010851 0.9192850887960874 0.3444193506710813 0.930670899045193 0.3224555095820105
0 0.9590124807969042 0.3292424662534354 0.9173552840113566 0.4166504091345243 0.8607144311265168 0.3765811298361685 0.9023717038736777 0.28917321009198493
0 0.8673208885928749 0.3163585417012178 0.887291196717486 0.28507610375995074 0.904738895627528 0.30160962062138696 0.884768587502917 0.332892058562654
0 0.9036846243971687 0.6131347471154758 0.9159954951724876 0.5775123810207781 0.9497682563102832 0.5948374345503222 0.9374574614965775 0.6304598006450199
0 1.026226582553866 0.6027037972659212 0.9926655264322106 0.6681261735038382 0.9416527454350109 0.6292816231520091 0.9752138015566661 0.5638592469140921
0 0.45346800466465076 0.12449990735983107 0.3405639040744594 0.06591108552066552 0.3663262092481137 -0.007781106834614069 0.47923027185749845 0.05080771861969295
0 0.5288349904106059 0.06067249682746754 0.5195781942769913 0.09732598224492395 0.47300829409662803 0.07986804189963988 0.48226509023024267 0.043214556482183475
0 0.5257481383327823 0.17465096590101403 0.4996664145753928 0.12522066823454678 0.5298906669308105 0.10154832864548782 0.5559723906882 0.1509786147435024
0 0.5389880955998172 0.4190820516104767 0.5096931576209552 0.4726191384038571 0.49045044780890246 0.45698955729660257 0.5197453478069578 0.4034525167770328
0 0.45615677990821407 0.4238926769658595 0.47577325883828564 0.3901519428337045 0.5121516932147441 0.42154636339674945 0.4925351763038659 0.45528709752890445
0 0.5086530152506612 0.4718972206838751 0.45332079105816353 0.42374446195034116 0.4846448916118933 0.3703153550941172 0.5399771158043909 0.4184681369645565
0 0.5154925609272908 0.49715041246623864 0.5322296769261434 0.4495699682228487 0.5538591765882662 0.46086378581963133 0.5371220605894135 0.5084442300630212
0 0.6418046838538426 0.5412162682429871 0.6698198585533992 0.469159430676649 0.7330288842515168 0.505638093637462 0.7050137095519602 0.5776949312038002
0 0.6646402640304138 0.6492681149012035 0.6344837314532125 0.7043797606496399 0.6063376748940184 0.6815186472351213 0.636494169490413 0.6264069552128744
0 0.643192046758323 0.5589720384020802 0.6271622093404831 0.5910569567676743 0.6097109782154247 0.5781150974045205 0.6257408156332647 0.5460301790389263
0 0.7307425156541693 0.2383139193103203 0.7438807603210563 0.19740738481893244 0.7706988559573351 0.21019276929136657 0.7575606872520613 0.2510993269196598
0 0.6978337419055305 0.318147880548415 0.7211713523841008 0.24957340173959913 0.7428771554867377 0.26053849018550984 0.7195395450081674 0.32911296899432574
0 0.6781580888787336 0.35284305829907836 0.6662103146147713 0.381956018038642 0.6341008089607966 0.36239575435936316 0.6460485072631457 0.33328279461979954
0 0.6252453180300055 0.3518982859069963 0.6497726013145613 0.3689741549661794 0.6398161607420659 0.3902023812873152 0.6152888774575102 0.37312648909122675
0 0.6315447006747822 0.34885402445182195 0.7004738637358043 0.4141715673717068 0.6662294569413114 0.4678136031676459 0.5973002558994828 0.4024960833846664
0 0.5287635864941467 0.29187613278288477 0.5561055134154286 0.31091153576484315 0.5441960617853532 0.33630373407440534 0.5168541348640713 0.31726833109244695
0 0.6653890176522635 0.1859360377475834 0.698486631971453 0.16516283337504145 0.7106698112748911 0.1939763899912339 0.6775721969557016 0.2147496059322285
1 0.6638516305616055 0.14337981876954606 0.6733688610862633 0.05834808812347481 0.7556576209551961 0.07201939626929432 0.7461403904305383 0.15705112691536557
1 0.7663683603473086 0.15273520330121068 0.8075605201365121 0.11345896456980904 0.833188373254706 0.15335595490265472 0.7919962134655025 0.19263219363405634
1 0.8410270800112788 0.1295571836944418 0.9480385344148646 0.21541534724607894 0.9233358937461108 0.2611172135984292 0.8163244393425249 0.1752590384783394
1 0.8682555202823584 0.2888501263460126 0.804779109705585 0.23530949960611733 0.8286372091581752 0.1933232004485228 0.8921136197349486 0.2468638156199654
1 0.9858010273656269 0.33894978625201383 0.8886230316826773 0.28530131839639405 0.9034085798946018 0.24554644650451335 1.0005865755775514 0.29919489122322784
1 0.6947329888524814 0.2805951330316528 0.6712462657270925 0.2259665395926128 0.7128292480164904 0.1994289950586974 0.7363159711418793 0.25405756536083207
1 0.6984393838480087 0.3415795963220835 0.6511684719197262 0.30918383363343444 0.6734929823623211 0.26083024656167075 0.7207638942906036 0.29322600925031983
1 0.5896084968837508 0.03708936157689301 0.6042768363264235 0.12197739468821077 0.5490806973640713 0.13613486705719294 0.5344123579213985 0.05124683394587519
1 0.5768322093040215 0.04093173636551424 0.49903084375729234 0.05209319929537943 0.4948143665287609 0.008466009844244204 0.5726157700562967 -0.0026954523625926955
1 0.6669346845587664 0.06008546726553615 0.6325063367177777 0.13465563215208018 0.5854323932526642 0.10239488487446101 0.6198607410936527 0.02782472288003015
1 0.8323998917091241 0.34142029872891394 0.886849176089958 0.40775834113201287 0.8604024567808806 0.43997976723903054 0.8059530964384334 0.3736417016990263
1 0.639533811425599 0.5931164189845527 0.675195054230515 0.6220815570359884 0.6659406508877178 0.6389941720911912 0.6302793701019952 0.6100290340397555
1 0.6558521130697729 0.5938697103481567 0.6305286761166965 0.5412387110411533 0.64934660858743 0.5277988529277625 0.6746700075596997 0.580429852234766
1 0.9787042376857109 0.5800633173805914 0.9460415036024036 0.5674014145718821 0.9573739887990044 0.52400810235915 0.9900367228823118 0.5366699588940486
1 0.9014736097201695 0.5682633568428971 0.9400321044162259 0.5570781438797148 0.9449284380833852 0.5821329135620025 0.9063699433873289 0.5933181265251848
1 0.8891708668374689 0.6798586205517911 0.9136908198263457 0.7057492803496968 0.8982576228998134 0.7274450341167551 0.8737376699109365 0.7015543743188495
1 0.9134507051668481 0.6994283703622536 0.9767599242328485 0.7564394634903336 0.9299876243339685 0.8335366296081311 0.8666784052679682 0.7765255364800512
1 0.9234537102082685 0.8232544037860121 0.9149126623755445 0.8648783443008434 0.8785521929206207 0.8538033555546342 0.8870932407533447 0.8121795075874242
1 0.9828651869749533 0.8640664240191432 0.9586788573914904 0.9479353921353771 0.8996211338577318 0.9226547137094864 0.923807539402808 0.8387858381408738
1 0.89896756013729 0.8803328715824015 0.8689051439989111 0.9423161782126611 0.8443412092359599 0.9246318085434041 0.8744036253743388 0.8626485019131445
1 0.7269651725118622 0.9314980091155705 0.7991878032387602 0.9040004449689633 0.8187677446328563 0.9803370547348844 0.7465451139059583 1.0078346188814917
1 0.929254138996383 0.9882857848334439 0.8573788047652847 1.000364359985074 0.8509938513631767 0.9439661172052691 0.9228691096326618 0.9318875420536391
1 0.05759290826936353 0.7971697641738533 0.011749817112920889 0.7930324227634572 0.014460820623562807 0.7484432564620451 0.060303911780005444 0.7525805515986306
1 0.040876700704559156 0.7895617944169352 0.04295096073969596 0.8957028103380875 0.006326488478256444 0.8967652570306577 0.004252229926744899 0.7906242411095054
1 0.08027661269543404 0.9003171421886846 0.03060411027149896 0.8781271841238628 0.04781165891503724 0.820950245658406 0.0974841589651719 0.8431402037232278
1 0.0521962059604951 0.9045123258623957 0.04833022036312082 0.9845842501717684 -0.0001251677882248523 0.9811115857775777 0.003740819255684056 0.9010396614682051
1 0.16085441318742222 0.9335378512367324 0.1795799193652283 0.8733915223417361 0.2270711389623522 0.8953388205434989 0.20834565177494943 0.955485149438495
1 0.18888842636706596 0.8775631989196361 0.14636157355697244 0.8706548891797763 0.15095389935268552 0.8286917616328658 0.1934807616579807 0.8355999788251043
1 0.04403668482554352 0.9263501402281558 0.2046989436170368 0.9276907850703658 0.2043253833934544 0.994138218761846 0.04366313884476363 0.9927975739196361
1 0.15868761766453893 0.9016885128411676 0.10015550101849331 0.915603140251848 0.08978061640418385 0.8508222115771892 0.14831273305022946 0.8369075841665087
1 0.09897416499956246 0.9301204377724602 0.050978218463168946 0.9278714380271512 0.051960174237710016 0.8967652570306577 0.09995612077410353 0.8990142567759667
1 0.22597366456445434 0.6899131792255023 0.201082563133216 0.6848588759832259 0.20545529340021196 0.6528936216919778 0.2303463948314503 0.6579479249342541
1 0.2539757738665312 0.2599996316604672 0.27795525997710213 0.20643818170577852 0.29721149095631416 0.2192349726725384 0.27323202383614653 0.2727964226272271
1 0.05479692270389312 0.519135377549872 0.026794435967550413 0.5090267247915087 0.03329184816428127 0.48230984610441147 0.06129433727442439 0.49241849886277483
1 0.7738021157436217 0.4418751425233368 0.7738021157436217 0.4785190955357989 0.7572080734433339 0.4785190955357989 0.7572080734433339 0.4418751425233368
1 0.8129338167732966 0.812931364462898 0.8170823083579651 0.8382029732219011 0.7997303210806238 0.8424311038487965 0.7955818294959552 0.8171594950897934
1 0.8639762987612788 0.7876872423474223 0.8494564642725186 0.7750514379679208 0.8588466869798149 0.7590346376131302 0.873366521468575 0.7716704419926317
1 0.8018301279558183 0.8036017313068613 0.7784521818606098 0.8061912137509477 0.7767773802115744 0.7837470273704037 0.8001553263067829 0.7811576374739386
1 1.0100611156755601 0.7944239687973844 0.9651534454972387 0.8650950908299374 0.9477287629560127 0.8486594662149356 0.9926363571727209 0.7779883441823825
1 1.0123651073671827 0.9041038206619598 0.9574784360172293 1.0061703350075815 0.9367349905929138 0.9896123624372157 0.9916215859812539 0.887545848091594
1 0.43414230679011745 0.5941370341522934 0.4574777143819034 0.590978013646702 0.4604373687383323 0.6234305311641158 0.43710192316573976 0.6265895053958965
1 0.13739568191651758 0.8392916108913002 0.11269606072189056 0.8158861323682715 0.13670961561600614 0.7782702442368745 0.16140923681063316 0.8016757227599033