0 0.24005696559147224 0.06990240579818789 0.2553782657966302 -0.016636651383396005 0.31959095053192055 0.00023595913317193628 0.3042696503267626 0.08677501124465119
0 0.25150966384430345 0.0013266887902224213 0.24089389146186352 0.06834179890106327 0.20824644416164637 0.06066631143023859 0.21886221654408633 -0.00634879986774872
0 0.21920944754369254 0.00030904333126495487 0.20969656962464875 0.06211771351667855 0.1680560410834788 0.05260604605140528 0.17756891900252256 -0.009202623960882797
0 0.17428520265002342 0.0 0.17428520265002342 0.04170654423503955 0.11266293642631343 0.04170654423503955 0.11266293642631343 0.0
0 0.09585686665464811 0.0 0.09585686665464811 0.0394316392320815 0.05166311549880524 0.0394316392320815 0.05166311549880524 0.0
0 0.05166311549880524 0.0 0.05166311549880524 0.078863278464163 0.0 0.078863278464163 0.0 0.0
0 0.10064970634938586 0.06286313385389652 0.07954875000166309 0.13998233272821578 -0.004855088057245156 0.10570712267610542 0.016245871863508093 0.028587939630405537
0 0.09868487740082701 0.02137225139190547 0.15391735939628748 0.0359511822585743 0.14676805542990037 0.07614977824737422 0.09153557343443992 0.061570847380705396
0 0.0637788538711922 0.05451872892894191 0.0691337481506514 0.020968566198071997 0.09788941427537466 0.02778030648765722 0.0925345251930507 0.06133046130421745
0 0.17572416466653185 0.048718116095451895 0.28559351617049133 0.08489355190166299 0.2766572084348923 0.1251743427450726 0.1667878777194738 0.08899890693886152
0 0.21672394879832255 0.10830384567070798 0.2040260377307029 0.1804940757909751 0.1684888585062053 0.17121690932151193 0.18118676957382493 0.09902667920124482
0 0.2567594564578189 0.20057055208198263 0.16579378008517648 0.17158696977924015 0.18254760825341665 0.09354700112243905 0.27351327423178856 0.12253059608807702
0 0.17064143916241806 0.1607853299849261 0.1293641072203093 0.14918076131353736 0.14204734157801324 0.08222451744237876 0.1833246631258515 0.09382907345087202
0 0.08576859310472369 0.13739979850800701 0.0974129824937202 0.063318118020212 0.14050344940102394 0.07337039931681147 0.12885906001202743 0.1474520861360542
0 0.02738767618704232 0.11602001902473418 0.02738767618704232 0.18881689047912345 0.0 0.18881689047912345 0.0 0.11602001902473418
0 0.0311212201859061 0.12091941991782287 0.12327032063247723 0.15258286345549144 0.1081462101325677 0.2179080187532417 0.01599711878098324 0.18624457521557314
0 0.12366847316315778 0.15036079121823132 0.16981368103858885 0.16765824313974975 0.16019097725766882 0.20575774260081692 0.11404577977650822 0.188460278016403
0 0.11574926558242507 0.18284867789240794 0.16055970360862462 0.20039567749529955 0.1512791272405058 0.23557030135665197 0.10646868921430624 0.21802330175376036
0 0.1329700771404547 0.3073811258023211 0.16658223747232628 0.17771170841707729 0.2062024732376639 0.19295412435571188 0.1725903233000628 0.32262355440385115
0 0.1930831160792213 0.23840975306340767 0.20746163516343452 0.18585952188958765 0.24163400509701763 0.1997364218304266 0.22725546522426346 0.25228666566714214
0 0.19250103693242293 0.33292659268834285 0.22175770689421193 0.25954572115696317 0.29287044098981396 0.30162490274896264 0.2636137918165659 0.3750057742803423
0 0.19683286994289637 0.23119268773502333 0.22525720830184562 0.24201396768023858 0.21527812656329828 0.28091668726497665 0.18685376741580806 0.2700954073197614
0 0.2577235666217856 0.2993426690952412 0.29892368992277973 0.21847719057961618 0.3264727475532719 0.23930866668827802 0.2852726242522778 0.32017409455232104
0 0.2670346709622999 0.14523149545756614 0.3071035234414914 0.16873458925619164 0.2946594196704168 0.2002209548633623 0.25459058797976625 0.17671786106473678
0 0.27872785105692266 0.11182597939898858 0.31606631577826977 0.13184064809712137 0.30367578407724155 0.1661471544954292 0.26633729856735355 0.14613248579729643
0 0.2992834979896649 0.08929129952711683 0.33426776439032696 0.10478941098288382 0.3262895381418171 0.1315181368119489 0.29130527174115506 0.11602001902473418
0 0.37885444495593495 0.05782371932540197 0.37424188348837706 0.0943492715289484 0.33944238563974155 0.08782700661307054 0.34405496789584045 0.05130146074097186
0 0.3884070289882067 0.12587793120704746 0.3884070289882067 0.138769037397076 0.3753356517822931 0.138769037397076 0.3753356517822931 0.12587793120704746
0 0.32159592215306754 0.1419007360687889 0.3497546037471262 0.06439796542725622 0.38696451213119465 0.08446260824243063 0.35880585132567694 0.16196538521541104
0 0.39973557807444227 0.0414032204022546 0.46870272685786357 0.0834130884700791 0.45164764154834386 0.12496797553731198 0.3826804927649225 0.08295810430376362
0 0.3468205090764433 0.05333859138963628 0.35696756222592385 0.010072523726467275 0.3912491551536955 0.022005030525175863 0.3811021020042149 0.0652710973969139
0 0.3473513236812415 0.047090927693853736 0.3108000170632344 0.028537237396873378 0.31995258799041 0.0017768468104952103 0.35650385303133514 0.020330538294622016
0 0.017540421083122898 0.18721508485153007 0.11464218222802601 0.21451390689834024 0.10092036275837661 0.28695296291493777 0.003818608434713504 0.25965411554233664
0 0.11745577612105118 0.2190730811154694 0.15274853407524586 0.23340497155407158 0.13538225470186904 0.29687474674209025 0.10008950714194483 0.28254288162927904
0 0.15187710962113632 0.31166161501556017 0.13419961539536146 0.3547330864237552 0.10656295485327615 0.33789883055627595 0.12424045947332148 0.2948273338222899
0 0.1510043131233236 0.2324501639085192 0.12617736941137495 0.33578929347121367 0.09341346470471623 0.32410688598126297 0.11824039802239442 0.2207677310927775
0 0.08854654504427793 0.31175970180400675 0.12876409795693547 0.3502560184209673 0.10232678031401674 0.3912473306616312 0.06210923259849444 0.35275101404467063
0 0.04724775413076624 0.26783781566065873 0.09217782501303858 0.2924691987730161 0.0629448072137235 0.37160994027165456 0.018014733732883547 0.3469785571592972
0 -0.0019344008586062397 0.3124555279110477 1.547520482856831e-05 0.2673219546242868 0.029124337905759058 0.26918838944177903 0.027174461115283603 0.31432196272853996
0 0.023652991416993518 0.31014500534880707 0.023652991416993518 0.36095117592712656 0.0 0.36095117592712656 0.0 0.31014500534880707
0 -0.010285684133420523 0.4457068225654824 0.023171362500099785 0.3525427347396914 0.06398757082240134 0.37429725995202284 0.030530521590313404 0.46746137310360475
0 0.1801004020004896 0.32360743605744297 0.1641128810290095 0.3755458720986774 0.13457648046010195 0.36205226534135115 0.15056400143158208 0.3101138546259077
0 0.16213626497772798 0.37376519040942685 0.1446220335583596 0.42253514206755705 0.12414861569937309 0.4116230438359051 0.1416628471187415 0.3628531428293568
0 0.13980163865258324 0.3698991071139134 0.12237311838758089 0.41236394985088176 0.08925891637152482 0.39219317297717843 0.10668743663652716 0.34972833024021005
0 0.12251477150566246 0.4109467185879149 0.11049510737530867 0.44755433901711617 0.07797760404747903 0.43170849811981327 0.08999727337496807 0.39510085236482106
0 0.09547826574673769 0.3773445350995202 0.08426138230825315 0.40809093174598027 0.06017845008288807 0.3950512391403008 0.07139533352137262 0.3643048931454227
0 0.09672828071448719 0.3884016741360866 0.05539779767028642 0.48910398364561725 0.02576931425920949 0.47105647043568466 0.06709980769768073 0.37035408494878114
0 0.10889833954439501 0.44853561211423754 0.0889593223135218 0.4995464150836359 0.06093194114414808 0.48328710532287344 0.08087095837502128 0.4322763023534751
0 0.07808727919243337 0.529138132942168 0.05654889556302686 0.5991095451893154 0.012824117000486286 0.5791340301640301 0.03436249413347374 0.5091626179168828
0 0.024897887206532326 0.4633217712655602 0.024897887206532326 0.5186777201925571 0.0 0.5186777201925571 0.0 0.4633217712655602
0 0.026142780397503514 0.5179194153591805 0.026142780397503514 0.5747919739529305 0.0 0.5747919739529305 0.0 0.5179194153591805
0 0.08527526023927112 0.51185302734375 0.07378392648307114 0.5328521095370851 0.05123218983330584 0.5145362442459803 0.06272352358950581 0.49353711140106327
0 0.08218814631573836 0.5116011876782935 0.13134616986932157 0.5336005373119813 0.11529868435145074 0.5868199012091546 0.06614066079786753 0.5648205515754668
0 0.1318965464911604 0.4552079450045384 0.11558843503531059 0.5148104212590767 0.08813851795664275 0.5036633756645488 0.10444663980676303 0.44406089941001037
0 0.13021435854545407 0.4614042543276712 0.10758028368209298 0.44636387488654045 0.12361324840410529 0.41055465001782937 0.14624733366173684 0.425595105436333
0 0.1991953005258004 0.5031569104966286 0.1278953968016913 0.47166955718361 0.13980390460354755 0.4316485772983662 0.21110380832765668 0.46313587995980293
0 0.15904882363467515 0.3785636173738978 0.22264057544011837 0.40380702355095954 0.20757682446887774 0.4601272772951245 0.14398506226916405 0.4348838457922718
0 0.22498510708925834 0.3897232245607495 0.26122302645233736 0.4052343851303164 0.25352053941108227 0.4319415460483662 0.2172826408365442 0.4164303854787993
0 0.11324274962214748 0.5155302308901711 0.12656994021880855 0.47223442362551865 0.17152256147088407 0.49277085426932055 0.158195370874223 0.536066712185555
0 0.19378071714811818 0.5743198505575726 0.15020942168274756 0.5591538551932054 0.16009811484521352 0.5169894016629928 0.20366941031058414 0.532155447678942
0 0.20754329255231393 0.5067188310425311 0.20103329858598007 0.5331550059971473 0.1678551614122105 0.5210291185814315 0.17436515537854436 0.4945929942783973
0 0.18302455974859502 0.6191530852891598 0.122483266471842 0.5932391787960322 0.13494193261585705 0.550040723871888 0.19548321549833958 0.5759545797134336
0 0.13606695648110206 0.5605359342582987 0.1495118102195802 0.5659957189282936 0.14826690923290617 0.5705455479285529 0.134822055494428 0.5650857632585581
0 0.20599857922795684 0.5738906290521265 0.13557861286547918 0.5821928285464212 0.1307485512881578 0.5213888461164419 0.20116850725636495 0.5130866466221473
0 0.07628447093495881 0.5671430785626297 0.11888127755728989 0.5874493990696318 0.09584870715232247 0.6591572995007781 0.05325188493858566 0.638850978993776
0 0.052847095666204554 0.6495892663219658 -0.013233138040235971 0.6196347818335062 0.0005251620705835826 0.5745891650188019 0.0666053938280984 0.6045437001588434
0 0.0025198855906806137 0.6215717489788641 0.08758711230202657 0.6720599795772821 0.056393319319639285 0.7500642262059128 -0.02867390999027429 0.6995759956074948
0 0.12907772428008452 0.7471292202898081 0.10941768926885537 0.7884990518023859 0.0861327407795337 0.7720760361287604 0.10579278098789807 0.7307062046161825
0 0.09668217173064438 0.682281468814834 0.14356857424535932 0.7071160913997666 0.11426704261218494 0.7892187601303164 0.06738064529460522 0.7643840868938019
0 0.08079050152438214 0.6891765673625518 0.1028782899113377 0.6268618508493258 0.12992019029664084 0.6410876515495332 0.10783239671255003 0.7034023680627594
0 0.14463311385068972 0.7023041911144969 0.11308147212140242 0.6858307771168309 0.12531578833140858 0.6510535022529824 0.1568674196664254 0.6675269162506483
0 0.21033120220298662 0.6475462854155861 0.18501369050153268 0.6968954632391079 0.15177919559322844 0.6715903381094398 0.17709670729468238 0.6222412109375
0 0.14269105874874935 0.6037764299954617 0.17592261207850818 0.6258589495267116 0.15572676281838066 0.6709657534524118 0.12249521988289233 0.6488832845727438
0 0.14172544141556326 0.6113389644385373 0.12901981779924857 0.6461660804590249 0.10349306943306157 0.6323446819891079 0.11619869304937627 0.5975175659686204
0 0.12541953354505492 0.7537592084575986 0.1610917343430688 0.6714179201244813 0.21561764501420938 0.7064764125713174 0.17994544421619552 0.7888176502528527
0 0.25445639794788827 0.6979400508136671 0.22930953937915105 0.7592107369197355 0.20167287883706572 0.7423764810522562 0.22681973740580297 0.6811057442946058
0 0.276374463489335 0.7003994383752593 0.24668730442140668 0.7667048917271784 0.2283270937220602 0.754504445182832 0.25801427357852946 0.6881989918309128
0 0.25262110239803304 0.8758584430108921 0.16370473960439905 0.8223054371434129 0.19436826368118826 0.7467443189185685 0.2832846368690927 0.8002972234828838
0 0.18842704419544024 0.613349376377723 0.21097787134653867 0.5629828108791494 0.24120025218994806 0.5830656566065872 0.21864944582739057 0.6334323234083247
0 0.2653821690530803 0.5955783195020747 0.23693267655957298 0.6533430550602957 0.2145978215604777 0.6370172904240146 0.24304731405398503 0.5792525548657935
0 0.22591894913759153 0.573339742446836 0.23816238112280738 0.5464916181762188 0.2663838856876384 0.5655922284264782 0.2541404744909635 0.5924403526970954
0 0.23146310749105928 0.5718167506807572 0.19641576865713342 0.5592589065741701 0.2056533647168235 0.52099609375 0.24070070355074932 0.533553988508169
0 0.21194470480937075 0.47552024239821056 0.24095964561691077 0.4816146913900415 0.2357162766625511 0.5186636897043568 0.20670133585501108 0.5125692913641079
0 0.30764425418032615 0.507847095030472 0.2595366184328168 0.48916071341740147 0.26802967289812885 0.45670961245461617 0.3161373086456382 0.47539604471926866
0 0.29434428617804836 0.5000770410561463 0.2865820112930007 0.5379028826828319 0.25231079184716665 0.5274651111903527 0.2600730667322143 0.489639269563667
0 0.29623949430294194 0.496386668098418 0.28322746838146073 0.5684411773048496 0.24148954552590685 0.5572547247795643 0.25450157144738805 0.48520026622471474
0 0.31406367247371 0.4824196969819761 0.24691743356980161 0.4441749161209803 0.26116554613659104 0.40704829425732625 0.32831180582904035 0.4452931004441131
0 0.27561958999010133 0.37111238978215766 0.3381133118507323 0.4091790796810166 0.32317458316480757 0.44557750907676347 0.2606808613041766 0.4075108445036955
0 0.21735856058811948 0.41524549302223807 0.2417584660917277 0.35579474358143154 0.2753706264235993 0.3762688474536437 0.2509707001314501 0.4357195968944502
0 0.3141106961533549 0.3249604411144969 0.36106103382578336 0.35565180481716807 0.3443374841674472 0.393620813140236 0.29738714649501874 0.3629293987859829
0 0.33105797208947124 0.3067943018996369 0.3595641757227095 0.32878861170092066 0.34702490201113334 0.35290874307086356 0.3185186983778951 0.3309144079437889
0 0.29261719498387473 0.29805885409913124 0.32224568878922216 0.31868465945928426 0.31010318517035296 0.34457187256872407 0.2804746913650055 0.323946092534362
0 0.36372936778887094 0.2511700262172588 0.3334339360125383 0.30858187220403266 0.3028868381593793 0.28465844625259334 0.3331822491471709 0.2272466002658195
0 0.37244537935594774 0.33778542166428943 0.3332923868371615 0.3098242542061074 0.35389368540584554 0.26701044739529306 0.3930467402902546 0.2949716148534751
0 0.39165191234619806 0.2940099185927775 0.35075798346496084 0.26435559537895487 0.36086720146989953 0.24366531055497925 0.40176113035113675 0.2733196590945928
0 0.3550513160975817 0.16707677564185686 0.425481396085235 0.21987793475265818 0.3985104262016774 0.2732714134627853 0.32808040857964704 0.22047025435198392
0 0.3231633365641498 0.14942773842712656 0.36363448888794275 0.19241096211666883 0.32699214924908465 0.24361539342096733 0.2865210177138326 0.20063215706852958
0 0.406887002472007 0.1438004616385179 0.44127299545246507 0.17372260509190224 0.41809942676845624 0.2132464776889912 0.3837134337879981 0.18332433423560685
0 0.3642561078396415 0.13998233272821578 0.3861662321584426 0.15332841675311204 0.3781988991053942 0.17274091411922976 0.35628877478659315 0.15939481743143802
0 0.4179493335027461 0.1488602760916429 0.37528775498392797 0.11421177021200726 0.3919501863318503 0.0837630719070118 0.43461176485066844 0.11841157145519969
0 0.47385658035486206 0.1273642005762124 0.5106058562484035 0.1609417673957793 0.4657149561744295 0.2338599493889393 0.4289656802808881 0.2002823952322679
0 0.40208094126522054 0.3107698685895358 0.44221051707254766 0.22018303455653526 0.49496788419884624 0.25486954178552906 0.4548383915456829 0.34545637581852956
0 0.41169551672662635 0.25672855614626555 0.4474091490867677 0.2847984978766857 0.42619747816704273 0.32485247726757 0.3904838042298195 0.2967825355371499
0 0.5162959709479309 0.22014053787927904 0.4975267872823357 0.2544390793163252 0.46750568109247276 0.23005677535820798 0.48627486475806797 0.1957582592469528
0 0.4635613880625213 0.12511939844155212 0.536764992030505 0.17327701046259078 0.5005452834293044 0.25498986461845174 0.42734172103840257 0.20683222727162215
0 0.5141413634089748 0.08720458731117091 0.5141413634089748 0.14711035257553165 0.4531415476786018 0.14711035257553165 0.4531415476786018 0.08720458731117091
0 0.589118105189352 0.15194323527862422 0.5609558687547896 0.2243729587412474 0.5236301266205083 0.2028334494942946 0.5517923630550706 0.13040371336877593
0 0.49983464794522736 0.2614037731376426 0.5289842984981693 0.1992581062791753 0.5647797961325997 0.224177038422264 0.5356301455796577 0.28632270528073134
0 0.4890726281771543 0.2988416236465897 0.5068496995141136 0.2632621543536048 0.5342579771452444 0.28358670943010894 0.5164809058082851 0.3191661787230939
0 0.5006745049998935 0.3800157475768283 0.4552834742075741 0.3448261181843231 0.4826052299312415 0.29252121794767894 0.5279963023006429 0.32771082201439317
0 0.41264301684636834 0.3819443825369554 0.4336485485939629 0.336247766265236 0.48145038490399356 0.3688592807880576 0.46044489473348094 0.41455592238556793
0 0.4585029539685158 0.41439072225103735 0.3700952348007493 0.34837897209705654 0.39261209347592385 0.30362260114107886 0.48101981264369037 0.36963435129505967
0 0.3797789945264603 0.34336137573748704 0.4219343720729734 0.3796127382650415 0.4045633425179879 0.40959275115080396 0.3624080065485567 0.37334141394904047
0 0.43960500608023245 0.4472520503760373 0.3993119907639007 0.41558280723223545 0.4174777662396756 0.3812804162749611 0.4577707815560073 0.412949659418763
0 0.4123029578933924 0.41972874051802384 0.38060367594622785 0.4680010150577023 0.3361973775505045 0.4247224040051219 0.3678966387091281 0.37645010413965246
0 0.44340207466312587 0.4577014210807832 0.41392001534028017 0.49960420853864107 0.38224114774033546 0.4665244707922718 0.4117231654860993 0.4246216833344139
0 0.3377363116604756 0.4241405186316779 0.3793287147293299 0.45229061649053426 0.3683184382051473 0.4764346554071577 0.326726035136293 0.44828453222251036
0 0.3723681707148331 0.510902854317946 0.3179551833981714 0.4851787393023859 0.32853014787471263 0.4519801729447614 0.3829430936142924 0.4777042373087396
0 0.346176396923429 0.5094031116279824 0.32826908537737354 0.5421267181016598 0.29839158642844216 0.5178611153883558 0.31629891876303856 0.48513750891467844
0 0.2807715517298727 0.5608508857948652 0.30111120572207084 0.5174878132293828 0.3326836567808562 0.5394668515787086 0.3123439820001171 0.5828299747957728
0 0.26432467676313437 0.612061559906639 0.2779021925757302 0.5810473430206172 0.31421520014874615 0.6046412551056795 0.3006376635476094 0.6356554719917012
0 0.3034094828675813 0.6308829279856069 0.2875514433234524 0.6646914406930757 0.2502141843374808 0.6386992268542531 0.2660722238816098 0.6048907141467842
0 0.2723212385047684 0.6928053986482106 0.23496075871854777 0.6659634032190094 0.2514489197276269 0.631903152149248 0.2888093995138475 0.6587451475784492
0 0.30019316296486503 0.6356698570409751 0.29073454313771924 0.6561551802385892 0.2730622252586427 0.6440448935101141 0.2825208242972475 0.623559519660918
0 0.27804078977829105 0.6222024118257261 0.2712188429663552 0.6400114067362552 0.2549648025055347 0.6307706334284232 0.26178672852892965 0.6129616385178942
0 0.34480913458468154 0.6260977717356069 0.3004904806776333 0.711993433528916 0.2724967353675281 0.690556873622277 0.31681541006311736 0.6046612118289678
0 0.3398177019581808 0.6285570073424533 0.37466389086980584 0.6542852251361515 0.35867001899906337 0.6864348478831691 0.3238238508759792 0.660706579437889
0 0.34286133145116654 0.6246997880737811 0.305530371393105 0.599893226465249 0.32770058114782014 0.5503766451633817 0.36503156199442266 0.5751832067719139
0 0.34583161897165576 0.5461282437273081 0.3736176867575996 0.5009941385989367 0.3998102505135601 0.5249260993419347 0.37202420351615717 0.570060204470306
0 0.35359316625776993 0.5517135936689574 0.32984248688825146 0.5382108949526712 0.34599882120657355 0.49603387983013486 0.369749521364633 0.5095366291980031
0 0.39220384810860864 0.61590576171875 0.3578963110817226 0.5796097498217064 0.3943879753757238 0.5284177154920903 0.4286955539796918 0.5647137273891338
0 0.36544138729085063 0.6677950150739108 0.42369836292734586 0.5752228669605809 0.4521854411029036 0.6018297377463693 0.39392846546640836 0.6944018352081173
0 0.29864427114377556 0.7052058682896785 0.35101393198122444 0.5898035326439315 0.3926218640901737 0.6178268749189575 0.3402522448298067 0.7332292105647044
0 0.4774680488440906 0.49544632147951245 0.4418235175940906 0.5410417105647044 0.40965017375894075 0.5037127609569502 0.44529470500894075 0.45811732122017634
0 0.42544472509898673 0.5640493812402749 0.3798502576448612 0.5096144806794606 0.39848876454200016 0.48644462363848545 0.4440832319961257 0.5408795241992997
0 0.4982828249398629 0.46607002479901455 0.4676572295560499 0.5061435303747407 0.43429170447409315 0.4682990489658973 0.46491725828082425 0.42822549273858923
0 0.47151204870572205 0.5065602409394451 0.4934874490431284 0.4600008002949948 0.520735987525545 0.47908829178552903 0.4987605456110567 0.5256477830815612
0 0.4403151426393265 0.5590883120461618 0.4735734820041085 0.5042709413900415 0.49875825887155145 0.5269486170092065 0.46549996108385133 0.5817659370137448
0 0.4793078762958745 0.5585438581917791 0.5028868631056284 0.5190466663154824 0.5286460273597156 0.5418694587169346 0.5050670821270435 0.5813666505932313
0 0.4848697256976967 0.6273397991766079 0.45081073646649356 0.5978582485088174 0.4765186777556625 0.5537797729998704 0.5105776669868657 0.5832613743192427
0 0.44424509157601755 0.6018133772853994 0.4258449460894925 0.5737932260600364 0.44337974777013794 0.55670373687111 0.46177989325666297 0.5847238374448911
0 0.47357601820610523 0.6411155605711878 0.44673489354936563 0.6819898170059647 0.41993929579732203 0.6558746717777489 0.4467804620311436 0.6150004659945539
0 0.4206880158884324 0.7919588081074949 0.4058355596474796 0.7901494322970695 0.4066490568322122 0.7802389437726919 0.421501513073165 0.7820483195831173
0 0.44442728234896545 0.751476088401193 0.44442728234896545 0.7598173909167532 0.4288661031697037 0.7598173909167532 0.4288661031697037 0.751476088401193
0 0.3602124455839152 0.7523144733856327 0.40911349678559267 0.6500605286404305 0.4490219240942183 0.6783862102081172 0.4001209144696228 0.7806402056049014
0 0.3383342316754832 0.731793238216416 0.36553792927505535 0.6718235379927386 0.391876220703125 0.6895556944534492 0.36467246073793 0.7495254453287085
0 0.34458673877352264 0.744499694064445 0.31035216952539596 0.8279128205232106 0.269270644850562 0.8028889129765301 0.30350523488722964 0.7194757865177646
0 0.24160685526252768 0.7691799812791753 0.2728210366064586 0.697200487065612 0.3066370701594963 0.7189647627074689 0.27542290960410637 0.7909442062694502
0 0.42050898497371 0.8490606664127334 0.4099784248206531 0.8597514425570539 0.4054885988989058 0.8531878079616183 0.4160192006290446 0.8424970824688797
0 0.4002039854792873 0.8515514579551349 0.394987059549025 0.8288531164905343 0.40438381267828255 0.8256478337331431 0.4096006970314629 0.8483462258493257
0 0.43559780692534483 0.8151428982429979 0.377172568838343 0.9304496037020228 0.2887278460676729 0.8639382010178942 0.3471530841546747 0.7486314955588693
0 0.46249925992794194 0.6552461362973289 0.5339077318071994 0.7050966128274119 0.5101760739526566 0.7555496912279565 0.43876756049631727 0.7056992146978734
0 0.4086776858129683 0.7893767424144191 0.4064932259291979 0.7800625749643413 0.41315221136857117 0.7777447079227179 0.41533667125234164 0.7870589766759596
0 0.42928536646372617 0.7035236279499482 0.462856240753257 0.7231546615663901 0.4450618733502214 0.7683174354901452 0.4114909990606906 0.7486864018737033
0 0.5006934225721645 0.8041774385697614 0.44365735794607886 0.7688255721602697 0.45898520654163827 0.732122878711748 0.5160213127448059 0.7674746944696577
0 0.4847652424908464 0.8411318197289938 0.44880929889730925 0.8184188906087915 0.46394859542638794 0.782849171745332 0.49990445586576127 0.8055622021686981
0 0.46222925835799133 0.827154515689834 0.44305789957904035 0.8738658097769709 0.41342940577369297 0.8558182459154564 0.4326007645526439 0.8091069518283195
0 0.43446811603265495 0.8128984253436203 0.4018518931209554 0.8923684274507261 0.3667458682359077 0.8709842412798237 0.3993620911476073 0.7915143911274637
0 0.4983092679639603 0.9499583643996369 0.4555829539286018 0.9195949696900934 0.4897401482272863 0.8482595609926089 0.5324664622626447 0.8786231076568983
0 0.46928854794203423 0.8900666169605809 0.4505602345479607 0.9280931908065353 0.4208109177425707 0.9063478588563278 0.4395392311366442 0.8683212850103734
0 0.45616515780664596 0.9279761856522303 0.4228877761383472 0.9903462136929461 0.37425157094846306 0.9518326755381225 0.40752895261676175 0.8894628501037345
0 0.4164171348800451 0.9539424152295124 0.4164171348800451 0.9994404013226141 0.35977447260303136 0.9994404013226141 0.35977447260303136 0.9539424152295124
0 0.3357004066903845 0.9067716099909232 0.3585844949415659 0.9234987884141598 0.3269495327401226 0.9877313764263486 0.3040654444889412 0.9710040966999481
0 0.3837127685546875 0.940744031217583 0.3501871717073612 1.0065463117544087 0.30289827185690565 0.9707884222640042 0.33642386870423197 0.9049860404240145
0 0.32833492268658465 0.9169884392829357 0.3054986480796045 0.9679926575466805 0.27854707390475986 0.9500832712007261 0.30138334851174003 0.8990790529369813
0 0.2434491357621445 0.8552709049209025 0.3017528648272522 0.8886962890625 0.2824129109811393 0.938763453060166 0.2241091819160316 0.9053380689185685
0 0.3059950368605777 0.8279128205232106 0.28694813907633687 0.8743207622860477 0.25731964527098944 0.8562731984245332 0.27636654305523034 0.8098652060101141
0 0.2022068117230075 0.9764583603475103 0.22309305882259026 0.9292036760892116 0.25167422593451977 0.9479525617544087 0.23078799962347796 0.9952072460127075
0 0.2672342409554879 0.9444546648080913 0.3053342730862568 0.9635669249221992 0.2921210764539339 1.0026599171745332 0.254021044323165 0.9835474544540975
0 0.26313765107448484 0.979017075661307 0.2459539054849817 1.0093716569955913 0.22736475058407485 0.9937534443075726 0.24454851696211896 0.9633988629732884
0 0.20846530592084256 0.9868047563861515 0.22164133264193417 0.9135685457728215 0.26090487862153017 0.9240524102048755 0.24772885190043853 0.9972888234245332
0 0.33051944493597796 0.9759331034426867 0.33051944493597796 0.9994404013226141 0.29441750341929923 0.9994404013226141 0.29441750341929923 0.9759331034426867
0 0.49471393138251446 0.9478042539224585 0.44827586493635047 1.019806895908973 0.4159478543564799 0.9888624262512967 0.4623859623797258 0.9168597842647822
0 0.5011646572185797 0.9380581804330913 0.5442863693029419 0.9749734585710581 0.5259026883408549 1.0068446495720955 0.4827809762564927 0.9699293714341286
0 0.5546202282814628 1.0285670870072614 0.48032510118198657 0.9759731181924274 0.5123593281010516 0.9088121596213693 0.586654455200528 0.9614061284362033
0 0.5455455728057944 0.9316369780860996 0.5784589471219346 0.8594624246304461 0.6187300928931795 0.8867182434841805 0.5858167185770393 0.958892796939834
0 0.5183139146186351 0.909463437662085 0.540748201209128 0.8623939355873963 0.5697445154839705 0.8829052936981328 0.5473103120476414 0.9299746944696576
0 0.5765105619092729 0.8027371608370073 0.6442328097060201 0.8439887715573133 0.6188369875707809 0.9058660610088174 0.5511147397740336 0.8646145009400934
0 0.505075106503853 0.8569902222186203 0.5239426199681753 0.8059113435230809 0.5621176571547173 0.8268395135016857 0.5432501436903951 0.8779183415456432
0 0.49502164336576127 0.7996353086099585 0.5210822414637262 0.8087062978150934 0.5114753993395563 0.8496688906087915 0.48541484281867336 0.8405979014036566
0 0.49317923813489867 0.8095502038219657 0.47451062943045386 0.8387914633849844 0.4492584145361461 0.8148641625875259 0.4679270648176729 0.7856229536760893
0 0.4695833294528057 0.8340682033681276 0.5140252801962705 0.7278669301899637 0.5864174242565352 0.7728276549533195 0.5419753903589066 0.8790289281314834
0 0.5719979517466366 0.7599589620883039 0.5680824716344516 0.7778466695571836 0.5593656285257366 0.7750148915650934 0.5632811086379215 0.7571271334446318
0 0.5668086329987653 0.7143980160788381 0.5390261200533251 0.7800994493160011 0.507037420038956 0.7600237454616182 0.5348198498302325 0.6943223122244554
0 0.589665509049834 0.7702215804103993 0.546320819075166 0.7448751742414419 0.5613372553271884 0.7067629485704098 0.6046819453018563 0.7321093040877853
0 0.49039294999042066 0.6062264470143931 0.5444725514757536 0.6334883440579616 0.5257574180166468 0.6885879453287085 0.4716778581083958 0.6613260482851401
0 0.5341811842749489 0.6523899442427386 0.5671525170432774 0.669126391905472 0.5548140606373467 0.7052017655115405 0.5218427694461001 0.688465317848807
0 0.5713509707749702 0.6611729285529045 0.6298274734039723 0.6952439684096213 0.6131631295102818 0.7376924760114107 0.5546866268812798 0.7036214868062759
0 0.5902996011261069 0.7730207387837137 0.6573957812233907 0.8220649434323133 0.6438300525135175 0.8496090710905083 0.5767339139933157 0.8005649170934906
0 0.5980350172162381 0.755647853993776 0.6670989990234375 0.8029752739237552 0.6453391758557562 0.8501024174987033 0.5762752356256386 0.802775048220306
0 0.6167545994231097 0.7288054027003371 0.6744190600652461 0.7613603394061204 0.65987626993039 0.7995914443399896 0.6022118508653355 0.7670364569826245
0 0.6404841368464748 0.703973413997666 0.6848799370290148 0.7211824409199948 0.6743344922806327 0.7615587923042012 0.6299387336751746 0.7443497147302904
0 0.6603520780558157 0.6697626264263485 0.7027214528429411 0.6918840970241182 0.6908734396952699 0.7255630936365405 0.6485040649081446 0.7034416230387708
0 0.6841128814447803 0.7209923455329357 0.7416301176398586 0.7535833968166494 0.7304321621679155 0.7829137018607365 0.6729149259728372 0.7503225999254409
0 0.7293835881620402 0.7799881677904564 0.7140713309721985 0.835950770714471 0.6563705319604691 0.8125192982527231 0.671682705996147 0.7565566953287085
0 0.6901474206908847 0.8257449328157417 0.683813152261261 0.8566122601141078 0.6496883465093878 0.8462190620137449 0.6560226980931753 0.8153517853669606
0 0.6992811156228712 0.8673248670902489 0.6471215022032527 1.0008588482235476 0.611283554368188 0.9800827849455395 0.6634430430565608 0.8465487531606587
0 0.5893419561983779 0.9705624149053423 0.6390350923876021 0.8343497755121888 0.6971921998733396 0.8658387496758299 0.6474990636841153 1.0020514903721474
0 0.5861006900465131 0.9525019855420125 0.6058572046763241 0.9118863054330912 0.6326786633733182 0.9312494934841805 0.6129221487435074 0.9718651735931016
0 0.641743007732672 0.9698666647756743 0.641743007732672 0.9994404013226141 0.5720289266726626 0.9994404013226141 0.5720289266726626 0.9698666647756743
0 0.7254467374297514 0.9831425457079875 0.6640274920970283 0.94261266937889 0.6935707113073697 0.8761672150544606 0.7549899982171747 0.916697091383558
0 0.6504572730623084 0.9554590248962656 0.7108346382993443 0.9554590248962656 0.7108346382993443 0.9994404013226141 0.6504572730623084 0.9994404013226141
0 0.8078054485269074 0.8214981015787085 0.7572469685318035 0.9212205815612033 0.6899937933732119 0.8706157003695539 0.7405523565224795 0.7708932203870591
0 0.8242172532250511 0.8175976258590508 0.8518455567736717 0.7738417502755446 0.8854461586767711 0.8053295088012189 0.8578178551281506 0.8490854350363071
0 0.783366855548578 0.7996977620105031 0.8022544923205467 0.7569650483823911 0.8381850738941161 0.7805349516176089 0.8192975202763113 0.8232676652457209
0 0.7971406775534315 0.7532604929817168 0.7629175004257494 0.730810597526582 0.773150701288956 0.7076581139782158 0.8073739615708021 0.7301080094333506
0 0.7867000070514731 0.779934679719917 0.7506346325783378 0.753572557378112 0.7634314763123723 0.7275896127787863 0.7994967676313437 0.7539516844690093
0 0.8305843675493869 0.6860465022043568 0.8696392173663147 0.7195279576471733 0.8529628161188693 0.7483983463271525 0.8139079663019414 0.714916941535918
0 0.7716064453125 0.7034478531833506 0.8003006189330722 0.6480994006904823 0.8357801723220368 0.6753982227372926 0.8070859155473008 0.7307466752301608
0 0.7988486640784656 0.6477405342323651 0.7773120682635815 0.7002149653137967 0.7504222568439203 0.6838356113038122 0.7719589358129684 0.6313612308739627
0 0.7264564784411188 0.7393527335645746 0.7452799201986121 0.6918511228442686 0.771895156569312 0.7075041331690871 0.753071631657655 0.755005794540975
0 0.7124529846357714 0.6572950940903787 0.7493019207946611 0.6797408361157936 0.7398407231884366 0.7027931308350622 0.7029918701837108 0.6803474901128111
0 0.7291258102541723 0.7343291096667531 0.6997209179953593 0.7193066608856328 0.7099896256865208 0.6894752597413122 0.7393945179453338 0.7044976578708506
0 0.7052040204040361 0.6621290278137967 0.6923906289913999 0.6905107300311203 0.6615430119901652 0.6698415415910269 0.6743564034028015 0.6414598900252853
0 0.7128111296193801 0.6671952496920384 0.6731926193029419 0.6457439501750518 0.6864886374824378 0.6092985667628371 0.726107147798876 0.6307499169314056
0 0.705212335820419 0.5758020678001815 0.7443751197419959 0.6020427783000518 0.7296036972336938 0.6347618261313537 0.6904408717350349 0.6085211156314834
0 0.7732681149682816 0.6295374700142635 0.7455816035049813 0.6820053163900415 0.7151603179016944 0.6581804330912863 0.7428468293649949 0.6057125867155083
0 0.7501560803655057 0.6043679898210581 0.7038888541489271 0.5749598332955135 0.7196154685371253 0.5382380442005965 0.7658828610620316 0.5676461500745591
0 0.7646602453912636 0.5697953473482884 0.7241354794203423 0.5426420472964212 0.7389069019286444 0.5099230501167012 0.7794316678995657 0.5370763501685685
0 0.7198227718675494 0.5398212606976142 0.7545869499850988 0.5617273101173496 0.7400739706179751 0.5959098847575207 0.7053097093462619 0.5740037846862033
0 0.7774511020255024 0.5394638631353734 0.830253996056497 0.5851702298366183 0.794097401465642 0.647163865971862 0.7412944242804836 0.6014574486190353
0 0.8282287763964578 0.6666751085969918 0.7949706033400034 0.6448583072646525 0.8204938592313096 0.5871126167012448 0.8537519491336001 0.608929468685166
0 0.8436552874073995 0.6316062325758558 0.8677871246753661 0.6512053556956691 0.8506458916521202 0.6825290030958246 0.8265141375383175 0.6629298799760114
0 0.8099136560424472 0.7262291112876037 0.8437820975072378 0.7509854265268413 0.8312049470740378 0.7765222826439315 0.7973365056092473 0.751765967404694
0 0.9695837036465429 0.7325323967518154 0.9102023174067609 0.6727112576179979 0.9342633904813096 0.6372634571122925 0.9936447767210916 0.69708459624611
0 0.885647225444908 0.6338066892505186 0.8135435847560456 0.587400317686722 0.8357597995518988 0.5361701427158974 0.9078633570865974 0.582576564931276
0 0.8796423306582084 0.6237781825401971 0.868438221778142 0.6510770045870072 0.8465281806135048 0.6377309712136929 0.8577322063394074 0.6104321491668828
0 0.8386726067566417 0.5239429014846991 0.8215756117485524 0.5682035707339211 0.7954363498116059 0.5532179963044606 0.8125333448196952 0.5089572764036566
0 0.8210050078763624 0.5692459296388744 0.7550737344601499 0.5284269847315871 0.7828182875298024 0.46191740550440874 0.8487494777918512 0.5027364517148599
0 0.7560721665052367 0.4745562921421162 0.7959567285688437 0.5023217672134336 0.7791410440969857 0.5381718932345695 0.7392565651875426 0.510406418163252
0 0.8049269839918256 0.37323187990307316 0.878074542053389 0.42742195604253114 0.8558299716876703 0.4719856737065612 0.7826824967802708 0.4177956228928942
0 0.8254110975551345 0.48500581480160787 0.7716653184604905 0.4535772679752334 0.7850596248616315 0.4195819269077412 0.8388054871104393 0.45101049905990664
0 0.8783158554368188 0.5514154078060166 0.8338430960756557 0.5281957096084025 0.8500374526353883 0.48216162717193983 0.8945102119965515 0.5053813253695539
0 0.8883997945759536 0.5079279349552646 0.8510916811244039 0.4814149215508299 0.8728321709489952 0.4360111474001556 0.910140284400545 0.46252416080459025
0 0.8770914935286104 0.5505232308415456 0.8952601794001193 0.5013361380802646 0.9352986598209724 0.5232858491636411 0.9171298907952997 0.5724729419249222
0 0.9056412283666128 0.48620985355614627 0.9258697260303134 0.4400033531347251 0.9474830731384111 0.45404640292725623 0.9272545754747105 0.5002528526970954
0 0.9453332053867932 0.46043093352891595 0.9610000319311989 0.4727006207857884 0.9425760627767371 0.5076153133914678 0.9269092362323315 0.4953455754830135
0 0.9996501704327742 0.4382978637188797 0.9996501704327742 0.5255024636929461 0.9423849745082595 0.5255024636929461 0.9423849745082595 0.4382978637188797
0 1.011524501873297 0.41811541165553684 0.981838631694908 0.4723630786436722 0.9113105129481012 0.4150821923220306 0.9409964662806539 0.3608345253338952
0 0.8918323984587875 0.3991245127317816 0.9158318542979393 0.3436740226270747 0.9419018488164169 0.3604202207193335 0.917902392977265 0.41587073614983144
0 0.9127565638570759 0.35351982908130186 0.8953280331978032 0.39598467181827024 0.8639566281186137 0.3768754761248703 0.8813851587778866 0.33441063338790195
0 0.8673237896745146 0.3712681180708636 0.8095783784538914 0.33169694955912865 0.8301413221645095 0.2871619766678553 0.887886650230969 0.32673311985379927
0 0.8181731096730245 0.3171029625097251 0.7929135356352179 0.2951224552645228 0.8083065355181369 0.2688688539370462 0.8335661095559435 0.29084933585645745
0 0.8175220957244125 0.31712139968555497 0.8083098616846901 0.339567091059388 0.7829140811265327 0.32409774337072095 0.7921262320120913 0.301652051996888
0 0.7812802681156336 0.3312680066373833 0.8118892326666809 0.34784115359990925 0.798978301419874 0.38323113532481845 0.7683693368688266 0.3666579883622925
0 0.7858860940959214 0.4113082949056665 0.7561274640241825 0.3922273627949948 0.7679958915190735 0.3647558441795254 0.7977545215908123 0.38383672563861515
0 0.7231911807359077 0.38288718575758557 0.7606270189830977 0.3888880053001815 0.7573325341663828 0.41939041327638743 0.7198967790733566 0.41338954308220954
0 0.7810467712236036 0.4029610408292272 0.7719589358129684 0.42510337987876035 0.7535345508876873 0.41388055951763486 0.7626222199899949 0.3917381698165197
0 0.7490853041978883 0.47226557434841804 0.7116361612844857 0.45515704016467845 0.7225332649916979 0.4197558644401582 0.7599824079051005 0.43686437329810685
0 0.7141284578827486 0.4511814988005705 0.7418998697473178 0.47212552272432573 0.7257427662529803 0.5039219013388226 0.697971437542575 0.48297792806664935
0 0.7056060707861461 0.5362703315449948 0.6667940727046789 0.5092514607916234 0.6826138197563649 0.47552454778267633 0.7214258178378321 0.5025434185360477
0 0.7857967033698059 0.32437880899896265 0.769607336059903 0.36100681668989887 0.7411375123733396 0.34233104658324687 0.7573268796832425 0.30570306421810167
0 0.7633691938436649 0.35124493990696315 0.746936600604564 0.39128319198165196 0.7235326117325869 0.3770271522870202 0.7399652049716877 0.3369888495607495
0 0.6763004645989441 0.3758335477583636 0.6782532154052069 0.32825535184614885 0.711315851445419 0.3302693093960711 0.7093631422162381 0.3778474799824948
0 0.7122809386708107 0.42480453554525416 0.6820190595995828 0.4073413136589082 0.6950228324703039 0.37389716310619814 0.7252847531186137 0.3913604103183351
0 0.6829490141907569 0.4319281233791494 0.7140713309721985 0.4508856429103994 0.6990082036571866 0.4875874246304461 0.6678858037215812 0.46862990509919605
0 0.6896697831738547 0.41791184294767897 0.6698506950357629 0.4635185020098548 0.6288398514001831 0.43706814461229254 0.6486589395382749 0.39146148555011673
0 0.6356677645233736 0.43614167652684127 0.674685527583234 0.46183560319955913 0.654171894291766 0.508068797004668 0.6151540896548238 0.4823748703319502
0 0.624314518650481 0.4299565612033195 0.624314518650481 0.43678125405212653 0.601906425621594 0.43678125405212653 0.601906425621594 0.4299565612033195
0 0.59991455078125 0.4128189530115405 0.6103716858076464 0.41918866802547977 0.6071349931347922 0.4270749927061722 0.5966778165313139 0.4207052523664419
0 0.6155522317912339 0.5358013991992998 0.6348517727137262 0.4940025994391857 0.6528492025848306 0.5063356518250778 0.6335496200852563 0.5481344515851919
0 0.5946660678458149 0.5425928139587656 0.6190354349827571 0.489154078060166 0.6356829817353542 0.5004212692070799 0.61131357302133 0.5538600557572614
0 0.5672609084958277 0.6533059274507261 0.6019239711501618 0.5836288008947096 0.6430468650215003 0.6139913851789419 0.6083838023671662 0.6836685117349585
0 0.600163555924834 0.5896546676445799 0.5811166373520521 0.6360626600589989 0.5502432841371125 0.6172568420156899 0.5692901611328125 0.5708487989496888
0 0.538352862365889 0.6523100666980031 0.5522300034192992 0.6151169646330394 0.5765224945317822 0.6285690117673756 0.562645353478372 0.6657621138323392
0 0.4989139234662381 0.604581739496888 0.5233652390316331 0.5485101850200985 0.5489723558971602 0.5650830787247147 0.5245209987546833 0.6211545825499222
0 0.5225305375351244 0.6200486052580394 0.5474488053074974 0.5603817001912603 0.5695345927973859 0.5740707460775415 0.5446163250250128 0.6337377524474844
0 0.5389393902604521 0.5556798151419865 0.5605832965237568 0.4864642258007002 0.6135936186164211 0.5110662056697355 0.5919497123531164 0.5802817950110218
0 0.537507059788509 0.5184444190060944 0.5116515614356267 0.4974452861611774 0.5252496371152291 0.47259637983013486 0.5511051770451932 0.49359551267505186
0 0.5444976224561479 0.52159423828125 0.5325274974188947 0.5434683265527749 0.499777188418022 0.5168694587169347 0.5117473550323569 0.4949954210969917
0 0.6510318683343622 0.39705792818821317 0.6288152793447718 0.43765620947873446 0.5950594701948867 0.410240711512902 0.6172760591844771 0.3696424808739627
0 0.625 0.35175284864496886 0.5820553231304283 0.4396465127398859 0.5433390354915276 0.41157130324494295 0.5862837123610993 0.32367761382423493
0 0.5855982725886623 0.4477007727405342 0.5750166973560967 0.4734830357721732 0.5453882035507494 0.45543542125907677 0.5559698203603968 0.4296532088790197
0 0.5858337236035422 0.4445294265430498 0.6316402757525119 0.4695450778818724 0.6223947800472581 0.4946711496693465 0.5765882278982885 0.4696554476789419
0 0.6290073238861333 0.43703689258622924 0.5951573842227946 0.41126316434614885 0.6164534981958872 0.3697525720873314 0.650303437859226 0.3955263003274118
0 0.7752461862174301 0.2040355508258234 0.8208303841323229 0.2351341912360607 0.7906967287817184 0.3006888868403138 0.7451124477126618 0.269590259092972
0 0.7613773190033208 0.306808509668374 0.7310019344984673 0.2883059679719917 0.7409611423918597 0.2640403399328968 0.7713365268967132 0.28254288162927904
0 0.7578559064735184 0.3086490868532806 0.7381636700123467 0.34613376474974067 0.7124462491485014 0.3260822470257391 0.7321384024555092 0.28859756912927903
0 0.6870572040776141 0.21262754068335063 0.6713715015380194 0.25084588141856845 0.6472205803894542 0.23613486388906899 0.662906241351967 0.19791649782806017
0 0.6061817553777461 0.33694799905990663 0.6228744964183839 0.26517361842745074 0.6585407309051431 0.2774846627009855 0.6418480314415872 0.3492590180076504
0 0.5874849574117634 0.24891268781606588 0.6258783990096006 0.16846291949640171 0.6634947233693801 0.19510613279223937 0.625101240194461 0.27555590111190353
0 0.5971813981474583 0.31998410046842585 0.553423681441055 0.2876760902246499 0.5772848103286785 0.23971215719009337 0.6210426101892456 0.2720201674338693
0 0.9211466526790276 0.06214143745137448 0.9714790365026822 0.08842048486733338 0.9500045568481778 0.1494637010503112 0.899672256178687 0.12318464730290457
0 0.938335616192311 0.03170379068841578 1.0247787766625511 0.09752258680668115 0.9790394962321185 0.18667831737470825 0.8925962526077146 0.12085951175927126
0 0.8452832796268307 0.22066551620040198 0.8452832796268307 0.0 0.9996501704327742 0.0 0.9996501704327742 0.22066551620040198
0 0.8681791965578167 0.001742042248674448 0.9036113520733992 -0.0031631311440368905 0.9052397600636495 0.014293642162782028 0.8698075213939033 0.019198814170489173
0 0.9425417201070759 0.03830987764097348 0.8951563198494976 0.10653340826390689 0.86839755939203 0.07894956976546291 0.9157828764954444 0.010726033602512723
0 0.9342931596719601 0.0 0.9996501704327742 0.0 0.9996501704327742 0.06976367111522627 0.9342931596719601 0.06976367111522627
0 0.8277839016199762 0.08860431212112617 0.8510571721464152 0.04831349859593815 0.8749402953103712 0.06878831792174533 0.8516670247839322 0.10907913144693335
0 0.9389432236674047 0.009188821404801364 0.9107134660518137 0.14675351218069244 0.8207881418170981 0.11936545470938148 0.849017899432689 -0.018199217863597315
0 0.769560769728159 0.032914898504360086 0.7996145970814884 -0.026712561642975235 0.835910890667575 0.0004389805912476852 0.8058570633142456 0.06006643841375454
0 0.7900599341951209 0.09523804217453319 0.7573455893701039 0.07275602728499417 0.7747343723390667 0.0352025550430741 0.8074487171640838 0.05768456676688926
0 0.8395803176089919 0.07433396968604124 0.8181311168202912 0.11091685948035529 0.8037643224731778 0.09841514365801672 0.8252135232618784 0.06183225386370267
0 0.7519157887804411 0.06035808389117609 0.8195364221889901 -0.05269430326722964 0.8821889269254513 0.0029237305969618166 0.8145682935169023 0.11597611676607884
0 0.7397895833776822 -0.03172969580685944 0.7883653354904632 0.002910907238845509 0.7497841317907016 0.08320579053950013 0.7012083796779206 0.04856517997520098
0 0.7290100596581233 -0.03366855605509271 0.787022229436308 0.0016682616902584852 0.7529120588172684 0.08477802830613006 0.6949000137703295 0.04944120858220144
0 0.9354060118464748 0.03605819322261573 1.0234896376607203 0.09441889212833895 0.986373693481778 0.1775592851440936 0.8982901508216962 0.11919857040975104
0 0.7083448363259962 0.0 0.7083448363259962 0.03715673739484732 0.662906241351967 0.03715673739484732 0.662906241351967 0.0
0 0.6604164393786188 0.0 0.6604164393786188 0.03184863205272627 0.6180900137171109 0.03184863205272627 0.6180900137171109 0.0
0 0.641578279334128 0.1391035910958571 0.676178976365591 0.1643951416015625 0.6609656310536232 0.19528475559598676 0.6263649340221602 0.1699931924273859
0 0.5815347780648629 0.15336562034005446 0.6075530922705211 0.11878710228377852 0.639488116272139 0.15445013402408583 0.6134698020664807 0.18902865208036176
0 0.4542612184945504 0.35412314007391077 0.48694525362685204 0.28476354828514006 0.5738669247328423 0.3455539814169476 0.5411828896005407 0.4149135478799274
0 0.9996501704327742 0.35791795659362036 0.9996501704327742 0.4003827993305887 0.9809767387868273 0.4003827993305887 0.9809767387868273 0.35791795659362036
0 0.9986523204668342 0.4014773546907417 0.9346162135984333 0.36516118346408194 0.9534753284922088 0.3158069911339471 1.0175114353606096 0.35212316236060687
0 0.9395192325602435 0.3291325865939445 0.9281303551281506 0.35110076017894193 0.9195357070631812 0.3444877909426867 0.9309245844952742 0.32251959203189834
0 0.9592739177984503 0.32930789171907415 0.9176053663040702 0.4167332059614886 0.8609490251671066 0.3766559774944891 0.9026176598156506 0.28923068857786566
0 0.8675572865665446 0.3164214201487941 0.8875330787263709 0.28513274766597513 0.9049855577848263 0.30166955211845176 0.885009765625 0.3329582246012707
0 0.9039309966791553 0.6132565826795903 0.91624521364633 0.5776271456010114 0.9500271747807391 0.5949556596051608 0.9377130409677282 0.6305850966837396
0 1.0265063044160847 0.6028235724358143 0.9929361369369465 0.6682589329129928 0.9419094158453253 0.629406687629668 0.9754796664786274 0.5639712765009077
0 0.45359161959032274 0.12452464756629279 0.3406567482597497 0.06592418623168439 0.36642605732182393 -0.007782652763904873 0.47936088707531505 0.050817814110720304
0 0.5289791429400119 0.060684552331188406 0.5197198436435627 0.09734532526419865 0.4731372136835831 0.07988391417190742 0.4823965545571143 0.04322314440462104
0 0.5258914625287381 0.1746856689453125 0.49980263359215343 0.12524555886929462 0.5300351176664679 0.10156850854390884 0.5561239466030526 0.151008612288479
0 0.5391350104308583 0.4191653429719917 0.5098321067539807 0.47271308107494814 0.490584121413062 0.4570803820344917 0.5198870250899396 0.40353269458311725
0 0.4562811162881046 0.42397691402197873 0.47590296274959554 0.3902294871223418 0.51229130799504 0.4216301249270617 0.4926694199564671 0.4553775771524896
0 0.5087916818561606 0.471990992122666 0.45344435356618273 0.42382868216740144 0.4847770088050281 0.37038895856295384 0.5401242955179241 0.41855129384400935
0 0.5156330659538914 0.49724921388744814 0.532374743219942 0.4496593174598029 0.5540101677585363 0.46095538000842845 0.5372684904924855 0.5085452764360736
0 0.6419796229058455 0.5413238398761671 0.6700024513847497 0.46925266629927387 0.7332287198516264 0.5057385709770488 0.7052058497956403 0.577809744553942
0 0.6648214480532613 0.6493971448716286 0.6346566930453849 0.7045197419605809 0.606502938335533 0.6816540983207987 0.6366676933434094 0.6265314505802645
0 0.6433673827459767 0.5590831455848029 0.6273331811057774 0.5911744177094139 0.6098771679953593 0.5782300007293828 0.6259113696355586 0.5461386779531898
0 0.7309417308838556 0.23836127949948133 0.74408349808945 0.1974466157652036 0.770908948186308 0.21023454468279953 0.7577671809807136 0.25114923374286824
0 0.6980239909741145 0.3182110924938408 0.7213679425398075 0.2496230002755446 0.7430796610237143 0.26059025807994035 0.7197357094580211 0.32917837562402746
0 0.6783429387479777 0.3529131750842842 0.6663919391684051 0.3820319337963563 0.6342736433897096 0.3624677602680887 0.6462246013922003 0.33334902688180756
0 0.6254157708191417 0.3519682191714212 0.6499497416233821 0.3690474767407936 0.6399905753070717 0.3902799360979642 0.6154566045028312 0.37320062787700986
0 0.6317168607373979 0.3489233499740664 0.7006648009089748 0.4142538616766079 0.6664110646260857 0.46790654985736513 0.5974630828774268 0.40257606348061464
0 0.5289077135132834 0.2919341407870851 0.5562571179964237 0.3109733106684388 0.5443444109092941 0.33637057102567425 0.5169950064261538 0.31733137581852955
0 0.6655704176068631 0.1859729940960516 0.6986770006226584 0.16519565186559906 0.7108635759483566 0.19401493309939055 0.6777569097783975 0.21479228799273858
1 0.6640326060781037 0.1434083170910594 0.6735524273698271 0.058359682708360346 0.7558636158623553 0.07203371040059323 0.7463437945706318 0.1570823321203968
1 0.7665772814841622 0.15276555104869036 0.8077806685860865 0.11348151369213563 0.8334155173652503 0.15338642547734052 0.7922121302633259 0.19267047549679073
1 0.8412563729351158 0.1295829298090638 0.9482969860939628 0.21545815368905602 0.9235875600040446 0.2611691043584673 0.8165469468451976 0.17529386781557962
1 0.8684921888304666 0.28890753148502335 0.8049984965727179 0.23535627309712137 0.8288630763581403 0.1933616163325013 0.892356768615889 0.2469128620575078
1 0.9860697650129854 0.3390171415083636 0.8888652915850647 0.2853580205766987 0.9036548417010815 0.24559523713044606 1.000859315129002 0.299254358062111
1 0.6949223822403994 0.28065089308869295 0.6714292521047982 0.2260114361141727 0.7130235885079615 0.19946862691665587 0.7365167186435627 0.25410804590248964
1 0.6986297690576039 0.34164747815903784 0.6513459831882238 0.3092452812986255 0.6736765765364229 0.26088208716934647 0.7209604039828849 0.2932842840297588
1 0.5897692022921279 0.03709673109885568 0.6044415466142286 0.12200162895487551 0.5492303832675196 0.13616192449672587 0.534558038945419 0.05125701714353443
1 0.5769894467387602 0.04093986922774572 0.4991668784326039 0.052103550701220504 0.49494925766614867 0.008467692458283356 0.5727718675493869 -0.0026959880259027126
1 0.6671165029749234 0.06009740552466935 0.6326787465274821 0.13468239178796032 0.5855919944492932 0.10241523204502723 0.6200297093196526 0.027830252113184
1 0.8326268001213386 0.3414881536080135 0.8870909480372956 0.4078393706642246 0.8606370307444227 0.44006722477956434 0.8061727996743018 0.37371595707177124
1 0.6397081421896288 0.593234265592583 0.6753791164637262 0.6222051976627334 0.6661221870609461 0.6391211545318983 0.6304511712097667 0.6101502731133299
1 0.6560308887783123 0.5939877078740923 0.6307005505470878 0.5413462785269709 0.6495236181108438 0.5279037538900415 0.6748539147649864 0.5805451832371629
1 0.9789710603552878 0.5801785670870072 0.9462993736163147 0.5675141520519968 0.9576349492293937 0.5241122297231587 0.9903066359683669 0.5367765941065872
1 0.901719345383813 0.5683762926283714 0.9402883254214919 0.5571888270714471 0.945186022516817 0.5822485959381484 0.9066170424791383 0.5934360108434906
1 0.8894132775246935 0.679993739464471 0.9139398476083532 0.7058895126912603 0.89850244340195 0.7275896127787863 0.8739758733182902 0.7016937889004149
1 0.913699698383217 0.6995673848385633 0.9770261676175068 0.756589770811722 0.9302411404227691 0.8337022963401193 0.8669146711884792 0.7766798597153787
1 0.9237054726083532 0.8234179991409492 0.9151620475083021 0.865050205848029 0.8787916635622446 0.8539730087850104 0.8873350886622956 0.8123409033810944
1 0.9831330925632238 0.8642381596862033 0.9589402201390071 0.9481237641014004 0.8998663379970623 0.9228380891792013 0.9240593767296066 0.8389525354155861
1 0.899212579961044 0.8805078530212656 0.8691420386207851 0.9425034645682054 0.8445713968302964 0.9248155269385373 0.874642021324719 0.8628199153915975
1 0.7271633719878235 0.9316830710256743 0.7994056306677878 0.9041800724520228 0.8189909308742762 0.98053186187111 0.7467485890401482 1.0080348604447613
1 0.9295074712353116 0.9884821341740145 0.8576125474976584 1.0005631442881224 0.851225808790659 0.9441536931081431 0.9231206493741485 0.9320726829940352
1 0.05760860702971996 0.7973281797037085 0.011753019909767754 0.7931899961099586 0.0144647629449413 0.7485919873249481 0.06032035266346113 0.7527301202671162
1 0.04088784303587204 0.7897186912441649 0.04296266935177005 0.8958808107494813 0.0063282131174279815 0.8969434809387967 0.004253389075276637 0.7907813614334803
1 0.08029849392841558 0.9004960815936204 0.030612451828792894 0.8783016727178423 0.04782469331081297 0.8211134028137966 0.09751073021330041 0.8433077610379928
1 0.05221043620512336 0.9046920586423756 0.04834339339336842 0.98477990874611 -0.0001252019113026133 0.9813065271654564 0.0037418389515266105 0.901218677061722
1 0.1608982657866517 0.9337234180497925 0.17962887631450103 0.8735650406833506 0.22713304150656718 0.8955167271784232 0.20840244137298833 0.9556750032417013
1 0.18893991828939247 0.8777376167012448 0.14640147029866316 0.8708279304979253 0.15099505182832723 0.8288564594949429 0.19353349981905654 0.8357660443950985
1 0.04404868871704434 0.9265342364172718 0.2047547384568716 0.9278751863978216 0.20438108522170895 0.9943357348936722 0.043675040679016945 0.9929948862162863
1 0.158730873295007 0.901867726432832 0.10018280611376022 0.9157850589989627 0.0898050937080903 0.8509912514587655 0.14835316088933712 0.8370739188926348
1 0.09900114386867762 0.9303052466934647 0.05099211336806295 0.928055809939056 0.05197434074547375 0.8969434809387967 0.09998337124608843 0.8991929176932054
1 0.22603526102424643 0.690050307151193 0.2011373868105522 0.6849949753630705 0.20551129582792277 0.6530233929266079 0.23040919083015796 0.6580786740631484
1 0.25404501351088854 0.26005129992219916 0.2780310191640412 0.20647921107122016 0.2972925170565821 0.21927854925765042 0.27330651140342943 0.2728506254457339
1 0.05481186224914052 0.5192385345079098 0.026801740765896417 0.5091278709316649 0.03330092209236499 0.4824057171453579 0.06131104617417671 0.49251633007002077
1 0.7740130099678559 0.4419629615372147 0.7740130099678559 0.47861419297847513 0.7574145241719176 0.47861419297847513 0.7574145241719176 0.4419629615372147
1 0.813155421119295 0.8130929274183091 0.8173050633568205 0.8383695357073392 0.7999482947409315 0.8425985375875259 0.7957987356575699 0.8173218786469139
1 0.864211828247403 0.7878437722866961 0.8496880388389816 0.77520544281639 0.8590808005683753 0.7591854617803423 0.8736045899767967 0.7718237912506484
1 0.8020486857650715 0.8037614371272044 0.7786644044299217 0.8063514044670643 0.7769890974912721 0.7839027753014782 0.8003734619805858 0.7813128586132002
1 1.0103364783346815 0.7945818509303683 0.9654165158804496 0.865266994618776 0.9479870705253747 0.848828125 0.9929069498254428 0.7781429306600104
1 1.012641095985184 0.9042835029823652 0.9577394740133259 1.0063702468555498 0.9369903481298961 0.9898090030147821 0.9918918869475902 0.8877222591415975
1 0.43426064639390327 0.5942550975752074 0.45760243595133687 0.5910954518931535 0.4605628904919533 0.623554403851141 0.4372210593574378 0.626714049533195
1 0.13743313781571972 0.8394583927645228 0.11272677803559264 0.8160482446187759 0.13674687689591494 0.7784249080167271 0.16145323667604203 0.8018350561624741