0 0.7594070434570312 0.06992414576062084 0.7440895154638197 -0.016641825613890878 0.679892604790845 0.0002360325196438287 0.6952100587122648 0.08680200294630062
0 0.7479570999886226 0.0013271014718614386 0.758570328499507 0.0683630599072699 0.7912097671656932 0.06068518034805208 0.7805966127266004 -0.006350774736799432
0 0.7802494382395327 0.0003091394680844256 0.7897599599893811 0.0621370338123931 0.8313903067875834 0.05262241137803659 0.8218797850377352 -0.009205485942095694
0 0.8251626468399196 0.0 0.8251626468399196 0.04171951564811391 0.8867698595361803 0.04171951564811391 0.8867698595361803 0.0
0 0.903571786232365 0.0 0.903571786232365 0.03944390483156464 0.9477547210397073 0.03944390483156464 0.9477547210397073 0.0
0 0.9477547210397073 0.0 0.9477547210397073 0.07888780966312928 0.9994052035137287 0.07888780966312928 0.9994052035137287 0.0
0 0.8987801561077822 0.06288268862391365 0.9198758764174378 0.14002586680756518 1.0042591280150182 0.10573999980497642 0.9831632595617794 0.028596832907411475
0 0.9007445400201001 0.021378899467061962 0.8455255008438258 0.03596236437735473 0.8526730583709421 0.07617346633820844 0.9078920234754247 0.061589997195633205
0 0.9356419091085786 0.05453568520630605 0.9302883703731796 0.02097508893210507 0.9015397747743477 0.027788949435984596 0.9068933135097467 0.061349541477903106
0 0.8237240985759253 0.04873327108529898 0.7138816314993552 0.08491995771961099 0.7228157265672406 0.12521328446427746 0.8326581936438107 0.08902658654387886
0 0.7827343987029733 0.10833752649070243 0.7954291186286407 0.18055021974462024 0.8309576534530492 0.1712701673338399 0.8182627853837986 0.0990574853660087
0 0.7427086691254551 0.2006329417934079 0.8336520148712454 0.17164033968773115 0.8169023087881144 0.09357609833485982 0.725958963042324 0.12256870608357988
0 0.8288055716209042 0.16083533382980075 0.8700728184968523 0.14922716490615753 0.8573926166423316 0.08225009286192042 0.8161254438381751 0.09385825614252034
0 0.9136575495155113 0.13744252673267612 0.9020160563941141 0.06333781135152783 0.8589361246349743 0.0733932235537196 0.8705776918281629 0.14749794457791118
0 0.9720241954025713 0.11605610367814465 0.9720241954025713 0.18887562723554804 0.9994052035137287 0.18887562723554804 0.9994052035137287 0.11605610367814465
0 0.9682915696820009 0.12095703034711307 0.8761650752095342 0.15263032631055842 0.8912854240935983 0.21797581960463666 0.9834119926378565 0.1863025123551047
0 0.8757670134016611 0.15040756541596362 0.8296331016762742 0.16771040019198988 0.8392534718930142 0.20582174267289202 0.8853873095466095 0.18851890789686576
0 0.8836842509149347 0.18290554701223882 0.8388848165863926 0.20045800745134523 0.8481631232696829 0.23564357870429226 0.8929625575982251 0.21809111826518585
0 0.8664677444013577 0.30747674343854015 0.832863742865405 0.17776698050414316 0.7932531856796117 0.19301413361137434 0.8268571131437727 0.3227239078318579
0 0.806369374099287 0.23848392554288786 0.7919943355819554 0.18591734079214242 0.7578304253735588 0.19979853884002866 0.7722053898190989 0.2523651574490338
0 0.8069512820938258 0.33303015895143767 0.7777017389686363 0.25962646755241076 0.7066065223471633 0.30171871749607065 0.7358559173287698 0.3751224088950975
0 0.8026205266563637 0.23126459968160595 0.7742031801094129 0.24208926590236687 0.7841798356435832 0.28100407617331963 0.812597182190534 0.27017940995255874
0 0.7417446988300213 0.29943576790171966 0.700554708832676 0.21854515752848788 0.6730123723594887 0.23938311063326323 0.7142025105004172 0.32027369843432185
0 0.7324359486403974 0.145276662160659 0.6923768867566747 0.16878708156608266 0.7048179107962302 0.20028323111449473 0.744876972679953 0.17677282299515765
0 0.7207456422083586 0.11186076057027783 0.683416273987409 0.1318816574367546 0.6958038181934542 0.16619883204352925 0.7331331123426122 0.14617793517705252
0 0.7001950162128338 0.08931907112076437 0.6652192791688789 0.10482201209435096 0.6731956259718219 0.13155904465173124 0.7081712889439852 0.11605610367814465
0 0.6206435416508647 0.05784170726347252 0.6252550291783602 0.09437862373668061 0.6600460311741505 0.08785432894554364 0.655434543646655 0.051317418115378835
0 0.6110933174207372 0.12591708482369868 0.6110933174207372 0.13881220620059403 0.6241615073194782 0.13881220620059403 0.6241615073194782 0.12591708482369868
0 0.6778880739674985 0.14194487396781966 0.6497362747933101 0.06441799705550516 0.6125354952025182 0.08448887999946549 0.6406872943767066 0.16201575691178
0 0.5997675553108882 0.041416100496371115 0.53081730962957 0.08343903129622782 0.5478681916172065 0.12500683936847032 0.6168184372985247 0.08298390856861362
0 0.6526695918110967 0.05335518312172072 0.6425251636690307 0.010075656620003063 0.6082518864603876 0.022011873990120973 0.6183964627460369 0.0652913990810778
0 0.6521389414963213 0.047105574748925204 0.6886812969318872 0.02854611323429988 0.679530986304422 0.0017773993974606666 0.6429886308688562 0.02033686214650171
0 0.9818690031477548 0.1872733189509465 0.884791031624507 0.21458062617736456 0.8985095718531932 0.2870422002126479 0.9955874693046496 0.2597348817001433
0 0.8819782294115974 0.21914122090537166 0.8466940574275638 0.23347757553913184 0.8640561150115671 0.2969670944665311 0.8993401388520176 0.28263076240494406
0 0.8475652898399575 0.3117585718279054 0.8652384489485361 0.3548434330866887 0.8928683382793537 0.3380039373093103 0.8751951791707752 0.29491903090618066
0 0.8484378555445995 0.23252245660364276 0.8732587203238774 0.33589375512839775 0.9060146739181963 0.3242077122073202 0.8811937350671268 0.22083641368256518
0 0.9108803758343447 0.31185667049249954 0.8706725777931583 0.35036497849684495 0.8971034670339048 0.39136902397200907 0.9373111169315079 0.35286071596766366
0 0.9521689553862637 0.26792113174348187 0.9072499691861348 0.29256017109346105 0.9364758093380233 0.37172552255483776 0.9813948696099438 0.3470864832048585
0 1.0013391439197132 0.31255272859652367 0.9993896484375 0.2674051092926567 0.9702879526082752 0.2692721214520155 0.9722373740186969 0.31441974075588247
0 0.9757580062718068 0.3102414960691915 0.9757580062718068 0.3610634436974159 0.9994052035137287 0.3610634436974159 0.9994052035137287 0.3102414960691915
0 1.0096882940496055 0.44584547415287534 0.9762394729169827 0.3526523748093103 0.9354332488717385 0.3744136878019254 0.9688821440761529 0.4676067645733173
0 0.819348900063524 0.32370809972638914 0.8353325556782842 0.3756626738599066 0.8648617198166338 0.36216487545938886 0.8488780642018735 0.3102103013258714
0 0.8373086429336696 0.3738814585307646 0.8548186218854293 0.42266656096870375 0.8752870281923164 0.41175110946745563 0.8577769751687652 0.3629660070295165
0 0.8596378067164745 0.37001416810165494 0.8770620846053929 0.41249219905695267 0.9101681014866505 0.39231515918257676 0.8927438235977321 0.34983710565510584
0 0.876920385268128 0.41107453114887665 0.8889371260855962 0.4476935482589451 0.9214466428293765 0.43184278138290494 0.9094299760836999 0.39522376427283656
0 0.9039502930872648 0.377461924355411 0.9151644660431204 0.4082178420569064 0.9392414278197057 0.3951741054918639 0.9280273289356417 0.36441821036254163
0 0.9027005538199712 0.38852249235796504 0.9440209842422633 0.48925614215918545 0.9736421455457372 0.4712029632026627 0.9323217891952367 0.37046929082926916
0 0.8905335213374166 0.4486751217813887 0.9104676478117415 0.4997018215924325 0.9384881176994843 0.4834374422152367 0.9185540652969508 0.43241074240419286
0 0.9213370165778595 0.5293026986206777 0.9428701308167097 0.5992958926590237 0.9865841911834421 0.5793141472269092 0.9650511510163835 0.5093209531885632
0 0.9745133779581311 0.4634658994053948 0.9745133779581311 0.5188390517375878 0.9994052035137287 0.5188390517375878 0.9994052035137287 0.4634658994053948
0 0.973268823716247 0.5180805364304041 0.973268823716247 0.574970764521311 0.9994052035137287 0.574970764521311 0.9994052035137287 0.5180805364304041
0 0.9141507935755461 0.5120122333955482 0.9256393284473604 0.5330178977469721 0.9481855225794523 0.5146962905071191 0.9366969877076381 0.49369062615569526
0 0.9172371429147073 0.511760327942978 0.8680911758570995 0.5337665264423077 0.8841347555512363 0.5870024099857849 0.9332807226088441 0.5649962114864553
0 0.8675408965175592 0.4553495328101886 0.8838450607744236 0.514970542411127 0.9112882891904961 0.5038200694428393 0.8949841249336317 0.4441990598419009
0 0.8692226965450546 0.4615478064181537 0.8918512585093674 0.446502685546875 0.8758221968863774 0.41068236221223187 0.8531936349220646 0.42572748308351055
0 0.8002586735105052 0.5033134144438794 0.8715410695492642 0.4718162942920211 0.859635510490936 0.4317828296909671 0.7883531144521769 0.46327994984282544
0 0.840395288559997 0.3786813634387135 0.7768191735721329 0.40393260526939256 0.791879153946071 0.4602704019941522 0.8554554170775182 0.4350190924469536
0 0.7744752457998332 0.38984445425180286 0.7382461399707979 0.4053604306553948 0.7459467174937424 0.43207586164305195 0.7821758233227776 0.4165599303838064
0 0.8861901736953883 0.5156905947352303 0.8728662139003717 0.4723812757864506 0.8279246358038153 0.4929241202992095 0.8412485955988319 0.5362334843923354
0 0.8056719141099059 0.5744985095142613 0.8492324977245146 0.5593277519271218 0.8393462838478458 0.5171502468854012 0.7957857002332372 0.5323209593281943
0 0.7919127825394418 0.5068764771230122 0.7984211745771389 0.5333208614552515 0.8315911894863092 0.5211912076148761 0.8250827974486119 0.49474682328263686
0 0.816425508665807 0.6193456706210706 0.8769519398513349 0.5934236966646634 0.864496323668841 0.550211799215283 0.8039698924833131 0.5761337280273438
0 0.8633715435139184 0.5607102975337463 0.8499300317856872 0.5661717702651164 0.8511745860275713 0.5707229975412583 0.8646161718275941 0.5652615248098881
0 0.7934571053217916 0.5740691416362333 0.8638598247639184 0.5823738955887112 0.8686886389278671 0.521551008055196 0.7982859935575318 0.5132462541027182
0 0.9231393314102321 0.5673194749820867 0.8805530140700849 0.5876321284728643 0.9035799341294372 0.6593623415252866 0.9461663255413759 0.6390497331788554
0 0.94657105381049 0.649791333802353 1.0126350921334573 0.6198274962295441 0.9988801085833207 0.5747678858288646 0.9328160702603535 0.6047317234016735
0 0.9968858737390018 0.6217650915744036 0.9118395314633267 0.6722690198548447 0.9430256815789972 0.7502975012423724 1.0280720238546723 0.6997935729619313
0 0.870359105971253 0.747361628966924 0.8900143521503338 0.7887443226470044 0.9132935607317582 0.7723162047256379 0.8936383145526775 0.7309334659012112
0 0.9027467005461165 0.6824936725684172 0.8558717746179081 0.707336019482133 0.8851661311769948 0.7894641943937223 0.9320409830334118 0.7646218023356601
0 0.918634507262591 0.6893909160907452 0.8965520766174909 0.6270568215635401 0.8695168356293613 0.6412870869834042 0.8915991922026699 0.7036211815106093
0 0.8548075111166945 0.702522638986802 0.8863514279856265 0.686044094830575 0.8741200271162014 0.651256042119314 0.842576184319061 0.6677345862755408
0 0.7891254610228307 0.6477476943879438 0.8144368292058556 0.6971122245111409 0.8476632127484072 0.6717992477868435 0.8223518445653822 0.6224347176636464
0 0.8567490809172102 0.6039642695139146 0.8235256602463213 0.6260536238992003 0.8437165936220039 0.6711744500335152 0.8769400142928929 0.6490851407925758
0 0.8577144585766838 0.6115291076299001 0.8704169560404658 0.6463670448438655 0.8959374288910801 0.6325413630558894 0.8832349314272983 0.597703425841924
0 0.8740164006798012 0.7539936494545119 0.8383529070511605 0.6716267512394831 0.7838403646228382 0.7066961435171274 0.8195038582514791 0.789063041732156
0 0.7450111166944782 0.6981571355514978 0.7701518234697361 0.7594469059148484 0.7977817128005537 0.7426073875652968 0.7726410060252958 0.6813176172019462
0 0.7230984585956463 0.7006172767052283 0.7527782847580401 0.7669433954904771 0.771134015425895 0.75473916318995 0.7414541892635013 0.6884130895490477
0 0.7468460231151396 0.8761308658757859 0.8357405431062273 0.8225612301798262 0.8050845248027912 0.7469765928370007 0.716189930739912 0.8005461382442678
0 0.8110243417684314 0.6135401528262527 0.7884790364978382 0.5631578885591947 0.7582640416413835 0.5832470323912491 0.7808092728401851 0.6336293418026535
0 0.7340880458794751 0.5957635732797476 0.7625305027637667 0.6535462599534255 0.7848599628337378 0.637215428098419 0.7564174318776548 0.5794327414247411
0 0.7735415708671496 0.5735181097448225 0.7613011332391535 0.546661647819203 0.7330865211857175 0.5657681346645017 0.7453269588137136 0.5926246417344675
0 0.7679987787043007 0.5719945783445821 0.8030374767710862 0.5594328479653985 0.7938022057986954 0.5211581619533562 0.7587634336601183 0.5337199374768861
0 0.7875123996179081 0.4756681904990292 0.7585045527485967 0.481764483028615 0.7637466134376896 0.5188250569902229 0.7927545343787925 0.5127287193162907
0 0.6918363848936211 0.5080050406371348 0.7399321620904126 0.48931284345818693 0.7314411644796723 0.4568516657902644 0.6833453872828807 0.4755439081135586
0 0.7051330121975501 0.5002325836723372 0.7128934397280795 0.5380702272674741 0.747156235778216 0.5276291977019 0.7393958823194782 0.4897915541067631
0 0.7032382557693037 0.4965410853278707 0.7162471141630006 0.5686180069601747 0.7579747912953201 0.5574280326888406 0.7449660069734148 0.4853512013452293
0 0.6854185085852169 0.4825697678786058 0.7525482177734375 0.44431304931640625 0.7383036196810527 0.40717491736778844 0.6711737623492491 0.44543163592998797
0 0.7238531020081159 0.3712278287086261 0.661374730971253 0.40930636253582653 0.6763098263046117 0.44571613560061485 0.7387881232696829 0.4076376017734144
0 0.7820998997364229 0.4153746655706823 0.7577059106919372 0.3559054086899616 0.7241019832277761 0.37638588628825353 0.7484959722722618 0.43585512059680104
0 0.6853714729975728 0.3250615272296251 0.6384326231132433 0.3557624365451068 0.6551521079054157 0.393743255434657 0.7020909577897452 0.3630422784026558
0 0.6684282913948726 0.3068897315030973 0.6399291695900333 0.32889089640781016 0.652465301809959 0.3530184954581176 0.6809644976865898 0.33101733055340465
0 0.7068596997307343 0.2981515692535942 0.6772383902836772 0.31878377699993066 0.6893780162033526 0.34467904807547844 0.718999251578618 0.3240468629013152
0 0.6357649275400106 0.25124815088757396 0.6660528831111575 0.30867785391722913 0.6965926087018356 0.28474699392826597 0.6663045790588972 0.22731729089861086
0 0.6270510479084497 0.337890489566961 0.6661945083766307 0.30992063262758873 0.6455981800857099 0.2670935230142266 0.6064547566534246 0.2950633799535988
0 0.6078492692373332 0.2941013765052931 0.6487331945919296 0.26443781655215653 0.6386263949199787 0.243741097534902 0.597742506601278 0.27340468006021174
0 0.6444408824142901 0.16712873786158816 0.5740280521726145 0.21994632517797708 0.6009924064562159 0.2733564207539756 0.6714051626260998 0.22053884472367327
0 0.6763210852169296 0.1494742173414964 0.6358598135050061 0.19247082140318741 0.6724931291006144 0.24369116788785133 0.7129544008125379 0.20069456382616033
0 0.5926178867377124 0.1438451913686899 0.558240316446545 0.17377663787300066 0.5814081951252466 0.21331281492696005 0.6157857654164138 0.18338135713656273
0 0.6352383511737713 0.14002586680756518 0.613333581720741 0.1533761109120747 0.6212989658985323 0.17279464676535342 0.6432037353515625 0.1594444026608439
0 0.5815582645749583 0.14890658361671943 0.6242093576968295 0.11424729386730308 0.6075510191685946 0.08378912570208487 0.5648999260467233 0.11844840416541466
0 0.5256646906287925 0.127403823581673 0.48892445240205934 0.16099182670638407 0.5338043286962416 0.23393269826674604 0.5705446039588706 0.20034469514203496
0 0.5974227386770896 0.3108665195442516 0.5573030119960748 0.22025152353140023 0.5045585632324219 0.2549488135343473 0.544678252877541 0.34556383211937175
0 0.5878105163574219 0.25680839944873335 0.5521056536331918 0.2848870768349552 0.5733121483071336 0.32495351938100964 0.6090170480672595 0.2968748419947878
0 0.48323570177393055 0.2202090201293223 0.5020003087312273 0.25451820418679505 0.5320140505299985 0.2301283390564326 0.5132494435727017 0.19581915499895988
0 0.535957373461677 0.12515830993652344 0.46277173977453734 0.17333091645551152 0.49898254987105584 0.2550691683616864 0.5721681835581955 0.2068965618426983
0 0.4853898205803436 0.08723171504996938 0.4853898205803436 0.14715611158743414 0.5463746820838706 0.14715611158743414 0.5463746820838706 0.08723171504996938
0 0.41043146374156175 0.15199049548989924 0.4385867813258495 0.22444274721766364 0.47590333512685834 0.20289654703535273 0.44774801754257054 0.13044427273541512
0 0.4996930094598566 0.2614850828633506 0.4705505000734792 0.19932007648535735 0.43476375098367337 0.2242467756102071 0.4639062974059466 0.28641178198820033
0 0.5104523816154999 0.2989345753686668 0.4926796700190572 0.26334403675688794 0.4652781069857403 0.28367492856358634 0.48305085561807876 0.319265444603192
0 0.49885333163066975 0.3801339504986825 0.544233266589711 0.344933391322751 0.5169181823730469 0.2926121999526165 0.47153824741400563 0.32781275912854796
0 0.5868632492509861 0.3820631941394693 0.565862896372971 0.33635235397068003 0.5180727764240747 0.3689740197898368 0.5390731293020896 0.4146848599586261
0 0.5410145509590223 0.41451963165102623 0.6294006792086999 0.34848733484392336 0.6068892988186438 0.3037170545589289 0.5185032076048619 0.36974932879385863
0 0.6197192367998142 0.3434681864179803 0.5775742021579187 0.3797308114858774 0.5949409633006865 0.4097201556143676 0.6370859979425819 0.3734575305464705
0 0.55990789469006 0.4473911714271681 0.6001910607791642 0.4157120744152182 0.5820297315282729 0.3813990305161335 0.5417465654391687 0.41307812752808337
0 0.5872032758101676 0.4198593049359745 0.6188947436878982 0.46814660066683617 0.6632901534293462 0.424854526858358 0.6315986855516156 0.37656718598315
0 0.5561117524082221 0.4578438030897513 0.5855865848874583 0.4997596063557461 0.6172576830225084 0.4666695679433247 0.5877829246150638 0.4247537646773299
0 0.6617516082467385 0.42427243565666606 0.6201694451489494 0.45243131197415865 0.631176994842233 0.4765828601001988 0.6727591949759177 0.44842393863835983
0 0.6271283047870525 0.5110617643277321 0.6815279618050288 0.4853296674920257 0.670955546851297 0.45212076401569434 0.6165559268692165 0.47785281570705435
0 0.6533136460387591 0.5095615725545488 0.671216575844774 0.5422953769300111 0.7010866924396997 0.5180222099349343 0.6831837626336847 0.48528840555947206
0 0.7187024459098149 0.5610253599268444 0.6983677391867036 0.5176487759020202 0.6668030822161332 0.5396346594454974 0.687137714867453 0.5830112434703217
0 0.7351451984886984 0.6122519589034763 0.7215710241817733 0.5812280417899408 0.6852670317714654 0.6048293254784578 0.6988412060783905 0.635853197447647
0 0.6960700322123408 0.6310791376779771 0.7119242103354445 0.6648982121394231 0.7492523193359375 0.6388979127421182 0.7333981412128338 0.6050788382806721
0 0.7271506300250303 0.6930209278354983 0.7645019975680749 0.6661705603966346 0.7480179129294979 0.632099670771311 0.7106665453864532 0.6589500382101747
0 0.6992855627559921 0.6358675533497827 0.7087418639544144 0.6563592944624861 0.7264098380375834 0.6442452154215976 0.7169536109109527 0.6237534743088943
0 0.7214325099315458 0.6223959386701414 0.7282527442117339 0.6402104846119175 0.7445028360607555 0.6309668185442863 0.7376826017805673 0.6131522726025102
0 0.6546805668803095 0.626292527780025 0.6989883126564396 0.7122149044240015 0.7269751539508116 0.6907717010678625 0.6826674081746814 0.604849324423886
0 0.6596707094062879 0.6287525335007166 0.6248331162536028 0.6544887384719397 0.6408230679706463 0.6866483519063193 0.6756606611233313 0.6609121017907498
0 0.6566278402087757 0.6248940913634893 0.6939496531069858 0.6000798242331962 0.6717849287014563 0.5505478537294286 0.6344630417314548 0.5753621208597217
0 0.6536583020849135 0.546298100398137 0.6258790840222997 0.5011500070786336 0.5996928909449901 0.5250894219212278 0.6274721460434997 0.5702375152407313
0 0.6458986893440913 0.5518852098453679 0.6696435872790882 0.5383782922868898 0.6534911220513501 0.49618814682819434 0.6297462241163532 0.5096951095310188
0 0.6072974343901699 0.6160973543246117 0.6415965256181736 0.5797900137816661 0.6051138350107137 0.5285820594200721 0.5708146697109185 0.5648893999630178
0 0.6340533506523058 0.6680027436927931 0.5758106639084307 0.5754018027401535 0.547330541518128 0.6020169229902459 0.6055732282620032 0.6946178639428855
0 0.7008341076304612 0.7054252398789987 0.6484772765520707 0.5899869478665866 0.6068794843062614 0.6180190137152136 0.6592362783487561 0.7334573057276257
0 0.5220541352207221 0.4956004125832101 0.5576899259993173 0.5412100165553347 0.5898553792712757 0.5038694573577339 0.5542195884926805 0.45825985338560926
0 0.5740647177094395 0.5642248300405649 0.6196480167722239 0.5097730286727996 0.6010140724552487 0.4865959212624815 0.5554307733924644 0.5410477226302468
0 0.5012444431341968 0.46621496437569343 0.5318625366803512 0.5063009769958857 0.5652199161862864 0.4684447339300573 0.534601822640132 0.428358721309865
0 0.528008655436988 0.5067177947456315 0.5060386287355886 0.4601438623913646 0.47879680152078274 0.4792373476649177 0.5007668282221822 0.5258112800191845
0 0.5591979165679043 0.559262202336238 0.5259477559802601 0.5044278026332517 0.5007691614836165 0.5271125206580529 0.5340192850353649 0.5819469203610392
0 0.520214747456671 0.5587176260863536 0.4966415479345229 0.5192081067689072 0.47088867483787167 0.5420380090115339 0.49446183732412397 0.5815475283289803
0 0.5146542521356379 0.6275349453356139 0.5487049065747307 0.5980442205124353 0.523003254121947 0.5539520534537953 0.48895263671875 0.5834427782769739
0 0.5552689265278936 0.6020005807368713 0.5736645818914025 0.5739717201368343 0.5561340850533791 0.5568769105087371 0.5377384296898703 0.5849057259644277
0 0.5259452005034512 0.6413149861894416 0.5527797439723339 0.6822019498023761 0.5795688073611954 0.6560786772056444 0.5527342268564168 0.6151917587370562
0 0.5788202748715299 0.7922051785260262 0.5936690765677146 0.7903951611039202 0.5928557682963251 0.7804816432253143 0.5780069666001403 0.7822915703587278
0 0.5550868210283298 0.7517097969732341 0.5550868210283298 0.7600537362183339 0.5706441564467347 0.7600537362183339 0.5706441564467347 0.7517097969732341
0 0.6392810414138349 0.7525484886395155 0.5903919182934807 0.6502627310668223 0.550493295910289 0.6785972188915727 0.5993823079229559 0.7808829764642659
0 0.6611538488888046 0.7320208577714729 0.6339568351078959 0.6720325086243759 0.6076249798524727 0.6897701737443371 0.6348220677051729 0.7497585680357803
0 0.6549028563267977 0.74473124848315 0.6891290609119007 0.8281703249237241 0.7302005360427412 0.8031385974771172 0.6959743314576381 0.7196995661808894
0 0.7578575356492718 0.7694192017323872 0.7266509417191293 0.6974173551480446 0.6928432427563713 0.7191883967472956 0.7240497626147224 0.7911902433316383
0 0.5789992323199522 0.8493247850406804 0.5895272412346405 0.8600188486674833 0.5940159177317202 0.8534531452246672 0.583487908817032 0.8427590815978643
0 0.5992992734446109 0.8518163918038092 0.6045148905041149 0.8291109525240384 0.5951204762875455 0.8259046204696746 0.5899048592280416 0.8486100597494453
0 0.5639141045727776 0.8153964612610947 0.6223250453911938 0.9307390021149223 0.7107480984289669 0.8642069799660226 0.6523372316823423 0.7488643939678485
0 0.5370192666655605 0.6554499518941845 0.4656282813803663 0.7053159454165125 0.48935414286493095 0.7557846611068093 0.5607451281501251 0.7059187127288277
0 0.590827645607365 0.7896222898946006 0.5930115783098832 0.7803052191198225 0.5863541908634519 0.7779866054918639 0.5841702581609337 0.7873038568440274
0 0.5702250212141611 0.7037424843692215 0.536662351737902 0.723379597861386 0.5544523590976752 0.7685564029851609 0.5880150285739343 0.7489192894929965
0 0.49883444332382054 0.8044275588537815 0.555856538050383 0.7690647283249353 0.5405324176677222 0.7323505920771312 0.48351032294115975 0.7677134677503236
0 0.5147587303976411 0.8413934651211169 0.550705881952082 0.818673489361825 0.5355702742789555 0.7830927019288554 0.4996231967963061 0.8058127679768399
0 0.5372891842740254 0.8274118096165403 0.5564558529159398 0.8741376526962371 0.5860770882912052 0.8560844285953679 0.5669104196492908 0.8093585855156712
0 0.5650435142146731 0.813151252340283 0.5976517686566103 0.8926459318082008 0.6327491686182115 0.8712551861825074 0.60014095121217 0.7917605970032822
0 0.5012180365405037 0.950253819572855 0.5439338684082031 0.919880974222217 0.509785068845286 0.8485233826044749 0.46706919994169066 0.8788964085324982
0 0.5302316239736613 0.8903434798562315 0.5489553433020138 0.9283819255038831 0.5786973897693226 0.9066298445300943 0.5599736704409701 0.8685913988824426
0 0.5433517752341854 0.9282649113581731 0.5766210463440534 0.9906542174209504 0.6252453257736651 0.9521287545649963 0.591976054663797 0.8897395387909116
0 0.5830900692245335 0.9542390721789479 0.5830900692245335 0.9997512546516735 0.6397188797737788 0.9997512546516735 0.6397188797737788 0.9542390721789479
0 0.6637870270071677 0.9070536596535226 0.6409085468181128 0.9237860504692122 0.6725357944525562 0.9880386442827755 0.6954142746416111 0.9713061631783931
0 0.6157864320625379 0.9410366983808709 0.6493038436741505 1.0068594125600963 0.6965811275741429 0.9710903732028938 0.6630637159625303 0.9052675687349759
0 0.6711506519502807 0.9172737076437685 0.6939814299055673 0.9682937712359005 0.7209263773797785 0.9503787791235208 0.6980956734962833 0.8993587155313887
0 0.7560156664802032 0.8555369179629715 0.6977262774717461 0.8889727169240015 0.7170614594394721 0.9390554935974482 0.7753509225197208 0.9056196946364182
0 0.6934851489020782 0.8281703249237241 0.7125273769341626 0.8745927077073318 0.7421485382376365 0.8565395738951553 0.7231063842773438 0.810117100822855
0 0.7972478773987409 0.9767620380108173 0.7763668171410422 0.9294926570012019 0.7477925865395555 0.9482474242441753 0.7686737208690458 0.995516714965098
0 0.7322363992339199 0.9447483762481509 0.6941457211392598 0.963866645767844 0.707355684447057 1.0029717620307876 0.7454463625417173 0.983853402222402
0 0.736332050804953 0.9793215418708395 0.7535115954945388 1.0096856292182876 0.7720961339265398 0.9940625252808339 0.7549165892369539 0.9636985282220784
0 0.7909909590934087 0.9871117405637482 0.7778181798249773 0.9138526690782175 0.7385642042437803 0.9243398813100961 0.7517370575840033 0.9975990430843196
0 0.6689667192477624 0.9762366481081268 0.6689667192477624 0.9997512546516735 0.7050598292674833 0.9997512546516735 0.7050598292674833 0.9762366481081268
0 0.5048124813339085 0.9480990799221062 0.5512391618154582 1.0201240855561207 0.5835592399523096 0.9891700518907175 0.5371325224348642 0.9171449559680104
0 0.49836334672946375 0.9383498874641735 0.455252193710179 0.9752766987275795 0.4736313310641687 1.007157906978088 0.5167424840834535 0.9702310957146819
0 0.44492088243799305 1.028886964335244 0.519197778794372 0.976276645998983 0.48717139531107784 0.9090949064175758 0.4128944989546989 0.9617052247538369
0 0.45399330657662695 0.931926749867095 0.4210879872146162 0.85972974427353 0.38082667230402384 0.8869940402239738 0.4137319916660346 0.9591910458175388
0 0.4812182454229559 0.9097463393352441 0.4587894921163911 0.862662230723003 0.42980027430265855 0.8831798846905048 0.4522289905733275 0.9302639933027459
0 0.42303589015331083 0.802986912473419 0.35533023574977246 0.8442512828217456 0.38071986078058634 0.9061478834885818 0.4484254781482289 0.8648834228515625
0 0.4944538375706349 0.8572567369810928 0.47559093734593066 0.8061620046401164 0.4374252615623104 0.8270967020790958 0.4562881617870146 0.8781914344200721
0 0.5045048241476411 0.7998840512608635 0.47845062700290125 0.8089578842975684 0.4880551088203504 0.8499331502519416 0.5141093059650903 0.8408593172152367
0 0.506346804424397 0.8098019932854105 0.5250108589246435 0.8390523696086816 0.5502568587516118 0.8151176497781065 0.5315928042513652 0.7858672734548354
0 0.5299369293509177 0.8343276526095599 0.485505854041831 0.7280933447843473 0.413131454615917 0.7730680386695636 0.4575626039967954 0.8793023464947762
0 0.4275474177980886 0.7601953088884523 0.4314619268028482 0.7780886317145895 0.4401766212241163 0.7752559142705251 0.4362621122193568 0.7573626365887343
0 0.4327354431152344 0.7146202403412768 0.4605111427677488 0.7803420569064349 0.4924920091351259 0.7602601361697947 0.4647163465185073 0.6945382744602903
0 0.4098841843095798 0.7704611332458857 0.4532182193496852 0.7451068945890348 0.4382054967787659 0.7069827649720322 0.3948714247027647 0.7323370487732295
0 0.509132422289802 0.6064150206436066 0.45506605129797484 0.6336853659364599 0.4737765858474287 0.6888020983814488 0.5278429198033602 0.6615317530885956
0 0.46535488239769796 0.6525928565030973 0.43239163889468296 0.6693345019097864 0.4447270735953618 0.7054211317434819 0.47769028006248104 0.6886794863367928
0 0.4281942497179346 0.6613785783214682 0.369732051219755 0.6954602123012205 0.3863923156145707 0.7379219461474898 0.4448544770768545 0.7038403573120839
0 0.40925020384557037 0.7732611661832008 0.34217049311665654 0.8223207011025333 0.35573292704461845 0.849873379137389 0.42281260073763655 0.8008139345067493
0 0.40151670141127505 0.7558828952044425 0.33246964389838063 0.8032250037560096 0.35422412168632433 0.8503668068428717 0.42327114216332296 0.8030247434356509
0 0.3828017225543272 0.7290320763221154 0.3251513879276016 0.761597221419656 0.33969060657093825 0.7998401709562223 0.39734090416176804 0.7672750258586816
0 0.3590779721158222 0.7041923929248336 0.31469308056877654 0.7214067899263822 0.3252359038417779 0.7617956759661613 0.3696208324247194 0.7445812789646126
0 0.3392149175255044 0.6699709469044702 0.29685596354956767 0.6920993060049926 0.30870106150803056 0.7257887710481 0.3510599969660194 0.7036604119475777
0 0.31545990879095875 0.7212165967952571 0.25795677333202177 0.753817767081176 0.26915200242718446 0.7831572583441199 0.32665515640406934 0.7505559977695081
0 0.27020030345731566 0.7802307309483635 0.28550881320990407 0.8362108038727348 0.3431954985683404 0.8127720398310374 0.3278870443695957 0.7567920120510124
0 0.3094268909935812 0.8260017711029956 0.31575960325963287 0.8568786982248521 0.3498760334496359 0.8464822261291143 0.3435432656297406 0.8156053892959504
0 0.30029545015501746 0.867594611715283 0.35244225066842383 1.0011701414571006 0.3882714428947967 0.980387580465283 0.33612471645318187 0.8468120507234652
0 0.4102076187874507 0.9708642903164294 0.3605266682152609 0.8346092630420211 0.30238383024641613 0.8661080986790403 0.35206478081860587 1.0023632162421412
0 0.41344811152485966 0.9527982452212 0.3936964238731607 0.9121699587127866 0.36688154646493853 0.9315392307981232 0.3866332341166376 0.9721675173065366
0 0.3578194183053322 0.9701683450732711 0.3578194183053322 0.9997512546516735 0.4275164187533184 0.9997512546516735 0.4275164187533184 0.9701683450732711
0 0.27413620069188976 0.983448276858358 0.33554040112541716 0.9429058548966809 0.3060044223822436 0.8764397434934357 0.24460022194871625 0.9169821654551128
0 0.34910727936087305 0.9557561930820081 0.288744713496236 0.9557561930820081 0.288744713496236 0.9997512546516735 0.34910727936087305 0.9997512546516735
0 0.19179770090047596 0.8217535978238258 0.24234379148020327 0.9215070735773391 0.30958047885339235 0.8708865374503051 0.2590343142018735 0.7711329714080991
0 0.1753899287251593 0.8178519525471524 0.14776839098884065 0.7740824321317955 0.11417601872416376 0.8055800037271172 0.14179756571945634 0.8493495241424741
0 0.21623029986631523 0.7999465310361964 0.1973473076681489 0.7572005232410318 0.1614255257023191 0.7807776998486039 0.18030842531074598 0.8235237979324612
0 0.2024598167937936 0.7534948044274685 0.23667463284094356 0.731037929918639 0.22644391106170358 0.7078782030816614 0.19222909501455362 0.730335077590491
0 0.21289799514326077 0.7801772800422985 0.2489544581441046 0.7538069324380547 0.23616081534080136 0.7278159327760956 0.20010433382200962 0.7541862352359929
0 0.16902432858365254 0.6862599299504206 0.12997905953416547 0.7197517981896033 0.14665141614895422 0.7486311331303162 0.1856966851984413 0.7151393100354798
0 0.2279878079312519 0.7036666870117188 0.19930063636557568 0.6483009834966716 0.16382984050269267 0.6756083020091762 0.19251701206836885 0.7309740055242234
0 0.20075223978283335 0.6479419956545858 0.2222836133345817 0.7004327717617419 0.2491667849346272 0.6840483535676313 0.22763541138287888 0.6315575774604753
0 0.2731267132805389 0.7395827163606 0.25430784873592044 0.692066305487819 0.2276992057133647 0.7077241705719536 0.24651808877593107 0.755240626589081
0 0.28712676335307 0.6574995503623104 0.25028686153078544 0.6799522715912768 0.2597457922778083 0.703011732835036 0.29658560151035346 0.6805591018947624
0 0.27045803625606796 0.7345575185922476 0.2998556859284929 0.7195304103151581 0.2895895022790409 0.6896897265191614 0.260191852606616 0.7047167896519045
0 0.29437400299368555 0.6623350064430011 0.30718421936035156 0.6907254732572116 0.3380242505119842 0.6700499043662167 0.3252140526632661 0.6416593924076599
0 0.286768737348538 0.667402775329951 0.3263774982933859 0.6459448097725592 0.31308475975851413 0.6094880865875786 0.2734759988136662 0.6309460972893167
0 0.2943656328812386 0.5759811852810651 0.2552124319724666 0.6022300494493112 0.26998031023636604 0.634959249101447 0.30913351114513804 0.6087103849332008
0 0.226326544307968 0.629733294424926 0.25400628395450925 0.6822174794575167 0.28442008749952596 0.6583851921487842 0.25674036637093256 0.6059010071161937
0 0.24943288784582637 0.6045559764613767 0.29568885136576534 0.5751387014896912 0.27996603956500304 0.5384054691833857 0.23371000197327252 0.5678227441550712
0 0.23493233467768698 0.5699726082164155 0.2754471788128603 0.5428108350765071 0.2606793190669088 0.5100816805687176 0.2201645304855791 0.5372434085642798
0 0.27975880521015056 0.5399891328529494 0.24500313545893698 0.5619020179883968 0.2595125772420642 0.5960952036479521 0.2942683395830173 0.5741823185125047
0 0.2221445990997611 0.5396316347742928 0.16935461470224325 0.5853522486940643 0.20550238970413948 0.6473651411970691 0.2582923741016573 0.6016445272772976
0 0.17137934860673923 0.6668824415940505 0.2046293425328523 0.6450588971200074 0.17911236957438942 0.5872952162161381 0.14586245897904182 0.6091188509788739
0 0.15595658311566102 0.6318027112610947 0.13183074321561647 0.6514079077003976 0.14896777995581767 0.6827413344524316 0.17309362911483617 0.6631360928687824
0 0.18969002510737448 0.7264550113113675 0.1558298833161882 0.7512190327841854 0.16840392177544752 0.7767638257269324 0.2022640635666338 0.7519998042541143
0 0.030059064476235398 0.732760231875809 0.08942591102377882 0.6729204979168593 0.06537071246545291 0.637461690507697 0.006003867075281236 0.6973014244666467
0 0.11397502491775069 0.6340038592998798 0.18606093323346481 0.5875830114240477 0.1638502102453732 0.5363369552341438 0.09176430192965905 0.5827577579656297
0 0.11997843251644986 0.6239722438112518 0.13117973549852094 0.6512795623237565 0.15308447717462928 0.6379293407914202 0.14188317419255822 0.6106219771345691
0 0.1609380592420263 0.5241058620475453 0.17803088438163683 0.5683802768323548 0.20416376428696717 0.5533900966305705 0.18707093914735665 0.5091155915570682
0 0.1786013668023267 0.5694230209440875 0.24451644675245562 0.5285913140110715 0.21677874592901433 0.4620610976360253 0.15086367523785935 0.5028928045690413
0 0.24351827380726637 0.47470390726123335 0.20364348402301086 0.5024780183148807 0.2204550956059428 0.5383392875716531 0.26032979280045887 0.5105651765180057
0 0.19467544555664062 0.37334796521790636 0.12154579162597656 0.4275548810789571 0.1437849304051075 0.4721324852937777 0.21691450100500606 0.41792559200490015
0 0.17419639142971594 0.4851566743568556 0.2279289208569573 0.4537183321439303 0.21453788905467802 0.4197124503773345 0.1608052855556451 0.4511507925902598
0 0.12130453054187368 0.5515869411491078 0.16576639193932988 0.5283599943804318 0.14957602047225804 0.48231163250624076 0.10511415907480184 0.5055385341305705
0 0.11122308194058612 0.5080859393057738 0.14852202517315022 0.48156467415171966 0.12678690789972694 0.4361467530741494 0.08948789985434523 0.46266806337254995
0 0.12252861319236386 0.5506944374219905 0.10436439514160156 0.5014920657908423 0.06433570732190771 0.5234486055091994 0.0824999948149746 0.5726509771403476
0 0.09398586310229255 0.48636112551717364 0.07376234739729502 0.4401402219512759 0.052154323429737276 0.4541876076241217 0.07237783450524783 0.5004084209013268
0 0.054303636828672536 0.46057413315631934 0.038640681979725665 0.47284766202847633 0.0570601305915314 0.507773179274339 0.07272308775522177 0.49549965040218197
0 0.0 0.4384341719587879 0.0 0.5256659152239738 0.05725110618813524 0.5256659152239738 0.05725110618813524 0.4384341719587879
0 -0.011871454785171064 0.41824543969871025 0.01780718275644247 0.47250998231786245 0.08831798220143734 0.4152113333256287 0.05863926711591702 0.3609467455621302
0 0.10779135435530283 0.39924865361501477 0.08379776038012458 0.3437809238772421 0.057734160747342896 0.36053232046274036 0.08172775009303417 0.4160000953448595
0 0.08687231378647887 0.35362979505189074 0.10429656389847543 0.3961078260071884 0.13566022706263273 0.3769927165917391 0.11823597695063619 0.3345146630642682
0 0.13229389561032787 0.371383599275668 0.19002516292831273 0.33180013351891874 0.16946725937926654 0.28725130882488903 0.11173606613307323 0.32683475200946516
0 0.18143253881954452 0.31720158052162306 0.20668590878977358 0.29521425235906296 0.19129673485617035 0.26895249947993716 0.1660433463679934 0.2909398050703241
0 0.18208338913408298 0.3172200445592756 0.19129338310760202 0.33967269807172246 0.2166829525845722 0.3241985479050134 0.20747305120079262 0.3017458718203934
0 0.2183163281783317 0.33137103650696886 0.1877148822673316 0.34794934966860436 0.20062263266554156 0.38335034974227994 0.2312241526483332 0.3667720365806444
0 0.21371163673771237 0.4114362276517428 0.2434629792148627 0.3923493785971015 0.23159751151371927 0.3648692926711585 0.20184618755451683 0.3839561417257997
0 0.27639118676046726 0.3830063046788323 0.23896456227719204 0.3890089678341115 0.24225818300710142 0.4195208577714728 0.2796848260083245 0.4135181043275009
0 0.21854983950124204 0.4030863744972726 0.22763541138287888 0.4252356354301498 0.24605530674017748 0.41400927481566663 0.2369698274482801 0.3918600138827894
0 0.25050344744932307 0.4724124253854244 0.2879433678191842 0.4552986099875185 0.27704896278751706 0.4198864366881241 0.23960902389970798 0.43700025208602994
0 0.2854516853406591 0.45132184451853735 0.25768709645687954 0.47227238762308155 0.2738402468486897 0.5040786562586678 0.30160476166067773 0.48312815829846983
0 0.2939719968629115 0.5364371305386696 0.3327744863565686 0.5094098424065042 0.31695860334970416 0.4756724792119314 0.278156132373995 0.5026997221997503
0 0.21380104139013198 0.3244797068940112 0.22998641301127312 0.36111910667645153 0.25844923963824523 0.3424375409910665 0.24226388653505196 0.3057981412086261
0 0.2362230171277685 0.3513541814138198 0.252651621994463 0.39140491372734837 0.27604988246288115 0.37714442416761046 0.25962129611413454 0.33709366928190876
0 0.32327044588848225 0.375950446495643 0.32131817271408525 0.32835744823929824 0.2882636357279657 0.3303720372668385 0.2902158903844148 0.3779650129510101
0 0.2872988136069288 0.4249366895686945 0.3175532516923923 0.40746803960856603 0.30455267082140286 0.3740134831716323 0.2742981586641478 0.39148211055958765
0 0.3166235396005575 0.4320624537721893 0.28550881320990407 0.45102587818394047 0.300568312117197 0.48773906640047154 0.3316830385078504 0.4687756419887204
0 0.30990439479790843 0.41804183869672246 0.32971861755963666 0.4636626836110854 0.3707194282013236 0.4372041239540958 0.35090518692164746 0.39158323389538646
0 0.36389319410601867 0.4362773105237611 0.3248849516933404 0.4619792960804595 0.3453935789830476 0.5082268348106971 0.38440185843162167 0.48252489439834506
0 0.37524365915835484 0.4300902778580344 0.37524365915835484 0.43691709620007396 0.39764626512249696 0.43691709620007396 0.39764626512249696 0.4300902778580344
0 0.3996376111669448 0.41294738950108634 0.38918308146948954 0.41931906254333856 0.39241898175582146 0.42720785648865106 0.4028735484891725 0.4208361383020525
0 0.3840037966237485 0.5359680356358635 0.36470898378242567 0.4941562449438332 0.34671594564197133 0.5064931564782498 0.3660107955191899 0.5483049471702801
0 0.4048848568814472 0.5427615825946515 0.38052142245098225 0.48930620723927515 0.36387797235285196 0.500576899601863 0.3882414067833169 0.5540323201015857
0 0.4322832718636226 0.6535091513007351 0.3976287101078959 0.583810343544864 0.35651586588146617 0.6141823762972679 0.3911704646730886 0.6838811389087925
0 0.3993886929113888 0.5898380618123613 0.4184309209434732 0.6362605348846616 0.4492967105606227 0.6174488406209551 0.43025451956443417 0.5710263675486548
0 0.4611842331377048 0.6525129510100777 0.4473105125056887 0.6153083214393029 0.4230239645948688 0.6287644967524963 0.4368976852268849 0.6659692166119637
0 0.5006134996136415 0.604769780085637 0.4761681788176009 0.5486808189978967 0.45056737510903366 0.5652588161491078 0.47501269590507433 0.6213478223811946
0 0.47700270865727395 0.6202414698854706 0.45209051335899575 0.5605559941579604 0.43001015672405946 0.5742493127224714 0.4549223149864419 0.6339348787386742
0 0.46059784379977625 0.5558526304346569 0.4389592513297368 0.48661551390879254 0.38596192146967917 0.5112251868614783 0.4076005139397186 0.5804623033873428
0 0.4620298367102169 0.5186057006113628 0.4878790031359034 0.497600036259939 0.4742842739068189 0.4727433785884338 0.44843507044523667 0.4937490429398576
0 0.45504097799652987 0.52175650511973 0.46700820182133645 0.5436373829136233 0.4997504521342157 0.5170302080684865 0.4877832283094091 0.49514937541893955
0 0.3485328526172823 0.3971814488518168 0.37074398300022754 0.43779235478688977 0.40449149863233846 0.4103683381390995 0.3822803682493932 0.3697574547761996
0 0.3745583099068947 0.3518622584596893 0.4174925054161294 0.4397832656047753 0.4561992756371359 0.41169932890220506 0.41326511716379705 0.32377829918494594
0 0.4139503923434656 0.4478400416628143 0.4245293996866467 0.47363028441660504 0.45415059802601637 0.4555771054600823 0.44357159068283525 0.42978686270629163
0 0.4137150292257661 0.44466770330124356 0.3679196996596253 0.4696911241881241 0.3771629333496094 0.49482501329049555 0.4229582258798544 0.4698015472592687
0 0.37055198891648966 0.4371727937777367 0.4043936127597846 0.411391083305404 0.38310275031524954 0.369867584409093 0.3492611264719546 0.39564929488142564
0 0.22434899413469925 0.20409901184443185 0.17877593549709875 0.23520732631344768 0.2089022293831538 0.3007824237530048 0.2544752880207543 0.269674109283989
0 0.23821441872606 0.3069039294000208 0.2685823533141497 0.288395650288057 0.2586256230919107 0.26412246072080714 0.2282577070217688 0.28263076240494406
0 0.24173495838943038 0.3087450964211007 0.2614223887619463 0.34624142618574333 0.2871335224040504 0.3261836802465676 0.2674461475853781 0.28868732790975177
0 0.3125163328300402 0.212693660216924 0.32819818293006675 0.25092390161999584 0.35234317964720496 0.23620831190481695 0.33666140361896996 0.1979780705017451
0 0.39337198942610363 0.337052791076299 0.37668331849922254 0.26525610297389285 0.3410258246856986 0.27757096149512295 0.3577144215407881 0.34936764959752914
0 0.41206419120714505 0.248990120972402 0.37368015178198954 0.1685153238872099 0.3360730513785649 0.19516681919436482 0.3744571278396162 0.27564160499347035
0 0.40237011955779733 0.3200836181640625 0.44611710483588063 0.287765570646207 0.4222618028955552 0.2397867236617049 0.37851478058157617 0.2721047711795604
0 0.07848424818909285 0.0621607684524807 0.02816422471722353 0.08844798838598489 0.04963339185251773 0.14951019738552837 0.09995341995387401 0.12322297180898091
0 0.061299513844610416 0.03171365218755056 -0.025122487429276252 0.09755292587731718 0.02060561041230137 0.18673638338167992 0.10702768344323611 0.12089710122734837
0 0.15432906845240918 0.2207341617381079 0.15432906845240918 0.0 0.0 0.0 0.0 0.2207341617381079
0 0.131438699740808 0.0017425841128332375 0.09601522649376137 -0.003164115036733052 0.09438724888181224 0.014298087746433957 0.12981079620065042 0.01920478583792963
0 0.057094467496409 0.03832179413744684 0.10446824379337644 0.10656654764209274 0.13122045646593408 0.07897412565332898 0.08384668479845361 0.010729370032541851
0 0.06534093560524357 0.0 0.0 0.0 0.0 0.0697853720399755 0.06534093560524357 0.0697853720399755
0 0.17182411267919448 0.08863187259470923 0.14855658892288948 0.04832852944819885 0.12467929691944307 0.06880971242690227 0.14794682067574808 0.10911306121645595
0 0.060692032564033584 0.009191679531300562 0.08891489899274214 0.14679915524093357 0.178818174936239 0.11940258635571722 0.15059530387804346 -0.018204879478590022
0 0.23003296713227206 0.03292513457981087 0.19998652263752464 -0.026720870881390996 0.16369912230852737 0.00043911711704096144 0.19374556680327482 0.060085121696517314
0 0.20953887643165958 0.09526766263521634 0.24224520192562954 0.07277866228092351 0.22486068207083396 0.035213504317244126 0.192154356576864 0.05770250467153696
0 0.16003060572355696 0.07435708920631183 0.1814745375253622 0.11095135028545673 0.19583783566373067 0.09844575690094536 0.17439388534397754 0.061851490178757164
0 0.24767364576024917 0.06037686139168824 0.18006959933679081 -0.05271069114730203 0.11743243689675933 0.0029246399741201007 0.1850364833202177 0.11601218951524363
0 0.2597968462601449 -0.03173956504234901 0.21123302793039858 0.0029118128076812927 0.2498048023112769 0.08323167202740732 0.2983686206410232 0.04858028818164351
0 0.27057373639449334 -0.03367902823453824 0.21257581988584648 0.0016687806894087932 0.24667760237906744 0.08480439947907036 0.30467542629797484 0.04945658508842513
0 0.06422837266644228 0.03606941008708886 -0.023833610479114125 0.09444826453395144 0.013273213673563837 0.177614505474384 0.1013351181178417 0.11923565384904308
0 0.29123387753384783 0.0 0.29123387753384783 0.03716829683653702 0.33666140361896996 0.03716829683653702 0.33666140361896996 0.0
0 0.33915058617452976 0.0 0.33915058617452976 0.03185854014560316 0.38146661554725425 0.03185854014560316 0.38146661554725425 0.0
0 0.35798411693387816 0.13914684995391666 0.32339188659075396 0.16444628337431236 0.3386014919836544 0.19534550051717364 0.37319375936267446 0.17004606709677791
0 0.41801289678777304 0.15341332113954442 0.3920009946360171 0.11882405027129947 0.36007379328162925 0.15449817364032453 0.38608569543338517 0.18908744450856949
0 0.5452552721338365 0.3542332846737472 0.5125792790385126 0.28485213511088897 0.4256788827840564 0.3456614567683293 0.4583549129152761 0.4150425837590144
0 0.0 0.35802929217998797 0.0 0.400507368279632 0.018668839075032948 0.400507368279632 0.018668839075032948 0.35802929217998797
0 0.0009975552703570393 0.4016022541113859 0.06501801500042666 0.3652747791899732 0.04616352192406516 0.31590521547215933 -0.01785693932505487 0.352232690393572
0 0.06011615216153339 0.32923494147125787 0.07150227352253442 0.35120996779944064 0.08009483744797197 0.34459494415824937 0.06870871145748397 0.32261991783006655
0 0.04036634871103231 0.32941032725678393 0.08202469464644645 0.41686284894773945 0.13866709736944402 0.37677313449114735 0.09700868662121226 0.289320635372365
0 0.13206045835920907 0.3165198331753883 0.11208960153524158 0.28522143843611314 0.09464142623456936 0.3017633878267728 0.11461228305853687 0.33306178256604796
0 0.0956957270798174 0.6134473360501803 0.08338451385498047 0.5778068226470044 0.04961082773301208 0.5951407167333118 0.06192196225657046 0.6307812301364876
0 -0.026849598560518433 0.6030110917853181 0.006712380543495845 0.6684668275731556 0.05772656375922046 0.6296024661092363 0.02416458407652031 0.5641467303213988
0 0.54592469595011 0.12456338645438471 0.6588319204385998 0.06594468855998925 0.6330689365423999 -0.007785074104218794 0.5201617490898058 0.05083362308479625
0 0.47055564806299305 0.06070342995005952 0.4798126961421041 0.09737559888489852 0.526383890688998 0.07990876034166686 0.517126842609887 0.0432365885853062
0 0.47364258997648667 0.17474000693778313 0.49972504550970875 0.12528451095671345 0.46949993985370525 0.10160010524050019 0.44341752135637896 0.15105558993548332
0 0.46040225723414746 0.4192957229162814 0.48969802115727395 0.4728600767237195 0.5089412429957714 0.45722252659543733 0.47964555314443647 0.4036582179323456
0 0.5432358528803853 0.42410878740118807 0.5236188277457524 0.3903508383846847 0.487239393215735 0.42176128139157265 0.5068564553862637 0.455519230408076
0 0.490738174290333 0.4721378123266457 0.5460719136358465 0.4239604882234652 0.5147469529827822 0.3705041648368158 0.45941321363726867 0.4186814889399963
0 0.4838984591289631 0.49740388407509706 0.46716086378375304 0.4497991708608774 0.4455307895697436 0.46109875560512203 0.46226834787905796 0.5087034688193417
0 0.3575828700389677 0.5414922138642982 0.32956691853051046 0.46939863396819526 0.2663561441365955 0.5058958967761881 0.29437209564505273 0.5779894766722911
0 0.3347466478070009 0.6495991543199889 0.3649040148096177 0.7047388652372643 0.39305085117377125 0.6818661210099621 0.3628935212070502 0.6267263198039941
0 0.35619546834704946 0.559257010736409 0.3722257521546003 0.591358297675319 0.3896774366063979 0.5784098608253976 0.3736471527988471 0.5463085738864876
0 0.2686425921986404 0.23843541794274686 0.2555039785440686 0.19750802756766594 0.22868513829499773 0.21029992639665773 0.24182367787777798 0.2512273393439118
0 0.3015522632784056 0.3183100773737981 0.27821401947910346 0.2497006478394277 0.25650761428388574 0.2606713108762482 0.27984585808318796 0.3292807629827917
0 0.32122847177449937 0.353022942176232 0.3331765480411863 0.3821507741713665 0.36528692893611575 0.3625805194561298 0.3533389267412204 0.33345271003316845
0 0.3741426930844205 0.3520776872804179 0.3496147081689927 0.36916227171406946 0.3595714383912318 0.3904013097638915 0.3840993862707638 0.3733167253302399
0 0.36784310942714654 0.34903188852163464 0.29891206685779165 0.4143827088485808 0.3331574004830666 0.46805211354994913 0.40208849860626517 0.40270129322300297
0 0.4706270532700622 0.29202493972326876 0.4432843773110399 0.31107005282971983 0.4551941584614874 0.33647519173706775 0.4825368344205097 0.3174300786306167
0 0.3339978931019607 0.18603083367883808 0.30089935747165125 0.16524704250358266 0.2887158440154733 0.19407529661641318 0.32181437964578274 0.2148590990777552
1 0.33553529017179917 0.14345292085726585 0.3260178056735437 0.05837783587754831 0.24372678590052335 0.07205611573168512 0.25324428891672673 0.15713119506835938
1 0.23301576410682456 0.15281307062453772 0.19182247791475462 0.11351681319919564 0.16619391580229825 0.15343414396929317 0.20738720199436816 0.19273040139463526
1 0.15835499069065723 0.12962323250855215 0.051340598504520156 0.21552518133581036 0.07604391598007054 0.26125033226238903 0.18305830353672065 0.1753483947212174
1 0.13112580197528728 0.2889974018525795 0.19460396627777987 0.23542945906960752 0.1707452014811988 0.19342176448664017 0.10726704643768015 0.24698968469743898
1 0.01357706773628309 0.3391225916394115 0.1107577351690496 0.2854467764408631 0.09597177412903425 0.24567162778955945 -0.0012088862871660769 0.2993474204159347
1 0.3046530936528178 0.2807381985455575 0.3281404810044372 0.2260817352836654 0.2865563364862238 0.19953067486102766 0.26306896765255233 0.2541870929785734
1 0.30094659675672214 0.34175373957707333 0.34821882525694026 0.3093414758084088 0.3258936983867756 0.26096323679184774 0.27862148840450546 0.2933755005605122
1 0.40978048380138804 0.03710827178503635 0.3951117506304991 0.12203958048622988 0.4503093830590109 0.13620427374303692 0.4649781162298999 0.051272962220321745
1 0.422557127128527 0.04095260349251109 0.5003606185172368 0.052119757296770985 0.5045772293238964 0.008470325780338085 0.42677366386339505 -0.0026968266131609854
1 0.3324521629555712 0.06011610200419228 0.366881472393147 0.13472428406484027 0.4139566884457486 0.10244709218042136 0.3795274160440686 0.02783891011977337
1 0.16698241002351336 0.34159435746232436 0.11253163421038286 0.40796625261476055 0.13897907849654412 0.44020410120134523 0.19342994689941406 0.37383220604890904
1 0.35985380006067963 0.5934188210752589 0.32419156565249546 0.6223987376196145 0.33344624343427637 0.6393199672360392 0.36910847784246054 0.6103400506916836
1 0.34353504366087684 0.5941725059373845 0.36885918922794675 0.5415146506044286 0.35004073207818187 0.5280679556039664 0.32471662354700775 0.5807257657925758
1 0.02067405274770792 0.5803590582672661 0.0533376851128143 0.5676906969420303 0.042004886182766515 0.5242752436350083 0.009341256132403624 0.5369435598158977
1 0.09790679783497042 0.5685530893901396 0.05934724992918737 0.5573621670875324 0.054450780442617475 0.5824296940007859 0.09301033760737447 0.5936206163033931
1 0.11020988168068302 0.6802052153638128 0.08568925764954206 0.7061090864373382 0.10112287465808462 0.7278159327760956 0.12564349868922559 0.7019120617025703
1 0.08592937987984962 0.6997849503917807 0.022618418758355296 0.7568251028568787 0.06939200521672814 0.8339616222494453 0.13270295707924853 0.7769214697843473
1 0.07592609553661162 0.8236741286057693 0.08446737863485096 0.8653192463711169 0.12082885075541376 0.8542386568509616 0.11228756765717442 0.8125936293743066
1 0.016512988840492026 0.8645069190030973 0.040699981948704396 0.9484187018941845 0.09975932408305048 0.9231251372388128 0.07557225921779002 0.8392134446364182
1 0.1004129243128508 0.8807817267242973 0.1304761645863357 0.9427966055785411 0.15504076874371872 0.9251031819179919 0.1249775284702338 0.8630883030637482
1 0.27242003135310794 0.9319728873890533 0.20019542360768736 0.9044612907093658 0.18061493438424417 0.9808368570000462 0.25283956064761265 1.0083484536797338
1 0.07012551039167979 0.988789665628467 0.14200281865388445 1.0008743556998891 0.14838794597144267 0.944447353746764 0.07651071178102956 0.932362663675342
1 0.9418106819819478 0.7975761819873336 0.987655047074105 0.7934367162941476 0.9849439454310148 0.7488248475204559 0.9390995803388577 0.7529642229249491
1 0.9585273520460407 0.789964303462463 0.9564530455950394 0.8961594259950536 0.9930785095807418 0.8972224850626387 0.995152816031743 0.7910273625300481
1 0.9191263439585862 0.900776157717733 0.9688002206746814 0.8785748904978735 0.9515921583453428 0.8213687874156342 0.9019183557010392 0.8435700546354937
1 0.9472075527154126 0.9049734984629253 0.9510736558043841 0.9850862040322208 0.9995303848414745 0.9816118048492973 0.995664281752503 0.9014990089913092
1 0.8385463084989381 0.9340137729983358 0.819820292945047 0.8738368107722356 0.7723278304905568 0.8957952916974852 0.7910537719726562 0.9559722539235854
1 0.8105115427554233 0.878010586168639 0.8530396396673999 0.8710988061667899 0.8484471145185452 0.8291142932056675 0.8059190916783602 0.836025982918824
1 0.9553673012742718 0.9268224592039571 0.7947006225585938 0.9281637880223743 0.7950742406752503 0.9946450679259893 0.9557408453191368 0.9933037391075721
1 0.8407132046893963 0.9021481846916605 0.8992468824664366 0.9160699787929919 0.9096220442392293 0.8512559698883598 0.8510882923903974 0.8373342660757211
1 0.9004282534701152 0.930594630495331 0.9484255151841247 0.928344455696422 0.9474435454433404 0.8972224850626387 0.899446283729331 0.899472569572855
1 0.7734253522261832 0.6902649106358635 0.7983171037099894 0.6852080215363813 0.7939442754949181 0.653226502548308 0.7690524499393204 0.6582833916477903
1 0.7454224373530416 0.2601321970922707 0.7214422874080325 0.2065434201934634 0.7021854733957827 0.21934674054207887 0.7261656233407918 0.272935494868713
1 0.9446067439699636 0.5194000605295396 0.9726099551302715 0.5092862371862288 0.9661123775741429 0.4825557279868944 0.9381091664138349 0.49266955133020524
1 0.22558180799762023 0.44210043461365106 0.22558180799762023 0.47876306116228273 0.2421762966415257 0.47876306116228273 0.2421762966415257 0.44210043461365106
1 0.18644903238537242 0.813345824473003 0.18230041948337 0.8386303602591069 0.1996528847703656 0.8428605660884338 0.20380149767236802 0.8175761205910226
1 0.13540514233042894 0.7880888267381657 0.14992538007717687 0.7754466039894601 0.14053489166556052 0.7594216250808987 0.12601466317778653 0.7720638478296042
1 0.19755302355127427 0.8040114182692307 0.2209315994410839 0.8066022523056121 0.22260645523812006 0.78414664183848 0.19922786083036256 0.7815558980907914
1 -0.010683686987867633 0.7948289679352348 0.03422521618963445 0.8655361198109283 0.05165037599582117 0.8490921110796505 0.006741550362225875 0.7783849592039571
1 -0.012987742146242012 0.9045647615511742 0.041900435697685166 1.006683349609375 0.06264445388201371 0.9901169094108265 0.007756349531192224 0.8879983213526257
1 0.5652509522669523 0.5944399410450952 0.5419148935855014 0.5912792950692262 0.5389551699740215 0.623748372997758 0.5622912286554725 0.6269089738292807
1 0.8620056596774499 0.8397195127588757 0.8867060096518508 0.8163020568486501 0.8626917866827215 0.7786670210798816 0.8379915107801122 0.8020844769901072