0 0.9293533105394712 0.7593861967417938 1.0158751562203847 0.7440690691603142 0.9990059459995735 0.6798739097989266 0.91248410031866 0.6951909614187928
0 0.9979154573777483 0.7479365787375545 0.930913663434657 0.7585494795717953 0.9385876196455648 0.7911880578620878 1.0055894135886563 0.780575157027847
0 0.9989328333787434 0.7802280124552738 0.9371364729435178 0.7897382545115121 0.9466462963182335 0.8313674974233821 1.008442656753459 0.8218571794055305
0 0.9992418498862775 0.8251400124455507 0.9575435936315391 0.8251400124455507 0.9575435936315391 0.8867454884878656 0.9992418498862775 0.8867454884878656
0 0.9992418498862775 0.9035469819539514 0.9598180439727066 0.9035469819539514 0.9598180439727066 0.9477286869943995 0.9992418498862775 0.9477286869943995
0 0.9992418498862775 0.9477286869943995 0.9203942380591357 0.9477286869943995 0.9203942380591357 0.9993777224642191 0.9992418498862775 0.9993777224642191
0 0.9363911869491566 0.8987554753130834 0.8592873574026251 0.9198506230067672 0.8935557055238343 1.004231517627956 0.9706596276179871 0.9831362939726587
0 0.9778738072462566 0.9007197666702318 0.9632978345337376 0.8455022824945551 0.9231071790300417 0.8526496626088985 0.9376832442901819 0.907867070822962
0 0.9447339848192285 0.9356162279529013 0.9782774074227635 0.9302628332587897 0.9714671056138646 0.9015150087993933 0.9379235904627085 0.906868403493505
0 0.9505333889606236 0.8237014514137367 0.9143651307216641 0.7138620221102987 0.8740923854778715 0.7227958674451618 0.9102606437168309 0.8326352967485999
0 0.890959559651014 0.7827128687480553 0.8187836132960576 0.7954072697086964 0.828058920998389 0.8309348200742844 0.9002348673533453 0.8182403431520302
0 0.7987111448066717 0.7426882389545737 0.8276890081560367 0.8336291025348086 0.9057134088916793 0.8168798706586419 0.8767356380899356 0.725939007078407
0 0.838488482633624 0.828782827570784 0.8500907151784022 0.8700488980096842 0.9170336488343442 0.8573690816787881 0.9054314162895659 0.816103011239888
0 0.8618693434893859 0.9136324813073662 0.9359363153904473 0.901991288114499 0.9258860139073162 0.8589125456985065 0.8518190420062547 0.8705538148529869
0 0.8832448824867324 0.9719975108898569 0.8104624715693708 0.9719975108898569 0.8104624715693708 0.9993777224642191 0.8832448824867324 0.9993777224642191
0 0.878346429438732 0.96826498509937 0.8466893124526156 0.8761410193926961 0.7813771604316717 0.8912609506261667 0.8130342774177881 0.983384992294454
0 0.8489109181020186 0.8757429805392424 0.8316169142994219 0.8296103533855788 0.7935249612040371 0.839230435934583 0.8108189650066339 0.8853629871266335
0 0.8164294794529473 0.8836600037190806 0.7988859672633151 0.8388617942254589 0.7637183339058946 0.8481398216299783 0.781261846095527 0.8929380311235999
0 0.691921786524474 0.8664439117678516 0.8215654096972138 0.8328408488740666 0.8063260556351877 0.7932314252586341 0.6766823861886372 0.8268344121908059
0 0.7608794356223939 0.8063472612496111 0.8134192755224128 0.7919725894037803 0.7995450914222423 0.7578096134586964 0.747005297796034 0.7721842093429138
0 0.6663813731993935 0.8069291272071406 0.7397476670595622 0.777680411869944 0.6976769066290751 0.7065871024473008 0.6243106127689063 0.7358357418228842
0 0.7680950960126043 0.8025984796738876 0.75727595516549 0.7741819238098943 0.7183809663600502 0.7841582663250622 0.7292001072071645 0.812574898150669
0 0.6999586682323257 0.7417243620439873 0.7808080851082733 0.7005354686041537 0.7599807056719106 0.672993914563239 0.6791313813435842 0.7141828839646858
0 0.8540392594413382 0.7324157980709396 0.8305407705588987 0.6923578970908525 0.799060697172337 0.7047985862632234 0.8225590935071551 0.7448564872433105
0 0.8874381226603961 0.7207258375223631 0.86742738343442 0.6833975411529636 0.83312775421721 0.69578467738799 0.8531384008955648 0.7331129737573896
0 0.9099682857811315 0.7001757903653936 0.8944732226414424 0.6652010126594586 0.8677498193470432 0.6731771339744088 0.8832448824867324 0.7081518357187305
0 0.9414295720005686 0.6206265101168715 0.9049112986578374 0.6252378358110999 0.9114322966025398 0.6600278748735999 0.947950569945271 0.6554165491793715
0 0.8733889310083397 0.611076540136901 0.8605003790750568 0.611076540136901 0.8605003790750568 0.6241443683883012 0.8733889310083397 0.6241443683883012
0 0.8573693079510993 0.6778694347483665 0.9348566548403147 0.6497184406843108 0.9147960324464557 0.612518671364538 0.8373086855572404 0.6406696654285936
0 0.9578468721865523 0.5997510813895263 0.9158453373768006 0.5308027380211574 0.8742986741257581 0.5478531576938783 0.9163002089355099 0.6168015010622472
0 0.9459138744432335 0.6526516983801338 0.989171373021702 0.6425074806996733 0.9772411517070224 0.608235195993116 0.9339837456761751 0.6183794896351898
0 0.952160283595527 0.6521210305499378 0.9707102511668404 0.6886623646060205 0.9974653982953469 0.6795123325198351 0.9789153381764121 0.6429709984637524
0 0.8120639156084155 0.9818420600060284 0.7847705115144048 0.8847667644241988 0.7123458897010045 0.8984849000466708 0.7396392937950151 0.9955601196668871
0 0.7802122635223181 0.8819539818469975 0.7658832541372489 0.8466707999912492 0.7024260803639121 0.8640323584318607 0.7167551360227918 0.8993154643259956
0 0.6876421531463229 0.8475420037336652 0.6445792359416461 0.8652147009421671 0.6614101777210482 0.8928438387231643 0.704473094925725 0.8751711415146625
0 0.7668378828509999 0.8484145747851198 0.6635192454629454 0.8732347280695784 0.675199356831051 0.90598975551299 0.7785179942191054 0.8811695262669181
0 0.6875440989415513 0.9108553247267813 0.6490554404674469 0.8706486909079418 0.608072253408714 0.8970788505853298 0.6465609118828184 0.937285408442556
0 0.7314572511431482 0.9521428163406191 0.7068307918522555 0.9072250432677349 0.6277057222564443 0.9364500585815961 0.6523322278211476 0.9813679076160936
0 0.6868483721983984 1.0013116291760658 0.7319730190366756 0.9993622262951152 0.730106935074512 0.9702613322573118 0.6849823345100455 0.9722106591766491
0 0.689158453373768 0.9757311761045426 0.6383623957543594 0.9757311761045426 0.6383623957543594 0.9993777224642191 0.689158453373768 0.9993777224642191
0 0.553623572545489 1.009660570088869 0.6467691440307525 0.976212696770963 0.6250189722623674 0.9354075614012912 0.5318733545032932 0.9688555106808105
0 0.6756986975217968 0.81932636633673 0.6237705973985974 0.8353096013048382 0.6372615417989481 0.8648379313404247 0.6891896419221475 0.8488547723339297
0 0.6255509359896229 0.8372856667120411 0.5767906483960387 0.854795122413659 0.5877005784596522 0.8752629791050871 0.6364608197794257 0.8577534474418559
0 0.6294162336671958 0.8596142031201385 0.5869598272987349 0.8770379741220052 0.6071266018142295 0.910143108640907 0.6495830081826904 0.8927193376390401
0 0.58837677765471 0.8768963057132856 0.5517764145718821 0.88891274927563 0.5676191328509999 0.9214213572456441 0.6042194959338277 0.9094049896449129
0 0.6219723045690391 0.9039254986727987 0.5912320105933709 0.9151393318294959 0.6042691014588467 0.9392156689969664 0.6350093491607042 0.9280018358402692
0 0.6109173523828421 0.9026757782115354 0.510235026535254 0.9439950217797137 0.5282789899870878 0.9736154172905647 0.6289613158346758 0.9322961737223865
0 0.5507953635122489 0.8905090825781736 0.49979468310213704 0.9104426252819695 0.5160507653318092 0.9384623576783214 0.567051445741921 0.9185288149745255
0 0.4702088744284259 0.9213117446377178 0.40025134082993746 0.942844203338908 0.42022288613829134 0.9865570733023491 0.4901804197367798 0.965024614601159
0 0.5360121304018196 0.9744866210329807 0.4806671721000758 0.9744866210329807 0.4806671721000758 0.9993777224642191 0.5360121304018196 0.9993777224642191
0 0.48142532221379836 0.9732420659614188 0.4245640636846095 0.9732420659614188 0.4245640636846095 0.9993777224642191 0.48142532221379836 0.9993777224642191
0 0.4874905231235785 0.9141257000622277 0.4664955862188448 0.9256139065660003 0.4848078452248389 0.9481594653031659 0.5058027821295726 0.9366712587993933
0 0.48774229892733606 0.9172119444471453 0.46574733870060175 0.8680673633663271 0.4125385645937974 0.8841104560856798 0.43453352482053165 0.9332551131281114
0 0.5441243458734126 0.8675170974399113 0.4845337191705364 0.8838208144543404 0.49567853509701953 0.911263238589958 0.5552691617998957 0.8949595215755289
0 0.5379292543771323 0.869198811595753 0.552966669529473 0.8918267886832997 0.5887687631047431 0.8757981286704651 0.5737313016785918 0.8531702275445318
0 0.49618490940698445 0.8002366811945784 0.5276660008173806 0.8715171600322806 0.5676790574357942 0.8596119242717408 0.536197966025398 0.7883314454340385
0 0.6207534523964652 0.8403722149434116 0.5955150682335102 0.7767978138855398 0.5392059950868319 0.7918574315980865 0.5644444255235974 0.8554319086175716
0 0.6095960499934846 0.7744539423469586 0.5940879839130023 0.7382258739839375 0.567386144214367 0.7459262546427738 0.5828942102948493 0.7821543230057949
0 0.4838140225934657 0.8861658254171204 0.5271012752321834 0.8728422344138923 0.5065688913387273 0.8279019007418715 0.4632816387000095 0.8412254917450995
0 0.4250361028270707 0.8056497817167082 0.44019910510152105 0.8492092092213752 0.4823551481650398 0.8393232610259801 0.46719214589058944 0.795763833521313
0 0.49262367693920583 0.791891006631145 0.466192770401938 0.7983992457315651 0.4783162311499005 0.8315683399288271 0.5047471376871683 0.825060100828407
0 0.38021177301992515 0.8164030596122434 0.4061205258777957 0.8769278297827863 0.4493104184189016 0.8644725559806705 0.4234017118348417 0.8039477858101276
0 0.43881727656783076 0.8633478683348242 0.4333585864942665 0.8499066887542781 0.4288096858119314 0.8511512438258401 0.43426837588549566 0.8645924234063861
0 0.42546524614705744 0.7934353062286092 0.4171646962661107 0.8638360736232109 0.4779565910935131 0.8686648014545737 0.4862571409744598 0.798264034059972
0 0.43221145872820316 0.9231140098737943 0.41190914822130875 0.8805288660207297 0.34021551379477827 0.9035551098465697 0.360517778027862 0.9461403296612476
0 0.34978165239705744 0.9465450531366677 0.37973020147246966 1.012607272990238 0.42476683552288663 0.9988526757934039 0.3948182864474744 0.9327904559398336
0 0.37779359622287245 0.9968585315222465 0.3273153934088324 0.911814492017346 0.2493266697812026 0.9429997727228532 0.29980487259524263 1.0280438122277535
0 0.2522610772098891 0.8703351973300405 0.21089946292764405 0.889989884951579 0.2273192156255923 0.9132684732566506 0.26868082990783737 0.893613785635112
0 0.31709596114776817 0.9027218869107809 0.2922662672804919 0.8558482542198196 0.2101799051720053 0.8851417869088364 0.2350096453130923 0.9320154195997977
0 0.31020222765826383 0.918609258322962 0.37250454593915844 0.8965274452347153 0.358281549854293 0.8694929349622744 0.2959792315733984 0.891574672088908
0 0.29707721655254926 0.8547840320181238 0.3135473614302976 0.8863270919220597 0.3483176878494598 0.8740960568022713 0.33184754297171154 0.8425530728599486
0 0.35182422467304775 0.7891038231176104 0.30248486661296436 0.8144144605388535 0.32778493376551837 0.8476399182531503 0.37712429182560175 0.8223292808319073
0 0.3955853674066528 0.8567255348912959 0.37350725314217686 0.823503039679916 0.32840939884026726 0.8436934085981254 0.3504874668309325 0.8769159038095052
0 0.38802436556754644 0.8576909310341475 0.3532041559805013 0.8703930800793404 0.3670228115078895 0.8959128398218731 0.4018430210949346 0.8832106907766801
0 0.24563240010779946 0.8739923692001789 0.3279573499840078 0.8383299110094509 0.2929058176175133 0.7838188698370411 0.2105809140151156 0.8194813280277692
0 0.3014404667065485 0.744990635452318 0.24018194677253127 0.7701306630901914 0.25701288855193327 0.7977598008711886 0.31827140848595054 0.7726197732333152
0 0.29898156895612205 0.7230785965696951 0.23268929135175795 0.7527576344459785 0.24488729920868083 0.7711128467495721 0.3111795768130449 0.7414338088732887
0 0.12355746022673426 0.7468254882204807 0.17709977596071835 0.8357175911296282 0.25264589021927125 0.8050624465230243 0.1991036207590978 0.7161702676522635
0 0.3860143237804445 0.811002036986621 0.43637091902009095 0.7884573897888145 0.4162920184710244 0.758243202347153 0.3659353769575673 0.7807878495449595
0 0.4037818474874431 0.734067887197612 0.34602861498412624 0.7625095863555927 0.3623511464058946 0.7848384266101431 0.42010437890921154 0.7563966514905491
0 0.42601599704143767 0.7735202981584475 0.452858786767319 0.7612802236066817 0.4337620015755307 0.7330664092884646 0.40691921184964935 0.7453064838402302
0 0.4275387293285633 0.7679776830857187 0.44009406355134095 0.8030154329690417 0.47834927065070604 0.7937803998376245 0.4657938901541177 0.7587425739926882
0 0.5238160660449441 0.7874907782601509 0.5177228694797195 0.7584836968147168 0.48068119306470336 0.7637256558221842 0.486774389629928 0.7927327372676183
0 0.4914956602569418 0.6918173542509334 0.5101783411172053 0.7399118419901214 0.5426229920868082 0.7314210807453718 0.523940264952734 0.6833265930061839
0 0.49926415386301176 0.7051136750350031 0.4614458178100123 0.7128738374834708 0.47188153386206405 0.7471357154490121 0.5096998699150634 0.7393755530005445
0 0.5029537961553497 0.7032189645155958 0.4309136171608463 0.7162274667470442 0.44209785837400495 0.7579539405238799 0.5141379910946977 0.7449455142540448
0 0.5169179828172384 0.6853996613935127 0.5551551894042599 0.7525275467194306 0.5922744207259287 0.7382833769251711 0.5540372141389073 0.6711553396760268
0 0.6282031657209534 0.7238331992357654 0.5901440670311315 0.6613565954126478 0.5537528615724507 0.6762912562713908 0.5918119602622726 0.7387678600945085
0 0.5840788661213514 0.7820784373541537 0.6435178072729103 0.7576851123745721 0.6230477542024024 0.7240821254424005 0.5636088130508434 0.7484754504219819
0 0.6743459752150066 0.6853526411549082 0.6436607008002038 0.6384151247471997 0.6056992398508576 0.6551341239012912 0.6363845605394712 0.7020716403089997
0 0.6925084921697309 0.6684099350497822 0.670518529514547 0.6399115685283137 0.6464032107361164 0.6524473616404791 0.6683931733913002 0.680945804123561
0 0.7012422111921911 0.7068402825042781 0.6806205188441765 0.677219811031814 0.6547384197012415 0.6893590845227909 0.6753601120492561 0.7189794800336419
0 0.748121746025635 0.6357474668321211 0.690721305054729 0.6660346154033137 0.7146399601378886 0.6965734627800249 0.7720404011087946 0.6662862762280258
0 0.6615235485571456 0.6270338342140829 0.6894791308815864 0.6661762078504201 0.7322844417823635 0.6455804318022713 0.7043288594579227 0.6064380961467408
0 0.7052903366956501 0.6078325614620605 0.734938800108984 0.648715367581285 0.7556249518752369 0.6386088268609987 0.725976488461903 0.5977260967033875
0 0.8321982984564538 0.6444231566243388 0.7794075619550797 0.5740122863351742 0.7260247057726024 0.600975886441642 0.7788154422739765 0.67138671875
0 0.8498437981247631 0.6763024985901525 0.8068691250769996 0.6358423428870761 0.7556748350431198 0.6724746409750311 0.7986495080908832 0.7129348346589142
0 0.8554699531190769 0.5926016123308183 0.8255537494373104 0.558224994348456 0.7860377660929208 0.5813922229284965 0.8159539697746873 0.6157688409108587
0 0.8592873574026251 0.6352209009290409 0.845943933910633 0.6133167240733899 0.8265352169612395 0.6212819069160315 0.8398787330008529 0.6431860457908759
0 0.8504111150433568 0.5815422850954807 0.8850528002689063 0.6241922242046515 0.9154954148206501 0.6075343361684233 0.8808538221427218 0.5648843970592525
0 0.8719029864006823 0.5256502617941039 0.8383320771536201 0.48891100975468654 0.765428336304729 0.5337896625967448 0.7989992455517911 0.5705289526169687
0 0.6885337569299659 0.5974063362923927 0.7791025249952616 0.5572877040025086 0.744422941518788 0.5045447073594042 0.6538541271796816 0.5446633016684816
0 0.7425643076401394 0.5877943816360065 0.7144999355868555 0.5520904863852482 0.6744539320152577 0.573296386111057 0.7025182577947309 0.6090003193426221
0 0.7791450969010614 0.4832224344420893 0.7448533342316622 0.5019865101290254 0.7692307478736259 0.531999437276369 0.803522510543025 0.513235361589433
0 0.8741472662173048 0.5359426426012174 0.825999273686268 0.46275902150503656 0.7443026758849033 0.4989688590808766 0.7924506684159401 0.5721524801770574
0 0.9120545868081881 0.48537647790914745 0.8521607278241091 0.48537647790914745 0.8521607278241091 0.5463596764156814 0.9120545868081881 0.5463596764156814
0 0.8473288165158264 0.4104201786252528 0.7749134494645565 0.43857474288513143 0.7964487256562737 0.4758902777035042 0.8688640927075436 0.44773571344362556
0 0.7378900049309373 0.49967929006883943 0.8000232849815201 0.4705375666639118 0.775109372778857 0.4347518227748717 0.7129760464544637 0.46389354617979933
0 0.7004596285064443 0.5104383790277885 0.7360319726118272 0.4926661341251167 0.7157114764973465 0.46526533695356254 0.680139086118153 0.48303758185623447
0 0.6193016115872584 0.4988396483767307 0.65448423765933 0.5442183185380367 0.7067787800890827 0.5169040036631728 0.671596154017011 0.4715252955210602
0 0.6173733356235784 0.5868471403187228 0.6630609033684373 0.56584736243048 0.6304558673711145 0.5180585442230281 0.5847682996262556 0.539058322111271
0 0.5849334508564727 0.5409997110420232 0.6509321211322499 0.6293833648928516 0.6956795438660918 0.6068726345553632 0.6296809661379359 0.5184889807045349
0 0.6559486649450341 0.6197022092067906 0.6197045176566054 0.5775583263651214 0.5897304717115239 0.5949246324065611 0.6259746189999527 0.6370684772674238
0 0.5520786751030611 0.559892503682619 0.5837416225893196 0.6001745673834202 0.6180371797111922 0.5820137408481448 0.5863742322249337 0.5417316771473436
0 0.5795965071787339 0.5871871444996499 0.5313338018710908 0.6188777598373327 0.574603840652246 0.6632719674908603 0.6228665459598891 0.6315813521531775
0 0.5416313443245356 0.5560964739834513 0.4997368871126327 0.5855704914655608 0.5328100752523218 0.6172407490908914 0.5747045324642248 0.5877667695895885
0 0.5751855949997631 0.6617334409760034 0.5470410767064301 0.6201523957077435 0.5229018343678924 0.6311596512571951 0.551046398935036 0.6727407345062617
0 0.48844052445626424 0.6271110491939561 0.5141595084166509 0.6815092114090697 0.5473514814282837 0.6709371019611465 0.5216325437417078 0.6165389777268396
0 0.48993993474282127 0.6532957009373055 0.45722282357609934 0.6711981060642891 0.48148362721521987 0.701067427781775 0.5142007383819418 0.6831650226547915
0 0.43850238328634383 0.7186826980106565 0.481856871771939 0.6983485337585563 0.4598821794742703 0.6667847363342019 0.41652769098867515 0.6871188246246889
0 0.3873018925618366 0.735125044969275 0.41830997307974793 0.7215512364119866 0.39472074125462 0.6852481939366832 0.36371266073670866 0.6988220024939716
0 0.3684842772697119 0.6960509228424471 0.3346824617074962 0.7119046432599564 0.36066950985298996 0.7492317242435439 0.39447132541520563 0.7333780038260346
0 0.3065740832602824 0.7271306928671437 0.3334107648431577 0.7644810181043871 0.3674642636615097 0.7479973480281581 0.34062758207863436 0.7106470227909147
0 0.3636983158554066 0.6992663779315106 0.34321701824891016 0.7087223833958852 0.35532493099649354 0.7263899152146858 0.37580622860298996 0.7169339097503111
0 0.3771630692789282 0.7214126824294104 0.35935760104719483 0.7282327439522402 0.3685965375343537 0.744482376298032 0.386402005766087 0.7376623147752023
0 0.37326848027921244 0.6546625542062072 0.28738988684017247 0.6989691401388457 0.3088221575293783 0.7269552215405258 0.39470075096841833 0.6826486356078874
0 0.37080972135021795 0.6596526245041225 0.34508661902068327 0.6248159450110843 0.3129433956536676 0.6408054847930927 0.33866654425701287 0.6756420883245178
0 0.3746661807299564 0.6566098301619866 0.39946783266797764 0.6939306063316739 0.44897456310118933 0.6717664508546594 0.42417291116316813 0.6344456367041653
0 0.45322212872855855 0.6536403387766413 0.4983472383049422 0.6258618604639857 0.474420022566812 0.5996764111236971 0.4292949129904284 0.6274548894363526
0 0.44763785153288477 0.6458809359443062 0.4611379118739338 0.6696251689386279 0.5033065414139499 0.653473147265868 0.48980648107290087 0.629728952252353
0 0.3834584361228914 0.6072807383225731 0.41974728391240995 0.6415789259392501 0.4709291262912244 0.6050972217495721 0.4346403247755165 0.5707989961520885
0 0.3315795250604151 0.6340359377430772 0.42413325450743933 0.5757948395326112 0.3975316901564869 0.5473155013952629 0.30497796070946265 0.6055565996057288
0 0.2941760799937216 0.7008148554177038 0.40955552339011564 0.6484594529062305 0.38153774906415844 0.6068628355072534 0.2661583056677644 0.6592182000379201
0 0.5038939874401772 0.522039806316117 0.45830762051921436 0.5576746144796204 0.4956291609410538 0.5898391923032047 0.5412155278620167 0.5542043841397013
0 0.43530453905361544 0.5740489378135696 0.48972860224957354 0.6196309951943645 0.5128938734215077 0.6009975734822262 0.45846981022554967 0.5554155161014313
0 0.5332644377991139 0.501230692077143 0.4931988604056103 0.5318479318387329 0.5310358448043025 0.5652043853550871 0.5711014221978061 0.5345871455934972
0 0.49278225728831027 0.5279941713134918 0.5393324614113438 0.5060247434320551 0.5202487254341595 0.47878365555236857 0.47369852131112583 0.5007530834338052
0 0.4402646288174043 0.5591825664451423 0.4950710987845906 0.5259332947650902 0.4723979495889405 0.5007554002630095 0.4175914796217542 0.534004633962255
0 0.4408089476521039 0.5202004718127723 0.48029832355536867 0.4966279120644057 0.45748005968951383 0.4708757477661209 0.41799068378624904 0.49444826953368076
0 0.37202667629655517 0.5146401197033487 0.40150239957472517 0.5486898368830702 0.4455720960777578 0.5229889086929255 0.4160963727995878 0.488939191513204
0 0.3975480248116471 0.5552536798843924 0.42556260624466924 0.5736488100157514 0.44264870181600646 0.5561188066977482 0.4146341666567949 0.5377236765663892
0 0.35825364674646987 0.5259307500510462 0.3173875324286865 0.5527645697412686 0.343497483815272 0.5795528884251517 0.3843635981330553 0.5527190307541225
0 0.20744040303378505 0.5788043626881417 0.2092494313874147 0.5936527691350342 0.2191579499147081 0.5928394861227247 0.21734892156107846 0.5779910796758323
0 0.24791508718726307 0.5550715619166148 0.2395754359363154 0.5550715619166148 0.2395754359363154 0.5706285003111388 0.24791508718726307 0.5706285003111388
0 0.24707683710730194 0.6392634640440261 0.3493104924569987 0.5903757091776214 0.32099041132605194 0.5504781631631145 0.2187567559763552 0.599365842067906
0 0.26759399691705366 0.6611356990413036 0.32755180630745356 0.6339393905326307 0.3098231526014026 0.6076082847989266 0.24986534321100265 0.6348046312884061
0 0.25489007748827236 0.6548848938482031 0.17149351870498483 0.6891101583161559 0.1965124724578279 0.7301804756776992 0.27990903124111544 0.6959552112097465
0 0.23021470677952047 0.7578367317546282 0.302179875926957 0.7266310173751556 0.2804199403845243 0.692824225434622 0.20845481751089842 0.7240298638524814
0 0.15034990404662624 0.5789833282489694 0.13966120907173996 0.5895110381339452 0.14622357580316528 0.5939996098611543 0.15691217823043024 0.5834718999761784
0 0.14785954010495642 0.5992828160246189 0.17055341996777862 0.604498302409867 0.17375806645067285 0.5951041296986815 0.15106418658785065 0.5898886433134334
0 0.18426092580198067 0.5638986052232421 0.06897713037220432 0.6223079584070668 0.13547528016015922 0.7107286055635501 0.25075907558993554 0.652319290360532
0 0.34412588216392626 0.5370045099929022 0.29428533246067096 0.4656154820098592 0.2438422977427265 0.4893406866200607 0.29368284744598183 0.5607297146031036
0 0.21002192638243936 0.5908114249912492 0.21933425313329227 0.5929952833915098 0.22165164557074488 0.5863380835674976 0.21233922627227067 0.5841542251672371
0 0.29585799418949016 0.5702093441292003 0.2762308648538192 0.5366476043530258 0.23107706551483131 0.5544371305227132 0.25070419485050227 0.5879988702988876
0 0.19522420956927597 0.49882073393503035 0.2305690253476829 0.5558412809437228 0.26726443483759005 0.5405175826826968 0.2319196190591831 0.48349703567400437
0 0.1582771630970432 0.5147446049023802 0.18098557293641016 0.5506907417378073 0.2165481995415561 0.535555580200879 0.19383969715456786 0.49960948134625854
0 0.17225166881870735 0.5372744395856021 0.12554964032292457 0.5564405800914942 0.143593650048569 0.5860609756023452 0.19029567854435178 0.566894835096453
0 0.1865049279757392 0.5650280024891101 0.10705075903857089 0.597635360556355 0.12843064777411864 0.6327317907859171 0.20788472416366566 0.6001244706994788
0 0.04947225644427597 0.5012042574357304 0.07982963463679871 0.5439189158393941 0.1511508111613912 0.5097710562553477 0.12079334042124716 0.4670563598708774
0 0.1093520481899166 0.5302170739829651 0.07133302262011941 0.5489402823219703 0.09307403217399546 0.5786814947787026 0.13109305774379265 0.5599582864396975
0 0.07145000281344768 0.5433368599778313 0.009092433602634571 0.5766051980228104 0.0475982596604909 0.6252281507054099 0.10995573632368272 0.591959812660431
0 0.045489006823351025 0.5830740510267579 0.0 0.5830740510267579 0.0 0.6397013067828251 0.045489006823351025 0.6397013067828251
0 0.09265044171128696 0.6637688324031581 0.07592653125592305 0.6408909416080041 0.011706718809230477 0.6725173314016801 0.02843062926459439 0.6953951462352209
0 0.05868472431174185 0.615769524565378 -0.007104510697024261 0.6492859912200529 0.028646357769854056 0.6965619925764235 0.09443559277862017 0.6630455259217486
0 0.08243559055747726 0.6711322473455974 0.03144148102847801 0.6939623582860143 0.04934731715551554 0.7209065502002956 0.10034142668451479 0.6980765152214919
0 0.14414088413333964 0.755994890518046 0.11072212317570129 0.6977071138962352 0.06066487321716262 0.7170417752411326 0.09408363417480099 0.7753296278245566
0 0.17149351870498483 0.6934661010666225 0.12509476876421532 0.7125077784691972 0.14313877848985973 0.7421281739800483 0.18953752843062927 0.7230864965774736
0 0.022977538322119028 0.7972260186148491 0.0702228213549564 0.7763454624786092 0.05147767085031274 0.7477720458832452 0.00423238781747536 0.768652602019485
0 0.054974860364148975 0.7322163228745333 0.03586636789826573 0.6941266632554838 -0.0032188062689537528 0.7073362358772168 0.015889778744550796 0.7454258954962664
0 0.020419336974033357 0.7363117932531503 -0.009929249194465504 0.7534908918987243 0.005685848210054966 0.7720749005814406 0.03603443437855383 0.7548958778974798
0 0.0126331204984837 0.7909692124543015 0.08585485497417551 0.7777967850614499 0.07537300393290372 0.7385439252586341 0.002151176909590599 0.751716428613099
0 0.02350265352539803 0.6689483509645302 0.0 0.6689483509645302 0.0 0.7050404480398258 0.02350265352539803 0.7050404480398258
0 0.05162593213964178 0.5047986090517074 -0.020362420186931386 0.5512240302436605 0.010575879424516679 0.5835432279310244 0.08256423175108984 0.5371177687582647
0 0.06137008609149924 0.49834965799043246 0.024462094715456784 0.45523969535139236 -0.007402791680487112 0.47361834181267504 0.029505199695555345 0.5167283044517151
0 -0.029120849424279758 0.4449086500831324 0.023462672952994694 0.5191835357153275 0.09061022939963988 0.48715800562480555 0.03802670702236543 0.41288315797341707
0 0.06779002203373768 0.45398082151573194 0.1399502352930724 0.4210764155598553 0.11269977329534685 0.38081622880367144 0.04053956003601213 0.41372063475954807
0 0.08995906433614481 0.481205045917276 0.13701925212637414 0.4587768858533953 0.11651199491210197 0.42978845298401525 0.06945189966949393 0.4522165750670893
0 0.1966641580091452 0.4230242612277341 0.155420773313116 0.35532047293092717 0.09355574254288286 0.38070938879462896 0.13479912723891205 0.4484131770914359
0 0.14242190461523882 0.4944402555834824 0.19349060752700908 0.475577885568995 0.17256660837400492 0.43741325183766333 0.12149790546223464 0.45627562185215076
0 0.19976542879904283 0.5044909645180266 0.19069622464935557 0.4784374984807677 0.14974177362703753 0.4880417050526019 0.1588109777767248 0.5140951710898608
0 0.18985246798592684 0.506332881716222 0.16061704460647272 0.5249964222080157 0.18453958668972706 0.5502417326418598 0.2137750100691812 0.5315781921500661
0 0.16533937953113154 0.5299223809043443 0.27151954309609555 0.48549250927339377 0.22656772894060367 0.4131201202259645 0.12038761164945035 0.4575500298377217
0 0.2394338843495309 0.4275356594197262 0.22154975063968915 0.43145007529315105 0.2243809674706217 0.44016454348893513 0.24226514745427408 0.43625012761551024
0 0.284985777281558 0.43272357173936293 0.21929741918001328 0.4604984798561956 0.23936910101461809 0.4924784709595714 0.30505750538997345 0.46470360082354545
0 0.22917331467079702 0.4098729131825607 0.2545146580624526 0.45320578517569615 0.29261933645576665 0.4381934535674004 0.26727799306411104 0.39486058157426496
0 0.39313586323978866 0.5091184320550716 0.3658793856466784 0.45505355141811216 0.3107907379821361 0.47376358041721767 0.3380472155752464 0.5278284230733704
0 0.34698153156688305 0.4653420961637562 0.33024841262319937 0.432379769477773 0.29418019836286957 0.44471487200772014 0.31091331730655325 0.4776771607128967
0 0.33820028934088325 0.42818247255658837 0.30413600872464935 0.3697218832646235 0.2616959370113486 0.38638170832198976 0.2957601713537718 0.44484225963314794
0 0.22637472087637414 0.4092389755391451 0.1773402146808662 0.3421611109355554 0.14980155939039994 0.3557231454427894 0.19883597303828657 0.4228009720655725
0 0.24374415099033359 0.40150566552096295 0.19642612552715125 0.33246050907650126 0.1493083731164708 0.35421439588032827 0.19662630603203185 0.42325951434398335
0 0.27058124903750475 0.38279119276748214 0.2380327596367987 0.32514244321717484 0.19980929637154093 0.3396812681092486 0.23235778577224697 0.3973299796787492
0 0.2954083052975739 0.3590681150824518 0.2782026844733226 0.31468442811235997 0.23783438381053354 0.32522698849272713 0.2550400046347849 0.3696106754628189
0 0.3296122865481662 0.33920559648704884 0.3074952097351213 0.2968478057424549 0.2738229145689206 0.3086925760588441 0.29593999138196553 0.3510503668034381
0 0.278392777287481 0.3154512605981643 0.24580819431446646 0.2579496866735376 0.2164836938495072 0.2691446053885345 0.24906832309633245 0.32664617931316114
0 0.2194086614208207 0.2701928756514468 0.16345714600905042 0.28550096380094897 0.18688400303260044 0.3431860609831985 0.2428354721705601 0.3278780487953096
0 0.17366098399592494 0.30941838927349097 0.14279977655302312 0.31575092916245334 0.153190930925417 0.34986642909925325 0.1840520458206975 0.34353381324867766
0 0.1320893328871304 0.30028719566739265 -0.0014181072012414708 0.3524325643182172 0.019353836209960198 0.38826077074906656 0.15286127629833207 0.3361154780598553
0 0.028872266513457163 0.41019635773179836 0.16505784966712472 0.36051677900882856 0.1335750923995451 0.3023755323389857 -0.002610583301743745 0.35205511106195553
0 0.04692914035846285 0.413436766210816 0.08753672289613343 0.39368560734044417 0.068177333828895 0.3668714617080546 0.027569751291224413 0.3866226205784264
0 0.029567854435178165 0.35780958307405103 0.0 0.35780958307405103 0.0 0.42750466708151835 0.029567854435178165 0.42750466708151835
0 0.016294674587755877 0.2741286747190028 0.05681646548047763 0.33553118133070164 0.12324872136206406 0.3059960147499222 0.0827269304693423 0.2445935081382234
0 0.04397270659590599 0.3490976975731176 0.04397270659590599 0.28873677660236463 0.0 0.28873677660236463 0.0 0.3490976975731176
0 0.177906976313732 0.19179243884178593 0.07820431331145754 0.24233714437811138 0.12879907985452996 0.3095719836554916 0.22850178913061506 0.25902720215755287
0 0.1818066554326194 0.17538511018687772 0.22555386974921815 0.1477643281833385 0.19407236187452614 0.11417288741638146 0.15032510128411675 0.14179366941992066
0 0.19970295915466263 0.21622435232090076 0.24242719833917742 0.19734189045970754 0.21886198262177786 0.16142108682230086 0.17613774343726307 0.18030347272188083
0 0.24613100041757488 0.20245425895496266 0.26857643619100646 0.2366681291809272 0.2917243546839462 0.22643769506942285 0.2692789189105146 0.19222382484345832
0 0.2194621539459344 0.2128921442322651 0.24581902238615902 0.248947627809972 0.27179681576952236 0.2361543248288737 0.24543994732929778 0.20009884125116678
0 0.3133316329250379 0.16901967891937617 0.2798568343827 0.1299754856681705 0.2509922030480004 0.14664738862204418 0.28446695531652766 0.18569158187324986
0 0.29593374441752746 0.22798153889720754 0.3512712063619456 0.19929516738293404 0.323977802267935 0.16382534784341943 0.26864034032351686 0.1925117193576929
0 0.35163001348974127 0.2007467178506145 0.299166016365381 0.222277505396313 0.31554208658607374 0.24915994051901835 0.36800608371043403 0.22762915297331984
0 0.2600360028756397 0.2731192208404636 0.3075282029621162 0.2543008705808572 0.2918783076519854 0.22769296072845363 0.24438606129169826 0.24651131098806006
0 0.34207734056636185 0.28711887020165683 0.31963606943588896 0.2502799945064561 0.2965883337430108 0.25973865862729467 0.319029558599673 0.29657745836088206
0 0.26505865483143004 0.27045061340521936 0.2800781157452379 0.2998474538882623 0.30990357648431577 0.2895815457033681 0.2948841618443186 0.26018470522032516
0 0.33724436496043403 0.2943659119525902 0.30886833879240905 0.30717577456537803 0.32953338970100454 0.33801497416089765 0.3579094158690296 0.3252051115481098
0 0.33217918737265445 0.2867608631183883 0.3536262194074583 0.3263685396167159 0.39006434651014027 0.3130761688365355 0.3686172682015258 0.27346849233820786
0 0.4235541840409401 0.2943575561751322 0.3973186918060557 0.2552054214714919 0.36460616174658833 0.26997289081946174 0.3908416539814727 0.30912502552310206
0 0.3698294569453658 0.22632033437694463 0.31737203070211806 0.2539993029762368 0.34119216884239956 0.2844122819597853 0.3936495950856473 0.25673331336049315
0 0.3949939418327094 0.2494260340502489 0.4243962285733747 0.29568073151641255 0.4611107491470811 0.2799583487282203 0.43170846240641586 0.23370357530044336
0 0.42955969173497915 0.2349258736193217 0.45670761096829987 0.27543962024054913 0.4894200947539566 0.26067215089257934 0.46227222179444655 0.22015848023296516
0 0.45952786090610787 0.279751125447262 0.43762614240783737 0.24499640853492533 0.4034503881817428 0.2595054564746033 0.4253521066800133 0.2942602493485532
0 0.45988518727196265 0.22213849564405724 0.41418790202686695 0.16934996001380678 0.3522065851704653 0.2054967494506456 0.3979039166893717 0.2582852850808961
0 0.33269921245676176 0.17137464085349252 0.35451166877428447 0.2046237226295115 0.41224588274142343 0.17910745712118856 0.39043338015009005 0.14585845130678282
0 0.3677611101568423 0.15595230643765556 0.3481658634767106 0.13182712595286247 0.3168484425345906 0.148963686095014 0.33644368921472234 0.1730888665798071
0 0.27315703443363815 0.18968480792042627 0.24840563585398504 0.15582560246674704 0.22287382945768575 0.16839930042392656 0.24762522803733888 0.2022585058776058
0 0.26685500416094105 0.03005823824964997 0.32666427461914804 0.08942345439386279 0.3621050160070366 0.06536891820939639 0.3022957455488296 0.006003702065183572
0 0.36556106810320316 0.11397189298771002 0.41195824473441056 0.18605581780880523 0.46317821673320225 0.16384570555577163 0.4167810401019949 0.09176178073467642
0 0.3755875848476592 0.11997513928321406 0.3482941807536486 0.13117613492727132 0.3616376042456406 0.15308027380211575 0.3889310083396513 0.14187927815805848
0 0.47540306340030325 0.16093364115004666 0.4311511869047337 0.17802599163328406 0.44613376759145185 0.2041581539018746 0.49038569036083207 0.1870658034186372
0 0.43010900814122915 0.17859646334882545 0.47091987152909404 0.24450972247880368 0.5374162166384334 0.21677279516859832 0.496605306976758 0.1508595360386201
0 0.5247798569732042 0.2435115868806394 0.4970198740463893 0.20363789281269445 0.4611768744225028 0.22044903340366365 0.4889368573493177 0.26032265150999534
0 0.6260841028359553 0.1946700926367066 0.5719048280983463 0.1215424552494944 0.5273499506906274 0.1437809771458852 0.5815292254282364 0.21690853857148412
0 0.5143323873732468 0.17419160131942285 0.5457547110441149 0.22792266864693528 0.579743287706122 0.2145320035392035 0.548320964035254 0.16080086025007778
0 0.44793599369491566 0.12130120116579807 0.4711511017609221 0.16576183725011667 0.5171760055854341 0.14957191073234288 0.49396094379323824 0.10511127464802426
0 0.49141481990973274 0.11122003162433883 0.5179225872464935 0.14851794334843652 0.5633173343175465 0.12678342675598941 0.5368095669807856 0.08948543907027846
0 0.44882801394285443 0.12252524660178127 0.49800532111803447 0.10436153352520224 0.4760599664163192 0.06433394122880368 0.4268826592411391 0.08249773026699596
0 0.5131285741891347 0.09398327811430461 0.5593258942321361 0.07376032166400902 0.545285679699346 0.05215288885053671 0.4990884059301554 0.0723758453008323
0 0.538902392615144 0.054302146735959865 0.5266351591374858 0.03863962169901213 0.49172739950068706 0.05705856579612632 0.503994679252156 0.07272109083307406
0 0.5610310841546626 0.0 0.47384382107657314 0.0 0.47384382107657314 0.05724953329184816 0.5610310841546626 0.05724953329184816
0 0.5812095196704417 -0.01187112899618855 0.5269726340385709 0.017806693494282825 0.5842421201253317 0.08831555426454574 0.6384790057572024 0.05863765581246111
0 0.6001966359309846 0.10778838978395301 0.6556361316278905 0.08379545846783602 0.6388932489101592 0.057732573190533605 0.5834537532132534 0.08172550450665059
0 0.6457922576140779 0.08686992880269913 0.603335851245617 0.10429369980456596 0.6224412433661866 0.1356565028002489 0.6648976497346475 0.11823273179838208
0 0.62804750062192 0.13229026390887524 0.6676107758007961 0.19001995055810517 0.7121369171721 0.16946261108626323 0.672573641993224 0.11173300039864655
0 0.6822019263232089 0.1814275526748211 0.7041780068351972 0.2066802313851509 0.7304264094632534 0.19129147200237243 0.7084502826774545 0.16603879329204263
0 0.6821834630727587 0.18207839177718574 0.6597422382160965 0.19128812969138922 0.6752084727717494 0.21667700757428437 0.6976497439022223 0.20746734562169414
0 0.6680396414779188 0.21831033418248288 0.6514698228120261 0.18770973001419572 0.6160868311398313 0.2006171273384023 0.6326567423533453 0.23121780746830273
0 0.5880152866458965 0.21370576907183417 0.6070924054681577 0.2434562868261901 0.6345585034235216 0.23159115879744865 0.6154813846012605 0.2018406410430927
0 0.616430738100597 0.27638359520846295 0.6104311071805109 0.23895799201248444 0.5799347687346 0.24225153563997356 0.585934445928497 0.2796771388359521
0 0.5963608609446076 0.21854384018162726 0.5742229146429587 0.22762915297331984 0.5854435270712898 0.24604855284011357 0.6075815196467494 0.23696331601003423
0 0.5270701329576146 0.2504965610658447 0.5441752470651299 0.2879354575441428 0.5795693907256918 0.2770413468176338 0.5624642766181767 0.23960245033933572
0 0.5481499823048948 0.28544384066778156 0.527210111234837 0.2576800229464841 0.4954200495907174 0.2738327282737632 0.5163598743869645 0.3015964700334474
0 0.4630780802069513 0.2939639230952474 0.4900915740203279 0.3327653430304916 0.5238117625805534 0.31694990726606254 0.49679826876717686 0.2781484873308183
0 0.6749274981934704 0.21379517589063474 0.6383067746339557 0.22998008894193372 0.6569788125177691 0.25844214581226665 0.693599536077284 0.24225723276096764
0 0.6480667079552455 0.23621653739012913 0.6080363912054587 0.2526446795270691 0.6222896040886798 0.27604229968011046 0.6623199208384667 0.2596141575431705
0 0.6234829593915845 0.3232615577113799 0.6710516963608795 0.321309344250739 0.669038137764168 0.2882557117056238 0.6214694470686837 0.29020792516626476
0 0.5745217046383387 0.2872909232556783 0.5919814612306908 0.31754453477461886 0.6254189630816432 0.30454431235901525 0.6079592064892911 0.2742906248784614
0 0.567399563619456 0.3166148405899969 0.5484458107763931 0.28550096380094897 0.511751326762699 0.30056004978220285 0.530705079605762 0.3316739265712508
0 0.5814130318896892 0.3098958839744088 0.5358154204327379 0.3297095592524891 0.5622605330298759 0.37070923231370567 0.6078581444868272 0.3508955570356254
0 0.5631868421715077 0.3638832078042354 0.5374979824618555 0.3248760458394913 0.4912740087039187 0.34538408622433103 0.5169628221397602 0.3843912861698818
0 0.5693707354056103 0.37523335407591785 0.5625473843821076 0.37523335407591785 0.5625473843821076 0.39763534536403233 0.5693707354056103 0.39763534536403233
0 0.5865049094662149 0.39962664107469276 0.5801364762752322 0.389172386069734 0.5722516965829938 0.39240819887114964 0.5786201760477871 0.4028624918569151
0 0.46354692645647744 0.38399324731642814 0.5053374064158453 0.3646989595689756 0.49300677781759383 0.3467064259878656 0.4512162978582259 0.3660007517161248
0 0.4567568463028336 0.40487372749105477 0.5101849582721285 0.38051097706080816 0.49892001553319276 0.3638679775007779 0.44549185729008717 0.3882307279310244
0 0.34606572658026913 0.4322714102364655 0.4157290050168215 0.39761779823137056 0.3853724597528905 0.3565060817906036 0.3157091813163381 0.39115973177650515
0 0.40970433996517247 0.39937771486805773 0.3633055437505923 0.418419430251439 0.3821076573161486 0.4492843808338519 0.42850645353072875 0.43024270343127724
0 0.34706140016406845 0.4611715757112438 0.3842470806778336 0.4472982125320862 0.3707977364332591 0.4230123352544532 0.33361200964568327 0.43688569843361075
0 0.39478024937511846 0.500599754917451 0.4508406470633529 0.47615511786811604 0.4342710597665135 0.4505549907387601 0.378210662078279 0.4749996657689017
0 0.3793164210576194 0.4769895941705235 0.4389715071787339 0.45207809704612634 0.4252851484759998 0.42999833492143746 0.3656300160810747 0.45490983204583463
0 0.4436724636028715 0.4605851900377256 0.512874299599602 0.43894718267491833 0.48827717790466263 0.38595130982128967 0.41907534190793216 0.4075893171840969
0 0.4809004383795726 0.4620171424091864 0.5018953752843063 0.4878655880522713 0.5267393677590742 0.47427123187859754 0.5057444308543404 0.44842274825470596
0 0.47775122792183944 0.45502848408573815 0.4558814846267295 0.466995362695434 0.4824750898822498 0.49973671704845984 0.5043447869035491 0.487769838438764
0 0.6022628078504075 0.348523275853687 0.5616725779917314 0.3707338058955935 0.5890826383623957 0.4044803982576229 0.6296728219472612 0.3822698682157164
0 0.6475588991571503 0.37454802840113566 0.5596826653122631 0.4174810384620994 0.5877523125799612 0.456186746764643 0.6756285464248484 0.4132537746844858
0 0.5516300042349791 0.4139390243976548 0.5258529003684136 0.4245177425059311 0.543896910094058 0.45413813801678204 0.5696740139606236 0.4435594199085058
0 0.5548007320146655 0.4137036573389857 0.5297900612739291 0.3679095910955974 0.504668981220977 0.37715256221559973 0.5296796982355241 0.422946628458988
0 0.5622918141258766 0.37054181291809274 0.5880604036112822 0.40438252171894445 0.62956273655172 0.3830922286408097 0.6037941470663144 0.349251519839958
0 0.7952468096983984 0.22434282569908992 0.7641543720236685 0.1787710231360843 0.6986127019018906 0.20889648741346453 0.7297051395766205 0.25446828997647014
0 0.6924943323836713 0.23820787108159613 0.7109931673942144 0.268574969250739 0.7352539710333349 0.25861852867824364 0.7167551360227918 0.22825143050910082
0 0.6906541154816622 0.24172831204787648 0.6531768636869788 0.261415207393435 0.6732243905924232 0.28712563078523645 0.7107015961132961 0.2674388114012912
0 0.7866565394889594 0.31250774808455195 0.748445801521631 0.32818918756320004 0.7631538859635614 0.3523335103745333 0.8013646702047005 0.33665214685749845
0 0.662360826887083 0.3933611752902341 0.7341209105057098 0.37667297857031734 0.7218123082413287 0.34101644538542314 0.6500522246227018 0.3577046041245333
0 0.7503786123187547 0.41205285955973864 0.8308123978274261 0.37366987417110686 0.8041745085351119 0.33606382416284225 0.7237407230264404 0.37444684753228064
0 0.6793213353363107 0.4023590562650708 0.7116229076833775 0.4461048555878578 0.7595772905906463 0.42225021238867066 0.7272757645173901 0.378504375085077
0 0.937112780752464 0.07848209554390946 0.9108389738023598 0.028163451768629433 0.8498077971000758 0.049632026753072496 0.8760816965978013 0.09995067052835252
0 0.9675443821372726 0.061297831508634104 0.9017386736519143 -0.025121796850692282 0.8126005992643575 0.020605043364965776 0.8784063077497157 0.10702474768590542
0 0.778620166793025 0.15432482887367766 0.9992418498862775 0.15432482887367766 0.9992418498862775 0.0 0.778620166793025 0.0
0 0.9975001962009572 0.13143508806685594 1.0024043872014783 0.09601259261239888 0.9849510163949962 0.09438465927874144 0.980046825394475 0.12980723069481176
0 0.9609395360476687 0.05709290044531736 0.8927296254560747 0.10446537305052116 0.9203079836760804 0.13121685035197572 0.9885179868152957 0.08384437774677193
0 0.9992418498862775 0.06533914125700062 0.9992418498862775 0.0 0.9294920394238059 0.0 0.9294920394238059 0.06533914125700062
0 0.9106551742264499 0.1718193960990977 0.9509379146133434 0.14855250588246732 0.9304672137094864 0.124675871796243 0.8901843807749715 0.14794276201287337
0 0.9900548326146702 0.06069036648743777 0.8525174989042361 0.08891246062149968 0.8799001189051838 0.17881325779305382 1.0174374526156178 0.15059116365899192
0 0.9663334890601308 0.23002665341085873 1.0259490573469485 0.19998102478900903 0.9988029890660538 0.1636946179070084 0.9391873282316149 0.19374024652885813
0 0.9040227489456975 0.2095331216941506 0.926500252469911 0.24223854620410704 0.9640462671472233 0.2248545031259723 0.9415687636230099 0.19214907861601588
0 0.9249226857171626 0.16002620371810827 0.8883470328492229 0.18146955944695084 0.9008462369396797 0.19583245724272713 0.9374218898076194 0.17438910151388456
0 0.9388958032245072 0.24766683904888767 1.0519256938850454 0.18006464940980865 0.9963187332673901 0.11742920985337585 0.8832887500592305 0.1850313994924549
0 1.0309652309692476 0.2597897048314017 0.99633150483913 0.2112272175929527 0.9160525515009003 0.249797942108743 0.9506862776310178 0.298360429347192
0 1.0329037334450815 0.27056630294220596 0.9975739566551365 0.2125699910304527 0.9144806301530516 0.24667083037589452 0.9498104994906179 0.3046670663260345
0 0.9631908494835102 0.06422660746927504 0.9048417028466168 -0.023832956158602987 0.8217178356295015 0.013272848645574051 0.880066982266395 0.10133233631183883
0 0.9992418498862775 0.2912258867454885 0.9620924943138741 0.2912258867454885 0.9620924943138741 0.33665214685749845 0.9992418498862775 0.33665214685749845
0 0.9992418498862775 0.33914125700062225 0.9673995451099318 0.33914125700062225 0.9673995451099318 0.3814561294337274 0.9992418498862775 0.3814561294337274
0 0.8601659119716641 0.3579742678515868 0.8348794030456311 0.3233830203309739 0.803995891625995 0.33859220646001864 0.8292824005520281 0.37318349196143824
0 0.8459067297668689 0.41800141349369946 0.8804783564430914 0.3919902200942167 0.844822441835671 0.36006389587060517 0.8102507226118272 0.3860750892700879
0 0.645189078492229 0.5452403060827629 0.7145348723138978 0.512565190256495 0.6537565357130165 0.42566719363769834 0.5844107418913476 0.45834230946396626
0 0.6413949962092494 0.0 0.5989385898407885 0.0 0.5989385898407885 0.018668326073428748 0.6413949962092494 0.018668326073428748
0 0.5978442604926791 0.000997527905258245 0.6341532373898313 0.06501622843905569 0.6834975930214652 0.046162252182832916 0.6471886623981236 -0.01785644835096453
0 0.6701746688275919 0.06011450149735532 0.6482108508754265 0.07150031174646079 0.6548224992151962 0.08009263366813162 0.6767863171673616 0.06870682341902613
0 0.6699993836328421 0.04036524166731487 0.5825914407517532 0.08202243845286247 0.622660720050109 0.13866329133770225 0.7100686629311979 0.09700601859054138
0 0.6828833081850597 0.13205683387134412 0.7141657461263268 0.11208652574673304 0.6976322061279853 0.09463882683669105 0.6663498144605288 0.11460913496130212
0 0.38610710277080174 0.09569309806705041 0.42172946886549945 0.08338222729173149 0.4044044153359553 0.049609466153935904 0.36878204924125757 0.06192026096764157
0 0.39653805262035635 -0.026848860089646858 0.33111567638243933 0.0067121960320084 0.36996022673426837 0.057724977029208153 0.4353826029721854 0.024163920907552892
0 0.8747419772318044 0.5459097177995683 0.933330729660254 0.6588138563705662 1.0070229762426555 0.6330515132161053 0.9484341312665845 0.5201474506067206
0 0.938569387764168 0.4705427320536131 0.9019159023467115 0.47979952818722776 0.9193738079866376 0.526369428367591 0.956027293404094 0.5171126322339763
0 0.8245908839852635 0.4736295841314367 0.8740212163570887 0.49971130788882623 0.897693509672337 0.4694870555334085 0.848263269848133 0.443405331776019
0 0.5801597982758008 0.4603896268644018 0.5266227114824203 0.48968456484326384 0.5422522925896749 0.5089272746553166 0.5957893331092446 0.4796323746572612
0 0.575349172920418 0.543220942556005 0.6090899070525729 0.5236044636259334 0.5776954864895281 0.48722602924947495 0.543954752357373 0.5068425461603532
0 0.5273446292024024 0.4907247072135579 0.5754973879359363 0.5460569314060555 0.6289265179290656 0.5147328308523258 0.580773712921721 0.45940060665982807
0 0.5020914374200388 0.4838851615369283 0.5496718816634287 0.4671480455380756 0.5383780640666461 0.44551854587595285 0.49079761982325626 0.46225566187480555
0 0.4580255816432904 0.3575730386103765 0.5300824192096285 0.32955786391081987 0.4936037562488154 0.2663488382127022 0.42154691868247723 0.2943640129122589
0 0.3499737349850739 0.3347374584338052 0.2948620892366376 0.36489399101100656 0.31772320265115617 0.39304004757020067 0.37283489467340314 0.362883552973806
0 0.4402698114841973 0.3561856757058961 0.4081848931186031 0.372215513123736 0.421126752481757 0.38966674424879433 0.4532116708473512 0.3736369068309544
0 0.7609279305759572 0.26863520681004976 0.8018344419304397 0.2554969621431627 0.789049080594911 0.22867886650688393 0.7481425229666177 0.24181703521215775
0 0.6810939462009572 0.30154398055868853 0.7496684481466783 0.2782063700801182 0.7387033597007676 0.25650056697748136 0.670128904028857 0.27983817745605166
0 0.6463987684502938 0.3212196335854854 0.6172858318476355 0.3331674078494477 0.6368460955269143 0.3652769135034225 0.6659590784033832 0.3533292152010734
0 0.6473435871161866 0.3741324044342136 0.6302677180570034 0.34960512114965775 0.6090394685989623 0.3595615617221531 0.626115383931956 0.3840888450067089
0 0.6503878485713609 0.36783302178943683 0.5850702825145707 0.29890385872841474 0.5314282467186315 0.3331482655229076 0.596745766501611 0.4020774665647363
0 0.7073657171033927 0.47061413597007234 0.6883303372583397 0.44327220904879044 0.6629381389487775 0.4551816606788659 0.6819735187938305 0.4825235876001478
0 0.8133058121386941 0.33398870481195553 0.834079051216594 0.300891090492766 0.8052654598950436 0.2887079111893279 0.7844922208171436 0.32180552550851743
1 0.8558620773905421 0.33552609190261357 0.9408937212732184 0.3260088613779558 0.9272224941065674 0.243720101509023 0.8421907576762699 0.25323733203368076
1 0.8465066234481615 0.2330093621169104 0.8857829084533738 0.1918172023277069 0.8458859065520754 0.16618934920951306 0.8066096215468631 0.20738150899871655
1 0.869684619918025 0.15835064245294025 0.7838265257771039 0.05133918804935439 0.7381246594247536 0.07604182871810827 0.8239828461132961 0.18305328312169414
1 0.7103917466771702 0.1311222021818606 0.7639323502801602 0.1945986127586341 0.8059186610062073 0.17074051330604387 0.7523780111294067 0.10726410272927038
1 0.6602920636342636 0.013576695098592098 0.7139405314898835 0.1107546907815417 0.7536954265186695 0.0959691425696173 0.7000469586630497 -0.0012088531133322962
1 0.7186467168546247 0.3046447336117377 0.7732753102936647 0.3281314567371266 0.7998128316906747 0.2865484744477287 0.7451842845254454 0.2630617513223398
1 0.6576622767010993 0.30093833861621033 0.690058016252843 0.34820925054449287 0.7384116033246068 0.32588474010189794 0.7060158174990523 0.2786138281736154
1 0.9621524651724791 0.40976922558046824 0.8772644551980667 0.3951008861377956 0.8631069828290845 0.4502970251001478 0.947994992803497 0.46496536454282045
1 0.9583100730311789 0.42254551316019756 0.9471486448066717 0.5003468787069267 0.9907758711322499 0.5045633559354582 1.001937299356757 0.42676195240792236
1 0.9391564173260993 0.3324430379054527 0.8645861714603866 0.36687138574644135 0.8968469765802691 0.4139453292115549 0.9714171298983605 0.3795169813705663
1 0.6578215511573635 0.1669778307550949 0.5914835087542646 0.11252854637426105 0.559262082647247 0.1389752656833385 0.6256001713241566 0.1934246260257856
1 0.4061254309017248 0.3598439110386201 0.37716029285028907 0.3241826682337041 0.36024767779508626 0.33343707157650126 0.389212815846522 0.3690983523622239
1 0.40537213953812073 0.34352560939444615 0.45800313884512417 0.3688490463475226 0.471442996958515 0.35003111387678904 0.41881199765151156 0.3247077149045193
1 0.41917853250568615 0.02067348477850809 0.43184043531439537 0.05333621886181549 0.47523374752712755 0.04200373366521468 0.46257189099222895 0.00934099958190728
1 0.43097849304338043 0.09790411274404948 0.44216370600656274 0.059345618047993154 0.41710893632427504 0.05444928438083385 0.40592372336109267 0.09300777907689017
1 0.3193832293344864 0.11020685562675016 0.29349256953658076 0.08568690263787336 0.27179681576952236 0.10112009956440572 0.297687475567428 0.1256400525532825
1 0.2998134795240239 0.08592701729737087 0.2428023863959439 0.022617798231370567 0.16570522027814633 0.06939009813025046 0.2227163134062263 0.13269931719625078
1 0.17598744610026534 0.07592401225595052 0.13436350558543403 0.08446506008867455 0.1454384943316433 0.12082552954359832 0.1870623422988533 0.1122844817108743
1 0.13517542586713419 0.016512535489265713 0.0513064577509003 0.040698865072728685 0.07658713617679112 0.09975658860648724 0.16045601174540372 0.07557018306141101
1 0.11890897830387605 0.10041016232692906 0.056925671673616375 0.13047257846530802 0.07461004134287338 0.15503651322825918 0.13659334797313305 0.1249740970898802
1 0.06774384077070697 0.27241254995235686 0.09524140491731425 0.20018991922545892 0.0189047951513931 0.1806099778313628 -0.008592768995214177 0.25283260855826073
1 0.010956065052833586 0.07012358346783602 -0.0011225100987964367 0.14199891769893436 0.05527573268100834 0.14838387110104231 0.06735430783263836 0.07650861283155724
1 0.2020720857124242 0.9417848426804605 0.2062094271228203 0.9876279041643979 0.2507985934242324 0.9849169101489577 0.24666129828764688 0.939073772703407
1 0.2096800554693423 0.9585010312548615 0.10353903954818992 0.9564267474817206 0.10247659285561979 0.993051259504317 0.20861760877677218 0.9951254673158447
1 0.09892470769759287 0.919101109768785 0.12111466576241471 0.9687736240617222 0.1782916042278715 0.9515660398111777 0.15610164616304967 0.9018936014798538
1 0.09472952402388173 0.9471815354941272 0.014657599714509098 0.9510475258391023 0.01813026410869977 0.9995029072028625 0.0982021884180724 0.9956369168578874
1 0.06570399864954511 0.8385233092767969 0.1258503275445413 0.8197977841085874 0.10390302934277862 0.7723065835018669 0.04375670044778241 0.791032032708463
1 0.12167865096664139 0.810489296097153 0.12858696070650114 0.8530161773928516 0.17055008825341167 0.8484238421019369 0.16364187106117323 0.8058969608062383
1 0.07289170965812168 0.9553410281434739 0.07155106481591167 0.7946787978375855 0.005103631124431387 0.7950523770515713 0.006444275966641395 0.9557146073574595
1 0.09755333704510993 0.8406901142948817 0.08363870963442949 0.8992221834649191 0.14841963830908833 0.9095970965648336 0.16233426571976878 0.851064951433183
1 0.06912141211381728 0.9004035384742533 0.07137041185912624 0.9483995040010501 0.10247659285561979 0.947417548226509 0.10022759311031085 0.8994215826997122
1 0.3093286706607752 0.773404076890168 0.31438297390305153 0.7982951783214064 0.34634822819429967 0.7939224480544104 0.3412939249520233 0.7690313466231721
1 0.7392422182258103 0.7454019675880912 0.7928036450435937 0.7214224814775202 0.7800069003506445 0.7021662125175016 0.7264454272590504 0.7261456986280725
1 0.4801064723364054 0.9445808377411326 0.4902151250947688 0.9725832508896625 0.516932003781866 0.9660858742999378 0.5068233510235026 0.9380833851897946
1 0.5573667073629407 0.2255756067205974 0.5207227543504785 0.2255756067205974 0.5207227543504785 0.2421696490208852 0.5573667073629407 0.2421696490208852
1 0.18631048542337944 0.18644390569092253 0.1610388766643764 0.18229541410625388 0.15681074603748105 0.1996474013835952 0.18208235479648407 0.20379589296826384
1 0.2115546075388552 0.13540142370294025 0.2241904119183567 0.14992125819170038 0.24020721227314726 0.14053103548440418 0.22757140789364574 0.12601120099564406
1 0.1956401185794162 0.19754759450840076 0.1930506361353298 0.22092554060360922 0.21549482251587376 0.2226003422526447 0.21808421241233888 0.19922239615743623
1 0.2048178810888931 -0.010683393211341008 0.13414675905634002 0.034224276966980396 0.1505823836713419 0.051648959508206284 0.221253505703895 0.006741365291498133
1 0.09513802922431766 -0.012987384902963597 -0.006928485121304018 0.04189928644698973 0.009629487449061789 0.06264273187130523 0.11169600179468347 0.0077561364829651525
1 0.4051048157339841 0.5652354156741016 0.40826383623957546 0.5419000080823156 0.37581131872216167 0.5389403537258868 0.372652344490381 0.5622757992984793
1 0.15995023899497726 0.8619820025668948 0.18335571751800606 0.8866816807327318 0.22097160564940296 0.8626680878578096 0.19756612712637414 0.8379684856535858