0 0.7593906680572566 0.0699066788402956 0.7440734227887706 -0.01663766832494024 0.6798778938064528 0.00023597354319558215 0.6951950643227572 0.08678032035258279
0 0.7479409511587186 0.0013267699462264331 0.7585538921367881 0.06834597801094625 0.7911927129181338 0.060670021398743584 0.7805796971878828 -0.006349187822484259
0 0.7802325480566825 0.00030906222649474644 0.7897428943566289 0.06212150801473589 0.8313723842716626 0.05260926431684352 0.8218619632195346 -0.00920318631983515
0 0.8251448547774418 0.0 0.8251448547774418 0.041709091414266555 0.8867506691815293 0.041709091414266555 0.8867506691815293 0.0
0 0.9035522685194045 0.0 0.9035522685194045 0.039434051513671874 0.9477342464262477 0.039434051513671874 0.9477342464262477 0.0
0 0.9477342464262477 0.0 0.9477342464262477 0.07886810302734375 0.999383593510793 0.07886810302734375 0.999383593510793 0.0
0 0.8987607284330986 0.06286697957053114 0.9198560183280389 0.13999088344289295 1.0042374021643448 0.10571358524151703 0.983142037517223 0.02858968706273321
0 0.9007250662603338 0.021373558044433593 0.8455071995321112 0.03595337938906541 0.8526546293727036 0.07615443557056029 0.9078724213487447 0.06157461137913946
0 0.9356217019337493 0.05452206170381005 0.9302682496985992 0.0209698492021703 0.9015202799678506 0.027782004626829233 0.9068737322030006 0.06133421143489098
0 0.823706249043172 0.04872109712059818 0.7138662157216397 0.0848987408538363 0.7228000731973362 0.12518200091461637 0.8326401812710502 0.08900434579422224
0 0.7827174600763549 0.10831046033261427 0.7954119503023577 0.1805051091891616 0.8309397186447489 0.17122737827585705 0.8182451536665646 0.0990327294193097
0 0.7426926004908527 0.2005828174192514 0.8336340115249924 0.17159746084640276 0.8168846639620331 0.0935527175220091 0.7259432529278934 0.12253808548201375
0 0.8287876780895974 0.1607951491626341 0.8700540219065753 0.14918988355949744 0.8573741083559783 0.08222954024129839 0.8161077645390004 0.09383480584443506
0 0.9136378328565141 0.13740819674819263 0.9019966008687997 0.06332198755065006 0.8589175914009874 0.07337488772264167 0.8705588981408834 0.14746109692018425
0 0.9720032149418248 0.11602711464042094 0.9720032149418248 0.18882843700807486 0.999383593510793 0.18882843700807486 0.999383593510793 0.11602711464042094
0 0.9682706890117881 0.12092681429279384 0.8761461751999771 0.15259219496997434 0.8912661494613059 0.21792135665665813 0.9833907380252985 0.1862559645923216
0 0.8757481198331292 0.15036999147329758 0.8296151847395514 0.16766849347014925 0.8392353419942208 0.2057703274399487 0.885368202335617 0.188471802668785
0 0.8836651981351423 0.18285985918187384 0.8388667389869106 0.20040793347714553 0.8481447555065447 0.23558470313228777 0.8929432894069581 0.21803661744986008
0 0.8664489484461114 0.30739992056319965 0.8328457497703613 0.1777225665192106 0.793236063801286 0.19296592598530785 0.8268392624770361 0.32264329141645287
0 0.8063520068269673 0.238424341002507 0.7919772370636865 0.18587088513730177 0.7578140697958129 0.19974863991808536 0.7721887648069121 0.2523020957832906
0 0.80693387780829 0.33294695953824627 0.7776849937088564 0.25956158993849116 0.7065912586592927 0.30164332603340716 0.7358400680065447 0.3750286956331623
0 0.8026031849213487 0.23120681990438433 0.7741864421071265 0.24202878581943796 0.7841628682591473 0.28093386977466184 0.8125796858255512 0.27011192663392025
0 0.7417286711095377 0.29936095280433767 0.7005395462961191 0.21849055503731343 0.672997852519328 0.23932328864709654 0.714187052084928 0.3201936864141208
0 0.7324200809476423 0.14524037375378965 0.6923619566413426 0.16874490994126048 0.7048027379631047 0.20023320895522387 0.7448608622694045 0.176728661380597
0 0.7207300357853643 0.1118328151418202 0.6834015621411895 0.13184871388905084 0.6957887461487676 0.16615731538231693 0.733117294545124 0.14614141663508629
0 0.700179913550597 0.08929675657357743 0.6652049375908986 0.10479581462803171 0.6731810701163503 0.13152618408203126 0.7081559713238671 0.11602711464042094
0 0.6206301369699173 0.05782725775419776 0.6252414869225543 0.09435503945421816 0.6600317128655082 0.08783237969697412 0.655420400288962 0.05130459799695371
0 0.6110801346376493 0.12588562467204992 0.6110801346376493 0.13877752503352378 0.6241480120105826 0.13877752503352378 0.6241480120105826 0.12588562467204992
0 0.6778734140577158 0.14190941426291395 0.6497222657446035 0.06440190557223648 0.6125222537244527 0.0844677768536468 0.6406734394136558 0.16197527985074628
0 0.5997545811126952 0.04140575181192427 0.5308058599132157 0.08341818282853311 0.5478563466396204 0.12497560871181203 0.6168051052151906 0.08296318054199218
0 0.6526555413493187 0.05334185130560576 0.642511221797497 0.010073139418416949 0.6082387668401714 0.02200637504236022 0.618383123768084 0.06527508408276003
0 0.6521248756123699 0.047093807049651645 0.6886664330411819 0.02853898290377944 0.67951631750421 0.0017769553768101024 0.642974760075398 0.020331781301925433
0 0.9818477782455604 0.18722652606110074 0.8847719789354332 0.21452702764254897 0.8984901255358236 0.2869704972452192 0.9955659248459507 0.25966999566377097
0 0.8819591290952236 0.21908649046029618 0.8466757256343769 0.23341923044688667 0.8640374430687385 0.2968929006092584 0.899320697025222 0.2825601378483559
0 0.847546962310548 0.3116806713502798 0.8652197983245943 0.3547547753177472 0.8928491016581828 0.33791948005334654 0.8751762656441365 0.29484535331156714
0 0.8484195445259874 0.23246437186625465 0.8732398103806261 0.33580982720673974 0.9059950950608543 0.32412669623076024 0.8811746797018524 0.22078124089027518
0 0.9108606398069121 0.31177876031220847 0.8706537586592927 0.3502774366691931 0.8970841117527174 0.39127124387826495 0.9372909181481552 0.35277256752128033
0 0.9521483627478184 0.2678541952104711 0.9072303748612599 0.29248707330048973 0.9364555625191365 0.37163265854565064 0.9813736251578766 0.346999780455632
0 1.0013175072001301 0.3124746294163946 0.9993680450570269 0.2673383114942864 0.9702670207727342 0.2692048485599347 0.9722163334114743 0.31434118925635496
0 0.9757368621545851 0.3101639704917794 0.9757368621545851 0.3609732328955807 0.999383593510793 0.3609732328955807 0.999383593510793 0.3101639704917794
0 1.0096665036072412 0.44573409806436565 0.9762184157082441 0.3525642736634212 0.9354130685949938 0.3743201412371735 0.9688611564939911 0.46748994286380596
0 0.8193311533603796 0.32362723279355177 0.8353145153188151 0.3755688339916628 0.8648429725773117 0.3620743936567164 0.8488597601232394 0.31013281523291747
0 0.8372905892385564 0.3737880422108209 0.8548000917358772 0.42256100782707556 0.8752681360752832 0.41164824072994405 0.8577584840735992 0.3628753206623134
0 0.8596192153771816 0.3699217155798158 0.8770431266266074 0.4123891801976446 0.9101484010209354 0.3922171521542677 0.8927245645236911 0.3497497103107509
0 0.8769014712425367 0.41097184366254663 0.8889179591817208 0.4475817324510261 0.9214267859193203 0.431734865103195 0.9094102979801363 0.39512502186333953
0 0.9039308135668631 0.3773676174790112 0.9151446873325552 0.4081158538362873 0.9392211689805955 0.3950753738631063 0.9280072952149035 0.3643271602801423
0 0.9026810318432333 0.38842541139517256 0.9440005244613059 0.4891339202425373 0.9736211511596754 0.47108523240729944 0.9323016585416029 0.3703767463342467
0 0.8905142920190983 0.44856303200792913 0.9104479330124771 0.49957694437966416 0.9384678164947566 0.4833166321711754 0.9185341755013778 0.4323027197994403
0 0.9213171244689605 0.5291704775682137 0.9428497146260717 0.599146191041861 0.9865628468501225 0.5791694299498601 0.9650302566930113 0.5091937164762127
0 0.974492313083665 0.46335011951958954 0.974492313083665 0.5187094617245802 0.999383593510793 0.5187094617245802 0.999383593510793 0.46335011951958954
0 0.9732477640127449 0.5179510771338619 0.9732477640127449 0.5748271429716652 0.999383593510793 0.5748271429716652 0.999383593510793 0.5179510771338619
0 0.9141310477504976 0.5118843192484841 0.9256193367747244 0.5328846945691464 0.9481650432486222 0.5145676797895289 0.9366767542243953 0.4935673044688666
0 0.9172173410708818 0.5116324809060168 0.868072416325398 0.5336331495598181 0.8841156547812692 0.586855760261194 0.9332605795267529 0.5648550916073928
0 0.8675221655168784 0.45523576878789646 0.8838259900776945 0.5148418825064133 0.9112685624617268 0.5036941756063433 0.8949647379009109 0.4440880618878265
0 0.8692038653456062 0.46143247689773786 0.8918320234757732 0.44639113696653454 0.8758032869431261 0.4105797611065765 0.8531752035651409 0.42562114658640393
0 0.8002413897447183 0.5031876749067165 0.8715222295047459 0.4716984079844916 0.8596169728117345 0.4316749231139226 0.7883360582995255 0.46316423558477143
0 0.8403771068154853 0.3785867491764809 0.7768023947010869 0.40383168690240206 0.7918620439518906 0.46015538457614275 0.8554369055706522 0.4349104240759095
0 0.7744584652958512 0.3897470502711054 0.7382301942599893 0.40525913523204293 0.7459306407398194 0.43196793741254663 0.7821589117756813 0.41645585245160915
0 0.8861710407656537 0.5155617785097948 0.8728473614273959 0.4722632564715485 0.8279067236298224 0.49280099441756064 0.8412304029680803 0.5360994709071828
0 0.8056544942207593 0.5743549859345849 0.8492141602160518 0.5591880228982042 0.8393281842037278 0.5170210197790345 0.7957685182084354 0.5321879828154151
0 0.7918956076814145 0.506749850600513 0.7984039063696035 0.533187592919193 0.8315732433835349 0.5210610005392957 0.825064944695346 0.4946232126719916
0 0.8164078197958129 0.6191909562295942 0.8769329419109767 0.5932754744344683 0.8644775839138089 0.5500743353544776 0.8039524617986451 0.5759897716009795
0 0.8633529373421234 0.5605701958955224 0.8499116728222597 0.5660303372055737 0.8511562218931797 0.5705804170067631 0.8645974864130435 0.5651202756967117
0 0.7934399877526026 0.573925735701376 0.8638411438399418 0.5822284299935867 0.8686699105126684 0.5214207435721782 0.7982686796731476 0.5131180037313433
0 0.923119399566557 0.5671777525944496 0.8805340535058175 0.5874853333430504 0.9035604165071953 0.6591975881092584 0.9461458373201164 0.6388900529092817
0 0.9465506203833053 0.6496289609083489 1.0126132346046388 0.6196726329291045 0.9988585341874617 0.574624314948694 0.9327959199661283 0.6045806429279384
0 0.996864370239781 0.6216097703620569 0.9118198598007884 0.6721010578212453 0.9430052739159139 0.7501100454757462 1.0280498591070881 0.6996187580165578
0 0.8703403227619795 0.7471748921408582 0.8899950633659293 0.7885472539645523 0.9132737897322796 0.7721232400011661 0.8936190491283298 0.730750878177472
0 0.9027271539392606 0.6823231711316464 0.8558532752219841 0.7071592871822528 0.8851469358781767 0.7892670133220616 0.9320208893476347 0.7644308061742071
0 0.9186146088487447 0.6892186862319263 0.8965326649092927 0.626900197498834 0.869498015180075 0.641126854739972 0.8915798843673454 0.7034453890216884
0 0.8547890284130052 0.7023471205981809 0.8863322812212951 0.6858726843079525 0.8741011797688304 0.6510933036234842 0.842558001712722 0.6675677399137127
0 0.7891084725916642 0.6475858773758162 0.8144192622617499 0.696938039295709 0.8476448876684017 0.6716314059584888 0.822334097998316 0.6222792440385961
0 0.8567305668248623 0.603813376355527 0.8235078567532915 0.625897216796875 0.8436983462425367 0.6710067976766558 0.8769210563141074 0.6489229572353078
0 0.8576959164976271 0.6113763154442631 0.8703981809505129 0.6462055718720849 0.8959180524724434 0.6323833408640391 0.8832158627717391 0.5975540844362174
0 0.873997498492996 0.7538053142490672 0.8383348024628751 0.6714589588677705 0.78382349335483 0.7065196023058535 0.8194861146327694 0.7888659121385261
0 0.7449949676831369 0.6979827425373134 0.7701351728748852 0.7592571657095383 0.7977644762084737 0.7424218476708255 0.7726242710167254 0.6811474244986008
0 0.7230828607002067 0.7004422771396922 0.7527620183567437 0.7667517818621735 0.7711173417885028 0.7545505808360541 0.7414381841319657 0.6882410761135728
0 0.7468298347318968 0.8759119745510727 0.8357225127258114 0.8223557201784049 0.8050671663301822 0.7467899607188666 0.7161744883362676 0.8003461695429105
0 0.8110067504210043 0.6133868772592117 0.7884620157254669 0.5630172046262827 0.7582476324489054 0.5831013238252098 0.7807924418966243 0.6334710420067631
0 0.7340721789124693 0.5956147606693097 0.7625140384596985 0.6533829874067164 0.7848430383592315 0.6370562197557136 0.7564011040598209 0.5792879930183069
0 0.773524810548071 0.5733748250932836 0.7612846640816365 0.546525049921292 0.7330707239360074 0.5656268219449627 0.7453108704024418 0.5924765515683302
0 0.7679821605413732 0.5718516791044777 0.8030201525901332 0.5592931035739273 0.793785043822719 0.521027932238223 0.758747051773959 0.5335865988660214
0 0.7874953952656154 0.47554931640625 0.7584881102170086 0.48164413224405317 0.7637301069494412 0.5186954327483675 0.792737391998048 0.5126006169105644
0 0.6918214236164268 0.5078781355672808 0.7399161549630664 0.48919058273087684 0.7314253536675215 0.4567375069233909 0.6833306223208818 0.47542510530841886
0 0.7051178184084125 0.5001076313986708 0.7128779918813151 0.5379358092350747 0.7471400562854026 0.5274973855089785 0.7393798828125 0.4896692076725746
0 0.7032230748622168 0.49641700858500465 0.7162316737551668 0.5684759339289879 0.7579583415062385 0.5572887819204757 0.7449498921176516 0.48522994767374067
0 0.6854036498201164 0.4824492041744403 0.7525319311418784 0.4442020700938666 0.7382876786876148 0.40707320028276583 0.6711592478614896 0.44532033436333956
0 0.7238374092209507 0.37113508537634093 0.6613604328928735 0.4092041015625 0.6762952460004593 0.44560473997201494 0.7387721475763549 0.407535792108792
0 0.78208303831139 0.4152708594478778 0.7576895326613212 0.35581649097044077 0.724086333985571 0.3762918500757929 0.7484798396356399 0.43574624132754197
0 0.6853566306979103 0.32498030022009095 0.6384188388653934 0.355673559388118 0.6551379865469994 0.393644873775653 0.7020757783795162 0.3629515918333139
0 0.6684138244890538 0.3068130720907183 0.6399153027881965 0.3288087303958722 0.6524511688849127 0.3529303024064249 0.6809497653379516 0.33093462132695894
0 0.7068444442982624 0.29807707373775655 0.6772237428477113 0.31870413253556434 0.6893631233733926 0.344592945611299 0.7189836753195805 0.3239659095878032
0 0.6357511577617881 0.2511853801670359 0.6660384991675597 0.3086007417137943 0.6965775311686696 0.2846758486619636 0.666290189762898 0.22726048711520522
0 0.6270375202129899 0.3378060639794193 0.6661800797994488 0.30984319430678636 0.6455842092295622 0.267026781679979 0.6064416496431032 0.29498965135261196
0 0.6078361142141572 0.2940279149297458 0.6487191662201469 0.264371752383104 0.6386125965200169 0.24368019673361707 0.5977295818901179 0.2733363820545709
0 0.6444268959545315 0.16708698557383977 0.5740156483226806 0.21989138019618704 0.6009793956076814 0.27328812328737173 0.6713906806156231 0.2204837400521805
0 0.6763064588276945 0.14943687097350164 0.635846093032379 0.19242273586899486 0.6724785491139773 0.2436302982159515 0.7129389896614743 0.20064442193330223
0 0.5926050955871096 0.14380925875991138 0.5582282492082249 0.17373322444175607 0.5813956322001301 0.21325952330631998 0.6157724412029241 0.18333554623731926
0 0.6352246033948254 0.13999088344289295 0.6133203080148691 0.15333779178448578 0.6212855267218118 0.17275148078576844 0.6431898221017682 0.15940456105701958
0 0.5815456972046272 0.14886938066624883 0.6241958907828766 0.11421874316770639 0.607537890385793 0.08376819553659923 0.5648876968075436 0.11841881595440765
0 0.5256533415421195 0.12737199014692163 0.4889138777126072 0.1609515972991488 0.5337927702082057 0.23387426120131763 0.5705323087898997 0.20029463127477845
0 0.5974098294334622 0.31078885206535684 0.5572909689796387 0.22019648765450092 0.5045476610939413 0.25488513547982744 0.5446664841716741 0.3454774998906833
0 0.5877978201665838 0.25674424811975277 0.5520937114278743 0.2848159106809702 0.5732997466798071 0.3248723499810518 0.6090038927946073 0.2968006874198344
0 0.4832252740713985 0.22015399078824627 0.5019894545602419 0.2544546326594566 0.5320025675879325 0.23007085999446128 0.5132383497229983 0.19577021812325093
0 0.5359457825417177 0.12512704649967935 0.4627617148628866 0.17328761086535097 0.49897178374253676 0.25500545217030085 0.572155814045277 0.20684486503031715
0 0.4853793329354524 0.08720992358762826 0.4853793329354524 0.1471193455938083 0.5463628728040799 0.1471193455938083 0.5463628728040799 0.08720992358762826
0 0.4104225920229256 0.1519525214807311 0.4385773284407532 0.2243866650026236 0.4758930568379708 0.2028458552574044 0.44773832042014317 0.13041168896119987
0 0.49968222847615584 0.26141976883162316 0.47054031474854563 0.199270288268132 0.4347543523710196 0.2241907375961987 0.46389626609862983 0.28634021815968985
0 0.5104413847213717 0.2988598951652868 0.49266901617756814 0.2632782665651236 0.4652680433825781 0.2836040667633512 0.48304041192638164 0.31918569536351443
0 0.498842574596697 0.38003897595761427 0.5442215218108926 0.3448471980308419 0.5169070372899762 0.2925390898291744 0.47152805269969 0.32773086775594684
0 0.5868505605217582 0.38196773244373833 0.5658506917865891 0.3362683196565998 0.5180615847342889 0.3688818404923624 0.5390614908455489 0.4145812532795009
0 0.5410028797530427 0.41441604842000934 0.6293870560318432 0.3484002639998251 0.606876184074556 0.30364117978224114 0.5184920077957555 0.36965694142811334
0 0.6197058262448332 0.3433823770551539 0.5775617049357968 0.379635938957556 0.5949281317575972 0.4096178197149021 0.637072178314452 0.37336423503818794
0 0.5598957834985456 0.44727938068446826 0.6001780895973668 0.4156081925577192 0.5820171592137745 0.3813037246020872 0.5417348531149533 0.41297488995452425
0 0.5871905708196188 0.41975439270930504 0.6188813844343233 0.4680296485103778 0.6632758827933635 0.4247483438520289 0.6315850691786589 0.3764731108252682
0 0.5560997182141764 0.4577294193097015 0.5855739053888549 0.49963479113222947 0.6172443490340822 0.4665530076667444 0.5877701992354945 0.42464763584421644
0 0.6617373333923378 0.4241664601795709 0.6201560212583244 0.45231828831914644 0.6311633173702541 0.47646379613164647 0.6727446668803583 0.4483119224434468
0 0.6271147392165493 0.5109340838531949 0.6815131725304271 0.4852084031745569 0.6709410462434936 0.4520077833488806 0.616542575553525 0.4777334184788946
0 0.6532995313935241 0.5094342587599113 0.6712020061093463 0.5421598975338153 0.7010715575723362 0.5178927748950559 0.6831690081043326 0.4851671816697761
0 0.7186869091587569 0.5608852101795709 0.6983525964721754 0.5175194128235774 0.6667886373095913 0.5394998578882929 0.6871228752439911 0.5828656096956624
0 0.7351293242641993 0.6120989899137127 0.7215554493742345 0.5810828365496735 0.6852522019002603 0.6046782080806903 0.698826076790225 0.6356943614447295
0 0.6960550134195116 0.6309215033232276 0.7119088298472903 0.6647321103224114 0.74923610745656 0.63873828489389 0.7333822910287814 0.6049276778947061
0 0.7271349522064452 0.6928477728544776 0.7644854777441825 0.666004101198111 0.7480017246823332 0.631941746953708 0.7106511991445958 0.6587854186100747
0 0.6992704785096449 0.6357087092613106 0.7087265547257732 0.6561952961024954 0.7263941580871096 0.6440842358034049 0.7169380818709813 0.6235976489622201
0 0.7214169335817896 0.6222404366108909 0.7282370236192973 0.640050540753265 0.7444867276006583 0.630809180416278 0.7376666375631507 0.612999121822528
0 0.654666375033489 0.6261360282328592 0.6989732638357318 0.7120369526877333 0.7269595088363059 0.6905991283815298 0.6826526200340631 0.6046982039266557
0 0.6596564569140386 0.6285954261893657 0.6248195856097865 0.6543252517927939 0.6408092641275643 0.6864767957089553 0.6756460233035441 0.6607469701055271
0 0.6566136693633267 0.6247379587657416 0.6939346677893448 0.5999299006675607 0.6717703469458053 0.550410302005597 0.6344493485197872 0.575218405652402
0 0.6536441389505512 0.54616161744986 0.6258655181342813 0.5010247984928872 0.5996799036833091 0.5249582319117304 0.6274585992517606 0.5700950508687034
0 0.6458847129994642 0.5517473363164646 0.6696290707047995 0.5382437634823928 0.6534769930725658 0.49606418894298043 0.6297326353672306 0.5095677617770522
0 0.6072842936098247 0.6159434304308535 0.6415826501980634 0.5796451397796175 0.6051007823862331 0.5284500349813432 0.5708023510458129 0.5647482345353312
0 0.6340396318126148 0.667835839114972 0.575798226220434 0.5752580329553405 0.5473186915736948 0.6018665370656483 0.6055601345419664 0.6944442976766558
0 0.700818969950819 0.705248977888876 0.6484632147504593 0.5898395595265858 0.6068663915387706 0.6178646258453825 0.6592220719869488 0.7332740442076726
0 0.522042848548492 0.495476611692514 0.557677886271433 0.5410747926626632 0.5898426287172764 0.5037435503148321 0.5542076283704264 0.45814536934468286
0 0.5740523142677396 0.5640838623046875 0.6196346247918899 0.5096456499242071 0.6010010737403361 0.48647438163187967 0.5554187632161857 0.54091259401236
0 0.5012336352524112 0.4660985234958022 0.5318510449158949 0.5061744803812966 0.5652077108968349 0.4683276731576492 0.5345902638572604 0.42825167072353076
0 0.5279972709473554 0.5065912047428871 0.5060277169128904 0.4600288960471082 0.47878645215381965 0.47911759561567163 0.5007560061882846 0.5256799043114505
0 0.5591858246541067 0.5591224784281716 0.5259363906776255 0.5043017942513992 0.5007583235059132 0.5269808185634328 0.5340077574823944 0.5818015482888292
0 0.5202035337449288 0.5585780357246968 0.4966308070484729 0.5190784055795242 0.47087849361795775 0.5419025933564598 0.4944511455622321 0.5814022235016325
0 0.5146431300951086 0.6273781847597948 0.5486930478079072 0.5978947881442397 0.5229919769978567 0.5538136496472714 0.4889420592850582 0.5832970007142024
0 0.5552569247430917 0.6018501851096082 0.5736521658398078 0.5738283071944963 0.5561220691164651 0.5567377802151353 0.5377268280197489 0.5847596125816231
0 0.5259338117273614 0.6411547760465252 0.5527677892251608 0.6820315232917444 0.5795562800204761 0.6559147621268657 0.5527222651465861 0.6150380604302705
0 0.5788077490503483 0.7920072185459421 0.5936562607643141 0.79019775390625 0.5928429570288579 0.7802866466009795 0.5779944453148921 0.7820961112406717
0 0.5550748284287929 0.7515220072732043 0.5550748284287929 0.7598638278334888 0.570631841319657 0.7598638278334888 0.570631841319657 0.7515220072732043
0 0.639267201374005 0.7523604663450326 0.5903791625004784 0.6501002525215718 0.5504813816236414 0.6784277161555504 0.5993693457449862 0.7806879299790112
0 0.6611395401963411 0.731837987188083 0.633943126746211 0.6718646149137126 0.6076118576694542 0.6895978785272855 0.6348083832478567 0.7495712508016558
0 0.6548887627736528 0.7445451878789645 0.6891141986087722 0.8279634845790579 0.7301847664622244 0.8029379773495803 0.6959592558749235 0.7195197717467351
0 0.757841204837722 0.7692269851912313 0.7266352338726654 0.6972431239797108 0.6928282607499617 0.7190087161847015 0.7240340822106552 0.790992577396222
0 0.5789867057730212 0.8491125306086754 0.5895145040162852 0.8598040680387127 0.5940030735106974 0.8532399647271455 0.5834753126435241 0.8425486094916045
0 0.5992863334473554 0.8516035848589086 0.6045018305314223 0.8289037903743004 0.5951076117455412 0.8256982604069496 0.5898921146614743 0.8483980548915578
0 0.56390190241312 0.8151927435576026 0.6223116125421004 0.9305064642607276 0.7107327537746861 0.8639910797574627 0.6523231183978874 0.7486772679570896
0 0.5370076372808864 0.6552862366633628 0.4656182199771318 0.7051397067397388 0.4893435532522581 0.7555958762097714 0.5607330079321035 0.7057423605847715
0 0.5908148929668363 0.7894250670475746 0.5929987405752449 0.7801102823285914 0.5863414981652825 0.7777923128498134 0.5841576505568739 0.7871070975687966
0 0.5702126684615164 0.7035666394589553 0.5366507329899916 0.7231988707585121 0.5544403692877373 0.7683643853486474 0.5880023047592621 0.7487321995977145
0 0.4988236622947604 0.8042265479244403 0.5558445516423951 0.7688726168959888 0.5405207281819313 0.7321676225804571 0.4834998762103873 0.7675216447061567
0 0.5147476336449403 0.8411832439365672 0.5506939768280198 0.8184689649895056 0.5355587157455604 0.7828970382462687 0.49961240993857164 0.8056114993878265
0 0.5372775674085273 0.8272050999883396 0.5564438398820232 0.8739192222481343 0.5860643918282111 0.8558705799615205 0.566898156730806 0.8091563666044777
0 0.5650312957483351 0.8129481073635728 0.5976388701177855 0.8924229863864273 0.6327355052529853 0.8710375429979011 0.6001279682596257 0.7915627550722948
0 0.5012071729801363 0.9500163975046642 0.5439221019476232 0.9196511339785448 0.5097740346204264 0.8483114214085821 0.4670591056529394 0.8786767760319496
0 0.530220176570633 0.8901210500233209 0.5489435049922496 0.9281499606459888 0.5786848938399418 0.9064033166686101 0.5599615654183252 0.8683744060459422
0 0.5433400440858466 0.9280329917793844 0.5766085772447183 0.9904067309934701 0.6252318065150413 0.9518909055795243 0.5919632733561696 0.8895172574626866
0 0.583077481533221 0.9540007178463153 0.583077481533221 0.9995015158582089 0.6397050249014468 0.9995015158582089 0.6397050249014468 0.9540007178463153
0 0.6637726857920622 0.9068270099696828 0.6408947058710961 0.9235552887418377 0.6725212326096525 0.9877917844857742 0.6953992125306185 0.9710635057136194
0 0.6157731139725582 0.9408015464668843 0.6492898243742345 1.0066079210879197 0.6965660940848898 0.9708476963327892 0.6630493836832134 0.9050414128090019
0 0.6711361494373852 0.9170444773204292 0.693966437466511 0.9680518306902985 0.720910786560395 0.9501413829291044 0.6980805732834507 0.899134029559235
0 0.7559993110838946 0.8553231765974814 0.6977112227543248 0.8887506741196362 0.7170459492689835 0.9388209100979478 0.7753341871029165 0.9053934125757929
0 0.6934701577330833 0.8279634845790579 0.7125119304481782 0.8743742530025653 0.7421324823943662 0.8563255196187034 0.7230907096792712 0.8099147511951958
0 0.797230670879899 0.9765180445429105 0.7763499944982394 0.9292604361007463 0.7477764216070881 0.9480104361007463 0.7686570979887477 0.9952680445429104
0 0.7322206421272198 0.9445123928696362 0.6941307427615968 0.9636258708896922 0.7073403502707823 1.0027211658990205 0.7454302496364054 0.9836075967817164
0 0.7363160898987676 0.9790768751457556 0.7534953372579225 1.0094333933360542 0.7720794023652786 0.9938142235599347 0.7549003045104868 0.9634577053696362
0 0.7909738385305036 0.9868651432777519 0.7778013081033757 0.9136243222364738 0.7385482647925597 0.9241089778159981 0.7517207952196877 0.9973497988572761
0 0.6689522644528858 0.9759927778101679 0.6689522644528858 0.9995015158582089 0.7050445612704761 0.9995015158582089 0.7050445612704761 0.9759927778101679
0 0.5048015568786359 0.9478622208780317 0.5512272588913235 1.0198692207905784 0.5835466262247397 0.9889229390158583 0.5371209242120522 0.9169158480060634
0 0.49835257404652095 0.9381154530083955 0.45524235554290415 0.9750330683010727 0.4736211137835847 1.0069062645755598 0.5167313322872015 0.9699886492828824
0 0.44491126766543554 1.0286299520464086 0.5191865676907915 0.9760327695020988 0.4871608643026638 0.9088677705223881 0.4128855642773079 0.9614649530666978
0 0.45398349142921385 0.9316939168901586 0.4210788892663043 0.8595149253731343 0.3808184481805917 0.8867724973763993 0.4137230503435012 0.9589513977961753
0 0.4812078621952503 0.9095191158465485 0.4587795540225046 0.8624467081098414 0.42979095701928965 0.8829592576667444 0.4522192278159446 0.9300315743062033
0 0.4230267442375038 0.8027863004314366 0.35532253473285363 0.8440403269298041 0.3807116273131315 0.9059215033232276 0.4484157994416909 0.8646673857276119
0 0.4944431470788043 0.8570426371560168 0.4755806674711995 0.8059606751399254 0.4374158290435548 0.826890085704291 0.4562783086511597 0.8779720477203825
0 0.5044939142753943 0.7996841658407183 0.47844031217707056 0.8087557209071828 0.48804454721706597 0.8497208780317164 0.5140981866914804 0.8406493229652519
0 0.5063358454053123 0.8095997369111474 0.5249994842099471 0.8388427734375 0.5502449404733428 0.8149139859783116 0.5315813016687079 0.7856709494519589
0 0.5299254660948025 0.8341191989272388 0.4854953483212454 0.7279114225017491 0.41312252869287736 0.7728748833955223 0.45755272121861607 0.8790826142723881
0 0.4275381505233849 0.7600054385057137 0.43145258588726654 0.7778941595732276 0.44016712046224354 0.7750622194204757 0.4362526850983619 0.7571734072557136
0 0.43272610142854406 0.7144416922953591 0.4605011715161895 0.7801470856168377 0.4924813508257425 0.7600702086491371 0.46470631811418783 0.6943647242304104
0 0.4098752939255779 0.7702686822236474 0.4532084234346295 0.7449207362843984 0.43819601756257653 0.70680614869986 0.39486288805352493 0.7321540946391092
0 0.5091214106992499 0.6062634823927239 0.4550562226108007 0.6335270668143657 0.47376635727237065 0.6886300158144822 0.527831507984729 0.6613664769414646
0 0.46534481387304805 0.652429836899487 0.43238231614551437 0.6691672709450793 0.4447174726347214 0.7052448785127099 0.47767997036225507 0.6885073989184934
0 0.4281849811504899 0.6612133424673508 0.3697240657771356 0.6952864917356576 0.3863839723548492 0.7377375816231343 0.4448448503521127 0.7036644779034515
0 0.40924135804979334 0.7730680095615672 0.3421631233135908 0.8221152234433302 0.35572522473495866 0.8496610271396922 0.4228034594711612 0.8006139043551772
0 0.40150802061007346 0.7556940334946362 0.33246245795937307 0.8030243375408116 0.35421646407828766 0.8501543187383396 0.42326198935289727 0.8028241057894123
0 0.38279343819370026 0.7288499519006529 0.32514433151217087 0.7614069241196362 0.3396832570661742 0.7996403480643657 0.39733228899552203 0.7670833758453824
0 0.3590702353557486 0.7040164321216185 0.31468627705430957 0.7212265242391558 0.3252288762295239 0.7616053339260728 0.36961283453096294 0.7443952418085354
0 0.33920757155876835 0.6698035852232975 0.2968495468821762 0.6919264152868471 0.3086943851244355 0.7256074364505597 0.35105242848907303 0.7034846063870103
0 0.3154531223089215 0.7210364042822994 0.2579512026728988 0.7536294510115439 0.26914618282469954 0.7829615350979477 0.32664808377267684 0.7503684883687034
0 0.27019445135486836 0.7800358558768656 0.28550263292133915 0.836001905754431 0.34318808785115584 0.8125689606168377 0.32787996234882116 0.7566029562878964
0 0.30942019143136673 0.8257953700734608 0.31575276642873545 0.8566646746735075 0.34986846606131355 0.846270751953125 0.3435358349998086 0.8154016295475747
0 0.30028895082024076 0.8673778932486007 0.35243463370234995 1.0009199911089086 0.38826305531900646 0.9801426218516791 0.3361174285010334 0.8466005239913713
0 0.4101987466152212 0.9706217751574161 0.3605188952584392 0.834400780521222 0.30237730251669664 0.8658917327425373 0.352057172561524 1.0021128184759795
0 0.413439178933998 0.9525601970615671 0.3936878958875536 0.9119420293551772 0.36687361558959736 0.9313064802938433 0.38662489863604177 0.9719246480002333
0 0.3578116702507846 0.969925974376166 0.3578116702507846 0.9995015158582089 0.42750716574412506 0.9995015158582089 0.42750716574412506 0.969925974376166
0 0.27413028453072374 0.9832025784165112 0.3355331280738097 0.9426703154151119 0.3059978123026542 0.8762207942222482 0.2445949313834775 0.9167530572236474
0 0.3490997520021624 0.9555173959305038 0.28873846798094954 0.9555173959305038 0.28873846798094954 0.9995015158582089 0.3490997520021624 0.9995015158582089
0 0.19179355974074747 0.8215483252681903 0.24233855547090286 0.92127685546875 0.3095737884764429 0.8706689635319497 0.25902871799410593 0.7709403422341418
0 0.1753861286562787 0.8176476322003265 0.1477651975670258 0.7738890690590019 0.11417355744735054 0.8053787459188433 0.14179449788062615 0.849137400157416
0 0.2162256188284599 0.7997466585529385 0.1973430495720587 0.7570113452512827 0.1614220286904853 0.7805827126574161 0.1803045231947049 0.8233179804104478
0 0.2024554447096984 0.7533065568155317 0.23666951821321952 0.7308552756238339 0.2264390280840956 0.7077013613572761 0.19222495458057448 0.7301526425489738
0 0.212893390830718 0.7799823817922108 0.24894907776738556 0.7536186104390159 0.23615570909321418 0.7276340769298041 0.20010000346850124 0.753997802734375
0 0.16902066269902022 0.6860884481401586 0.1299762433829369 0.7195719704699161 0.1466482504700417 0.7484441045504897 0.18569266044210234 0.7149606277693563
0 0.22798286620196723 0.7034908920971316 0.19929634276446723 0.6481390198664879 0.16382630179429156 0.6754395442222482 0.19251284391983695 0.7307913709042677
0 0.2007478993141936 0.6477801422574627 0.22227880754721946 0.700257759663596 0.24916139265108314 0.6838774268306903 0.22763048441805725 0.6313998094245569
0 0.27312081238278857 0.7393979656162547 0.25430236181012705 0.6918933925343983 0.22769428540502526 0.7075473614593051 0.24651275466573216 0.7550519345411614
0 0.2871205504511444 0.6573352870656484 0.25028146065164764 0.6797823777839319 0.2597401718821762 0.702836130626166 0.29657918692949137 0.6803890399078825
0 0.27045219687691363 0.7343739979302705 0.29984920242412355 0.7193506041569496 0.2895832423848458 0.6895173941085587 0.26018623683763586 0.7045407423332556
0 0.2943676436378119 0.6621694991837687 0.30717756992020057 0.6905529420767258 0.33801695618684935 0.669882520988806 0.3252070112164153 0.6414990780958488
0 0.2867625435655714 0.6672360092846316 0.3263704541703345 0.6457834272242304 0.3130780025559266 0.6093358281833022 0.2734700919511635 0.6307884557923275
0 0.29435927139347634 0.5758372748076026 0.255206919271232 0.6020795679804104 0.2699744743725601 0.6348006063432836 0.30912682649480444 0.6085583131704757
0 0.22632166715903437 0.6295759514196595 0.25400079282163773 0.6820470098239272 0.2844139421489877 0.6582207067688899 0.25673481648638435 0.6057496483646222
0 0.24942749172941864 0.6044049163362873 0.2956824597594056 0.5749949896513527 0.27995998291464136 0.5382709560109609 0.23370494013247284 0.5676808826958956
0 0.23492725042937654 0.5698301856197528 0.2754412322269213 0.5426752346665112 0.26067367712559325 0.5099542418522621 0.22015977008023002 0.5371091928055037
0 0.2797527698673358 0.5398542261835354 0.24499784564212723 0.5617616568038712 0.2595069824517759 0.5959463091038946 0.29426196274112065 0.5740388784835587
0 0.22213978717754898 0.5394968061304805 0.16935095521327695 0.5852059890974813 0.20549795193972942 0.6472034055795243 0.25828680259204684 0.6014942226125233
0 0.1713756367390826 0.6667158439977845 0.20462492121120063 0.6448977342292445 0.17910850697766764 0.5871485012680737 0.14585930660175386 0.608966702133862
0 0.15595321515113097 0.6316448610220382 0.13182790164048147 0.6512451627361241 0.14896455894418822 0.6825707279034515 0.17308987245483773 0.6629704261893656
0 0.1896859219814471 0.7262734939802938 0.15582651020337376 0.7510313574947528 0.16840029434419015 0.7765697877798508 0.20225968743421807 0.7518119698140159
0 0.03005841518572628 0.732577195808069 0.08942397912440676 0.6727523575967818 0.06536930175332736 0.6373024100687966 0.006003737230645464 0.6971272027314599
0 0.11397255817513778 0.6338454516965951 0.1860569091348362 0.587436231926306 0.16384667176376874 0.5362029573810634 0.09176232080407035 0.5826121771513526
0 0.11997584046867824 0.6238163279063667 0.13117690357925404 0.6511168522621269 0.15308117092714235 0.637769921146222 0.14188010781656651 0.6104694423390858
0 0.16093458840252794 0.5239749282153685 0.17802702979083743 0.5682383067572295 0.2041593459363518 0.5532518073694029 0.18706690454804234 0.5089883832789179
0 0.17859750106447106 0.5692807325676306 0.24451115287598554 0.5284592813520289 0.21677405689657647 0.46194562769647857 0.1508604237731074 0.5027671700093284
0 0.24351300568355788 0.47458527977786846 0.20363908944068623 0.5023524953358209 0.22045033180998355 0.5382048194088153 0.2603241733006736 0.5104376038508629
0 0.19467123841042178 0.3732546905973064 0.12154316945960751 0.4274480563491138 0.14378182200369335 0.4720145154355177 0.21690980685830336 0.41782117245802236
0 0.17419261663732394 0.4850355005975979 0.2279239988589827 0.45360499140041977 0.2145332668138587 0.41960758949393656 0.16080180984001838 0.4510380531424907
0 0.12130190679359787 0.5514491294746968 0.16576281312193816 0.5282279854390158 0.14957278941353624 0.48219112567047573 0.10511189242921866 0.5054122241575326
0 0.11122067808301918 0.507958984375 0.14851881168550024 0.48144435597889457 0.1267841663816117 0.4360377980701959 0.08948596737097175 0.4625524720149254
0 0.12252596442274571 0.5505568774778451 0.10436214673614035 0.5013667775623833 0.06433431575142089 0.5233178437645756 0.08249821753423052 0.5725079436800373
0 0.09398382482394366 0.4862396240234375 0.0737607527275576 0.440030271615555 0.05215319547635678 0.45407414222831155 0.07237626757274285 0.5002834035389458
0 0.054302465528778994 0.46045910280142255 0.03863984882941074 0.4727294921875 0.05705890083196188 0.507646338619403 0.07272151519532447 0.49537585813607743
0 0.0 0.43832465783873603 0.0 0.5255345586520522 0.05724986929581053 0.5255345586520522 0.05724986929581053 0.43832465783873603
0 -0.011871198898287397 0.4181409693475979 0.017806797763429676 0.4723919313345383 0.08831606769736967 0.41510756763059703 0.05863799861947671 0.3608565828693447
0 0.1077890203397696 0.399148923959305 0.083795952782336 0.343695045585063 0.05773291322108944 0.3604422498105177 0.08172598077852304 0.41589615095907184
0 0.08687043525803258 0.3535414510698461 0.1042943091313677 0.3960088929133629 0.13565729705380722 0.3768985349740555 0.1182334231804721 0.3344310931305387
0 0.13229103812540666 0.3712908161220266 0.19002105469946035 0.33171723778568096 0.16946360675089941 0.2871795426553755 0.11173365558500459 0.32675309821740905
0 0.1814286091250287 0.31712234269327194 0.20668144716635412 0.29514050839552236 0.19129258930792636 0.2688853021877915 0.16603976995464637 0.29086711371122903
0 0.182079457681893 0.3171407898860191 0.1912892441478012 0.33958783505567863 0.2166782806639429 0.3241175637316348 0.20746856895021623 0.3016704730133512
0 0.2183116158311964 0.3312882608442164 0.1877108198400662 0.34786242584684 0.20061829771940065 0.38325454939657183 0.23121916846271243 0.3666804071682603
0 0.2137070122629459 0.4113334086403918 0.24345770775724318 0.39225135917094217 0.23159251823355212 0.36477813720703123 0.20184182273925483 0.3838602094507929
0 0.2763852214638032 0.3829106117362407 0.23895938310313647 0.38891177960296175 0.2422529455349625 0.41941605752973415 0.2796787838956292 0.4134147985657649
0 0.21854512295836842 0.40298566675897857 0.22763048441805725 0.4251294036409748 0.24605000128573754 0.413905858281833 0.23696469589018485 0.39176212139983674
0 0.2504980364096946 0.4722944117304104 0.28793714328258957 0.45518484542618937 0.2770429659094171 0.4197815396892491 0.23960385903652212 0.4368910604448461
0 0.2854455035665761 0.45120908822586286 0.25768153417789347 0.472154395260028 0.27383432195585194 0.5039527095965485 0.3015982352803984 0.4830074481110075
0 0.2939656450933864 0.5363031188053872 0.332767297355806 0.5092825818417678 0.31695175404499004 0.47555364352553636 0.2781501204706158 0.5025741349405317
0 0.21379643456014621 0.3243986215164412 0.2299814405283604 0.36102889331419075 0.2584436513570212 0.3423519760815065 0.24225864538880704 0.30572174983238104
0 0.23621792159632388 0.3512664111692514 0.25264615247531386 0.39130713619402985 0.2760439216908106 0.37705021189219917 0.2596156721237753 0.33700946409310867
0 0.323263454495656 0.375856519101271 0.3213112265218348 0.32827542433098184 0.28825740031647085 0.3302894933899837 0.290209628290292 0.3778705653859608
0 0.2872926112850677 0.4248305135698461 0.3175464076493608 0.40736621458138994 0.3045460875605194 0.37392004212336755 0.2742922351320901 0.3913843411118237
0 0.316616677391113 0.4319545005684468 0.28550263292133915 0.45091320436392257 0.3005618149710081 0.4876171966097248 0.3316758781288273 0.46865853836287313
0 0.3098976896791756 0.4179374125466418 0.3297115029255014 0.46354684402693563 0.3707113925912814 0.43709489053754663 0.3508976167210464 0.39148541350862875
0 0.3638853223792483 0.4361683404267724 0.32487795211315446 0.461863867916278 0.3453861009979715 0.5080998662692398 0.3843935460162469 0.48240433877973415
0 0.3752355441241197 0.4299828372784515 0.3752355441241197 0.4368079342059235 0.39763768903331675 0.4368079342059235 0.39763768903331675 0.4299828372784515
0 0.39962897502200706 0.4128442109520756 0.3891746581732241 0.4192142771251166 0.3924104932328345 0.4271011124795942 0.40286484745770823 0.42073100075792913
0 0.3839954906493991 0.5358341501719917 0.3647010929366963 0.49403281140683303 0.34670846708990355 0.506366650026236 0.3660029021786972 0.5481679887913946
0 0.40487609227887705 0.5426259966038945 0.38051319764716013 0.4891839781803871 0.3638701103102993 0.5004518423507462 0.38823300494201624 0.5538939063228778
0 0.43227392548224125 0.6533458652781017 0.39762012227064836 0.5836644870131763 0.3565081790846984 0.6140289306640625 0.3911620196723821 0.6837103089289879
0 0.3993800502573867 0.5896907066231343 0.4184218977246632 0.6361015661438899 0.4492869987417713 0.617294584815182 0.43024522602667636 0.5708837252944263
0 0.4611742775351156 0.6523499446128731 0.44730083327751835 0.6151545738106343 0.42301482126454376 0.6286074510261194 0.436888265522141 0.6658028218283583
0 0.5006026894638893 0.6046186760290345 0.476157903817265 0.5485437193913246 0.4505576363240585 0.5651176338765158 0.4750024593467736 0.6211925905142257
0 0.4769923997961957 0.6200865332760028 0.4520807493995905 0.5604159227058069 0.43000086114513164 0.5741058805095616 0.45491251154173684 0.6337764910797574
0 0.460587884046808 0.5557137560488573 0.43894974380932333 0.48649396754022856 0.3859535866694734 0.5110974667677238 0.4075916895308673 0.5803173008249767
0 0.4620198368369183 0.5184761161234841 0.48786843107729255 0.4974757408028218 0.47427399933739667 0.47262527693563433 0.44842536772093156 0.4936256522562966
0 0.4550311432538847 0.521626122318097 0.4669981078727802 0.5435015778043377 0.49973963815159983 0.5169010447032416 0.48777271090879515 0.4950256803142491
0 0.3485253188629057 0.3970822006908815 0.37073598605901714 0.43768296882287777 0.4044827836755588 0.4102657944408815 0.3822721164794473 0.36966507185750935
0 0.37455021612350736 0.35177434665053636 0.4174834962133535 0.4396733981459888 0.4561894283072757 0.41159645194437966 0.41325618559352034 0.32369740044892725
0 0.41394143884195117 0.44772817127740205 0.42452021807304424 0.47351197200034983 0.45414080739532303 0.45546328416511195 0.44356202816422996 0.42967948344216417
0 0.41370608159828537 0.4445566205836054 0.36791173651111836 0.46957379241487873 0.3771547690097788 0.4947013741108909 0.4229491140969458 0.46968415673099345
0 0.3705439850806606 0.4370635986328125 0.40438489569379593 0.4112883155025653 0.38309446522887325 0.3697751856561917 0.3492535546157379 0.39555049156075095
0 0.22434413557175253 0.20404802009240905 0.17877206609647697 0.2351485750568447 0.20889771853351768 0.30070727903451494 0.2544697880087933 0.2696067240700793
0 0.23820926364915035 0.3068272604871152 0.26857653382506314 0.28832358744607045 0.2586200478174755 0.26405648758162314 0.2282527589535173 0.2825601378483559
0 0.241729736328125 0.3086679487086054 0.26141673249842123 0.3461549218021222 0.28712731552357623 0.32610218560517723 0.26744037541741617 0.28861521251166045
0 0.31250956827924065 0.21264054027955923 0.3281911183045966 0.25086123338386196 0.3523355870617728 0.23614930110191232 0.33665411178859844 0.1979286079976096
0 0.3933634714195499 0.3369685842030084 0.37667519638893143 0.2651898284456623 0.3410184431572451 0.2775016215310168 0.3577066808117728 0.34928037728836286
0 0.412055254420545 0.24892792203533115 0.37367206487054117 0.16847322378585589 0.33606577474357013 0.19511805292385728 0.3744490390457555 0.2755727511733326
0 0.40236142889094073 0.3200036575545126 0.44610745207488134 0.2876936955238456 0.42225268539737065 0.23972682668201958 0.3785065874612485 0.27203678871268655
0 0.07848255837248354 0.06214523884787489 0.028163615575394454 0.08842588965572527 0.04963231831332766 0.14947284299935867 0.09995125410239973 0.12319218649793028
0 0.06129819048889123 0.031705728217737 -0.02512194463539474 0.09752855443242771 0.02060516320045784 0.18668973552646922 0.10702537074091971 0.12086689507783349
0 0.15432572934208513 0.22067900700355644 0.15432572934208513 0.0 0.0 0.0 0.0 0.22067900700355644
0 0.13143585448022715 0.001742148755201653 0.0960131503290292 -0.0031633245411203867 0.09438521600689395 0.014294516150631122 0.12980799491027345 0.019199987667710035
0 0.057093235443358176 0.038312220217576666 0.10446598686036053 0.10653992837934352 0.13121761548614036 0.07895439489563899 0.08384486874114934 0.010726689580661147
0 0.06533952235299535 0.0 0.0 0.0 0.0 0.06976793773138701 0.06533952235299535 0.06976793773138701
0 0.17182039353136483 0.08860972959603837 0.1485533752254526 0.048316454531541514 0.12467660337449288 0.0687925196405667 0.1479436310244278 0.10908580039864156
0 0.06069072155739293 0.009189382951651047 0.08891298255523289 0.1467624835113981 0.17881430107906268 0.11937275217540229 0.15059204475323407 -0.01820033059191348
0 0.23002799244943165 0.03291690883351796 0.19998219403035059 -0.026714193998877683 0.1636955789167751 0.0004390074245965303 0.19374137733585617 0.06007011185831099
0 0.20953434548783872 0.09524386391710879 0.2422399573434151 0.07276047663902169 0.2248558142545832 0.03520470519564045 0.19215020239900682 0.05768808962693855
0 0.16002713429438725 0.0743385144134066 0.18147061985106974 0.11092363044397155 0.1958335974577082 0.0984211594311159 0.1743901305890711 0.06183603770697295
0 0.24766829257645054 0.06036177677894706 0.1800657086626416 -0.052697526163129664 0.11742989329275585 0.0029239094079430423 0.1850324865505875 0.1159832057668202
0 0.2597912276221869 -0.0317316368444642 0.21122845417870675 0.0029110853351763826 0.24979940252076316 0.08321087395966943 0.29836217596424336 0.04856815053455865
0 0.270567894565935 -0.03367061330311334 0.21257122761620675 0.0016683637206234149 0.24667227582119758 0.08478321246246794 0.3046688493306989 0.04944423276986649
0 0.06422698563472376 0.03606039872810022 -0.023833095552873114 0.09442466621968283 0.013272926110981872 0.1775701380487698 0.101332926706383 0.1192058620168202
0 0.2912275848108351 0.0 0.2912275848108351 0.037159008766288186 0.33665411178859844 0.037159008766288186 0.33665411178859844 0.0
0 0.3391432473065294 0.0 0.3391432473065294 0.03185057853584859 0.38145836423090174 0.03185057853584859 0.38145836423090174 0.0
0 0.3579763493067782 0.13911209106445313 0.32338492679070346 0.16440519646032534 0.3385941925329149 0.1952966946274487 0.37318568980117117 0.17000357784442047
0 0.418003846149246 0.15337499362319262 0.3919925164095989 0.11879436435984142 0.3600660091664115 0.1544595746851679 0.3860773389060586 0.18904020394851911
0 0.5452434962611948 0.3541447881442397 0.5125681964152442 0.28478097488631066 0.42566968236901026 0.3455750878177472 0.45834498221496095 0.4149389010756763
0 0.0 0.3579398539528918 0.0 0.4004072957964086 0.01866843579228641 0.4004072957964086 0.01866843579228641 0.3579398539528918
0 0.0009975337719377096 0.40150192032999066 0.06501660694465708 0.365183519961229 0.046162522941444524 0.31582627936975277 -0.017856552348279982 0.3521447025128265
0 0.060114854110652365 0.3291526908305154 0.0715007279741202 0.3511222269997668 0.08009310346838162 0.34450886285127097 0.06870722493290245 0.3225393039077076
0 0.04036547724483791 0.3293280302588619 0.0820229151317552 0.4167587052530317 0.13866410077311697 0.37667899060605176 0.0970065881340181 0.28924836116050606
0 0.13205760575041622 0.3164407530827309 0.11208717733968349 0.2851501920329991 0.09463938276824671 0.30168800923361705 0.11460980183495675 0.3329785702833489
0 0.095693659505009 0.6132940947119869 0.08338271337860724 0.577662453722598 0.04960975717052826 0.5949920198810634 0.0619206238727371 0.6306236608704524
0 -0.026849016702328442 0.6028604080427938 0.006712235487536718 0.6682997973997201 0.05772531653063763 0.6294451357713386 0.024164063172769635 0.5640057919630364
0 0.5459129020471334 0.12453226117945429 0.6588177374368493 0.0659282114968371 0.6330552203335502 -0.007783128966146441 0.5201504970721066 0.0508209228515625
0 0.4705454726490738 0.06068826362268249 0.47980233430132424 0.0973512791875583 0.5263724949048914 0.07988879645048683 0.5171156706287316 0.04322578657918902
0 0.4736323639869106 0.17469635009765624 0.4997142224098668 0.12525320480118937 0.4694898223409752 0.10157471841840601 0.4434079265419282 0.1510178523277169
0 0.460392332339827 0.41919095622959424 0.4896874132874694 0.4727419725104944 0.5089302693709813 0.45710831827192167 0.47963518842333897 0.4035573475396455
0 0.5432241408283259 0.42400284952192163 0.5236075238369756 0.3902533232276119 0.4872288887878904 0.4216559111182369 0.5068455057792407 0.45540543741254663
0 0.49072758989398346 0.47201984462453356 0.5460601264687308 0.423854588750583 0.5147358601763434 0.3704115910316581 0.4594032862255052 0.4185768696799207
0 0.48388798953708667 0.4972796084275886 0.4671507892036321 0.4496868076609142 0.44552117071484615 0.4609835496589319 0.4622583710483007 0.5085763504256063
0 0.3575751169722137 0.5413569208401353 0.3295597933730098 0.4692813702483675 0.26635039516993264 0.5057695075647155 0.294365737457182 0.5778450581564832
0 0.3347394094099242 0.6494368368120336 0.3648961213784063 0.7045628334159282 0.3930423360475352 0.6816957388351212 0.3628856614551439 0.6265697422312266
0 0.3561877538584086 0.559117285885028 0.37221768642596065 0.5912105731110074 0.3896690317260219 0.578265335310751 0.3736390991584698 0.5461720936333955
0 0.2686367840834067 0.2383758544921875 0.2554984527793459 0.19745868284310866 0.2286802106157666 0.2102473927967584 0.24181844847960043 0.2511645872201492
0 0.3015457405608925 0.31823056349113804 0.2782079973471946 0.24963825282765859 0.2565020755690734 0.26060620208284746 0.27983981878277137 0.32919848997201495
0 0.3212215239039536 0.35293474339727143 0.33316935196436775 0.38205527689919544 0.36527903942848666 0.3624899337540812 0.3533312861202541 0.33336940025215717
0 0.3741345939939911 0.35198974609375 0.34960716981064377 0.36907004740700794 0.3595636745062768 0.39030379110307833 0.38409109868962416 0.37322344424119636
0 0.367835190277193 0.34894468392898786 0.2989056056361949 0.41427922035331155 0.3331502154058864 0.4679351806640625 0.4020798374229754 0.4026006897883629
0 0.4706168983585617 0.2919519908392607 0.4432747929065562 0.3109923405433769 0.4551843104739169 0.33639114152139693 0.4825264159259224 0.31735079181728076
0 0.3339906541832517 0.1859843581470091 0.3008928550070805 0.1652057590769298 0.28870959495081905 0.19402679898845615 0.3218073941269902 0.21480542083284748
1 0.3355280449254631 0.1434170851066931 0.3260107840487217 0.05836325118790812 0.24372152689404086 0.07203810962278452 0.2532388064588277 0.1570919435415695
1 0.23301073531029928 0.15277489050110774 0.19181832140089175 0.11348845069088152 0.16619032084832364 0.15339580934439132 0.20738271606968578 0.19268224915461754
1 0.15835156414454798 0.12959085720688548 0.051339489947924644 0.21547131894239738 0.07604227340520706 0.2611850795461171 0.18305435694585312 0.17530458364913712
1 0.131122969880253 0.28892519367274955 0.19459975663679768 0.23537064737348415 0.17074151398284407 0.19337344952483676 0.10726472722629937 0.2469279730497901
1 0.013576775041009046 0.3390378809686917 0.11075533640873775 0.2853754527533232 0.095969700623493 0.24561025135552705 -0.0012088601602342913 0.29927263402227144
1 0.3046465171164555 0.2806680480046059 0.3281333722443356 0.2260252539791278 0.2865501539296923 0.19948081400857043 0.26306329880181223 0.2541235852597365
1 0.3009400983858313 0.3416683595571945 0.3482112849481399 0.30926418019764457 0.3258866580512286 0.2608980321172458 0.2786154528008745 0.2933022114767957
1 0.40977161264974354 0.037099001300868704 0.395103216317265 0.12200909514925373 0.45029966654546844 0.13617024208182718 0.4649681002540378 0.05126015392702017
1 0.42254799389065373 0.040942374272132986 0.5003498028336459 0.05210673773466651 0.5045663117632425 0.008468210163401133 0.4267644654441595 -0.0026961527653594514
1 0.33244496594888623 0.060101079229098645 0.3668735408374158 0.13469062919047342 0.41394775540129364 0.10242149011412663 0.37951921788885484 0.027831954386696885
1 0.1669788068594994 0.34150903047020753 0.11252920567733848 0.40786428878556436 0.1389760790028896 0.44009408523787313 0.19342575493723208 0.3737388041482043
1 0.3598460134960579 0.593270555183069 0.3241845508769328 0.6222432150769589 0.33343902045937307 0.6391602473472482 0.36910052045458897 0.6101875874533582
1 0.3435276122598362 0.594024020522388 0.3688512219290608 0.5413793763118003 0.3500331451173071 0.5279360187587453 0.32470961020026406 0.5805807085179571
1 0.020673605830700062 0.5802140420942165 0.053336531854595644 0.5675488827833489 0.0420039796566423 0.5241442779996501 0.009341054216748136 0.5368094373105178
1 0.09790468887544014 0.5684110271396922 0.059345967187081385 0.5572229186100747 0.0544496011821609 0.5822841815094449 0.09300832754253101 0.5934723355876865
1 0.11020749635807371 0.6800353092933769 0.08568740723254267 0.7059327082847482 0.1011206959188897 0.7276340769298041 0.12564078504442075 0.7017366779384329
1 0.08592752058376071 0.6996101493266091 0.022617931097326145 0.7566360245889692 0.0693905065925444 0.8337532612814832 0.13270009140696762 0.776727294921875
1 0.07592445462303372 0.8234683819671176 0.08446555479275107 0.8651031038654384 0.12082623997423741 0.8540252230060634 0.11228513980452005 0.8123905922049907
1 0.016512631931994055 0.8642909718983209 0.040699105575197105 0.9481816989272388 0.09975716940698197 0.9228944693038713 0.07557062451560587 0.8390038333722015
1 0.10041074641847347 0.880561669193097 0.13047334539036187 0.9425610898145989 0.15503741683072278 0.9248720994636194 0.12497482720285709 0.8628726788421175
1 0.27241414263433866 0.9317401031949627 0.20019108900174143 0.9042353843575093 0.18061102582717775 0.9805918223822295 0.25283407945977493 1.0080965412196827
1 0.07012399368613173 0.9885426080048973 0.14199974868316556 1.0006242894414645 0.1483847436478586 0.9442114075618003 0.076509058730995 0.9321297261252333
1 0.9417903267088946 0.7973769458372202 0.9876336718510793 0.7932384889517258 0.9849227092343463 0.7486377773000233 0.9390792893399801 0.7527761430882696
1 0.958506633807601 0.7897669550198227 0.9564323355212798 0.8959356051772388 0.9930570921281767 0.8969983456739739 0.9951313156623163 0.7908296955165578
1 0.9191064782034599 0.9005511383512127 0.9687793028551746 0.8783553849405317 0.9515715749148423 0.821163621589319 0.9018988997674908 0.8433592839027518
1 0.9471870604571724 0.9047473508920243 0.951053093783489 0.9848401425489739 0.9995087286627373 0.9813665133803638 0.9956427700886022 0.9012738128206623
1 0.8385281863565907 0.9337804993586754 0.8198026153695269 0.873618510232043 0.7723111341281383 0.8955714894764459 0.7910366303630205 0.9557334786030783
1 0.8104940252076317 0.8777912196828358 0.8530211393189299 0.8708811290228545 0.8484288137965018 0.8289071609724813 0.8059016996852036 0.8358171605352146
1 0.9553466348361911 0.9265908312441697 0.7946834155407991 0.9279318738339553 0.7950570269442744 0.9943966082672575 0.9557201714874847 0.993055565677472
1 0.8406950278436925 0.9019228807136194 0.8992274810548071 0.9158410826725746 0.9096024110867652 0.8510433367828825 0.8510699578756507 0.8371250437266791
1 0.900408789780121 0.9303621662196828 0.9484050725036359 0.9281126107742538 0.9474231278465631 0.8969983456739739 0.899426845123048 0.899247901119403
1 0.7734085709057333 0.6900924910360308 0.7982998513328613 0.6850368670563199 0.7939270729676975 0.653063281614389 0.7690358672927511 0.6581189055940998
1 0.7454063289383037 0.2600672024399487 0.721426726117575 0.2064918404194846 0.7021703398891993 0.21929193752915113 0.726149942709928 0.27286732232392724
1 0.9445863573082517 0.5192703019327192 0.9725889730365891 0.5091590084246735 0.9660915134147275 0.4824351751982276 0.93808889768639 0.49254646870627333
1 0.2255769298621211 0.4419899556174207 0.2255769298621211 0.4786434344391325 0.2421710732081005 0.4786434344391325 0.2421710732081005 0.4419899556174207
1 0.18644500377349013 0.8131425999883396 0.1822964819530293 0.8384208109841418 0.1996485750440141 0.8426500007287779 0.2037970781764295 0.8173718808302238
1 0.13540221457823026 0.7878919003614738 0.14992213439007004 0.7752528859608209 0.1405318587817667 0.7592318862231809 0.1260119389699269 0.7718709917210821
1 0.19754874888768753 0.803810597889459 0.22092683959138665 0.8064007659456623 0.22260164353136483 0.7839506690181903 0.1992235715157111 0.7813606831564832
1 -0.010683455645344554 0.7946304549032183 0.03422447807279308 0.8653199153159982 0.05164926298834105 0.8488800504314366 0.0067414046063864076 0.7781904989214086
1 -0.012987460377606161 0.9043387797341418 0.04189953217094688 1.006431830107276 0.06264309903557726 0.9898695305212221 0.007756181823207204 0.8877764801480876
1 0.5652387330521854 0.5942914364942864 0.5419031950278437 0.591131591796875 0.5389434945269442 0.6235925475163246 0.5622791073034675 0.6267523466651119
1 0.861987065480519 0.8395096963910914 0.8866869055706522 0.8160981591068097 0.862673141002947 0.7784725360016325 0.8379733756649954 0.8018840732859142