0 0.23999152572242533 0.9293533105394712 0.2553086533039048 1.0158751562203847 0.3195038126652925 0.9990059459995735 0.30418676104542625 0.91248410031866
0 0.2514411437266646 0.9979154573777483 0.24082824289242377 0.930913663434657 0.2081896646021313 0.9385876196455648 0.2188025654363721 1.0055894135886563
0 0.21914971000894523 0.9989328333787434 0.2096394679527069 0.9371364729435178 0.16801022504083696 0.9466462963182335 0.17752054305868856 1.008442656753459
0 0.17423771001866833 0.9992418498862775 0.17423771001866833 0.9575435936315391 0.11263223397635345 0.9575435936315391 0.11263223397635345 0.9992418498862775
0 0.09583074051026758 0.9992418498862775 0.09583074051026758 0.9598180439727066 0.05164903546981954 0.9598180439727066 0.05164903546981954 0.9992418498862775
0 0.05164903546981954 0.9992418498862775 0.05164903546981954 0.9203942380591357 0.0 0.9203942380591357 0.0 0.9992418498862775
0 0.10062224715113566 0.9363911869491566 0.07952709945745177 0.8592873574026251 -0.004853795163736777 0.8935557055238343 0.01624142849156036 0.9706596276179871
0 0.09865795579398724 0.9778738072462566 0.15387543996966396 0.9632978345337376 0.14672805985532048 0.9231071790300417 0.091510651641257 0.9376832442901819
0 0.06376149451131767 0.9447339848192285 0.06911488920542937 0.9782774074227635 0.09786271366482577 0.9714671056138646 0.09250931897071406 0.9379235904627085
0 0.17567627105048225 0.9505333889606236 0.2855157003539203 0.9143651307216641 0.27658185501905724 0.8740923854778715 0.16674242571561917 0.9102606437168309
0 0.21666485371616365 0.890959559651014 0.20397045275552272 0.8187836132960576 0.16844290238993467 0.828058920998389 0.18113737931218887 0.9002348673533453
0 0.2566894835096453 0.7987111448066717 0.1657486199294104 0.8276890081560367 0.18249785180557715 0.9057134088916793 0.27343871538581205 0.8767356380899356
0 0.17059489489343496 0.838488482633624 0.12932882445453484 0.8500907151784022 0.14200864078543093 0.9170336488343442 0.18327471122433106 0.9054314162895659
0 0.08574524115685284 0.8618693434893859 0.09738643434971997 0.9359363153904473 0.14046517676571252 0.9258860139073162 0.1288239076112321 0.8518190420062547
0 0.027380211574362167 0.8832448824867324 0.027380211574362167 0.8104624715693708 0.0 0.8104624715693708 0.0 0.8832448824867324
0 0.031112737364849097 0.878346429438732 0.12323670307152303 0.8466893124526156 0.10811677183805227 0.7813771604316717 0.01599273016976509 0.8130342774177881
0 0.12363474192497667 0.8489109181020186 0.16976736907864032 0.8316169142994219 0.16014728652963597 0.7935249612040371 0.11401473533758556 0.8108189650066339
0 0.11571771874513846 0.8164294794529473 0.16051592823876012 0.7988859672633151 0.15123790083424082 0.7637183339058946 0.10643969134061916 0.781261846095527
0 0.13293381069636745 0.691921786524474 0.16653687359015246 0.8215654096972138 0.20614629720558494 0.8063260556351877 0.1725433102734132 0.6766823861886372
0 0.19303046121460796 0.7608794356223939 0.2074051330604387 0.8134192755224128 0.24156810900552272 0.7995450914222423 0.22719351312130523 0.747005297796034
0 0.19244859525707841 0.6663813731993935 0.22169731059427505 0.7397476670595622 0.2927906200169182 0.6976769066290751 0.26354198064133477 0.6243106127689063
0 0.19677924279033135 0.7680950960126043 0.22519579865432482 0.75727595516549 0.2152194561391568 0.7183809663600502 0.18680282431355008 0.7292001072071645
0 0.2576533604202318 0.6999586682323257 0.29884225386006535 0.7808080851082733 0.3263838079009801 0.7599807056719106 0.2851948384995333 0.6791313813435842
0 0.2669619243932794 0.8540392594413382 0.30701982537336653 0.8305407705588987 0.29457913620099563 0.799060697172337 0.2545212352209085 0.8225590935071551
0 0.27865188494185594 0.8874381226603961 0.31598018131125544 0.86742738343442 0.303593045076229 0.83312775421721 0.2662647487068295 0.8531384008955648
0 0.29920193209882545 0.9099682857811315 0.33417670980476044 0.8944732226414424 0.3262005884898102 0.8677498193470432 0.2912258867454885 0.8832448824867324
0 0.37875121234734754 0.9414295720005686 0.37413988665311915 0.9049112986578374 0.33934984759061915 0.9114322966025398 0.34396117328484754 0.947950569945271
0 0.388301182327318 0.8733889310083397 0.388301182327318 0.8605003790750568 0.37523335407591785 0.8605003790750568 0.37523335407591785 0.8733889310083397
0 0.32150828771585255 0.8573693079510993 0.34965928177990824 0.9348566548403147 0.3868590510996811 0.9147960324464557 0.3587080570356254 0.8373086855572404
0 0.39962664107469276 0.9578468721865523 0.4685749844430616 0.9158453373768006 0.4515245647703407 0.8742986741257581 0.38257622140197184 0.9163002089355099
0 0.34672602408408526 0.9459138744432335 0.35687024176454574 0.989171373021702 0.391142526471103 0.9772411517070224 0.3809982328290292 0.9339837456761751
0 0.34725669191428127 0.952160283595527 0.3107153578581985 0.9707102511668404 0.31986538994438396 0.9974653982953469 0.3564067240004667 0.9789153381764121
0 0.01753566245819073 0.8120639156084155 0.11461095804002022 0.7847705115144048 0.10089282241754823 0.7123458897010045 0.003817602797331985 0.7396392937950151
0 0.11742374061722154 0.7802122635223181 0.15270692247296982 0.7658832541372489 0.13534536403235845 0.7024260803639121 0.10006225813822339 0.7167551360227918
0 0.15183571873055382 0.6876421531463229 0.13416302152205195 0.6445792359416461 0.10653388374105476 0.6614101777210482 0.12420658094955662 0.704473094925725
0 0.15096314767909924 0.7668378828509999 0.12614299439464063 0.6635192454629454 0.093387966951229 0.675199356831051 0.11820819619730087 0.7785179942191054
0 0.08852239773743777 0.6875440989415513 0.1287290315562772 0.6490554404674469 0.10229887187888924 0.608072253408714 0.062092314021663035 0.6465609118828184
0 0.047234906123599874 0.7314572511431482 0.09215267919648414 0.7068307918522555 0.0629276638826229 0.6277057222564443 0.01800981484812539 0.6523322278211476
0 -0.0019339067118466086 0.6868483721983984 1.549616910392035e-05 0.7319730190366756 0.029116390206907282 0.730106935074512 0.027167063287570008 0.6849823345100455
0 0.023646546359676415 0.689158453373768 0.023646546359676415 0.6383623957543594 0.0 0.6383623957543594 0.0 0.689158453373768
0 -0.010282847624649968 0.553623572545489 0.023165025693256066 0.6467691440307525 0.06397016106292781 0.6250189722623674 0.030522211783408526 0.5318733545032932
0 0.1800513561274891 0.6756986975217968 0.16406812115938083 0.6237705973985974 0.13453979112379433 0.6372615417989481 0.15052295013028935 0.6891896419221475
0 0.16209205575217797 0.6255509359896229 0.14458260005056006 0.5767906483960387 0.12411474335913192 0.5877005784596522 0.1416242750223631 0.6364608197794257
0 0.13976351934408057 0.6294162336671958 0.12233974834221376 0.5869598272987349 0.08923461382331208 0.6071266018142295 0.1066583848251789 0.6495830081826904
0 0.12248141675093342 0.58837677765471 0.11046497318858899 0.5517764145718821 0.07795636521857499 0.5676191328509999 0.08997273281930616 0.6042194959338277
0 0.09545222379142035 0.6219723045690391 0.08423839063472309 0.5912320105933709 0.060162053467252646 0.6042691014588467 0.0713758866239499 0.6350093491607042
0 0.09670194425268357 0.6109173523828421 0.05538270068450529 0.510235026535254 0.025762305173654326 0.5282789899870878 0.06708154874183261 0.6289613158346758
0 0.10886863988604542 0.5507953635122489 0.08893509718224954 0.49979468310213704 0.06091536478589764 0.5160507653318092 0.08084890748969353 0.567051445741921
0 0.07806597782650125 0.4702088744284259 0.05653351912531114 0.40025134082993746 0.012820649161869944 0.42022288613829134 0.03435310786306005 0.4901804197367798
0 0.024891101431238332 0.5360121304018196 0.024891101431238332 0.4806671721000758 0.0 0.4806671721000758 0.0 0.5360121304018196
0 0.02613565650280025 0.48142532221379836 0.02613565650280025 0.4245640636846095 0.0 0.4245640636846095 0.0 0.48142532221379836
0 0.08525202240199128 0.4874905231235785 0.07376381589821873 0.4664955862188448 0.0512182571610532 0.4848078452248389 0.06270646366482577 0.5058027821295726
0 0.08216577801707374 0.48774229892733606 0.13131035909789204 0.46574733870060175 0.11526726637853921 0.4125385645937974 0.06612260933610765 0.43453352482053165
0 0.1318606250243077 0.5441243458734126 0.11555690800987865 0.4845337191705364 0.08811448387426105 0.49567853509701953 0.10441820088869011 0.5552691617998957
0 0.13017891086846609 0.5379292543771323 0.10755093378091941 0.552966669529473 0.12357959379375388 0.5887687631047431 0.1462074949196873 0.5737313016785918
0 0.19914104126964063 0.49618490940698445 0.12786056243193838 0.5276660008173806 0.13976579819247822 0.5676790574357942 0.21104627703018047 0.536197966025398
0 0.15900550752080742 0.6207534523964652 0.2225799085786792 0.5955150682335102 0.20752029086613255 0.5392059950868319 0.14394581384664748 0.5644444255235974
0 0.2249237801172604 0.6095960499934846 0.26115184848028156 0.5940879839130023 0.25345146782144523 0.567386144214367 0.2172233994584241 0.5828942102948493
0 0.11321189704709864 0.4838140225934657 0.1265354880503267 0.5271012752321834 0.17147582172234754 0.5065688913387273 0.1581522307191195 0.4632816387000095
0 0.1937279407475109 0.4250361028270707 0.1501685132428438 0.44019910510152105 0.16005446143823895 0.4823551481650398 0.20361388894290602 0.46719214589058944
0 0.20748671583307404 0.49262367693920583 0.200978476732654 0.466192770401938 0.16780938253539204 0.4783162311499005 0.17431762163581208 0.5047471376871683
0 0.18297466285197572 0.38021177301992515 0.12244989268143279 0.4061205258777957 0.13490516648354853 0.4493104184189016 0.19542993665409147 0.4234017118348417
0 0.13602985412939483 0.43881727656783076 0.1494710337099409 0.4333585864942665 0.14822647863837896 0.4288096858119314 0.13478529905783293 0.43426837588549566
0 0.20594241623560983 0.42546524614705744 0.13554164884100808 0.4171646962661107 0.1307129210096453 0.4779565910935131 0.20111368840424704 0.4862571409744598
0 0.0762637125904247 0.43221145872820316 0.11884885644348941 0.41190914822130875 0.09582261261764935 0.34021551379477827 0.05323739280297138 0.360517778027862
0 0.05283266932755134 0.34978165239705744 -0.01322955052601898 0.37973020147246966 0.0005250466708151836 0.42476683552288663 0.0665872665243855 0.3948182864474744
0 0.00251919094197262 0.37779359622287245 0.08756323044687306 0.3273153934088324 0.056377949741365896 0.2493266697812026 -0.028666089763534536 0.29980487259524263
0 0.1290425251341786 0.2522610772098891 0.10938783751264002 0.21089946292764405 0.08610924920756845 0.2273192156255923 0.10576393682910704 0.26868082990783737
0 0.09665583555343808 0.31709596114776817 0.1435294682443995 0.2922662672804919 0.1142359355553827 0.2101799051720053 0.06736230286442128 0.2350096453130923
0 0.080768464141257 0.31020222765826383 0.10285027722950374 0.37250454593915844 0.12988478750194463 0.358281549854293 0.10780305037531114 0.2959792315733984
0 0.1445936904460952 0.29707721655254926 0.1130506305421593 0.3135473614302976 0.12528166566194773 0.3483176878494598 0.15682464960427037 0.33184754297171154
0 0.2102738993466086 0.35182422467304775 0.18496326192536558 0.30248486661296436 0.15173780421106875 0.32778493376551837 0.17704844163231176 0.37712429182560175
0 0.14265218757292314 0.3955853674066528 0.17587468278430304 0.37350725314217686 0.15568431386609366 0.32840939884026726 0.12246181865471376 0.3504874668309325
0 0.14168679143007157 0.38802436556754644 0.12898464238487867 0.3532041559805013 0.10346488264234599 0.3670228115078895 0.11616703168753889 0.4018430210949346
0 0.12538535326404013 0.24563240010779946 0.1610478114547682 0.3279573499840078 0.21555885262717797 0.2929058176175133 0.17989639443644992 0.2105809140151156
0 0.25438708701190105 0.3014404667065485 0.2292470593740277 0.24018194677253127 0.2016179215930305 0.25701288855193327 0.22675794923090387 0.31827140848595054
0 0.27629912589452393 0.29898156895612205 0.2466200880182405 0.23268929135175795 0.22826487571464685 0.24488729920868083 0.25794391359093033 0.3111795768130449
0 0.25255223424373835 0.12355746022673426 0.16366013133459084 0.17709977596071835 0.19431527594119477 0.25264589021927125 0.28320745481195553 0.1991036207590978
0 0.188375685477598 0.3860143237804445 0.21092033267540447 0.43637091902009095 0.24113452011706596 0.4162920184710244 0.2185898729192595 0.3659353769575673
0 0.265309835266607 0.4037818474874431 0.2368681361086263 0.34602861498412624 0.2145392958540759 0.3623511464058946 0.2429810709736699 0.42010437890921154
0 0.22585742430577163 0.42601599704143767 0.23809749885753734 0.452858786767319 0.2663113131757545 0.4337620015755307 0.2540712386239888 0.40691921184964935
0 0.23140003937850032 0.4275387293285633 0.19636228949517734 0.44009406355134095 0.20559732262659458 0.47834927065070604 0.2406351484715308 0.4657938901541177
0 0.21188694420406815 0.5238160660449441 0.24089402564950219 0.5177228694797195 0.23565206664203484 0.48068119306470336 0.20664498519660082 0.486774389629928
0 0.30756036821328564 0.4914956602569418 0.2594658804740977 0.5101783411172053 0.26795664171884725 0.5426229920868082 0.31605112945803515 0.523940264952734
0 0.2942640474292159 0.49926415386301176 0.2865038849807483 0.4614458178100123 0.2522420070152069 0.47188153386206405 0.26000216946367455 0.5096998699150634
0 0.29615875794862323 0.5029537961553497 0.28315025571717484 0.4309136171608463 0.24142378194033914 0.44209785837400495 0.25443220821017426 0.5141379910946977
0 0.3139780610707063 0.5169179828172384 0.24685017574478843 0.5551551894042599 0.2610943455390479 0.5922744207259287 0.32822238278819227 0.5540372141389073
0 0.27554452322845363 0.6282031657209534 0.3380211270515712 0.5901440670311315 0.32308646619282827 0.5537528615724507 0.2606098623697106 0.5918119602622726
0 0.21729928511006533 0.5840788661213514 0.24169261008964685 0.6435178072729103 0.2752955970218186 0.6230477542024024 0.2509022720422371 0.5636088130508434
0 0.31402508130931084 0.6743459752150066 0.3609625977170193 0.6436607008002038 0.3442435985629278 0.6056992398508576 0.29730608215521936 0.6363845605394712
0 0.33096778741443683 0.6925084921697309 0.3594661539359054 0.670518529514547 0.3469303608237399 0.6464032107361164 0.31843191834065804 0.6683931733913002
0 0.29253743995994086 0.7012422111921911 0.3221579114324051 0.6806205188441765 0.31001863794142814 0.6547384197012415 0.28039824243057715 0.6753601120492561
0 0.36363025563209783 0.748121746025635 0.3333431070609054 0.690721305054729 0.30280425968419417 0.7146399601378886 0.33309144623619324 0.7720404011087946
0 0.37234388825013615 0.6615235485571456 0.333201514613799 0.6894791308815864 0.3537972906619477 0.7322844417823635 0.3929396263174782 0.7043288594579227
0 0.3915451610021585 0.7052903366956501 0.350662354882934 0.734938800108984 0.3607688956032203 0.7556249518752369 0.4016516257608315 0.725976488461903
0 0.3549545658398802 0.8321982984564538 0.4253654361290448 0.7794075619550797 0.398401836022577 0.7260247057726024 0.327991003714219 0.7788154422739765
0 0.32307522387406656 0.8498437981247631 0.363535379577143 0.8068691250769996 0.32690308148918795 0.7556748350431198 0.2864428878053049 0.7986495080908832
0 0.40677611013340076 0.8554699531190769 0.44115272811576306 0.8255537494373104 0.4179854995357226 0.7860377660929208 0.3836088815533603 0.8159539697746873
0 0.36415682153517814 0.8592873574026251 0.3860609983908292 0.845943933910633 0.3780958155481876 0.8265352169612395 0.35619167667334317 0.8398787330008529
0 0.41783543736873835 0.8504111150433568 0.37518549825956754 0.8850528002689063 0.39184338629579574 0.9154954148206501 0.43449332540496655 0.8808538221427218
0 0.4737274606701151 0.8719029864006823 0.5104667127095325 0.8383320771536201 0.4655880598674743 0.765428336304729 0.4288487698472503 0.7989992455517911
0 0.4019713861718264 0.6885337569299659 0.4420900184617105 0.7791025249952616 0.49483301510481487 0.744422941518788 0.4547144207957374 0.6538541271796816
0 0.4115833408282125 0.7425643076401394 0.4472872360789709 0.7144999355868555 0.4260813363531619 0.6744539320152577 0.3903774031215969 0.7025182577947309
0 0.5161552880221297 0.7791450969010614 0.4973912123351937 0.7448533342316622 0.46737828518785 0.7692307478736259 0.4861423608747861 0.803522510543025
0 0.4634350798630017 0.8741472662173048 0.5366187009591825 0.825999273686268 0.5004088633833425 0.7443026758849033 0.42722524228716163 0.7924506684159401
0 0.5140012445550716 0.9120545868081881 0.5140012445550716 0.8521607278241091 0.4530180460485376 0.8521607278241091 0.4530180460485376 0.9120545868081881
0 0.5889575438389663 0.8473288165158264 0.5608029795790875 0.7749134494645565 0.5234874447607148 0.7964487256562737 0.5516420090205935 0.8688640927075436
0 0.4996984323953796 0.7378900049309373 0.5288401558003073 0.8000232849815201 0.5646258996893474 0.775109372778857 0.5354841762844197 0.7129760464544637
0 0.4889393434364305 0.7004596285064443 0.5067115883391023 0.7360319726118272 0.5341123855106565 0.7157114764973465 0.5163401406079846 0.680139086118153
0 0.5005380740874883 0.6193016115872584 0.4551594039261823 0.65448423765933 0.4824737188010462 0.7067787800890827 0.5278524269431588 0.671596154017011
0 0.41253058214549626 0.6173733356235784 0.4335303600337391 0.6630609033684373 0.48131917824119086 0.6304558673711145 0.46031940035294805 0.5847682996262556
0 0.45837801142219586 0.5849334508564727 0.36999435757136745 0.6509321211322499 0.3925050879088558 0.6956795438660918 0.4808887417596842 0.6296809661379359
0 0.37967551325742843 0.6559486649450341 0.4218193960990977 0.6197045176566054 0.4044530900576579 0.5897304717115239 0.36230924519679525 0.6259746189999527
0 0.4394852187816 0.5520786751030611 0.39920315508079884 0.5837416225893196 0.4173639816160742 0.6180371797111922 0.4576460453168754 0.5863742322249337
0 0.4121905779645691 0.5795965071787339 0.3804999626268863 0.5313338018710908 0.33610575497335876 0.574603840652246 0.3677963703110415 0.6228665459598891
0 0.4432812484807677 0.5416313443245356 0.41380723099865824 0.4997368871126327 0.38213697337332764 0.5328100752523218 0.4116109528746305 0.5747045324642248
0 0.3376442814882156 0.5751855949997631 0.3792253267564756 0.5470410767064301 0.36821807120702393 0.5229018343678924 0.32663698795795737 0.551046398935036
0 0.3722666732702629 0.48844052445626424 0.31786851105514935 0.5141595084166509 0.3284406205030725 0.5473514814282837 0.38283874473737944 0.5216325437417078
0 0.34608202152691353 0.48993993474282127 0.32817961639993 0.45722282357609934 0.298310294682444 0.48148362721521987 0.3162126998094275 0.5142007383819418
0 0.28069502445356254 0.43850238328634383 0.3010291887056627 0.481856871771939 0.3325929861300171 0.4598821794742703 0.3122588978395302 0.41652769098867515
0 0.264252677494944 0.3873018925618366 0.2778264860522324 0.41830997307974793 0.3141295285275358 0.39472074125462 0.3005557199702474 0.36371266073670866
0 0.30332679962177195 0.3684842772697119 0.2874730792042626 0.3346824617074962 0.2501459982206752 0.36066950985298996 0.2659997186381845 0.39447132541520563
0 0.2722470295970753 0.3065740832602824 0.23489670435983198 0.3334107648431577 0.251380374436061 0.3674642636615097 0.2887306996733043 0.34062758207863436
0 0.3001113445327085 0.3636983158554066 0.29065533906833385 0.34321701824891016 0.2729878072495333 0.35532493099649354 0.2824438127139079 0.37580622860298996
0 0.27796504003480865 0.3771630692789282 0.27114497851197883 0.35935760104719483 0.254895346166187 0.3685965375343537 0.2617154076890168 0.386402005766087
0 0.34471516825801185 0.37326848027921244 0.3004085823253734 0.28738988684017247 0.27242250092369324 0.3088221575293783 0.31672908685633167 0.39470075096841833
0 0.3397250979600965 0.37080972135021795 0.37456177745313474 0.34508661902068327 0.35857223767112634 0.3129433956536676 0.3237356341397013 0.33866654425701287
0 0.3427678923022324 0.3746661807299564 0.3054471161325451 0.39946783266797764 0.3276112716095597 0.44897456310118933 0.36493208576005365 0.42417291116316813
0 0.3457373836875778 0.45322212872855855 0.37351586200023335 0.4983472383049422 0.39970131134052195 0.474420022566812 0.3719228330278664 0.4292949129904284
0 0.3534967865199129 0.44763785153288477 0.3297525535255912 0.4611379118739338 0.34590457519835094 0.5033065414139499 0.36964877021186604 0.48980648107290087
0 0.3920969841416459 0.3834584361228914 0.3577987965249689 0.41974728391240995 0.3942805007146469 0.4709291262912244 0.4285787263121305 0.4346403247755165
0 0.36534178472114187 0.3315795250604151 0.4235828829316078 0.42413325450743933 0.4520622210689561 0.3975316901564869 0.3938211228584902 0.30497796070946265
0 0.29856286704651525 0.2941760799937216 0.3509182695579885 0.40955552339011564 0.3925148869569656 0.38153774906415844 0.340159522426299 0.2661583056677644
0 0.47733791614810206 0.5038939874401772 0.4417031079845986 0.45830762051921436 0.4095385301610143 0.4956291609410538 0.4451733383245177 0.5412155278620167
0 0.4253287846506495 0.43530453905361544 0.37974672726985453 0.48972860224957354 0.39838014898199287 0.5128938734215077 0.4439622063627878 0.45846981022554967
0 0.4981470303870761 0.5332644377991139 0.46752979062548616 0.4931988604056103 0.4341733371091319 0.5310358448043025 0.46479057687072184 0.5711014221978061
0 0.4713835511507273 0.49278225728831027 0.49335297903216396 0.5393324614113438 0.5205940669118505 0.5202487254341595 0.4986246390304138 0.47369852131112583
0 0.4401951560190767 0.4402646288174043 0.4734444276991288 0.4950710987845906 0.49862232220120956 0.4723979495889405 0.46537308850196407 0.4175914796217542
0 0.4791772506514468 0.4408089476521039 0.5027498103998134 0.48029832355536867 0.5285019746980981 0.45748005968951383 0.5049294529305383 0.41799068378624904
0 0.4847376027608704 0.37202667629655517 0.45068788558114886 0.40150239957472517 0.47638881377129355 0.4455720960777578 0.5104385309510151 0.4160963727995878
0 0.4441240425798265 0.3975480248116471 0.42572891244846767 0.42556260624466924 0.4432589157664709 0.44264870181600646 0.4616540458978298 0.4146341666567949
0 0.47344697241317285 0.35825364674646987 0.4466131527229504 0.3173875324286865 0.41982483403906734 0.343497483815272 0.4466586917100965 0.3843635981330553
0 0.4205733597760773 0.20744040303378505 0.4057249533291848 0.2092494313874147 0.4065382363414942 0.2191579499147081 0.4213866427883867 0.21734892156107846
0 0.44430616054760425 0.24791508718726307 0.44430616054760425 0.2395754359363154 0.42874922215308026 0.2395754359363154 0.42874922215308026 0.24791508718726307
0 0.3601142584201929 0.24707683710730194 0.4090020132865977 0.3493104924569987 0.44889955930110453 0.32099041132605194 0.400011880396313 0.2187567559763552
0 0.33824202342291537 0.26759399691705366 0.36543833193158837 0.32755180630745356 0.3917694376652925 0.3098231526014026 0.3645730911758128 0.24986534321100265
0 0.3444928286160159 0.25489007748827236 0.31026756414806317 0.17149351870498483 0.2691972467865199 0.1965124724578279 0.3034225112544726 0.27990903124111544
0 0.24154099070959084 0.23021470677952047 0.27274670508906346 0.302179875926957 0.30655349702959706 0.2804199403845243 0.2753478586117377 0.20845481751089842
0 0.4203943942152497 0.15034990404662624 0.4098666843302738 0.13966120907173996 0.4053781126030647 0.14622357580316528 0.4159058224880406 0.15691217823043024
0 0.40009490643960016 0.14785954010495642 0.39487942005435206 0.17055341996777862 0.4042735927655375 0.17375806645067285 0.40948907915078564 0.15106418658785065
0 0.435479117240977 0.18426092580198067 0.3770697640571523 0.06897713037220432 0.28864911690066897 0.13547528016015922 0.347058432103687 0.25075907558993554
0 0.4623732124713169 0.34412588216392626 0.5337622404543598 0.29428533246067096 0.5100370358441584 0.2438422977427265 0.4386480078611154 0.29368284744598183
0 0.4085662974729698 0.21002192638243936 0.40638243907270927 0.21933425313329227 0.41303963889672135 0.22165164557074488 0.41522349729698194 0.21233922627227067
0 0.42916837833501864 0.29585799418949016 0.46273011811119324 0.2762308648538192 0.4449405919415059 0.23107706551483131 0.4113788521653314 0.25070419485050227
0 0.5005569885291887 0.19522420956927597 0.44353644152049626 0.2305690253476829 0.45886013978152224 0.26726443483759005 0.5158806867902147 0.2319196190591831
0 0.48463311756183886 0.1582771630970432 0.4486869807264118 0.18098557293641016 0.46382214226334006 0.2165481995415561 0.4997682411179605 0.19383969715456786
0 0.46210328287861696 0.17225166881870735 0.4429371423727248 0.12554964032292457 0.4133167468618738 0.143593650048569 0.432482887367766 0.19029567854435178
0 0.4343497199751089 0.1865049279757392 0.40174236190786405 0.10705075903857089 0.36664593167830195 0.12843064777411864 0.3992532517647402 0.20788472416366566
0 0.49817346502848864 0.04947225644427597 0.45545880662482496 0.07982963463679871 0.48960666620887133 0.1511508111613912 0.5323213625933416 0.12079334042124716
0 0.4691606484812539 0.1093520481899166 0.45043744014224874 0.07133302262011941 0.4206962276855165 0.09307403217399546 0.4394194360245216 0.13109305774379265
0 0.4560408624863877 0.07145000281344768 0.42277252444140867 0.009092433602634571 0.37414957175880914 0.0475982596604909 0.4074179098037881 0.10995573632368272
0 0.4163036714374611 0.045489006823351025 0.4163036714374611 0.0 0.3596764156813939 0.0 0.3596764156813939 0.045489006823351025
0 0.335608890061061 0.09265044171128696 0.358486780856215 0.07592653125592305 0.3268603910625389 0.011706718809230477 0.30398257622899816 0.02843062926459439
0 0.383608197898841 0.05868472431174185 0.35009173124416615 -0.007104510697024261 0.3028157298877956 0.028646357769854056 0.33633219654247043 0.09443559277862017
0 0.3282454751186217 0.08243559055747726 0.30541536417820475 0.03144148102847801 0.2784711722639235 0.04934731715551554 0.30130120724272713 0.10034142668451479
0 0.243382831946173 0.14414088413333964 0.30167060856798383 0.11072212317570129 0.28233594722308647 0.06066487321716262 0.2240480946396624 0.09408363417480099
0 0.3059116213975965 0.17149351870498483 0.2868699439950218 0.12509476876421532 0.2572495484841708 0.14313877848985973 0.2762912258867455 0.18953752843062927
0 0.20215170384936995 0.022977538322119028 0.22303225998560983 0.0702228213549564 0.2516056765809739 0.05147767085031274 0.23072512044473398 0.00423238781747536
0 0.26716139958968577 0.054974860364148975 0.30525105920873524 0.03586636789826573 0.2920414865870022 -0.0032188062689537528 0.2539518269679527 0.015889778744550796
0 0.26306592921106875 0.020419336974033357 0.2458868305654947 -0.009929249194465504 0.22730282188277848 0.005685848210054966 0.24448184456673927 0.03603443437855383
0 0.20840851000991756 0.0126331204984837 0.22158093740276913 0.08585485497417551 0.2608337972055849 0.07537300393290372 0.2476612938511201 0.002151176909590599
0 0.3304293714996889 0.02350265352539803 0.3304293714996889 0.0 0.2943372744243933 0.0 0.2943372744243933 0.02350265352539803
0 0.49457911341251165 0.05162593213964178 0.4481536922205585 -0.020362420186931386 0.4158344945331946 0.010575879424516679 0.4622599537059544 0.08256423175108984
0 0.5010280644737866 0.06137008609149924 0.5441380271128267 0.024462094715456784 0.525759380651544 -0.007402791680487112 0.4826494180125039 0.029505199695555345
0 0.5544690723810867 -0.029120849424279758 0.4801941867488916 0.023462672952994694 0.5122197168394135 0.09061022939963988 0.586494564490802 0.03802670702236543
0 0.5453969009484871 0.06779002203373768 0.5783013069043638 0.1399502352930724 0.6185614936605476 0.11269977329534685 0.585657087704671 0.04053956003601213
0 0.5181726765469431 0.08995906433614481 0.5406008366108237 0.13701925212637414 0.5695892694802038 0.11651199491210197 0.5471611473971297 0.06945189966949393
0 0.5763534612364849 0.1966641580091452 0.6440572495332918 0.155420773313116 0.6186683336695901 0.09355574254288286 0.5509645453727832 0.13479912723891205
0 0.5049374668807366 0.14242190461523882 0.523799836895224 0.19349060752700908 0.5619644706265557 0.17256660837400492 0.5431021006120683 0.12149790546223464
0 0.4948867579461924 0.19976542879904283 0.5209402239834513 0.19069622464935557 0.5113360174116172 0.14974177362703753 0.4852825513743583 0.1588109777767248
0 0.49304484074799704 0.18985246798592684 0.47438130025620334 0.16061704460647272 0.4491359898223592 0.18453958668972706 0.46779953031415294 0.2137750100691812
0 0.4694553415598748 0.16533937953113154 0.5138852131908253 0.27151954309609555 0.5862576022382545 0.22656772894060367 0.5418276926264973 0.12038761164945035
0 0.5718420630444928 0.2394338843495309 0.567927647171068 0.22154975063968915 0.5592131789752839 0.2243809674706217 0.5631275948487088 0.24226514745427408
0 0.5666541507248561 0.284985777281558 0.5388792426080234 0.21929741918001328 0.5068992515046477 0.23936910101461809 0.5346741216406736 0.30505750538997345
0 0.5895048092816584 0.22917331467079702 0.5461719372885229 0.2545146580624526 0.5611842688968186 0.29261933645576665 0.6045171408899541 0.26727799306411104
0 0.49025929040914745 0.39313586323978866 0.5443241710461069 0.3658793856466784 0.5256141420470014 0.3107907379821361 0.4715492993908486 0.3380472155752464
0 0.5340356263004629 0.34698153156688305 0.5669979529864461 0.33024841262319937 0.5546628504564989 0.29418019836286957 0.5217005617513223 0.31091331730655325
0 0.5711952499076307 0.33820028934088325 0.6296558391995956 0.30413600872464935 0.6129960141422293 0.2616959370113486 0.5545354628310711 0.2957601713537718
0 0.5901387469250738 0.22637472087637414 0.6572166115286636 0.1773402146808662 0.6436545770214297 0.14980155939039994 0.5765767503986465 0.19883597303828657
0 0.5978720569432561 0.24374415099033359 0.6669172133877178 0.19642612552715125 0.6451633265838908 0.1493083731164708 0.5761182081202357 0.19662630603203185
0 0.6165865296967369 0.27058124903750475 0.6742352792470442 0.2380327596367987 0.6596964543549705 0.19980929637154093 0.6020477427854698 0.23235778577224697
0 0.6403096073817672 0.2954083052975739 0.6846932943518591 0.2782026844733226 0.6741507339714919 0.23783438381053354 0.6297670470014001 0.2550400046347849
0 0.6601721259771702 0.3296122865481662 0.7025299167217641 0.3074952097351213 0.6906851464053749 0.2738229145689206 0.6483273556607809 0.29593999138196553
0 0.6839264618660548 0.278392777287481 0.7414280357906814 0.24580819431446646 0.7302331170756845 0.2164836938495072 0.6727315431510579 0.24906832309633245
0 0.7291848468127723 0.2194086614208207 0.71387675866327 0.16345714600905042 0.6561916614810205 0.18688400303260044 0.6714996736689095 0.2428354721705601
0 0.6899593331907281 0.17366098399592494 0.6836267933017657 0.14279977655302312 0.6495112933649658 0.153190930925417 0.6558439092155414 0.1840520458206975
0 0.6990905267968264 0.1320893328871304 0.6469451581460018 -0.0014181072012414708 0.6111169517151525 0.019353836209960198 0.6632622444043638 0.15286127629833207
0 0.5891813647324207 0.028872266513457163 0.6388609434553905 0.16505784966712472 0.6970021901252333 0.1335750923995451 0.6473226114022635 -0.002610583301743745
0 0.585940956253403 0.04692914035846285 0.6056921151237749 0.08753672289613343 0.6325062607561645 0.068177333828895 0.6127551018857926 0.027569751291224413
0 0.641568139390168 0.029567854435178165 0.641568139390168 0.0 0.5718730553827007 0.0 0.5718730553827007 0.029567854435178165
0 0.7252490477452163 0.016294674587755877 0.6638465411335174 0.05681646548047763 0.6933817077142969 0.12324872136206406 0.7547842143259956 0.0827269304693423
0 0.6502800248911015 0.04397270659590599 0.7106409458618543 0.04397270659590599 0.7106409458618543 0.0 0.6502800248911015 0.0
0 0.8075852836224331 0.177906976313732 0.7570405780861077 0.07820431331145754 0.6898057388087274 0.12879907985452996 0.7403505203066661 0.22850178913061506
0 0.8239926122773413 0.1818066554326194 0.8516133942808806 0.22555386974921815 0.8852048350478375 0.19407236187452614 0.8575840530442984 0.15032510128411675
0 0.7831533701433183 0.19970295915466263 0.8020358320045116 0.24242719833917742 0.8379566356419181 0.21886198262177786 0.8190742497423382 0.17613774343726307
0 0.7969234635092564 0.24613100041757488 0.7627095932832918 0.26857643619100646 0.7729400273947962 0.2917243546839462 0.8071538976207607 0.2692789189105146
0 0.786485578231954 0.2194621539459344 0.750430094654247 0.24581902238615902 0.7632233976353454 0.27179681576952236 0.7992788812130522 0.24543994732929778
0 0.8303580435448429 0.3133316329250379 0.8694022367960486 0.2798568343827 0.8527303338421749 0.2509922030480004 0.8136861405909692 0.28446695531652766
0 0.7713961835670116 0.29593374441752746 0.800082555081285 0.3512712063619456 0.8355523746207997 0.323977802267935 0.8068660031065261 0.26864034032351686
0 0.7986310046136046 0.35163001348974127 0.777100217067906 0.299166016365381 0.7502177819452007 0.31554208658607374 0.7717485694908992 0.36800608371043403
0 0.7262585016237555 0.2600360028756397 0.7450768518833618 0.3075282029621162 0.7716847617357654 0.2918783076519854 0.752866411476159 0.24438606129169826
0 0.7122588522625622 0.34207734056636185 0.7490977279577629 0.31963606943588896 0.7396390638369243 0.2965883337430108 0.702800264103337 0.319029558599673
0 0.7289271090589997 0.26505865483143004 0.6995302685759568 0.2800781157452379 0.7097961767608509 0.30990357648431577 0.7391930172438939 0.2948841618443186
0 0.7050118105116289 0.33724436496043403 0.692201947898841 0.30886833879240905 0.6613627483033214 0.32953338970100454 0.6741726109161092 0.3579094158690296
0 0.7126168593458307 0.33217918737265445 0.6730091828475031 0.3536262194074583 0.6863015536276835 0.39006434651014027 0.7259092301260112 0.3686172682015258
0 0.7050201662890868 0.4235541840409401 0.7441723009927271 0.3973186918060557 0.7294048316447573 0.36460616174658833 0.690252696941117 0.3908416539814727
0 0.7730573880872744 0.3698294569453658 0.7453784194879822 0.31737203070211806 0.7149654405044338 0.34119216884239956 0.7426444091037259 0.3936495950856473
0 0.7499516884139701 0.3949939418327094 0.7036969909478065 0.4243962285733747 0.7194193737359987 0.4611107491470811 0.7656741471637757 0.43170846240641586
0 0.7644518488448974 0.42955969173497915 0.7239381022236698 0.45670761096829987 0.7387055715716397 0.4894200947539566 0.7792192422312539 0.46227222179444655
0 0.7196265970169571 0.45952786090610787 0.7543813139292938 0.43762614240783737 0.7398722659896158 0.4034503881817428 0.7051174731156659 0.4253521066800133
0 0.7772392268201618 0.45988518727196265 0.8300277624504122 0.41418790202686695 0.7938809730135734 0.3522065851704653 0.741092437383323 0.3979039166893717
0 0.8280030816107266 0.33269921245676176 0.7947539998347075 0.35451166877428447 0.8202702653430305 0.41224588274142343 0.8535192711574362 0.39043338015009005
0 0.8434254160265635 0.3677611101568423 0.8675505965113566 0.3481658634767106 0.8504140363692051 0.3168484425345906 0.8262888558844119 0.33644368921472234
0 0.8096929145437928 0.27315703443363815 0.843552119997472 0.24840563585398504 0.8309784220402925 0.22287382945768575 0.7971192165866132 0.24762522803733888
0 0.969319484214569 0.26685500416094105 0.9099542680703563 0.32666427461914804 0.9340088042548227 0.3621050160070366 0.9933740203990354 0.3022957455488296
0 0.885405829476509 0.36556106810320316 0.8133219046554138 0.41195824473441056 0.8355320169084475 0.46317821673320225 0.9076159417295426 0.4167810401019949
0 0.879402583181005 0.3755875848476592 0.8682015875369478 0.3482941807536486 0.8462974486621033 0.3616376042456406 0.8574984443061605 0.3889310083396513
0 0.8384440813141724 0.47540306340030325 0.8213517308309349 0.4311511869047337 0.7952195685623444 0.44613376759145185 0.8123119190455819 0.49038569036083207
0 0.8207812591153936 0.43010900814122915 0.7548679999854153 0.47091987152909404 0.7826049272956207 0.5374162166384334 0.848518186425599 0.496605306976758
0 0.7558661355835796 0.5247798569732042 0.7957398296515246 0.4970198740463893 0.7789286890605553 0.4611768744225028 0.7390550709542237 0.4889368573493177
0 0.8047076298275124 0.6260841028359553 0.8778352672147246 0.5719048280983463 0.8555967453183339 0.5273499506906274 0.7824691838927349 0.5815292254282364
0 0.8251861211447962 0.5143323873732468 0.7714550538172837 0.5457547110441149 0.7848457189250155 0.579743287706122 0.8385768622141413 0.548320964035254
0 0.878076521298421 0.44793599369491566 0.8336158852141023 0.4711511017609221 0.8498058117318762 0.5171760055854341 0.8942664478161948 0.49396094379323824
0 0.8881576908398802 0.49141481990973274 0.8508597791157825 0.5179225872464935 0.8725942957082297 0.5633173343175465 0.9098922833939406 0.5368095669807856
0 0.8768524758624378 0.44882801394285443 0.8950161889390168 0.49800532111803447 0.9350437812354153 0.4760599664163192 0.916879992197223 0.4268826592411391
0 0.9053944443499145 0.5131285741891347 0.92561740080021 0.5593258942321361 0.9472248336136824 0.545285679699346 0.9270018771633868 0.4990884059301554
0 0.9450755757282592 0.538902392615144 0.9607381007652069 0.5266351591374858 0.9423191566680927 0.49172739950068706 0.926656631631145 0.503994679252156
0 0.9993777224642191 0.5610310841546626 0.9993777224642191 0.47384382107657314 0.9421281891723708 0.47384382107657314 0.9421281891723708 0.5610310841546626
0 1.0112488514604077 0.5812095196704417 0.9815710289699362 0.5269726340385709 0.9110621681996733 0.5842421201253317 0.9407400666517579 0.6384790057572024
0 0.8915893326802661 0.6001966359309846 0.915582263996383 0.6556361316278905 0.9416451492736855 0.6388932489101592 0.9176522179575685 0.5834537532132534
0 0.9125077936615199 0.6457922576140779 0.895084022659653 0.603335851245617 0.8637212196639701 0.6224412433661866 0.881144990665837 0.6648976497346475
0 0.8670874585553439 0.62804750062192 0.8093577719061139 0.6676107758007961 0.8299151113779558 0.7121369171721 0.8876447220655725 0.672573641993224
0 0.8179501697893979 0.6822019263232089 0.7926974910790682 0.7041780068351972 0.8080862504618466 0.7304264094632534 0.8333389291721764 0.7084502826774545
0 0.8172993306870333 0.6821834630727587 0.8080895927728298 0.6597422382160965 0.7827007148899346 0.6752084727717494 0.7919103768425249 0.6976497439022223
0 0.7810673882817362 0.6680396414779188 0.8116679924500233 0.6514698228120261 0.7987605951258168 0.6160868311398313 0.7681599149959163 0.6326567423533453
0 0.7856719533923848 0.5880152866458965 0.7559214356380289 0.6070924054681577 0.7677865636667703 0.6345585034235216 0.7975370814211263 0.6154813846012605
0 0.7229941272557561 0.616430738100597 0.7604197304517346 0.6104311071805109 0.7571261868242455 0.5799347687346 0.7197005836282669 0.585934445928497
0 0.7808338822825918 0.5963608609446076 0.7717485694908992 0.5742229146429587 0.7533291696241055 0.5854435270712898 0.7624144064541848 0.6075815196467494
0 0.7488811613983744 0.5270701329576146 0.7114422649200762 0.5441752470651299 0.7223363756465853 0.5795693907256918 0.7597752721248833 0.5624642766181767
0 0.7139338817964375 0.5481499823048948 0.7416976995177349 0.527210111234837 0.7255449941904558 0.4954200495907174 0.6977812524307716 0.5163598743869645
0 0.7054137993689716 0.4630780802069513 0.6666123794337274 0.4900915740203279 0.6824278151981565 0.5238117625805534 0.7212292351334008 0.49679826876717686
0 0.7855825465735843 0.6749274981934704 0.7693976335222853 0.6383067746339557 0.7409355766519524 0.6569788125177691 0.7571204897032514 0.693599536077284
0 0.7631611850740899 0.6480667079552455 0.7467330429371499 0.6080363912054587 0.7233354227841086 0.6222896040886798 0.7397635649210486 0.6623199208384667
0 0.6761161647528391 0.6234829593915845 0.6780683782134801 0.6710516963608795 0.7111220107585952 0.669038137764168 0.7091697972979543 0.6214694470686837
0 0.7120867992085408 0.5745217046383387 0.6818331876896002 0.5919814612306908 0.6948334101052038 0.6254189630816432 0.7250870975857576 0.6079592064892911
0 0.6827628818742222 0.567399563619456 0.71387675866327 0.5484458107763931 0.6988176726820162 0.511751326762699 0.6677037958929682 0.530705079605762
0 0.6894818384898102 0.5814130318896892 0.66966816321173 0.5358154204327379 0.6286684901505134 0.5622605330298759 0.6484821654285936 0.6078581444868272
0 0.6354945146599836 0.5631868421715077 0.6745016766247277 0.5374979824618555 0.653993636239888 0.4912740087039187 0.6149864362943372 0.5169628221397602
0 0.6241443683883012 0.5693707354056103 0.6241443683883012 0.5625473843821076 0.6017423771001866 0.5625473843821076 0.6017423771001866 0.5693707354056103
0 0.5997510813895263 0.5865049094662149 0.610205336394485 0.5801364762752322 0.6069695235930694 0.5722516965829938 0.5965152306073039 0.5786201760477871
0 0.6153844751477909 0.46354692645647744 0.6346787628952435 0.5053374064158453 0.6526712964763535 0.49300677781759383 0.6333769707480943 0.4512162978582259
0 0.5945039949731643 0.4567568463028336 0.6188667454034109 0.5101849582721285 0.6355097449634411 0.49892001553319276 0.6111469945331947 0.44549185729008717
0 0.5671063122277535 0.34606572658026913 0.6017599242328485 0.4157290050168215 0.6428716406736155 0.3853724597528905 0.6082179906877139 0.3157091813163381
0 0.6000000075961613 0.40970433996517247 0.5809582922127801 0.3633055437505923 0.5500933416303672 0.3821076573161486 0.5691350190329418 0.42850645353072875
0 0.5382061467529753 0.34706140016406845 0.5520795099321328 0.3842470806778336 0.5763653872097658 0.3707977364332591 0.5624920240306083 0.33361200964568327
0 0.49877796754676806 0.39478024937511846 0.523222604596103 0.4508406470633529 0.5488227317254589 0.4342710597665135 0.5243780566953173 0.378210662078279
0 0.5223881282936955 0.3793164210576194 0.5472996254180927 0.4389715071787339 0.5693793875427816 0.4252851484759998 0.5444678904183844 0.3656300160810747
0 0.5387925324264935 0.4436724636028715 0.5604305397893007 0.512874299599602 0.6134264126429294 0.48827717790466263 0.5917884052801221 0.41907534190793216
0 0.5373605800550326 0.4809004383795726 0.5115121344119478 0.5018953752843063 0.5251064905856215 0.5267393677590742 0.5509549742095131 0.5057444308543404
0 0.5443492383784808 0.47775122792183944 0.532382359768785 0.4558814846267295 0.4996410054157592 0.4824750898822498 0.5116078840254551 0.5043447869035491
0 0.650854446610532 0.6022628078504075 0.6286439165686255 0.5616725779917314 0.5948973242065961 0.5890826383623957 0.6171078542485027 0.6296728219472612
0 0.6248296940630834 0.6475588991571503 0.5818966840021196 0.5596826653122631 0.5431909756995761 0.5877523125799612 0.5861239477797332 0.6756285464248484
0 0.5854386980665642 0.5516300042349791 0.574859979958288 0.5258529003684136 0.545239584447437 0.543896910094058 0.5558183025557133 0.5696740139606236
0 0.5856740651252333 0.5548007320146655 0.6314681313686217 0.5297900612739291 0.6222251602486193 0.504668981220977 0.5764310940052311 0.5296796982355241
0 0.6288359095461263 0.5622918141258766 0.5949952007452746 0.5880604036112822 0.6162854938234094 0.62956273655172 0.650126202624261 0.6037941470663144
0 0.7750348967651292 0.7952468096983984 0.8206066993281347 0.7641543720236685 0.7904812350507545 0.6986127019018906 0.7449094324877489 0.7297051395766205
0 0.7611698513826229 0.6924943323836713 0.7308027532134801 0.7109931673942144 0.7407591937859754 0.7352539710333349 0.7711262919551183 0.7167551360227918
0 0.7576494104163426 0.6906541154816622 0.737962515070784 0.6531768636869788 0.7122520916789826 0.6732243905924232 0.7319389110629279 0.7107015961132961
0 0.6868699743796671 0.7866565394889594 0.6711885349010189 0.748445801521631 0.6470442120896858 0.7631538859635614 0.6627255756067206 0.8013646702047005
0 0.6060165471739849 0.662360826887083 0.6227047438939017 0.7341209105057098 0.6583612770787959 0.7218123082413287 0.6416731183396858 0.6500522246227018
0 0.5873248629044804 0.7503786123187547 0.6257078482931122 0.8308123978274261 0.6633138983013768 0.8041745085351119 0.6249308749319384 0.7237407230264404
0 0.5970186661991482 0.6793213353363107 0.5532728668763612 0.7116229076833775 0.5771275100755484 0.7595772905906463 0.620873347379142 0.7272757645173901
0 0.9208956269203096 0.937112780752464 0.9712142706955896 0.9108389738023598 0.9497456957111465 0.8498077971000758 0.8994270519358665 0.8760816965978013
0 0.938079890955585 0.9675443821372726 1.0244995193149113 0.9017386736519143 0.9787726790992533 0.8126005992643575 0.8923529747783137 0.8784063077497157
0 0.8450528935905414 0.778620166793025 0.8450528935905414 0.9992418498862775 0.9993777224642191 0.9992418498862775 0.9993777224642191 0.778620166793025
0 0.8679426343973631 0.9975001962009572 0.9033651298518202 1.0024043872014783 0.9049930631854776 0.9849510163949962 0.8695704917694073 0.980046825394475
0 0.9422848220189017 0.9609395360476687 0.8949123494136979 0.8927296254560747 0.8681608721122434 0.9203079836760804 0.9155333447174471 0.9885179868152957
0 0.9340385812072184 0.9992418498862775 0.9993777224642191 0.9992418498862775 0.9993777224642191 0.9294920394238059 0.9340385812072184 0.9294920394238059
0 0.8275583263651214 0.9106551742264499 0.8508252165817517 0.9509379146133434 0.874701850667976 0.9304672137094864 0.8514349604513457 0.8901843807749715
0 0.9386873559767813 0.9900548326146702 0.9104652618427194 0.8525174989042361 0.8205644646711652 0.8799001189051838 0.8487865588052271 1.0174374526156178
0 0.7693510690533603 0.9663334890601308 0.79939669767521 1.0259490573469485 0.8356831045572106 0.9988029890660538 0.805637475935361 0.9391873282316149
0 0.7898446007700685 0.9040227489456975 0.757139176260112 0.926500252469911 0.7745232193382467 0.9640462671472233 0.8072286438482031 0.9415687636230099
0 0.8393515187461108 0.9249226857171626 0.8179081630172682 0.8883470328492229 0.8035452652214919 0.9008462369396797 0.8249886209503344 0.9374218898076194
0 0.7517108834153313 0.9388958032245072 0.8193130730544104 1.0519256938850454 0.8819485126108432 0.9963187332673901 0.8143463229717641 0.8832887500592305
0 0.7395880176328173 1.0309652309692476 0.7881505048712664 0.99633150483913 0.749579780355476 0.9160525515009003 0.7010172931170271 0.9506862776310178
0 0.7288114195220131 1.0329037334450815 0.7868077314337664 0.9975739566551365 0.7527068920883245 0.9144806301530516 0.6947106561381845 0.9498104994906179
0 0.935151114994944 0.9631908494835102 1.0232106786228221 0.9048417028466168 0.986104873818645 0.8217178356295015 0.8980453861523802 0.880066982266395
0 0.7081518357187305 0.9992418498862775 0.7081518357187305 0.9620924943138741 0.6627255756067206 0.9620924943138741 0.6627255756067206 0.9992418498862775
0 0.6602364654635967 0.9992418498862775 0.6602364654635967 0.9673995451099318 0.6179215930304915 0.9673995451099318 0.6179215930304915 0.9992418498862775
0 0.6414034546126323 0.8601659119716641 0.6759947021332452 0.8348794030456311 0.6607855160042003 0.803995891625995 0.6261942305027808 0.8292824005520281
0 0.5813763089705196 0.8459067297668689 0.6073875023700024 0.8804783564430914 0.6393138265936139 0.844822441835671 0.6133026331941311 0.8102507226118272
0 0.4541374163814561 0.645189078492229 0.486812532207724 0.7145348723138978 0.5737105288265207 0.6537565357130165 0.5410354130002528 0.5844107418913476
0 0.9993777224642191 0.6413949962092494 0.9993777224642191 0.5989385898407885 0.9807093963907902 0.5989385898407885 0.9807093963907902 0.6413949962092494
0 0.9983801945589608 0.5978442604926791 0.9343614940251633 0.6341532373898313 0.9532154702813861 0.6834975930214652 1.0172341708151835 0.6471886623981236
0 0.9392632209668638 0.6701746688275919 0.9278774107177582 0.6482108508754265 0.9192850887960874 0.6548224992151962 0.930670899045193 0.6767863171673616
0 0.9590124807969042 0.6699993836328421 0.9173552840113566 0.5825914407517532 0.8607144311265168 0.622660720050109 0.9023717038736777 0.7100686629311979
0 0.8673208885928749 0.6828833081850597 0.887291196717486 0.7141657461263268 0.904738895627528 0.6976322061279853 0.884768587502917 0.6663498144605288
0 0.9036846243971687 0.38610710277080174 0.9159954951724876 0.42172946886549945 0.9497682563102832 0.4044044153359553 0.9374574614965775 0.36878204924125757
0 1.026226582553866 0.39653805262035635 0.9926655264322106 0.33111567638243933 0.9416527454350109 0.36996022673426837 0.9752138015566661 0.4353826029721854
0 0.45346800466465076 0.8747419772318044 0.34056386609365275 0.933330729660254 0.3663262092481137 1.0070229762426555 0.47923027185749845 0.9484341312665845
0 0.5288349904106059 0.938569387764168 0.5195781942769913 0.9019159023467115 0.47300829409662803 0.9193738079866376 0.48226509023024267 0.956027293404094
0 0.5257481383327823 0.8245908839852635 0.4996664145753928 0.8740212163570887 0.5298906669308105 0.897693509672337 0.5559723906882 0.848263269848133
0 0.5389880955998172 0.5801597982758008 0.5096931576209552 0.5266227114824203 0.49045044780890246 0.5422522925896749 0.5197453478069578 0.5957893331092446
0 0.45615677990821407 0.575349172920418 0.47577325883828564 0.6090899070525729 0.5121516932147441 0.5776954864895281 0.4925351763038659 0.543954752357373
0 0.5086530152506612 0.5273446292024024 0.45332079105816353 0.5754973879359363 0.4846448916118933 0.6289265179290656 0.5399771158043909 0.580773712921721
0 0.5154925609272908 0.5020914374200388 0.5322296769261434 0.5496718816634287 0.5538591765882662 0.5383780640666461 0.5371220605894135 0.49079761982325626
0 0.6418046838538426 0.4580255816432904 0.6698198585533992 0.5300824192096285 0.7330288842515168 0.4936037562488154 0.7050137095519602 0.42154691868247723
0 0.6646402640304138 0.3499737349850739 0.6344837314532125 0.2948620892366376 0.6063376748940184 0.31772320265115617 0.636494169490413 0.37283489467340314
0 0.643192046758323 0.4402698114841973 0.6271622093404831 0.4081848931186031 0.6097109782154247 0.421126752481757 0.6257408156332647 0.4532116708473512
0 0.7307425156541693 0.7609279305759572 0.7438807603210563 0.8018344419304397 0.7706988559573351 0.789049080594911 0.7575606872520613 0.7481425229666177
0 0.6978337419055305 0.6810939462009572 0.7211713523841008 0.7496684481466783 0.7428771554867377 0.7387033597007676 0.7195395450081674 0.670128904028857
0 0.6781580888787336 0.6463987684502938 0.6662103146147713 0.6172858318476355 0.6341008089607966 0.6368460955269143 0.6460485072631457 0.6659590784033832
0 0.6252453180300055 0.6473435871161866 0.6497726013145613 0.6302677180570034 0.6398161607420659 0.6090394685989623 0.6152888774575102 0.626115383931956
0 0.6315447006747822 0.6503878485713609 0.7004738637358043 0.5850702825145707 0.6662294569413114 0.5314282467186315 0.5973002558994828 0.596745766501611
0 0.5287635864941467 0.7073657171033927 0.5561055134154286 0.6883303372583397 0.5441960617853532 0.6629381389487775 0.5168541348640713 0.6819735187938305
0 0.6653890176522635 0.8133058121386941 0.698486631971453 0.834079051216594 0.7106698112748911 0.8052654598950436 0.6775721969557016 0.7844922208171436
1 0.6638516305616055 0.8558620773905421 0.6733688610862633 0.9408937212732184 0.7556576209551961 0.9272224941065674 0.7461403904305383 0.8421907576762699
1 0.7663683603473086 0.8465066234481615 0.8075605201365121 0.8857829084533738 0.833188373254706 0.8458859065520754 0.7919962134655025 0.8066096215468631
1 0.8410270800112788 0.869684619918025 0.9480385344148646 0.7838265257771039 0.9233358937461108 0.7381246594247536 0.8163244393425249 0.8239828461132961
1 0.8682555202823584 0.7103917466771702 0.804779109705585 0.7639323502801602 0.8286372091581752 0.8059186610062073 0.8921136197349486 0.7523780111294067
1 0.9858010273656269 0.6602920636342636 0.8886230316826773 0.7139405314898835 0.9034085798946018 0.7536954265186695 1.0005865755775514 0.7000469586630497
1 0.6947329888524814 0.7186467168546247 0.6712462657270925 0.7732753102936647 0.7128292480164904 0.7998128316906747 0.7363159711418793 0.7451842845254454
1 0.6984393838480087 0.6576622767010993 0.6511684719197262 0.690058016252843 0.6734929823623211 0.7384116033246068 0.7207638942906036 0.7060158174990523
1 0.5896084968837508 0.9621524651724791 0.6042768363264235 0.8772644551980667 0.5490806973640713 0.8631069828290845 0.5344123579213985 0.947994992803497
1 0.5768322093040215 0.9583100730311789 0.49903084375729234 0.9471486448066717 0.4948143665287609 0.9907758711322499 0.5726157700562967 1.001937299356757
1 0.6669346845587664 0.9391564173260993 0.6325063367177777 0.8645861714603866 0.5854323932526642 0.8968469765802691 0.6198607410936527 0.9714171298983605
1 0.8323998917091241 0.6578215511573635 0.886849176089958 0.5914835087542646 0.8604024567808806 0.559262082647247 0.8059530964384334 0.6256001713241566
1 0.639533811425599 0.4061254309017248 0.675195054230515 0.37716029285028907 0.6659406508877178 0.36024767779508626 0.6302793701019952 0.389212815846522
1 0.6558521130697729 0.40537213953812073 0.6305286761166965 0.45800313884512417 0.64934660858743 0.471442996958515 0.6746700075596997 0.41881199765151156
1 0.9787042376857109 0.41917853250568615 0.9460415036024036 0.43184043531439537 0.9573739887990044 0.47523374752712755 0.9900367228823118 0.46257189099222895
1 0.9014736097201695 0.43097849304338043 0.9400321044162259 0.44216370600656274 0.9449284380833852 0.41710893632427504 0.9063699433873289 0.40592372336109267
1 0.8891708668374689 0.3193832293344864 0.9136908198263457 0.29349256953658076 0.8982576228998134 0.27179681576952236 0.8737376699109365 0.297687475567428
1 0.9134507051668481 0.2998134795240239 0.9767599242328485 0.2428023863959439 0.9299876243339685 0.16570522027814633 0.8666784052679682 0.2227163134062263
1 0.9234537102082685 0.17598744610026534 0.9149126623755445 0.13436350558543403 0.8785521929206207 0.1454384943316433 0.8870932407533447 0.1870623422988533
1 0.9828651869749533 0.13517542586713419 0.9586788573914904 0.0513064577509003 0.8996211338577318 0.07658713617679112 0.923807539402808 0.16045601174540372
1 0.89896756013729 0.11890897830387605 0.8689051439989111 0.056925671673616375 0.8443412092359599 0.07461004134287338 0.8744036253743388 0.13659334797313305
1 0.7269651725118622 0.06774384077070697 0.7991878032387602 0.09524140491731425 0.8187677446328563 0.0189047951513931 0.7465451139059583 -0.008592768995214177
1 0.929254138996383 0.010956065052833586 0.8573788047652847 -0.0011225100987964367 0.8509938513631767 0.05527573268100834 0.9228691096326618 0.06735430783263836
1 0.05759287978375856 0.2020720857124242 0.011749818299821095 0.2062094271228203 0.014460812315261357 0.2507985934242324 0.060303949760812076 0.24666129828764688
1 0.040876691209357496 0.2096800554693423 0.04295097498249845 0.10353903954818992 0.006326462959901991 0.10247659285561979 0.0042522551483743 0.20861760877677218
1 0.08027661269543404 0.09892470769759287 0.03060409840249689 0.12111466576241471 0.04781168265304138 0.1782916042278715 0.09748412098436528 0.15610164616304967
1 0.05219618697009178 0.09472952402388173 0.04833019662511668 0.014657599714509098 -0.00012518473864343496 0.01813026410869977 0.003740805606331674 0.0982021884180724
1 0.16085441318742222 0.06570399864954511 0.1795799383556316 0.1258503275445413 0.2270711389623522 0.10390302934277862 0.20834568975575607 0.04375670044778241
1 0.18888842636706596 0.12167865096664139 0.14636154507136745 0.12858696070650114 0.15095388036228222 0.17055008825341167 0.1934807616579807 0.16364187106117323
1 0.044036694320745175 0.07289170965812168 0.20469892462663347 0.07155106481591167 0.2043253454126478 0.005103631124431387 0.04366311510675949 0.006444275966641395
1 0.15868760816933727 0.09755333704510993 0.10015553899929994 0.08363870963442949 0.0897806258993855 0.14841963830908833 0.1483127710310361 0.16233426571976878
1 0.09897418398996577 0.06912141211381728 0.050978218463168946 0.07137041185912624 0.051960174237710016 0.10247659285561979 0.09995613976450685 0.10022759311031085
1 0.22597364557405103 0.3093286706607752 0.2010825441428127 0.31438297390305153 0.20545527440980865 0.34634822819429967 0.23034637584104697 0.3412939249520233
1 0.2539757548761279 0.7392422182258103 0.2779552409866988 0.7928036450435937 0.29721150994671747 0.7800069003506445 0.27323202383614653 0.7264454272590504
1 0.0547968847230865 0.4801064723364054 0.026794471574556628 0.4902151250947688 0.03329184816428127 0.516932003781866 0.06129433727442439 0.5068233510235026
1 0.7738021157436217 0.5573667073629407 0.7738021157436217 0.5207227543504785 0.7572080734433339 0.5207227543504785 0.7572080734433339 0.5573667073629407
1 0.8129338167732966 0.18631048542337944 0.8170823083579651 0.1610388766643764 0.7997303210806238 0.15681074603748105 0.7955818294959552 0.18208235479648407
1 0.8639762987612788 0.2115546075388552 0.8494564642725186 0.2241904119183567 0.8588466869798149 0.24020721227314726 0.873366521468575 0.22757140789364574
1 0.8018301279558183 0.1956401185794162 0.7784521818606098 0.1930506361353298 0.7767773802115744 0.21549482251587376 0.8001553263067829 0.21808421241233888
1 1.0100611156755601 0.2048178810888931 0.9651534454972387 0.13414675905634002 0.9477287629560127 0.1505823836713419 0.9926363571727209 0.221253505703895
1 1.0123651073671827 0.09513802922431766 0.9574784360172293 -0.006928485121304018 0.9367349905929138 0.009629487449061789 0.9916215859812539 0.11169600179468347
1 0.43414230679011745 0.4051048157339841 0.4574777143819034 0.40826383623957546 0.4604373687383323 0.37581131872216167 0.43710192316573976 0.372652344490381
1 0.13739571989732421 0.15995023899497726 0.11269604173148724 0.18335571751800606 0.13670963460640945 0.22097160564940296 0.16140923681063316 0.19756612712637414