0 0.9989775051124744 0.057003257328990226 0.9539877300613497 0.057003257328990226 0.9539877300613497 0.0 0.9989775051124744 0.0
0 0.9488752556237219 0.04804560260586319 0.8711656441717791 0.04804560260586319 0.8711656441717791 0.0 0.9488752556237219 0.0
0 0.8271983640081799 0.039902280130293157 0.7719836400817995 0.039902280130293157 0.7719836400817995 0.0 0.8271983640081799 0.0
0 0.7719836400817995 0.02687296416938111 0.7034764826175869 0.02687296416938111 0.7034764826175869 0.0 0.7719836400817995 0.0
0 0.7597137014314929 0.05130293159609121 0.7188139059304703 0.05130293159609121 0.7188139059304703 0.026058631921824105 0.7597137014314929 0.026058631921824105
0 0.7186334216033998 0.04129147607262826 0.6948153567947981 0.03654912395663681 0.7002285136279397 0.01930450538858917 0.7240467032528118 0.02404675809878868
0 0.7034764826175869 0.011400651465798045 0.6595092024539877 0.011400651465798045 0.6595092024539877 0.0 0.7034764826175869 0.0
0 0.5766871165644172 0.010586319218241042 0.5419222903885481 0.010586319218241042 0.5419222903885481 0.0 0.5766871165644172 0.0
0 0.7719836400817995 0.05618892508143322 0.6042944785276073 0.05618892508143322 0.6042944785276073 0.0 0.7719836400817995 0.0
0 0.9989775051124744 0.13599348534201955 0.9775051124744376 0.13599348534201955 0.9775051124744376 0.10586319218241043 0.9989775051124744 0.10586319218241043
0 0.9588739126006518 0.13634727055552728 0.9328757444042369 0.1344649224793872 0.9361360077965235 0.10590325271656148 0.9621341759929384 0.10778550138690961
0 0.9488752556237219 0.13436482084690554 0.952753234738465 0.10656827746462744 0.9801361770473862 0.10899139304891083 0.9762581979326431 0.13678793643118892
0 0.9388869583972392 0.10322814344971498 0.9342879780962423 0.13069853642864412 0.9105116019219709 0.12817372871920807 0.9151105822229678 0.10070343514607084
0 0.8824501583668839 0.09614180275982288 0.9130508641280036 0.10255526564408592 0.9073423919989775 0.11983129644238599 0.8767416862378579 0.1134179329639149
0 0.8816935845435518 0.09981067172867468 0.8780729765784765 0.12672369643220685 0.8655812394155803 0.12565776812525448 0.8692019097887909 0.0987447434217223
0 0.8710363969237283 0.09520162277967223 0.8694081062675741 0.1250276348101588 0.8421190882021664 0.12408268335199511 0.8437473788583205 0.09425667132150856
0 0.845957250926636 0.09468182989362785 0.8393896684081033 0.12083440028883347 0.8134340001517766 0.11670011340212744 0.8200015826703093 0.09054744360112989
0 0.790349230932068 0.11384995053567794 0.7985606437324259 0.08987098718699105 0.8220072553201687 0.0949636453137724 0.8137958425198109 0.11894260866245929
0 0.7818152928888676 0.11162614356423045 0.7855592193291475 0.08777253091917753 0.8010382467008563 0.08931342010001019 0.7972943202605765 0.11316713215085505
0 0.741976934951751 0.10466992505598534 0.7400129509362219 0.08902832428873168 0.7465933895306109 0.08850415754784202 0.74855737354614 0.10414585772088762
0 0.7862985685071575 0.11482084690553745 0.7535787321063395 0.11482084690553745 0.7535787321063395 0.08631921824104234 0.7862985685071575 0.08631921824104234
0 0.7385548472648262 0.11333393506972719 0.7405404869032783 0.08328684455797028 0.7859426549119696 0.08518996844462541 0.7839570152735174 0.11523695955059039
0 0.70039227257477 0.10083037634237581 0.7220154432675102 0.08016500566215391 0.7446445082838062 0.09518343151974756 0.7230212127747955 0.11584880219996946
0 0.7070334966928681 0.07737349221294788 0.7000293068603016 0.1074962305323697 0.6685407829674719 0.10285209133881311 0.6755449728000383 0.07272935301939129
0 0.6594716951647175 0.07023168309115431 0.7070214519227697 0.07591212766566571 0.7009614971761567 0.10808719796544178 0.6534117404181046 0.10240675339093037
0 0.6204252340554703 0.0962456818123982 0.5336718100955393 0.06663488332145766 0.5512305261654844 0.03400542914673249 0.6379838877172802 0.06361622763767305
0 0.4666019743936925 -0.006877986149989821 0.5778236935231339 0.022274551640116044 0.557311450045533 0.07191183978649227 0.4460896685079563 0.042759301996386403
0 0.6104294478527608 0.08469055374592833 0.5904907975460123 0.06881107491856678 0.6058282208588958 0.056596091205211724 0.6257668711656442 0.0724755700325733
0 0.45296523517382414 0.05211726384364821 0.27300613496932513 0.05211726384364821 0.27300613496932513 0.0 0.45296523517382414 0.0
0 0.4427402862985685 0.08469055374592833 0.38445807770961143 0.08469055374592833 0.38445807770961143 0.05618892508143322 0.4427402862985685 0.05618892508143322
0 0.3451156148149923 0.05033829779112378 0.3743117630847393 0.0532448237416022 0.37074089440343816 0.07599602615406148 0.3415447461336912 0.07308950020358307
0 0.34291135947884716 0.05090451318200326 0.34163966890736835 0.0853401705962439 0.29840150298760226 0.08432732498218648 0.299673193559081 0.04989176697373778
0 0.3020350294366692 0.050905706051506516 0.29715852015832694 0.09556872836929968 0.24544670245398773 0.09198743590314536 0.25032327414046524 0.04732451299114414
0 0.24539877300613497 0.06921824104234528 0.19222903885480572 0.06921824104234528 0.19222903885480572 0.046416938110749185 0.24539877300613497 0.046416938110749185
0 0.19529652351738241 0.06677524429967427 0.16652231664989137 0.06853800720811279 0.163881890856659 0.04120042036721295 0.19265609772415004 0.03943765745877443
0 0.23210633946830267 0.11726384364820847 0.17075664621676892 0.11726384364820847 0.17075664621676892 0.08713355048859935 0.23210633946830267 0.08713355048859935
0 0.16768916155419222 0.0985342019543974 0.14212678936605316 0.0985342019543974 0.14212678936605316 0.06758957654723127 0.16768916155419222 0.06758957654723127
0 0.1394315692300933 0.05234669241144137 0.14120371063794096 0.08057425930756311 0.10856550407799719 0.08187389063136197 0.10679336267014954 0.053646423141032164
0 0.11042944785276074 0.09446254071661238 0.06339468302658487 0.09446254071661238 0.06339468302658487 0.057003257328990226 0.11042944785276074 0.057003257328990226
0 0.4342411719948236 0.10824992524684446 0.38647766737362604 0.10624789259721092 0.38781931746469195 0.08594575068073086 0.43558282208588955 0.08794788273615635
0 0.4437627811860941 0.14169381107491857 0.4161554192229039 0.14169381107491857 0.4161554192229039 0.11807817589576547 0.4437627811860941 0.11807817589576547
0 0.4161554192229039 0.14169381107491857 0.3885480572597137 0.14169381107491857 0.3885480572597137 0.11807817589576547 0.4161554192229039 0.11807817589576547
0 0.3822927650498466 0.12416171095658592 0.36888007103543585 0.1668901971574715 0.327499108811829 0.1586510474984731 0.3409118028262398 0.11592256129758755
0 0.34451425002396474 0.08993798669075732 0.3905894273629218 0.09246865934191775 0.3890913824849821 0.10976814990711523 0.34301620514602504 0.10723747725595481
0 0.342444671443635 0.10658885446355863 0.28858651315263933 0.10229949454142916 0.2909655736755496 0.08335215416327361 0.34482373196654525 0.08764151408540309
0 0.3357485905746741 0.13033192786797637 0.29170966587183667 0.1257170139772496 0.2958442048304895 0.10069170526262215 0.33988312953332694 0.10530661915334893
0 0.28341986845363626 0.11280380398132125 0.24088404368769173 0.10856931605634161 0.24347959803169733 0.09203206910372556 0.28601542279764186 0.09626655702870521
0 0.2831897072509266 0.1276571168185057 0.2390865021688075 0.12225341796875 0.24206530487122954 0.10683289568276669 0.2861685099533487 0.1122365945325224
0 0.32996298199051 0.15973914329702768 0.2849533611523837 0.1563786310947679 0.2884603863113497 0.12658651643933225 0.33346994474134073 0.12994712804738395
0 0.2877841941661874 0.14504219577056188 0.2393841265656953 0.14207702040283998 0.2412727215538727 0.12252350350544584 0.2896727891543648 0.12548857946737582
0 0.28732106339468305 0.16612377850162866 0.23824130879345604 0.16612377850162866 0.23824130879345604 0.14332247557003258 0.28732106339468305 0.14332247557003258
0 0.3261758691206544 0.1742671009771987 0.2893660531697341 0.1742671009771987 0.2893660531697341 0.16123778501628663 0.3261758691206544 0.16123778501628663
0 0.3331597139011375 0.14339931624720073 0.3686769325552786 0.15148120594335301 0.358413415452454 0.1800903419718292 0.3228961967983129 0.17200850197857287
0 0.42996509138548056 0.1629424949422333 0.37808439726722265 0.16552490830809752 0.376429333521057 0.14443462757023615 0.4283099652311797 0.1418522639072679
0 0.42656359838318 0.14712116850315554 0.4556839831767638 0.143553097007329 0.4600813227928489 0.1663167748466765 0.4309609379992651 0.1698847966396071
0 0.4738855030395258 0.1842182171849552 0.4368098284325473 0.18843650196584893 0.4336400568363369 0.17076548225328278 0.47071573144331547 0.16654724717528502
0 0.4120654396728016 0.18078175895765472 0.3783231083844581 0.18078175895765472 0.3783231083844581 0.16205211726384364 0.4120654396728016 0.16205211726384364
0 0.3773006134969325 0.18322475570032573 0.35787321063394684 0.18322475570032573 0.35787321063394684 0.16612377850162866 0.3773006134969325 0.16612377850162866
0 0.23513126178265592 0.1948645775015269 0.16873356169718176 0.19615436765192387 0.16717672835586017 0.14531864327794178 0.23357442844133436 0.1440288531275448
0 0.2059636340307068 0.12003696702590594 0.234980358911682 0.12388854384033998 0.23017187450073492 0.14686589442945847 0.20115514961975972 0.14301431761502442
0 0.16095014388819656 0.11370829728216612 0.18869904750207694 0.11493615762418567 0.1878370039302147 0.12729388805476385 0.16008810031633436 0.12606612711853624
0 0.11229657444242076 0.0955233993281759 0.15295123078827966 0.09432416785423453 0.15393727932483384 0.11552811911517712 0.11328262297897494 0.11672725118332655
0 0.11554192229038855 0.11889250814332247 0.06237218813905931 0.11889250814332247 0.06237218813905931 0.09446254071661238 0.11554192229038855 0.09446254071661238
0 0.06646216768916155 0.18485342019543974 0.06646216768916155 0.3965798045602606 0.0 0.3965798045602606 0.0 0.18485342019543974
0 0.10122699386503067 0.1473941368078176 0.06646216768916155 0.1473941368078176 0.06646216768916155 0.12133550488599348 0.10122699386503067 0.12133550488599348
0 0.10788069961017382 0.1247834941851588 0.15213724148054064 0.11179791677269951 0.16577135955872954 0.14127074002442996 0.12151481768836273 0.15425641684268118
0 0.13259581895449898 0.15655815795500813 0.16427006945775818 0.15535693836522801 0.1649987468446447 0.1675442375655283 0.1333245587495207 0.16874550685820439
0 0.11159442051300486 0.1713902476556138 0.0695548028302339 0.16834649200936483 0.07192662400945808 0.14756769932054153 0.11396630410036426 0.15061140526389455
0 0.10736196319018405 0.2003257328990228 0.0736196319018405 0.2003257328990228 0.0736196319018405 0.17263843648208468 0.10736196319018405 0.17263843648208468
0 0.13190184049079753 0.19136807817589577 0.1083844580777096 0.19136807817589577 0.1083844580777096 0.1775244299674267 0.13190184049079753 0.1775244299674267
0 0.16973415132924335 0.20195439739413681 0.13190184049079753 0.20195439739413681 0.13190184049079753 0.18648208469055375 0.16973415132924335 0.18648208469055375
0 0.17791411042944785 0.21661237785016288 0.16973415132924335 0.21661237785016288 0.16973415132924335 0.20521172638436483 0.17791411042944785 0.20521172638436483
0 0.22903885480572597 0.22394136807817588 0.19222903885480572 0.22394136807817588 0.19222903885480572 0.20358306188925082 0.22903885480572597 0.20358306188925082
0 0.22244075470906824 0.23687967803656862 0.16770719750527224 0.23352657156580822 0.16901839242634842 0.21995112018398819 0.22375194963014441 0.22330427635764455
0 0.2842535787321063 0.18485342019543974 0.24130879345603273 0.18485342019543974 0.24130879345603273 0.16612377850162866 0.2842535787321063 0.16612377850162866
0 0.2791411042944785 0.22149837133550487 0.23517382413087934 0.22149837133550487 0.23517382413087934 0.1962540716612378 0.2791411042944785 0.1962540716612378
0 0.3115601958916475 0.21349878963507737 0.2788403594908295 0.20698408195172538 0.2855768184232809 0.1855240613707502 0.3182966548240989 0.19203871935120623
0 0.3558282208588957 0.21579804560260588 0.3128834355828221 0.21579804560260588 0.3128834355828221 0.19299674267100977 0.3558282208588957 0.19299674267100977
0 0.3752173675349885 0.24009764233318912 0.3535634296315823 0.19343318380051405 0.39651077364120013 0.18079259418897597 0.4181647115446063 0.22745705272165107
0 0.4383435707638356 0.21815962900167957 0.4074233353503643 0.22167750057257737 0.4046216469357106 0.20605861402878156 0.4355419447573172 0.2025406927549878
0 0.48556708899499934 0.2210285795628054 0.4196948342040516 0.23152091060476893 0.41477900780051763 0.21194562383894036 0.48065126259146534 0.2014532927969768
0 0.480347647013596 0.2031433403686126 0.4399795376206224 0.20773613647063313 0.4366666641703413 0.18926708706038783 0.4770347735633148 0.18467429095836727
0 0.47826174870590493 0.06418562401389455 0.45049081502029015 0.061026010917141695 0.4533333183553809 0.04517913718953583 0.48110428324506327 0.04833875028628868
0 0.4532243537512781 0.08944831375967019 0.45122978974948874 0.04655859136426099 0.49248955537448874 0.045341566253562705 0.4944841193762781 0.08823118924317996
0 0.49079754601226994 0.08957654723127036 0.4539877300613497 0.08957654723127036 0.4539877300613497 0.0781758957654723 0.49079754601226994 0.0781758957654723
0 0.49795501022494887 0.09039087947882736 0.49795501022494887 0.11237785016286644 0.4539877300613497 0.11237785016286644 0.4539877300613497 0.09039087947882736
0 0.49284253578732107 0.13029315960912052 0.4539877300613497 0.13029315960912052 0.4539877300613497 0.11156351791530944 0.49284253578732107 0.11156351791530944
0 0.4604354889602505 0.15991568798350977 0.45283292992714724 0.1326690574422333 0.4905088459787193 0.1260011157306087 0.4981114050118226 0.15324774627188517
0 0.49784835472184946 0.1506282048427321 0.521409734870271 0.19809183623969362 0.48867077037600654 0.20840011745788375 0.4651094214316526 0.16093648606092223
0 0.5234529460134681 0.20198953734158692 0.5301582320823748 0.24070595607695439 0.4963192617966354 0.24442323566648005 0.4896139757277288 0.20570676722821662
0 0.5265848670756647 0.25977198697068404 0.49897750511247446 0.25977198697068404 0.49897750511247446 0.24267100977198697 0.5265848670756647 0.24267100977198697
0 0.5356693696878195 0.2747745079015676 0.5059776696203189 0.27950388756171113 0.5016910420361228 0.26243422318747456 0.5313827421036235 0.25770484352733103
0 0.5395164567756263 0.30015330361232695 0.514254766983001 0.3051829881699155 0.5063154224481563 0.27989077490393427 0.5315770186285788 0.2748610903463457
0 0.5433852618944913 0.307366585498524 0.5471448527767127 0.3313204985876425 0.5210948546239935 0.33391379688772393 0.5173352325377045 0.30995988379860545
0 0.4972575993138101 0.05491325055349145 0.5318332664318124 0.05914972659430985 0.5278851405730765 0.07958805444574511 0.49330944225100654 0.0753515784049267
0 0.4958343817900051 0.07671234429076751 0.5263327382093558 0.07926916066520766 0.5240580864966768 0.0964793848292447 0.49355966766919096 0.0939226678605965
0 0.5276073619631901 0.11074918566775244 0.4938650306748466 0.11074918566775244 0.4938650306748466 0.09283387622149837 0.5276073619631901 0.09283387622149837
0 0.4920846825972169 0.11348920691673453 0.5199206143556685 0.11178390055603624 0.5211836926044862 0.12486103070287052 0.49334776084603466 0.12656643646936075
0 0.49093571762365795 0.12851041613650244 0.5186259887944945 0.12483498638538273 0.5234621200093462 0.14794434786619504 0.4957718488385097 0.15161987702310667
0 0.5433056291139443 0.14121477456356882 0.5599061930837806 0.19409845706305986 0.5166005015617012 0.20272081604997963 0.5 0.1498371335504886
0 0.5220298845100013 0.20274283443289393 0.5524296984838318 0.19911119293312296 0.5557297158582567 0.2166322590085505 0.5253298394762909 0.22026395021121742
0 0.5541922290388548 0.23452768729641693 0.523517382413088 0.23452768729641693 0.523517382413088 0.21742671009771988 0.5541922290388548 0.21742671009771988
0 0.5535237130943251 0.23186545107962642 0.558596807998626 0.252067143443353 0.5291017871692868 0.25676521027903604 0.5240286298568507 0.23656351791530944
0 0.5339389793224374 0.2556690129084385 0.5614676446271089 0.2512841240202565 0.5658722859950154 0.2688235801671926 0.5383435582822086 0.2732084690553746
0 0.5816423225012781 0.28520421329461015 0.5419222903885481 0.2915309446254072 0.5375570285539686 0.27414805260077363 0.5772769982585634 0.26782137097287256
0 0.5886626136327326 0.3097850290105863 0.5507811875918648 0.31527034001552323 0.5454805526265337 0.2920521291925387 0.5833619786674016 0.2865667684847058
0 0.562040551308474 0.3070472940948188 0.5664068740813523 0.3279117745762927 0.5254518473806556 0.33334797912001224 0.5210854934037097 0.31248349863853825
0 0.5797546012269938 0.3289902280130293 0.5797546012269938 0.3542345276872964 0.5460122699386503 0.3542345276872964 0.5460122699386503 0.3289902280130293
0 0.5490620306908232 0.32930559288795297 0.5532111107449834 0.35078420235202057 0.5294691214532209 0.3536932134472974 0.5253200413990606 0.33221460398322983
0 0.588957055214724 0.3298045602605863 0.565439672801636 0.3298045602605863 0.565439672801636 0.31758957654723124 0.588957055214724 0.31758957654723124
0 0.5318651569889123 0.1157260360469259 0.5220563455593367 0.07471369143805985 0.5578593310646728 0.06928235777814536 0.5676681424942485 0.11029480179280333
0 0.5884119825616693 0.13393389673885384 0.5495810167433538 0.13586674295729845 0.547480358911682 0.10909835368103624 0.5863113247299975 0.10716550746259161
0 0.538723499009458 0.11582941807054153 0.5467439429160276 0.13712154226893322 0.5246055306588702 0.14241102386375204 0.516585055548233 0.12111880025956841
0 0.5442712701902799 0.13907476667472515 0.5795887828117012 0.13438678952692387 0.5840933396041028 0.15591162268424266 0.5487757645745462 0.16059950042625204
0 0.5485199536282592 0.1622695177308123 0.5731338469772495 0.1552684672104031 0.5831274488952263 0.17755390378473637 0.5585135555462359 0.18455495430514557
0 0.5601699298632413 0.1980706628060108 0.5561192674383307 0.18194063168006921 0.581484991592376 0.1779002832667447 0.5855355916091514 0.19403031439268628
0 0.581799591002045 0.21416938110749187 0.5569529777168009 0.2207654524315452 0.5493864905858576 0.2026873162980965 0.5742331038711017 0.19609119527114718
0 0.5930470347648262 0.24185667752442996 0.565439672801636 0.24185667752442996 0.565439672801636 0.2271986970684039 0.5930470347648262 0.2271986970684039
0 0.5764904685303234 0.2671322900231576 0.5705914643644555 0.24364195584474246 0.6036259625830777 0.23838010906008245 0.6095249043408103 0.26187044323849756
0 0.582401080609343 0.28937533002722926 0.5759052050381838 0.2686817281020969 0.6054974577422034 0.2627897977052372 0.6119932709052275 0.28348344933326547
0 0.613890228583525 0.2875219090365432 0.6180116618337806 0.3137810424407064 0.5893188975827581 0.31663746787204805 0.5851974643325025 0.29037833446788475
0 0.650638385296843 0.34441850395078377 0.614657599014251 0.3491944552244503 0.6096280025802019 0.3251606695815096 0.6456087888627939 0.32038471830784304
0 0.6404521294654268 0.3213575033877494 0.6753164342088446 0.3169733600430069 0.6807549911530227 0.34440528298045603 0.645890686409605 0.34878947602809446
0 0.6504398026105572 0.3147483602020562 0.6142093837870655 0.32814512967286746 0.6058963705425614 0.3138853191164495 0.6421267893660532 0.3004885993485342
0 0.6199911230668456 0.3095342779004224 0.6169236384042689 0.29487629744439636 0.6421267893660532 0.2915309446254072 0.6451942740286298 0.30618892508143325
0 0.6441717791411042 0.2939739413680782 0.6124744376278118 0.2939739413680782 0.6124744376278118 0.2785016286644951 0.6441717791411042 0.2785016286644951
0 0.635795172006806 0.26143196429025856 0.6428740019691015 0.2896203653043567 0.61691839612091 0.2937547018939587 0.6098395661586146 0.2655662511769646
0 0.6278118609406953 0.26465798045602607 0.6094069529652352 0.26465798045602607 0.6094069529652352 0.252442996742671 0.6278118609406953 0.252442996742671
0 0.5859497319945041 0.19481701183008449 0.5797546012269938 0.1750814332247557 0.6047756452501917 0.17009961255598535 0.6109707760177019 0.1898352408642101
0 0.621676891615542 0.22231270358306188 0.5879345603271984 0.22231270358306188 0.5879345603271984 0.19299674267100977 0.621676891615542 0.19299674267100977
0 0.6371165394539238 0.1463354651236767 0.547239276285308 0.12247558991373168 0.5658486957199003 0.0780130690782777 0.6557259588885161 0.10187294428822272
0 0.5956814693770769 0.13802454448289903 0.625863104510161 0.13617549734705822 0.6275231609071447 0.15336265936736562 0.5973415257740606 0.15521170650320643
0 0.6022494887525562 0.15798045602605862 0.5439672801635992 0.15798045602605862 0.5439672801635992 0.13762214983713356 0.6022494887525562 0.13762214983713356
0 0.65018530223511 0.19691521958341815 0.6103991174990414 0.20008387860723736 0.6064406942979933 0.16855872337515268 0.6462268790340618 0.16539006435133347
0 0.6189240063626342 0.2292658405117569 0.6124744376278118 0.20358306188925082 0.6488516403853528 0.19778879768297028 0.6553012715283103 0.22347157630547637
0 0.6508070120782209 0.22675485020740024 0.6593094964212679 0.25519529460695745 0.6153971354166666 0.26352212017444526 0.6068945886654844 0.23508167577488803
0 0.6374177211145194 0.2776723855481474 0.6309168528925422 0.260414496306876 0.6567137548528565 0.25425098928644135 0.6632145606666986 0.27150882882481675
0 0.6442740036666028 0.2934038988542091 0.6381390343414494 0.278745918398183 0.6629857100348288 0.2721498470741297 0.6691206793599821 0.28680782753015577
0 0.638399713122284 0.2929549822978166 0.6693024118497571 0.2864782973298809 0.6776863207358768 0.3118512778018119 0.6467836844165389 0.31832796276974756
0 0.6819018654540516 0.34340391873536746 0.6711656691350333 0.31775245293732185 0.7003067734295118 0.3100162965855303 0.7110429697485302 0.33566776238357593
0 0.7004089979550102 0.31433224755700323 0.6738241308793456 0.31433224755700323 0.6738241308793456 0.2956026058631922 0.7004089979550102 0.2956026058631922
0 0.6990548662368993 0.29564664262902074 0.6741833521057005 0.2989479586821814 0.671171161050933 0.2845540994153349 0.6960426751821319 0.28125278336217424
0 0.6968302658486708 0.28216612377850164 0.6667453009170501 0.28695817879046215 0.658840686509458 0.2554810862587795 0.6889255890329435 0.250689080949715
0 0.6855984241196958 0.24826109448162662 0.6564640599038216 0.2513548512412205 0.6527937750631071 0.22943189788718954 0.6819282016871165 0.22633814112759568
0 0.6839704455042178 0.20715361852987582 0.6869750227664877 0.2262966889123575 0.6561428452318188 0.22936604155003054 0.6531382679695488 0.21022297116754887
0 0.6525322225683794 0.20985820161403196 0.6456152793088573 0.18782336704117467 0.6776133656257988 0.18145240013296518 0.6845302464771856 0.20348723470582247
0 0.6840490797546013 0.18485342019543974 0.6462167689161554 0.18485342019543974 0.6462167689161554 0.16693811074918566 0.6840490797546013 0.16693811074918566
0 0.6766510321806302 0.17187201782624187 0.626278118609407 0.1478013029315961 0.6394502292625256 0.13031711640497762 0.6898232052418839 0.15438783129962338
0 0.6894132462015913 0.150676516057614 0.6553091349533486 0.14728141063975977 0.6597137139131198 0.11921826092350367 0.6938178251613625 0.1226133663413579
0 0.6513292433537833 0.15798045602605862 0.6235173699314609 0.14690555734044178 0.6427402613353144 0.11628668471345684 0.6705521347576368 0.1273615833990737
0 0.6946830515481212 0.12768733617925487 0.6638508740134522 0.1246178841357899 0.667075689584931 0.1040717010001018 0.6979078047114647 0.10714105363777483
0 0.6977155876549719 0.11783980080669788 0.7285774714620079 0.12057087553440554 0.7262706795596882 0.13710573674801507 0.6954087333445169 0.13437476142609936
0 0.7442652540460443 0.12793485660118079 0.7301770543759586 0.15935116249109324 0.6886572340514763 0.14754155559726181 0.7027454337215618 0.11612524970734935
0 0.7208588957055214 0.1791530944625407 0.6850715746421268 0.1791530944625407 0.6850715746421268 0.15228013029315962 0.7208588957055214 0.15228013029315962
0 0.7127412823324067 0.1804143054477555 0.7167439529013292 0.20910465600824513 0.6879021580233896 0.21165689971625612 0.6838994250463318 0.1829665491557665
0 0.7158907712846689 0.21077795370393934 0.7177553391407847 0.23008235968673657 0.6874173092208269 0.2319409497786034 0.6855527413647111 0.21263654379580618
0 0.7207409443299463 0.24545854698951547 0.6855435049606978 0.251064884546137 0.6814535254105956 0.23477823959499694 0.716650964779844 0.2291719020383754
0 0.7296910198188267 0.2740822459665106 0.6972143879209803 0.28204067366907576 0.6898745047290389 0.2630425369312398 0.7223511990350204 0.2550841092286747
0 0.6989166946255112 0.2941720571114108 0.6958768567668392 0.2796460875470786 0.7290388548057259 0.2752442996742671 0.732078692664398 0.28977021953570337
0 0.7372188139059305 0.31026058631921827 0.6993865030674846 0.31026058631921827 0.6993865030674846 0.2907166123778502 0.7372188139059305 0.2907166123778502
0 0.7506097274811477 0.33211321007545297 0.7046199244711784 0.33633939761680576 0.7010061189928425 0.3113958998689434 0.7469959220028118 0.30716966262469464
0 0.7914110429447853 0.11400651465798045 0.7914110429447853 0.13517915309446255 0.7464212678936605 0.13517915309446255 0.7464212678936605 0.11400651465798045
0 0.8156441842607681 0.12125409154239618 0.8072597137014315 0.14128664495114007 0.7860940570480253 0.13566773256183837 0.7944785276073619 0.11563517915309446
0 0.8425357873210634 0.13599348534201955 0.8128834355828221 0.13599348534201955 0.8128834355828221 0.12133550488599348 0.8425357873210634 0.12133550488599348
0 0.8700829878418967 0.14351412993688925 0.8493925067300933 0.13939455510739007 0.8543847206911427 0.12349111948417142 0.8750752018029461 0.12761069431367061
0 0.8895705521472392 0.15879478827361562 0.8742331288343558 0.15879478827361562 0.8742331288343558 0.13762214983713356 0.8895705521472392 0.13762214983713356
0 0.908997955010225 0.15960912052117263 0.885480572597137 0.15960912052117263 0.885480572597137 0.14332247557003258 0.908997955010225 0.14332247557003258
0 0.9355828220858896 0.15798045602605862 0.908997955010225 0.15798045602605862 0.908997955010225 0.12866449511400652 0.9355828220858896 0.12866449511400652
0 0.928032061805023 0.10836881457400244 0.9663756200872315 0.10226132271732492 0.9776230638500127 0.1470495963329601 0.9392795055678042 0.15315708818963764
0 0.7632924335378323 0.1445439739413681 0.7428425357873211 0.16083061889250813 0.7254601226993865 0.1469869706840391 0.7459100204498977 0.13070032573289903
0 0.7464212678936605 0.15960912052117263 0.7464212678936605 0.17996742671009772 0.7188139059304703 0.17996742671009772 0.7188139059304703 0.15960912052117263
0 0.7433403654820104 0.17950414601677014 0.7483610999608576 0.2004968102669483 0.7163639497659445 0.2053506956814943 0.7113432152870974 0.18435803143131616
0 0.7457008283806237 0.20546978382023615 0.7473839757876406 0.22959909842922943 0.7170300317932005 0.2309421203812093 0.7153468843861835 0.20681285547511197
0 0.7535787321063395 0.24185667752442996 0.7190970516399859 0.24528940803453278 0.7170206081647814 0.23205964029417753 0.751502288631135 0.2286269097840747
0 0.7275741982801317 0.24625846539724144 0.7555960750774859 0.24253894917739718 0.7579450548792178 0.25376350328277686 0.7299231780818635 0.2574830692055171
0 0.7631492692756263 0.2862540875661645 0.7329447927650499 0.289690545793465 0.7301840440871038 0.27429964643347926 0.7603885830058155 0.2708631882061788
0 0.7606364681189289 0.32501787316139047 0.7432191064752685 0.29496302899786236 0.7711656566534062 0.28469053386476995 0.7885829558889315 0.31474537802829805
0 0.7901185704642766 0.329843626736818 0.7595255409037897 0.3342736458545399 0.7548956685758563 0.3139934726180782 0.7854887605444786 0.30956355290614823
0 0.8192118701271728 0.3274716057295908 0.7946719928265593 0.3307289347198188 0.7894765779772175 0.3059028352122353 0.8140164552778311 0.3026455062220073
0 0.8047034764826176 0.30211726384364823 0.778118609406953 0.30211726384364823 0.778118609406953 0.28175895765472314 0.8047034764826176 0.28175895765472314
0 0.7985685071574642 0.2785016286644951 0.766359918200409 0.28216612377850164 0.7618609157320424 0.25708470049432514 0.7940695046890976 0.2534202053803186
0 0.7883435582822086 0.252442996742671 0.7586912065439673 0.252442996742671 0.7586912065439673 0.23697068403908794 0.7883435582822086 0.23697068403908794
0 0.8077709611451943 0.250814332247557 0.7730061349693251 0.250814332247557 0.7730061349693251 0.22394136807817588 0.8077709611451943 0.22394136807817588
0 0.7620915137916986 0.19884190264276264 0.7675265134721689 0.22337023210059548 0.7482775354677914 0.22607561043108712 0.7428425357873211 0.2015472312703583
0 0.8103975323324067 0.21598482908565758 0.7624622805230701 0.22743776799801507 0.7512054131318698 0.19755400120241245 0.7991407273493417 0.18610106229005496
0 0.7960885326798952 0.15723362031122762 0.7939192258994759 0.19005885419317486 0.7457264157160659 0.18803877939230457 0.7478957224964852 0.15521349580746133
0 0.7565575972168967 0.14093126924496133 0.8021974778126597 0.14652334207043974 0.7996323786386439 0.15980216656911644 0.7539924356347456 0.15421009374363803
0 0.8287321063394683 0.1779315960912052 0.783059149432036 0.175506591796875 0.7844074147854359 0.15940016954651873 0.8300803716928681 0.161825074435057
0 0.83640081799591 0.15960912052117263 0.8190184049079755 0.15960912052117263 0.8190184049079755 0.14169381107491857 0.83640081799591 0.14169381107491857
0 0.8680981595092024 0.18078175895765472 0.8312883435582822 0.18078175895765472 0.8312883435582822 0.16042345276872963 0.8680981595092024 0.16042345276872963
0 0.8276640535132286 0.18123326006463764 0.8497337544135033 0.1794756165544839 0.8515762297897495 0.19414970074880394 0.82950659129761 0.19590739396185364
0 0.8059150680198748 0.21596276099984732 0.7996855503698556 0.18371427952272495 0.8274997953013165 0.1803063507577107 0.8337293129513357 0.21255483223483307
0 0.8252086678409382 0.20954750881132939 0.8858950874313011 0.20149221016452057 0.8903995818155674 0.2230169936189434 0.8297131622252045 0.23107224256285627
0 0.8486707566462167 0.251628664495114 0.8282208588957055 0.251628664495114 0.8282208588957055 0.23534201954397393 0.8486707566462167 0.23534201954397393
0 0.8336821948092408 0.2500287282738701 0.8425839039933218 0.2819314267037358 0.8246120460681876 0.2851121138283795 0.8157103368841065 0.2532094153985138
0 0.8007157214580138 0.273045592665284 0.7931492967352057 0.2549674068289393 0.8143149533886119 0.2493485441425336 0.82188137811142 0.26742672997887823
0 0.8051754068011886 0.2885241679337592 0.8368334311892893 0.28348156062321866 0.841356023932771 0.3014908582457502 0.8096979995446703 0.30653346555629074
0 0.8467012183066526 0.3027780638455568 0.8497770656593494 0.3297244391922842 0.8175098130551828 0.3320606741144137 0.8144339032943507 0.3051142490647903
0 0.885480572597137 0.32328990228013027 0.8537832310838446 0.32328990228013027 0.8537832310838446 0.3004885993485342 0.885480572597137 0.3004885993485342
0 0.8834355828220859 0.3004885993485342 0.8558282208588958 0.3004885993485342 0.8558282208588958 0.2899022801302932 0.8834355828220859 0.2899022801302932
0 0.8813905930470347 0.28420195439739415 0.8496932515337423 0.28420195439739415 0.8496932515337423 0.2687296416938111 0.8813905930470347 0.2687296416938111
0 0.8785590735437436 0.26860439039596906 0.8418121649931302 0.27226262294508347 0.8394053952581799 0.25692808666912664 0.8761523038087935 0.25326985412001224
0 0.8471883762102186 0.2517317980042498 0.8440003190303873 0.23268922687741755 0.8769523136942421 0.2291900932983001 0.8801403708740734 0.24823266442513234
0 0.9079754601226994 0.2711726384364821 0.876278118609407 0.2711726384364821 0.876278118609407 0.248371335504886 0.9079754601226994 0.248371335504886
0 0.8820713409860685 0.2954598094430731 0.8789842601690312 0.27210297724323085 0.9077793737618226 0.26968900699180576 0.91086645457886 0.29304578948875204
0 0.8878571992027735 0.3191742042765167 0.8839053912640593 0.30029048360520155 0.9079478133187947 0.2970992097637164 0.9118996212575089 0.31598293043503156
0 0.9120654396728016 0.24592833876221498 0.878323108384458 0.24592833876221498 0.878323108384458 0.20439739413680783 0.9120654396728016 0.20439739413680783
0 0.8865155491117076 0.19960076645841815 0.8815277661282592 0.16384957279366857 0.9026260844037577 0.1619826326152789 0.9076138673872061 0.19773377657713254
0 0.885323241688235 0.1777123566170857 0.8911042944785276 0.2007328990228013 0.8559068551092791 0.20633928628231882 0.8501258647271217 0.18331869417370725
0 0.9153074798896025 0.3172122321610342 0.9111177721394108 0.2871812453875712 0.930420483548217 0.28547310596180275 0.9346101912984087 0.3155040927352657
0 0.9325153374233128 0.28501628664495116 0.911042944785276 0.28501628664495116 0.911042944785276 0.2687296416938111 0.9325153374233128 0.2687296416938111
0 0.9396728016359919 0.2687296416938111 0.9100204498977505 0.2687296416938111 0.9100204498977505 0.247557003257329 0.9396728016359919 0.247557003257329
0 0.9122326310670693 0.28502901058631924 0.9736159623034892 0.28275520250152686 0.9755009376198236 0.3150314678974959 0.9141176063834037 0.31730527598228825
0 0.9570552147239264 0.28338762214983715 0.9304703476482618 0.28338762214983715 0.9304703476482618 0.2695439739413681 0.9570552147239264 0.2695439739413681
0 0.9989775051124744 0.2182410423452769 0.9989775051124744 0.2662866449511401 0.9447852760736196 0.2662866449511401 0.9447852760736196 0.2182410423452769
0 0.9399591301604039 0.19866451300704907 0.9467689186517446 0.2366286287090289 0.916993872519651 0.2400162786924878 0.9101840840283103 0.20205211328761197
0 0.9443306328085059 0.16655445409520053 0.9362145172306365 0.20695346496780842 0.9036732929128323 0.20280685176290209 0.9117894708988369 0.1624077911873982
0 0.9785276073619632 0.18973941368078176 0.9785276073619632 0.20602605863192183 0.9560327198364008 0.20602605863192183 0.9560327198364008 0.18973941368078176
0 0.9447852760736196 0.1970684039087948 0.9840968469413024 0.19483207180756312 0.9863079047641872 0.2194853046429662 0.9469963338965044 0.2217215870413019
0 0.9989775051124744 0.2679153094462541 0.9447852760736196 0.2679153094462541 0.9447852760736196 0.21905537459283386 0.9989775051124744 0.21905537459283386
0 0.9877300613496932 0.17996742671009772 0.9458077709611452 0.17996742671009772 0.9458077709611452 0.16368078175895764 0.9877300613496932 0.16368078175895764
0 0.9546075676604039 0.14176945888258347 0.9851466765920565 0.14014805101028094 0.9870423861076495 0.16279438031224552 0.9565032771759969 0.16441578818454805
0 0.4703476482617587 0.254071661237785 0.44683026584867075 0.254071661237785 0.44683026584867075 0.2288273615635179 0.4703476482617587 0.2288273615635179
0 0.49960673513588 0.2655349383525041 0.45792037870254987 0.2721748973336981 0.4529259180486324 0.2522863829174725 0.49461224327789494 0.2456464239362785
0 0.5052697741424623 0.2921573502233052 0.47793769446374934 0.2965108765841307 0.4743983106866692 0.28241667607708165 0.5017303903653821 0.2780631497162561
0 0.46709974168024665 0.2982851208615381 0.5058342245215044 0.29057287160270767 0.5113076052051381 0.30800919424050793 0.47257305995574517 0.3157213937964424
0 0.5181497523145929 0.3359650851072628 0.48155758473526966 0.3410333888150193 0.4759291510396696 0.3152586101320745 0.5125213498230604 0.31019035612721396
0 0.4796405940455649 0.33821448907013435 0.5261958147606723 0.3357426646478013 0.528308642178713 0.36098338571355865 0.48175345266767317 0.3634552101358917
0 0.4692465191238497 0.2260711371704499 0.47793769446374934 0.26068025769162256 0.42956580413631135 0.2683851012189536 0.4208745975923441 0.23377598069778094
0 0.46319018404907975 0.2703583061889251 0.46319018404907975 0.30618892508143325 0.4325153374233129 0.30618892508143325 0.4325153374233129 0.2703583061889251
0 0.4300756786010992 0.27360942231715696 0.3230419822021984 0.2889095144862073 0.3133224144059944 0.24578206313937806 0.4203561108048952 0.23048197097032777
0 0.43578733354502175 0.3040716811189434 0.4035787445879665 0.3077361762329499 0.3976278168535915 0.27456028841994096 0.42983640581064675 0.27089579330593444
0 0.40629137659365416 0.3122245465505395 0.4397329630783487 0.3055661974978369 0.4472512711288983 0.32951717811609327 0.41380968464420376 0.3361754774658998
0 0.47300611000607107 0.3307817688982339 0.4462372013396281 0.3338273635516337 0.4418200159365414 0.3092019643379733 0.4685889870111196 0.3061563199816775
0 0.4427402862985685 0.3330618892508143 0.4427402862985685 0.36400651465798045 0.41513292433537835 0.36400651465798045 0.41513292433537835 0.3330618892508143
0 0.47252157324418453 0.3304915536886706 0.4773916544845987 0.3666918627213966 0.4494477254481403 0.36907630945261605 0.44457770661586143 0.3328760004198901
0 0.37547586203109024 0.2758331298828125 0.4305961624488753 0.27034578105914087 0.436086206104614 0.3053244923147394 0.38096584327869376 0.3108117914355151
0 0.3784029283894108 0.3157146342025906 0.4090578044119057 0.31048305648157576 0.41725773411538214 0.3409589338768577 0.38660279568475203 0.34619051159787256
0 0.34778986581751664 0.3160485879606067 0.3430548981898645 0.28588071941164495 0.37476796655323363 0.28272359145969056 0.3795029341808857 0.3128915097115483
0 0.4413078947788855 0.3087325701884416 0.44757716641104295 0.36531926754631516 0.3855972758100077 0.3696746826171875 0.37932806658598545 0.3130880349622099
0 0.35478769002029015 0.27261451944854437 0.3174124563642319 0.2749042324600468 0.3159750097855956 0.26002109788528094 0.3533501810335187 0.2577313848737785
0 0.34355828220858897 0.3004885993485342 0.3179959100204499 0.3004885993485342 0.3179959100204499 0.28501628664495116 0.34355828220858897 0.28501628664495116
0 0.2919133660252109 0.31907609075987375 0.28986837625015976 0.28650280085759366 0.31485703045117586 0.2855077488802932 0.316902020226227 0.31808103878257327
0 0.28016359918200406 0.249185667752443 0.2331288343558282 0.249185667752443 0.2331288343558282 0.24429967426710097 0.28016359918200406 0.24429967426710097
0 0.3067484662576687 0.31758957654723124 0.2893660531697341 0.31758957654723124 0.2893660531697341 0.3127035830618892 0.3067484662576687 0.3127035830618892
0 0.3181354546108129 0.2886861496717223 0.24805267895657593 0.2897009834016185 0.24742585164637654 0.26224485515383245 0.3175086273006135 0.2612300711268323
0 0.37585336884106596 0.2561262795513538 0.3799055914693571 0.314216986541251 0.31823499558649665 0.3169456258270562 0.3141827729582055 0.258854918837159
0 0.2791411042944785 0.24348534201954397 0.22597137014314927 0.24348534201954397 0.22597137014314927 0.22312703583061888 0.2791411042944785 0.22312703583061888
0 0.2249488752556237 0.25895765472312704 0.17280163599182005 0.25895765472312704 0.17280163599182005 0.23697068403908794 0.2249488752556237 0.23697068403908794
0 0.1314765290492395 0.20214898423185565 0.1677841467360046 0.20407671105201547 0.16611922250447342 0.22396661714932817 0.12981160481770834 0.22203884062627238
0 0.130879345603272 0.2271986970684039 0.10531697341513292 0.2271986970684039 0.10531697341513292 0.2011400651465798 0.130879345603272 0.2011400651465798
0 0.10531697341513292 0.22068403908794787 0.07157464212678936 0.22068403908794787 0.07157464212678936 0.2011400651465798 0.10531697341513292 0.2011400651465798
0 0.10429447852760736 0.24267100977198697 0.0705521472392638 0.24267100977198697 0.0705521472392638 0.22068403908794787 0.10429447852760736 0.22068403908794787
0 0.13258433585761759 0.23855630582629275 0.10655065743225971 0.24510376771808837 0.10075568762781185 0.2304888299699715 0.12678936605316973 0.22394136807817588
0 0.16973415132924335 0.23534201954397393 0.16973415132924335 0.253257328990228 0.12985685071574643 0.253257328990228 0.12985685071574643 0.23534201954397393
0 0.10940695296523517 0.27931596091205213 0.07157464212678936 0.27931596091205213 0.07157464212678936 0.24592833876221498 0.10940695296523517 0.24592833876221498
0 0.12985685071574643 0.2752442996742671 0.10736196319018405 0.2752442996742671 0.10736196319018405 0.24674267100977199 0.12985685071574643 0.24674267100977199
0 0.17075664621676892 0.2744299674267101 0.12985685071574643 0.2744299674267101 0.12985685071574643 0.253257328990228 0.17075664621676892 0.253257328990228
0 0.13190184049079753 0.3004885993485342 0.11247443762781185 0.3004885993485342 0.11247443762781185 0.2776872964169381 0.13190184049079753 0.2776872964169381
0 0.11416744552019427 0.29984782961370116 0.11155254465426892 0.27693971515866755 0.15820175202102504 0.2735622542688823 0.1608166528869504 0.29647031902101995
0 0.1083844580777096 0.2980456026058632 0.06850715746421268 0.2980456026058632 0.06850715746421268 0.27931596091205213 0.1083844580777096 0.27931596091205213
0 0.10736196319018405 0.3135179153094462 0.06748466257668712 0.3135179153094462 0.06748466257668712 0.2972312703583062 0.10736196319018405 0.2972312703583062
0 0.11042944785276074 0.3501628664495114 0.06748466257668712 0.3501628664495114 0.06748466257668712 0.3135179153094462 0.11042944785276074 0.3135179153094462
0 0.11349693251533742 0.3770358306188925 0.06952965235173825 0.3770358306188925 0.06952965235173825 0.34446254071661236 0.11349693251533742 0.34446254071661236
0 0.12188783111260225 0.3932472750884314 0.0871069036378451 0.39954279300055984 0.0803773096002684 0.3759607569790818 0.11515823707502557 0.36966523906695337
0 0.17108666043583845 0.3906482609553135 0.11574543521935711 0.3982039460918414 0.11029645611659637 0.37288926711688214 0.1656376813330777 0.36533358198035426
0 0.1554860620167114 0.369781494140625 0.11389197601131135 0.3708167060578685 0.1127636993345795 0.3420632328194982 0.15435784774811478 0.34102807060515067
0 0.15337423312883436 0.33631921824104233 0.11349693251533742 0.33631921824104233 0.11349693251533742 0.3249185667752443 0.15337423312883436 0.3249185667752443
0 0.18799620708317358 0.32162212160588866 0.15102562777591386 0.3255480042497964 0.148426953025147 0.31002588924445235 0.1853975323324067 0.30610005630344056
0 0.15710779981866693 0.3162109673217376 0.1899464613089532 0.3231851285754275 0.18293746604997443 0.34411790083596294 0.15009886696782337 0.33714368987937704
0 0.06979551100779652 0.2680618832864668 0.07409000201703093 0.2441205450300285 0.08024537880240286 0.2448208588342325 0.07595095020130369 0.26876224679356675
0 0.11296846042625255 0.2757109104616246 0.14254729538119887 0.27346742114337336 0.14347099819066333 0.2811916488001323 0.11389216323571702 0.2834352375241755
0 0.1738241308793456 0.38599348534201955 0.1574642126789366 0.38599348534201955 0.1574642126789366 0.3754071661237785 0.1738241308793456 0.3754071661237785
0 0.06952965235173825 0.2980456026058632 0.1901840490797546 0.2980456026058632 0.1901840490797546 0.3925081433224756 0.06952965235173825 0.3925081433224756
0 0.2116564417177914 0.38925081433224756 0.17586912065439672 0.38925081433224756 0.17586912065439672 0.36482084690553745 0.2116564417177914 0.36482084690553745
0 0.22909901624808282 0.3666411160646122 0.25652589388420244 0.36118030858738803 0.2618790140912577 0.3782333721943709 0.2344520740470028 0.38369422937449105
0 0.2249488752556237 0.3688925081433225 0.19120654396728015 0.3688925081433225 0.19120654396728015 0.3509771986970684 0.2249488752556237 0.3509771986970684
0 0.2361963190184049 0.3493485342019544 0.18916155419222905 0.3493485342019544 0.18916155419222905 0.3257328990228013 0.2361963190184049 0.3257328990228013
0 0.22978350867523006 0.3279731079499186 0.18794035180214724 0.32942194736741653 0.18654359532767767 0.30383658642100975 0.2283867522007605 0.30238764759771986
0 0.22392638036809817 0.2947882736156352 0.18302658486707565 0.2947882736156352 0.18302658486707565 0.28338762214983715 0.22392638036809817 0.28338762214983715
0 0.22699386503067484 0.28420195439739415 0.18404907975460122 0.28420195439739415 0.18404907975460122 0.25977198697068404 0.22699386503067484 0.25977198697068404
0 0.254601226993865 0.30293159609120524 0.22392638036809817 0.30293159609120524 0.22392638036809817 0.28583061889250816 0.254601226993865 0.28583061889250816
0 0.23124136271408488 0.32652744951776264 0.2234234332063203 0.2870939671022496 0.25251205225907464 0.283436032770511 0.2603299817668392 0.322869515186024
0 0.3171988333173569 0.31934548045602607 0.2562529207007285 0.3206572889893373 0.2551064832566462 0.2868761690121132 0.31605239587327455 0.28556431077590594
0 0.28732106339468305 0.3493485342019544 0.26278118609406953 0.3493485342019544 0.26278118609406953 0.32166123778501626 0.28732106339468305 0.32166123778501626
0 0.28963422092679575 0.3329684478063925 0.3363756675174144 0.32958427702565146 0.3391078956775626 0.3535202970722211 0.29236651149507925 0.35690446785296215
0 0.29171871505144426 0.3579098580326242 0.2935103277974821 0.37931306820350674 0.27023271743992844 0.3805489804146733 0.2684411046938906 0.35914577024379074
0 0.3660531697341513 0.3770358306188925 0.3323108384458078 0.3770358306188925 0.3323108384458078 0.3517915309446254 0.3660531697341513 0.3517915309446254
0 0.3158263536074898 0.35610295895256516 0.31758588857202197 0.3757212884263029 0.29353391807259716 0.37708955944943506 0.2917743831080649 0.3574711802728013
0 0.9392757610796907 0.33748967173821764 0.9986723917393596 0.33346373716472416 1.0023469203332693 0.3678497910887877 0.9429502896736005 0.3718756759593852
0 0.9556277534469261 0.4202276969188976 0.9508595222831991 0.38225239806532474 0.9792059213837232 0.3799948428275142 0.9839741525474501 0.41797014168108715
0 0.9427402862985685 0.38192182410423453 0.9192229038854806 0.38192182410423453 0.9192229038854806 0.35912052117263843 0.9427402862985685 0.35912052117263843
0 0.9199328588317995 0.3727258936978318 0.8864450279189033 0.37628193709283386 0.883587359406953 0.35921296855914087 0.9170751903198492 0.3556569251641388
0 0.8768886573963126 0.3481335966128868 0.9152329021680087 0.3446099595060566 0.9173062876445872 0.35892081493663475 0.8789619804647559 0.362444452043465
0 0.918781054288088 0.37181459110023923 0.9270162445879665 0.4286561649086421 0.8947263378307132 0.43162342779799473 0.8864911475308346 0.3747818539895918
0 0.8833527048185071 0.35139539886375204 0.8876637339835762 0.3719957581560464 0.8530094326151905 0.37659566177219056 0.8486984034501214 0.3559952527770002
0 0.8876506282751789 0.3871532527165615 0.8420616727177594 0.38845000127239415 0.8414807153869505 0.3754953390612276 0.8870696709443698 0.3741986402082909
0 0.8625741658279014 0.3895586740698799 0.8918649248306493 0.38696671774798963 0.8947827547849565 0.40788114963991245 0.8654920581903438 0.41047310596180275
0 0.8481294284812756 0.3525100360087541 0.852159246589021 0.36534779700860137 0.8285817027335762 0.37004213612708675 0.8245518846258307 0.35720447453303134
0 0.8333030653877492 0.3940789536466816 0.8231991258866947 0.3747662969831535 0.8502074945679959 0.36580382107911746 0.8603114964771856 0.38511652744554153
0 0.8639752284637015 0.3866977256750051 0.8738710992419159 0.41979876092668467 0.8332762922977377 0.42749644723699615 0.8233804839276585 0.39439546168821255
0 0.8058077884354231 0.39214983514543467 0.7992024489950792 0.35532570506540107 0.8243967380016616 0.3524592893519697 0.8310020150338702 0.38928341943200323
0 0.8053169484518788 0.44071662231842934 0.7885480697413407 0.4140065345391388 0.8220858895705522 0.4006514657980456 0.8388548306892255 0.42736155357733613
0 0.8002393601618417 0.35214034586853626 0.8088572995550549 0.3923405451572679 0.7753194797258436 0.39690083556532474 0.7667015403326304 0.3567005865736971
0 0.7325493124121294 0.3874386467452158 0.7262756722105062 0.3612071481512113 0.7663073705505495 0.3551343986188162 0.7725810107521728 0.3813658475099247
0 0.7758746624968047 0.3939475391897394 0.7006853411777862 0.40340262049572473 0.6929419893916156 0.3643454884084894 0.7681313107106339 0.3548904071025041
0 0.7351235231738881 0.4042825605659609 0.769879986659637 0.4017662023488396 0.7718495249992012 0.4190206620902891 0.7370931239215874 0.4215370700103064
0 0.7720833682818891 0.4404544395421926 0.7685171178025946 0.41489233955109933 0.7875954095571319 0.4132041309866144 0.7911616600364264 0.4387661812748117
0 0.7341513292433538 0.4153094462540717 0.7065439672801636 0.4153094462540717 0.7065439672801636 0.3990228013029316 0.7341513292433538 0.3990228013029316
0 0.6926380617730701 0.4496742770415564 0.6862985809887845 0.43452766741525856 0.7200409122771281 0.4255700126921315 0.7263803930614136 0.44071662231842934
0 0.6439358139818188 0.37202458583570847 0.6730376011511056 0.3673890949460505 0.6770095669174975 0.38320594812449105 0.6479077797482107 0.38784138931125306
0 0.650680822828796 0.3984468441444422 0.6873784289525818 0.395199406030512 0.6895730734359024 0.4109299252786543 0.6528754673121165 0.4141773136896885
0 0.924933123442293 0.4150463191228115 0.9199937067636439 0.38357553885891693 0.949819116260864 0.3806063872595175 0.9547585329395131 0.41207716752341206
0 0.598159509202454 0.44625407166123776 0.5449897750511248 0.44625407166123776 0.5449897750511248 0.3745928338762215 0.598159509202454 0.3745928338762215
0 0.6503067484662577 0.4030944625407166 0.6206543967280164 0.4030944625407166 0.6206543967280164 0.3721498371335505 0.6503067484662577 0.3721498371335505
0 0.6314276634793584 0.42055195861219974 0.5924218924742779 0.42872694183250204 0.5864484978112219 0.4106492033222211 0.6254543312244376 0.40247422010191874
0 0.6275712775794031 0.44793064974806596 0.5974978581527991 0.45391835762545807 0.5905208782671907 0.4316919183886401 0.6205942352856595 0.425704160808352
0 0.6215132574849821 0.44941368475799065 0.6479959000351483 0.44640064550145053 0.6514314678792817 0.46555375586891795 0.6249488877372508 0.46856679512545807
0 0.6619900506454499 0.4570940247576089 0.6384390926556109 0.43458641623829397 0.6594589014969964 0.4206359565063874 0.6830098594868353 0.44314356502570235
0 0.6871165644171779 0.43159609120521175 0.6523517382413088 0.43159609120521175 0.6523517382413088 0.41123778501628666 0.6871165644171779 0.41123778501628666
0 0.4906593744008819 0.3828902353292956 0.5410656139163151 0.37619947998842124 0.5481401377172802 0.410005252602046 0.4977339294059145 0.4166960079429204
0 0.5664964921635353 0.4540093636279774 0.5088661989551381 0.4621089475550947 0.5046149567836146 0.4429229835733917 0.5622452499920118 0.43482334994337846
0 0.49828221607793327 0.424462532764149 0.473231091333557 0.42731269563059854 0.4660531572525243 0.38729639705695235 0.49110428199690054 0.38444623419050283
0 0.46346184666171397 0.38718058930934446 0.46924982675501664 0.4298198588119656 0.42819426054847265 0.4333546790703888 0.42240628045517 0.3907154592706637
0 0.4213491490525946 0.3870611532503308 0.4310370759242395 0.43115065385153706 0.4021418596825473 0.43517788070032576 0.39245387040276714 0.3910883800991195
0 0.2838433076511375 0.40031895342401264 0.3952816454179448 0.38710066705262625 0.40336474709228015 0.43032374677129986 0.29192634691733765 0.44354203314268625
0 0.39516419330745145 0.49094651809344464 0.37976660855221117 0.44189497857606375 0.43221459261966383 0.4314524001329652 0.44761217737490416 0.4805039396503461
0 0.45938578412576686 0.4853824777012927 0.34568920798584485 0.49162729865953275 0.34083447914669607 0.43556461893386095 0.4545310552866181 0.4293197979756209
0 0.5100427171203987 0.4594607772578634 0.4799752888747763 0.46185536337986055 0.476512979144699 0.43428099194256414 0.5065804073903214 0.431886356117671
0 0.2907130703604294 0.4415292646675234 0.23660808789461912 0.44659871154188724 0.23060573585681876 0.40596550062347314 0.28471071832262906 0.4008960537491093
0 0.2902874468781953 0.5098035980125204 0.27322100617890466 0.4051451046226079 0.33543361671619376 0.3987103688988701 0.3525000574154844 0.5033689119916785
0 0.23882650987746037 0.44961687019671215 0.15312734654588445 0.45846438330237177 0.14551361645657593 0.41168739741322274 0.23121284219628707 0.4028398843075631
0 0.20005982443842663 0.473067442058352 0.13923386025770065 0.47844996747442486 0.13644072175757285 0.45842934276071357 0.19726668593829882 0.4530468173446407
0 0.24127528028741693 0.46664920769607593 0.20004054032464214 0.47190364874923657 0.19634616594373083 0.4535144718928135 0.23758090590650563 0.4482600308396529
0 0.2458988493936925 0.5067848926258398 0.19580109329067613 0.5014650922644799 0.20022146150865924 0.4750615222446305 0.25031928001981085 0.4803813723088864
0 0.09845401319258053 0.46220194167345274 0.08906339867714724 0.4210684214042142 0.1228057299654908 0.41618242791887217 0.13219634448092407 0.4573159481881108
0 0.1927475256422546 0.4954278305998066 0.14269301837694914 0.5008638860348381 0.14011081937388165 0.48578303333990736 0.19016538904732233 0.48034702760777176
0 0.23174455950840364 0.4016035744732288 0.24281894551220604 0.4721623523227555 0.04964604602025818 0.49139314831662256 0.038571660016455775 0.4208343704670959
0 0.17027547949418456 0.5139394753918974 0.14814143580649283 0.5183464323658896 0.1428485394499297 0.5014849734228675 0.16498258313762143 0.49707796674597926
0 0.09108067924015849 0.5377725110380192 0.07829949314608896 0.4868767455657064 0.1392559527375703 0.4771673842439434 0.15203713883163983 0.5280631497162561
0 0.021746738800485686 0.48649398356384876 0.06259660779332822 0.4828791416429153 0.0664995501621613 0.510854466341994 0.025649681169318764 0.5144693082629275
0 0.07264175883100077 0.5401689858700631 0.036207015772782465 0.5440379586980864 0.03132226862059049 0.5148606688657879 0.06775701167880879 0.5109916960377646
0 0.06366210188602377 0.5082184732542753 0.05988672174559049 0.48416435912688316 0.08568505909301508 0.4815961110863701 0.08946043923344836 0.5056502252137622
0 0.29556486601722265 0.5047684958392712 0.0046107130304192225 0.5545776565999084 -0.027046874500734917 0.43728419002570235 0.26390734089420376 0.38747502926506516
0 0.28556414957183024 0.3993271818378461 0.30519993319833205 0.4668186945713304 0.2803719799455202 0.47140030752175793 0.2607361963190184 0.40390879478827363
0 0.30368098159509205 0.494299674267101 0.29141104294478526 0.494299674267101 0.29141104294478526 0.4771986970684039 0.30368098159509205 0.4771986970684039
0 0.32905787680534254 0.4370694238122201 0.36013987410531695 0.43871970906708063 0.3575429467823364 0.4697436105933174 0.3264608870742267 0.4680933253384568
0 0.37423312883435583 0.4218241042345277 0.37423312883435583 0.43159609120521175 0.35685071574642124 0.43159609120521175 0.35685071574642124 0.4218241042345277
0 0.4093450690583461 0.40081583327501524 0.39786309552338955 0.43129727739464574 0.3781636555989583 0.42659056225506414 0.38964556672577966 0.39610911813543365
0 0.33942062284317487 0.4772405966097058 0.42057135646328603 0.47406209641248476 0.42203844690615416 0.4978205280117569 0.34088771328604295 0.500999028208978
0 0.44515273517382414 0.42758302968177425 0.478932885792114 0.47203163370635687 0.44911727437212423 0.48640397161924875 0.41533712375383436 0.4419554172975621
0 0.0977423108184752 0.45949184156784406 0.05095293478000384 0.4662670918318658 0.041873237594261245 0.42649513269480355 0.08866255122459739 0.41971988243078173
0 0.0400403106627045 0.65619229493778 0.03184169153006774 0.5925297442010637 0.0977157873610046 0.5871489086834538 0.10591434408550614 0.65081145942017
0 0.046012269938650305 0.6685667752442996 0.0 0.6685667752442996 0.0 0.5920195439739414 0.046012269938650305 0.5920195439739414
0 0.08967393746405292 0.694840322488294 0.08590910429847265 0.6573603129930528 0.13309177640513165 0.6543541327361564 0.1368566095707119 0.6918341422313976
0 0.04112658666442996 0.6649418933383805 0.07830242632844453 0.6630914048185566 0.08037125601115158 0.6894542184637114 0.043195416347137014 0.6913047069835352
0 0.03885480572597137 0.7768729641693811 0.0 0.7768729641693811 0.0 0.7288273615635179 0.03885480572597137 0.7288273615635179
0 0.03864399104518149 0.7169901695624237 0.08089729418296268 0.715460562938976 0.08242155047769684 0.7421673206242365 0.04016824733991564 0.7436968775447883
0 0.04033350408199131 0.7748934966345175 0.035535629054032465 0.7443247245266694 0.07807139141184177 0.7400901868987938 0.08286926643980061 0.7706589590066419
0 0.046511222979773774 0.7957524600945389 0.0412270013540069 0.7726058711446457 0.08198775152974822 0.7667036025454245 0.08727197315551508 0.7898501417924216
0 0.1441717791411043 0.743485342019544 0.10020449897750511 0.743485342019544 0.10020449897750511 0.7084690553745928 0.1441717791411043 0.7084690553745928
0 0.04294478527607362 0.8070032573289903 0.0 0.8070032573289903 0.0 0.7776872964169381 0.04294478527607362 0.7776872964169381
0 0.04961814958381263 0.844379636286136 0.0453788897742523 0.7937361130108662 0.08426533642478272 0.7916714547123117 0.08850459623434305 0.8423149779875815
0 0.0408997955010225 0.8184039087947883 0.0408997955010225 0.8477198697068404 0.0 0.8477198697068404 0.0 0.8184039087947883
0 0.0970746685878387 0.8684455797027687 0.05521472392638037 0.8721498371335505 0.05152378199290644 0.8456939796671417 0.09338372665436477 0.8419897222363599
0 0.10020449897750511 0.8941368078175895 0.05930470347648262 0.8941368078175895 0.05930470347648262 0.8697068403908795 0.10020449897750511 0.8697068403908795
0 0.11113316198555726 0.9234096266159405 0.05241191216529269 0.9270071222261808 0.049392544174974434 0.8957462869948595 0.108113793995239 0.8921488907904113
0 0.10633946830265849 0.9625407166123778 0.05521472392638037 0.9625407166123778 0.05521472392638037 0.9218241042345277 0.10633946830265849 0.9218241042345277
0 0.05838799037816334 0.9684375675959385 0.009562112071031442 0.971678097007329 0.005084265960506135 0.9288835059548045 0.05391014426763804 0.925643075949206
0 0.03374233128834356 0.9218241042345277 0.0 0.9218241042345277 0.0 0.8884364820846905 0.03374233128834356 0.8884364820846905
0 0.049079754601226995 0.8892508143322475 0.0 0.8892508143322475 0.0 0.8517915309446255 0.049079754601226995 0.8517915309446255
0 0.17314013771728015 0.8998146678415105 0.17923279432675102 0.9580422069040105 0.12363725595922802 0.9617319510891694 0.11754459934975715 0.9035044120266694
0 0.17529003556764441 0.9124628619961319 0.2263921257908359 0.9097496803109731 0.23032826928760863 0.9567719002888335 0.17922617906441718 0.9594851813797842
0 0.22196869957422674 0.9102347805756311 0.17472193431269173 0.9144156887787561 0.17108085647926252 0.8883172945401567 0.21832762174079753 0.8841363863370317
0 0.17037258655259457 0.8605383459830517 0.21782255270242204 0.8578390811087643 0.22030870558537832 0.8855594796544177 0.17285873943555086 0.8882587445287052
0 0.169822271616181 0.8831152900422435 0.11743532270497828 0.8855695196394034 0.11598264854134714 0.8659019842986564 0.16836965986068508 0.8634477547014964
0 0.16666666666666666 0.8656351791530945 0.10940695296523517 0.8656351791530945 0.10940695296523517 0.8403908794788274 0.16666666666666666 0.8403908794788274
0 0.1630819433793456 0.8366641563390675 0.21382774555853784 0.8335552898990991 0.21616742654812116 0.8577792388220175 0.16542162436892893 0.86088805555909
0 0.21433605981994505 0.833426957021707 0.15839958580968813 0.8406122561774735 0.1533337926572086 0.815598329426023 0.20927026666746548 0.8084130799731525
0 0.10548541297210506 0.8160758748504937 0.15763864341689035 0.8128808235889149 0.16001445871676892 0.8374784885866245 0.10786116586384842 0.8406734901453075
0 0.21063394683026584 0.8127035830618893 0.15337423312883436 0.8127035830618893 0.15337423312883436 0.7899022801302932 0.21063394683026584 0.7899022801302932
0 0.16664987887829116 0.7913841222707145 0.16349858009010737 0.7637768972191826 0.21116198206240414 0.7603259754491551 0.21431328085058793 0.787933200500687
0 0.20915244010816078 0.7634174955784304 0.1610990496988433 0.7675178850900854 0.15742427147239263 0.7402023166321 0.20547766188171013 0.7361019271204449
0 0.15307854338413854 0.6994325718584589 0.20990058883323748 0.6978163330873371 0.21146235241724182 0.7326428043725824 0.1546403069681429 0.7342589934408082
0 0.16258873188666284 0.7909040419985495 0.10461631728096242 0.7932717388538274 0.10137384020721497 0.7429155977230507 0.1593462548129154 0.7405478511648769
0 0.1371637824122891 0.8333312292440707 0.12010383215906185 0.8438988104705314 0.10755074779923952 0.8310448463265981 0.12461063564433154 0.8204773148030334
0 0.1003705670253387 0.759180870428924 0.2107481537177275 0.7529018538782574 0.21794193946510737 0.8331114927409915 0.10756441518085379 0.8393905589945542
0 0.2883435582822086 0.999185667752443 0.24846625766871167 0.999185667752443 0.24846625766871167 0.9698697068403909 0.2883435582822086 0.9698697068403909
0 0.29754601226993865 0.9397394136807817 0.24539877300613497 0.9397394136807817 0.24539877300613497 0.9161237785016286 0.29754601226993865 0.9161237785016286
0 0.3543998858680023 0.9484118731868384 0.29322524743577455 0.9514569708112784 0.2894695258579371 0.903598251094259 0.35064410188202966 0.9005532528756107
0 0.35685071574642124 0.999185667752443 0.30265848670756645 0.999185667752443 0.30265848670756645 0.9796416938110749 0.35685071574642124 0.9796416938110749
0 0.35787321063394684 0.999185667752443 0.3006134969325153 0.999185667752443 0.3006134969325153 0.9641693811074918 0.35787321063394684 0.9641693811074918
0 0.3374233128834356 0.9820846905537459 0.2955010224948875 0.9820846905537459 0.2955010224948875 0.9649837133550488 0.3374233128834356 0.9649837133550488
0 0.28638762491612346 0.8502740021248982 0.33682020066462165 0.8491582715161848 0.3378719025594325 0.8793105333558123 0.2874393268109343 0.8804262639645256
0 0.28488127975619887 0.8714484298656352 0.28856629291682645 0.9007965982542753 0.2392638036809816 0.9047231270358306 0.23557879052035405 0.8753749586471905
0 0.28927849455601357 0.8726631686431189 0.23701592505831418 0.8752646182181393 0.23494703296747188 0.8489018045729845 0.2872096648733065 0.8463003549979642
0 0.2861582126110366 0.8810291600926303 0.2880130447980573 0.8175077158775702 0.34219971951287703 0.8185113167529774 0.3403448873258563 0.8820327609680375
0 0.286914349577422 0.8203925216625102 0.2885469463949067 0.8450969484807614 0.23428975048728273 0.8473711541887216 0.23265715366979806 0.8226667770733662
0 0.28440198527767124 0.8201330228426558 0.2322933142414366 0.8234979088997608 0.23047910975044733 0.8056777307963915 0.282587780786682 0.8023128447392864
0 0.28814110629153883 0.8224916737708673 0.28383850222472523 0.7882252547174012 0.3310149959259969 0.7844680139995165 0.3353175999928106 0.8187344827558785
0 0.27901778581927406 0.7668034556634263 0.3311089201695105 0.7623184651427626 0.3339261482098351 0.7830724560864973 0.2818350138595987 0.787557496310057
0 0.23466856786809817 0.7728773483624287 0.28056544516471754 0.7705928044521071 0.28304410907144684 0.8021774540506668 0.23714716936669222 0.8044620476638844
0 0.30777096114519426 0.7671009771986971 0.278118609406953 0.7671009771986971 0.278118609406953 0.743485342019544 0.30777096114519426 0.743485342019544
0 0.28239562613832436 0.7684416631145664 0.23290441470155931 0.7728211840899837 0.22930071934112986 0.7469909369751374 0.27879193077789494 0.74261141599972
0 0.2822377959643405 0.7083334161714933 0.3348828649228336 0.7155210016604744 0.32764838907128707 0.7491307957552932 0.2750032577046587 0.741943210266312
0 0.2730379631182899 0.7438909176506515 0.22013876823316078 0.7465240279704041 0.21839215175262014 0.7242677172931087 0.27129134663774923 0.721634606973356
0 0.27574641377891745 0.6862866529036035 0.3254192328891871 0.680635185117442 0.3294069255056557 0.702866445535169 0.2797341688035212 0.7085179133213304
0 0.27485778434144936 0.691436618469437 0.27742388204562884 0.7445714994051558 0.22107339246628963 0.7462976312792651 0.21850729476211017 0.6931627503435465
0 0.16985996612985685 0.5879353576063722 0.17616799321398902 0.628125765424598 0.13715591898725077 0.6320095000127239 0.1308478919031186 0.5918190921944981
0 0.2034764826175869 0.6897394136807817 0.16973415132924335 0.6897394136807817 0.16973415132924335 0.6555374592833876 0.2034764826175869 0.6555374592833876
0 0.20131416554831288 0.6878971758416887 0.1974169647279205 0.6537552625426252 0.22553557413487346 0.6517194319237327 0.22943277495526584 0.6858613452227962
0 0.22862983188746167 0.6822475470626781 0.224571368445648 0.6563893669202973 0.2600597545413152 0.6528564353719208 0.26411828039126406 0.6787146155143017
0 0.24923993132109534 0.6484931175405894 0.20526360197788854 0.6508280104845277 0.2032548089212679 0.6268304582527484 0.24723113826447468 0.62449556530881
0 0.24063927898133947 0.6345924104075479 0.19071351969900308 0.638777841574206 0.18479704125527224 0.5940141211891795 0.23472280053760863 0.5898286403196255
0 0.3282208588957055 0.6758957654723127 0.2934560327198364 0.6758957654723127 0.2934560327198364 0.6335504885993485 0.3282208588957055 0.6335504885993485
0 0.21923809402559433 0.6413773030333876 0.3252605290013101 0.630118901255853 0.33267249358943635 0.6743915570287052 0.2266500586137206 0.6856499588062398
0 0.3932830248873658 0.6637183571483103 0.3279691668863433 0.6702204899989821 0.3219758016200153 0.6320345999751883 0.3872895972129026 0.6255324671245165
0 0.296956567432739 0.56669860243409 0.36234812356211654 0.5551254819192794 0.3743293621788727 0.5980647581019697 0.30893780604949517 0.6096378786167803
0 0.3136699653110621 0.6334251875986106 0.3069057971665708 0.6064895977803084 0.3295186360677083 0.602887728315223 0.33628286662033485 0.629823367836421
0 0.3689548359814353 0.5944845590995267 0.3613552101306876 0.558169734594488 0.4173989637253962 0.5507307021547995 0.4249985895761439 0.5870455266598381
0 0.4414642895657592 0.5806270437830823 0.4514170141551636 0.6186743621329143 0.3804922903486069 0.6304422185941317 0.37053956575920244 0.5923948505414037
0 0.42006135718222776 0.6626547151745725 0.41312881188889955 0.6240065385153705 0.4466257543895386 0.6201954198582553 0.4535582996828668 0.6588436462203532
0 0.4577000155770706 0.6600576891572933 0.38909774811477504 0.6693858292669738 0.3803226026289302 0.6284522140453227 0.44892493249936094 0.6191240739356423
0 0.28673904512557513 0.5858682141630192 0.284646874800294 0.5725381956814943 0.29786061167960765 0.5712227588367773 0.2999527820048888 0.5845527276154061
0 0.2639577666674655 0.5896323138805476 0.3111171605396856 0.5882412789310617 0.3131075431964149 0.6310405420558072 0.2659481493241948 0.6324316267081891
0 0.2443762781186094 0.5789902280130294 0.261758691206544 0.5789902280130294 0.261758691206544 0.5920195439739414 0.2443762781186094 0.5920195439739414
0 0.4274851169079116 0.9940311792230762 0.3735783426795757 0.9991830832018526 0.3691658378866309 0.9698979380853013 0.4230726121149668 0.9647461335123168
0 0.47843992393197216 0.9917478281822577 0.4269567072269619 0.9961408683453786 0.42251218706064675 0.9631034528005396 0.47399534135752175 0.9587104126374185
0 0.4133622807227761 0.8977318182830314 0.4191979406313906 0.939560682066877 0.3631976855069338 0.9445161602007838 0.35736196319018404 0.9026872964169381
0 0.4686364796020258 0.9419823065642814 0.4199250578148965 0.9453557415194931 0.41484135352760737 0.8987951620393934 0.4635527753147367 0.8954217270841816
0 0.4601226993865031 0.8982084690553745 0.41513292433537835 0.8982084690553745 0.41513292433537835 0.8688925081433225 0.4601226993865031 0.8688925081433225
0 0.4160203680182771 0.8982391854450835 0.3605073332055215 0.9018239571139556 0.35747323689529015 0.8720216036619504 0.41298627170804575 0.8684369313988701
0 0.4087337189656825 0.8613896571852097 0.3930171662313075 0.8692127936049471 0.38784727630927274 0.8626248735558326 0.4035637666355125 0.8548018365418872
0 0.35518766375894684 0.8550298734285933 0.3499996130695616 0.7889200017972567 0.40837331198475846 0.7860144202018017 0.4135613626741437 0.8521242421302423
0 0.4591002044989775 0.8379478827361564 0.4130879345603272 0.8379478827361564 0.4130879345603272 0.8045602605863192 0.4591002044989775 0.8045602605863192
0 0.4060405582981851 0.7857178430215543 0.45310683923264955 0.7810323013156555 0.45666191865573874 0.8036833026898412 0.4095957001294095 0.80836884439574
0 0.450920245398773 0.7768729641693811 0.40797546012269936 0.7768729641693811 0.40797546012269936 0.761400651465798 0.450920245398773 0.761400651465798
0 0.3426355779292881 0.7481152164819574 0.35384420383195936 0.7193512559325377 0.37127542008163983 0.7236596023609273 0.3600667941789686 0.7524235629103471
0 0.47280078724118096 0.7733560369535067 0.3671477460178617 0.7892751786918516 0.341405139135193 0.6809081037192081 0.44705811795037703 0.6649890116837591
0 0.39570552147239263 0.7182410423452769 0.34049079754601225 0.7182410423452769 0.34049079754601225 0.6856677524429967 0.39570552147239263 0.6856677524429967
0 0.3452851153102633 0.763824313781937 0.4000820791794479 0.762319459200682 0.40112523115973286 0.7864118942608662 0.34632826729054833 0.7879167488421214
0 0.4059304703476483 0.7654723127035831 0.37934560327198363 0.7654723127035831 0.37934560327198363 0.75 0.4059304703476483 0.75
0 0.4049079754601227 0.7646579804560261 0.35173824130879344 0.7646579804560261 0.35173824130879344 0.75 0.4049079754601227 0.75
0 0.36885635594405036 0.6285997819434548 0.3591200627676061 0.556227941854769 0.4391970020130368 0.5493949368256311 0.4489332951894811 0.6217668266172129
0 0.44764824927706415 0.6200325931710606 0.43607047925453735 0.5462665868504428 0.49458865300277993 0.5404410098197018 0.5061664230253068 0.6142069664374237
0 0.5908957015273517 0.5629671575192131 0.4980791400059113 0.5743395777401008 0.49013558292193893 0.5332181849774786 0.5829521444433794 0.521845764756591
0 0.5887525437555917 0.5915309645065655 0.5059462159201655 0.5997744880204092 0.5015416057563267 0.5717113383041531 0.5843479647958205 0.5634678147903095
0 0.5919416618737219 0.6388546325484782 0.5096998780295405 0.6497711281046417 0.49961310076567295 0.6015714465212745 0.5818548846098542 0.5906550006680069
0 0.5072990370674367 0.6092081970811278 0.513308160387909 0.6474943378460912 0.48260186006198874 0.650551264759772 0.4765927367415165 0.6122650742919127
0 0.5169056149348159 0.645951112629148 0.4572141682443443 0.6584614806532472 0.44504221036634073 0.6216245272260535 0.5047336882608799 0.6091142089048504
0 0.46074328588318 0.7031311631591002 0.4535207923935966 0.66574250758665 0.4973166998178681 0.660376384126247 0.5045391621033838 0.6977650396986971
0 0.6035065134122571 0.7062032991589475 0.5236196069385864 0.7127850063460658 0.5177480935562851 0.6675819123606729 0.5976350312340235 0.6610002051735545
0 0.5253879414501853 0.7253927920462643 0.48128835603990927 0.7280944426595582 0.4788163073955138 0.7025004831121489 0.5229159240098575 0.6997988324988549
0 0.6054541464963573 0.756683498718063 0.532732318027863 0.7631186817678645 0.5265225213485749 0.718608495855176 0.5992443498170693 0.7121732631024786
0 0.5274397337119759 0.7501601924337082 0.47885446997020387 0.7536778651930222 0.47590431260185007 0.7278328066151771 0.5244895763436221 0.7243151835587591
0 0.47648261758691207 0.7166123778501629 0.46421267893660534 0.7166123778501629 0.46421267893660534 0.7068403908794788 0.47648261758691207 0.7068403908794788
0 0.4692495771224757 0.779600410585683 0.4588030169590363 0.7063861064103216 0.5227889546587423 0.700595222000967 0.5332355148221818 0.7738095758792244
0 0.613864703656218 0.7788119735469259 0.5342812879441462 0.7904875317303288 0.5284086824194786 0.7650976025708723 0.6079920357234151 0.7534220443874695
0 0.5550870368817101 0.7867219906288172 0.6220651950329116 0.7809552121240075 0.6255734059464468 0.8067998233757889 0.5585952477952454 0.8125666018805985
0 0.6301166557826878 0.8459243028870623 0.5586677660483768 0.8510973802995215 0.5541670785603592 0.8116689675793974 0.6256159682946703 0.80649598957273
0 0.545981377911714 0.8233896062894442 0.4822177067856116 0.8274521718972669 0.4796102636918456 0.801494536260052 0.5433739036138804 0.7974319209493332
0 0.5266887142126789 0.7759183206465035 0.5285102828636248 0.8020320730799573 0.4870568023868865 0.8038662093470074 0.48523517132780547 0.7777524569135535
0 0.5297152591385481 0.8448634442754988 0.495107763871581 0.8483086502124898 0.49174137544534446 0.8268604589207553 0.5263489019163791 0.8234152032808683
0 0.549079754601227 0.8403908794788274 0.549079754601227 0.8811074918566775 0.49897750511247446 0.8811074918566775 0.49897750511247446 0.8403908794788274
0 0.5558562795564929 0.854609386928695 0.6141916598766616 0.8497189201827158 0.6264167894858768 0.9422136238421214 0.5680813467575728 0.9471040905881005
0 0.5052361673616437 0.9096302939548555 0.4916086645457886 0.8674234893500611 0.5487697109854295 0.8557172644798453 0.5623972762094197 0.8979241684904316
0 0.5632841582191015 0.8987367114337337 0.5734980608544223 0.9502553535983306 0.5161609610653118 0.9574654544991856 0.5059470584299911 0.9059468123345887
0 0.5826672513060774 0.997928085078634 0.5273395062468047 1.0011920742569218 0.5248816242491053 0.9747657403107186 0.5802093069002429 0.9715017511324308
0 0.5100012469145417 0.9530788757125407 0.5725032751789366 0.9463521851778807 0.5767208169574386 0.9712086034520053 0.514218851101179 0.9779352939866653
0 0.6086298468654141 0.9663518352694931 0.576707586432771 0.9699837252837439 0.5729447503275179 0.9490065186342121 0.6048670731682962 0.9453746286199614
0 0.586552844213318 0.9673386365660627 0.6464102341353528 0.9593934298338254 0.6517437581879474 0.9848797826114617 0.5918863682659126 0.992825088749491
0 0.6523517382413088 0.9633550488599348 0.6175869120654397 0.9633550488599348 0.6175869120654397 0.9405537459283387 0.6523517382413088 0.9405537459283387
0 0.6346625891687436 0.8761400850277382 0.6388547932443444 0.8995113807703075 0.6178118309847904 0.9019055692691368 0.6136196269091897 0.8785341741207756
0 0.6720452493928937 0.5168254740463406 0.7958830226905994 0.5039611717000458 0.8061402989799016 0.5665905980411492 0.6823024632740606 0.579454900387444
0 0.7592926961512654 0.6191799399907115 0.6878383145010545 0.633406797527102 0.6722603078268788 0.583780394314943 0.7437146270689545 0.5695535367785525
0 0.7521140755807452 0.6143366412930069 0.7465317927011439 0.5876617431640625 0.7846680935662704 0.582599702021198 0.7902503764458717 0.6092746001501425
0 0.8200568762781186 0.572882338533184 0.8215851266935071 0.6118304721695592 0.7863753929216194 0.6127067839283896 0.7848471425062308 0.5737586502920144
0 0.8466682668112538 0.5695386259097618 0.8490707927930087 0.610677563794661 0.8139776998258563 0.6119774933358357 0.8115751114359663 0.5708385554509365
0 0.8528545980316974 0.4942015110475621 0.8624047901489008 0.5504850704429204 0.805493438658295 0.556610107421875 0.7959433089492267 0.5003265480265167
0 0.8806496836656442 0.4815720548847211 0.929675829678713 0.49865434379453377 0.9062087482226163 0.5413734361480812 0.8571826022095476 0.5242911472382685
0 0.9655993252931685 0.4899735342019544 0.8347481257588829 0.5096361986588965 0.8259747901089596 0.47260411166212846 0.9568260520513804 0.45294144720518625
0 0.8908290121940503 0.5286269296652331 0.9008966301604039 0.5687171364451853 0.8714016093310647 0.5734152032808683 0.8613339913647111 0.5333249965009161
0 0.9445441310391104 0.597908343088355 0.8781043054623594 0.6049635200624746 0.8732731668983257 0.5761062671773208 0.9397129924750767 0.5690510902032013
0 0.9324481862698109 0.5517665602096905 0.9462406337870655 0.5819741413725316 0.9230068963485749 0.5887027703201344 0.9092143864231851 0.5584951891572933
0 0.927440869540037 0.4999606353063925 0.99200439453125 0.49325377622722416 0.9985784050877109 0.5333936859031454 0.9340148800964979 0.5401005449823137
0 0.9695931339068891 0.5489778798255548 0.9989563487546331 0.5470290789775041 1.003159162213222 0.5871953311882889 0.973795947365478 0.5891441320363395
0 0.8754766733368482 0.6118056207215747 0.922732550186126 0.605533065547384 0.9300834796180023 0.6406593944040105 0.8828276027687244 0.6469319495782013
0 0.8228409655986388 0.6220746863548453 0.8778354512158103 0.6165998626609579 0.8829793793535915 0.6493736043426812 0.82798489373642 0.6548484280365686
0 0.7564660444825217 0.632306673627723 0.8085393301060838 0.6265863673306443 0.8139608496293456 0.6578901955669788 0.7618875640057835 0.6636104521611614
0 0.7676704266319977 0.68351989149659 0.6883712175677403 0.6919406058345633 0.679959100204499 0.6416938110749185 0.7592582468606212 0.6332730967369452
0 0.8137687573891232 0.6578116152884518 0.8178462553121805 0.6870382103935515 0.7712728738297226 0.6911595248244096 0.7671953759066654 0.6619329297193098
0 0.8198720233815823 0.70476345596562 0.7727809664174335 0.716014700526135 0.7656047797641872 0.6969638290156759 0.8126958367283359 0.6857125844551608
0 0.8216384856491245 0.730900916680451 0.7760214464308538 0.736283143879148 0.771871118213989 0.713971513878639 0.8174880950241245 0.708589286679942
0 0.7716646096945297 0.7237654695293414 0.7114683435982234 0.7324820652070185 0.7065766691430214 0.7110553952692386 0.766772997647463 0.7023387498886655
0 0.7026506357641552 0.7336820422243995 0.770489214875703 0.7228764835320389 0.7793377523285724 0.7581120096511095 0.7114991732170245 0.76891756834347
0 0.8246456216449386 0.75838438152102 0.7789597462535148 0.7610795707578379 0.7764293460026841 0.7338733486709843 0.8221152213941079 0.7311781594341663
0 0.7706977204554896 0.7993222214888284 0.7189254916762525 0.8048198588119656 0.7134156646416475 0.7719087383257838 0.7651878310127492 0.7664111010026465
0 0.7094646680086912 0.771614348072959 0.7759167255799463 0.7597335666321 0.7948036739918839 0.8267383886082553 0.7283516164206288 0.8386191700491145
0 0.792341735465395 0.8515106101766083 0.7190982373945553 0.8603154781975265 0.7140957260911938 0.8339210535105355 0.7873392241620335 0.8251161357867213
0 0.7934560327198364 0.8957654723127035 0.721881390593047 0.8957654723127035 0.721881390593047 0.8526058631921825 0.7934560327198364 0.8526058631921825
0 0.8320449797897495 0.7786482025047079 0.7855214624073364 0.7839413621138284 0.7809611751501789 0.7585179332024888 0.827484692532592 0.7532247735933683
0 0.8336700252228719 0.8020874918089628 0.7863110501342024 0.8062782908883855 0.7830440466633116 0.7828612684815248 0.8304030217519811 0.778670469402102
0 0.8379326256750064 0.8289758638760942 0.7908539879297674 0.8329931004427932 0.7872798116172993 0.8064251132430782 0.8343583869544031 0.8024078766763793
0 0.7919730906106212 0.8425877474806596 0.781793762082215 0.7831365728222974 0.8321221162448875 0.7776707950554764 0.8423014447732937 0.8371220194167345
0 0.7928016210138676 0.8432573448951547 0.8427607062404141 0.8375733217121335 0.8484048979901585 0.8690391316864312 0.7984458127636119 0.8747231548694524
0 0.7329665107961081 0.9539282982046519 0.7202767526201431 0.8990653469818811 0.7960865980277032 0.8879434293566775 0.8087763562036682 0.9428063805794483
0 0.8063615982274093 0.9378906647623168 0.7960537089404397 0.8886345978280232 0.8219200711552594 0.8852011217744808 0.832227960442229 0.9344572881145664
0 0.852760736196319 0.9340390879478827 0.8271983640081799 0.9340390879478827 0.8271983640081799 0.9039087947882736 0.852760736196319 0.9039087947882736
0 0.8544989899867396 0.8999185468940859 0.8275050999928106 0.9070847104349044 0.8187116689233448 0.8860748986856168 0.8457054965091385 0.8789088345505904
0 0.8190184049079755 0.999185667752443 0.7177914110429447 0.999185667752443 0.7177914110429447 0.9625407166123778 0.8190184049079755 0.9625407166123778
0 0.8640081799591002 0.999185667752443 0.8179959100204499 0.999185667752443 0.8179959100204499 0.9771986970684039 0.8640081799591002 0.9771986970684039
0 0.9304703476482618 0.990228013029316 0.8721881390593047 0.990228013029316 0.8721881390593047 0.9543973941368078 0.9304703476482618 0.9543973941368078
0 0.9815950920245399 0.999185667752443 0.9366053169734151 0.999185667752443 0.9366053169734151 0.9600977198697068 0.9815950920245399 0.9600977198697068
0 0.8789034416339149 0.9294832210975672 0.8689271891775306 0.881811781892559 0.9156856107809305 0.8756052818671112 0.9256618632373147 0.9232767210721193
0 0.9238366125063906 0.9190633071750305 0.9174397786458334 0.8732124850493689 0.95851412970108 0.8695777122671519 0.9649109635616373 0.9154286337986055
0 0.8664895898237794 0.8532910673160118 0.9163175555582183 0.848881824008805 0.91937255859375 0.8707793294800997 0.8695445928593111 0.8751886721930985
0 0.9140827826439482 0.8443305298249185 0.9087216117874489 0.8187120170469004 0.9584645776417114 0.8121093352376832 0.9638258109063459 0.8377277983128054
0 0.9707958634889443 0.8646869473037968 0.9256380233296587 0.8781736293134161 0.913830279328828 0.8530967289927728 0.9589881194881135 0.8396100469831534
0 0.89943627979614 0.8419314704422842 0.8690930075928234 0.8459591943200325 0.8647819784277544 0.8253587356219463 0.8951251882229359 0.8213311111499898
0 0.8485558008611324 0.7999667189408591 0.915347857953093 0.7938289083176405 0.9190691302402862 0.819514271490737 0.8522770731483257 0.8256520821139556
0 0.9216287999065376 0.8195535367785525 0.9148321795317292 0.7979019115336167 0.948514349377716 0.7911956488891999 0.9553109697525243 0.8128472741341358
0 0.9538981119791666 0.7932956956496845 0.9031739030147623 0.7975480766172129 0.8991736039549783 0.7672816969284405 0.9498977505112475 0.7630293159609121
0 0.8997955010224948 0.7956026058631922 0.8496932515337423 0.7956026058631922 0.8496932515337423 0.7695439739413681 0.8997955010224948 0.7695439739413681
0 0.8525971020657592 0.7767752482759059 0.8479549977433218 0.7508957455911544 0.8880368098159509 0.7463355048859935 0.8926789141383883 0.7722150075707451
0 0.9386503067484663 0.7638436482084691 0.8916155419222904 0.7638436482084691 0.8916155419222904 0.739413680781759 0.9386503067484663 0.739413680781759
0 0.9386503067484663 0.740228013029316 0.8946830265848671 0.740228013029316 0.8946830265848671 0.7157980456026058 0.9386503067484663 0.7157980456026058
0 0.8973178980540644 0.7385054100608205 0.8503224503530803 0.745990964411136 0.8463898017118802 0.730330725057894 0.8933852494128642 0.7228451707075784
0 0.8865030674846626 0.6978827361563518 0.9324551759809561 0.688733476769264 0.9396728016359919 0.7117263843648208 0.8937206931396984 0.7208756437519086
0 0.8839059529372764 0.7184201715823494 0.8352351588461784 0.7239576706280537 0.831451977688842 0.702866445535169 0.8801227093718047 0.6973289961923606
0 0.8848517482266104 0.6992056781383601 0.8349111982162257 0.7007966181354336 0.8337547130623721 0.6777716024690809 0.8836952630727569 0.6761806624720074
0 0.8819891494719773 0.6752999271554356 0.8330589871708844 0.67962979493778 0.8298169469540836 0.656391504144824 0.8787470468470412 0.6520616363624796
0 0.8800407050821191 0.6478928059630751 0.9239505073531761 0.6398226958532675 0.9309643704467024 0.6640284535162612 0.8870545057675102 0.6720986133289648
0 0.8821584627428425 0.6703697974984731 0.9319087927570616 0.663577449438238 0.9376789241236899 0.6903839111328125 0.8879285941094709 0.6971762591930476
0 0.9989775051124744 0.9104234527687296 0.9795501022494888 0.9104234527687296 0.9795501022494888 0.8754071661237784 0.9989775051124744 0.8754071661237784
0 0.9989775051124744 0.8778501628664495 0.9734151329243353 0.8778501628664495 0.9734151329243353 0.8232899022801303 0.9989775051124744 0.8232899022801303
0 0.9989775051124744 0.8118892508143323 0.9846625766871165 0.8118892508143323 0.9846625766871165 0.7850162866449512 0.9989775051124744 0.7850162866449512
0 0.9989775051124744 0.6636807817589576 0.9713701431492843 0.6636807817589576 0.9713701431492843 0.6392508143322475 0.9989775051124744 0.6392508143322475
0 0.9989775051124744 0.6392508143322475 0.9662576687116564 0.6392508143322475 0.9662576687116564 0.6083061889250815 0.9989775051124744 0.6083061889250815
0 0.45777596627763933 0.8613633146503461 0.41850215233176763 0.8642067179229438 0.4157028354262526 0.8396833090518119 0.45497671178025945 0.8368399057792142
0 0.5664563013244505 0.4824612396936075 0.5162830937859471 0.4886087423815401 0.5106800602013836 0.45960347427219056 0.5608532365358193 0.45345597158425793
0 0.012269938650306749 0.10342019543973942 0.0 0.10342019543973942 0.0 0.009771986970684038 0.012269938650306749 0.009771986970684038
0 0.9989775051124744 0.2923452768729642 0.9693251533742331 0.2923452768729642 0.9693251533742331 0.2687296416938111 0.9989775051124744 0.2687296416938111
0 0.9989775051124744 0.31921824104234525 0.9744376278118609 0.31921824104234525 0.9744376278118609 0.2996742671009772 0.9989775051124744 0.2996742671009772
1 0.9938576041067548 0.7652227544629224 0.9914832241939865 0.8002054916530945 0.9600994835601994 0.7988544178319676 0.9624738634729678 0.7638717303446916
1 0.978527544953828 0.7061937065000254 1.0095031363832438 0.71852842448977 0.9842415714068891 0.7587660500591663 0.9532659799774732 0.7464313320694218
1 0.9621293081583908 0.6651118772425947 0.9941549788711017 0.688067060340111 0.9739676321454819 0.705931026694829 0.941941961432771 0.6829758435973127
1 0.9583784544151009 0.7161333413388131 0.9455972683210314 0.7059541882443505 0.9598821160252109 0.6945774935744096 0.9726633021192804 0.7047566466688722
1 0.6690452903326304 0.9619430889912459 0.6354342657608001 0.9269383334181596 0.6738615757604806 0.9035351284163783 0.7074726003323109 0.9385398839894645
1 0.7102190575472904 0.8537673204651873 0.743863470471466 0.8898821405168466 0.6967804641567612 0.9177031377239414 0.6631360512325857 0.8815882182664903
1 0.6501263889554576 0.8149309686418466 0.7084687589867714 0.8381634938988701 0.6791470455489519 0.8848678141541124 0.6208047379257733 0.8616352888970887
1 0.6393807690080202 0.7373451456573188 0.7079180071934112 0.7360757336942692 0.7092522307163854 0.7817667113064943 0.6407149925309944 0.783036123269544
1 0.6293257574849821 0.6804130628753563 0.7007484358024987 0.6785780319561787 0.7031314904460634 0.737409063581535 0.6317087497204116 0.7392441442036085
1 0.644153119108672 0.615610278002214 0.6531479412305087 0.6526224838405945 0.5948691026808538 0.6616058846638335 0.5858742805590171 0.624593629122557
1 0.6435361522838382 0.5760285815509212 0.7047199023038088 0.6308473966020715 0.6673406745270961 0.6573090196044127 0.6061569869152608 0.6024902045532624
1 0.5355495460681876 0.6543918572341969 0.5465291341145834 0.6237866032007074 0.5834683845379601 0.6321920090467223 0.5724887964915644 0.6627972630802117
1 0.6272231650011183 0.7011619841237021 0.6189530261455138 0.717927665586192 0.5959941965426891 0.7107444042491602 0.6042643978064289 0.6939787227866704
1 0.8892688712215618 0.9223902202196153 0.9095092024539877 0.928698014747048 0.9049389923033295 0.9379997129160729 0.8846986610709037 0.9316919183886401
1 0.7720674542074067 0.6166464839773769 0.7570307756981723 0.6292207202227962 0.7516239844948236 0.6251197342763894 0.766660663004058 0.61254549803097
1 0.6949514689377236 0.6827176370527535 0.76027886950409 0.6736334387564892 0.7678474161034956 0.7081557780212999 0.7025199531289941 0.7172399763175641
1 0.7455830642294542 0.6782522791759975 0.7485903874496741 0.662085368501247 0.7651570013939482 0.664040034291022 0.762149615765593 0.6802069449657726
1 0.4780196363452997 0.8352165097910729 0.4689976354805726 0.8597662611970684 0.4538974878978144 0.8562464015103318 0.4629195199666091 0.8316966998072323
1 0.4853771186313746 0.8887147188963254 0.509115488251294 0.9370288165462134 0.4728869728759266 0.948319226988752 0.44914860325600714 0.9000050299330721
1 0.6082138342360046 0.5818888015001527 0.6202557335601994 0.5459250782522395 0.6751458727752748 0.5575825445815096 0.6631040358592153 0.5935462678294229
1 0.6674302926092791 0.5594896944027382 0.5900172446159253 0.5504673265090595 0.5981275562372188 0.5063292661784915 0.6755406042305726 0.5153516340721702
1 0.6976962411330522 0.528379707460683 0.6393118704267319 0.5307046101225316 0.6368857541698619 0.49206055880369504 0.6952701872843174 0.4897356561418465
1 0.5498139239040133 0.47692677252455723 0.594455211928042 0.4464527341364261 0.6383446067388804 0.48723276740953275 0.5937033187148517 0.5177068057976639
1 0.8850169425605509 0.47003074422333063 0.8679651053649029 0.44151206746551813 0.897149084048281 0.4304441271853369 0.9142008588357937 0.4589628039431494
1 0.8312248744847585 0.46561429399620824 0.8291173517582119 0.5008619973247913 0.7920036081887462 0.49945446101384366 0.7941111309152927 0.46420680738815656
1 0.6950084475651841 0.4426839623466765 0.7280295904428681 0.4571057546410576 0.7097780816637909 0.48361225935845886 0.6767569387861069 0.46919046706407774
1 0.635089648038088 0.3850115052263589 0.6193011387237985 0.3975857414717783 0.6012570745862091 0.38321519286314126 0.6170455839004985 0.3706409566177219
1 0.6979479955505495 0.349924193143068 0.6923001841289622 0.37166438894862075 0.6669915634186477 0.3674941171652331 0.6726393748402352 0.34575392135968036
1 0.9570363674670884 0.33516755243854335 0.9254318892590108 0.3317352195516083 0.9282776378171331 0.31511526698009973 0.9598821160252109 0.31854764956993076
1 0.8476980010424655 0.3355079675730354 0.8546604398325665 0.319665169482899 0.8764284598071639 0.3257328990228013 0.8694660210170628 0.3415757468158337
1 0.4947000203200888 0.48397822178147903 0.5006085417265784 0.4628027999828227 0.5199527857493769 0.4662263851600672 0.5140442643428873 0.48740180695872354
1 0.510297311108049 0.534287393675565 0.43390279508563395 0.5530079894423097 0.4143957594421012 0.502516805543185 0.4907902442604486 0.48379620977644033
1 0.37041269002029015 0.5706323878384568 0.3250029082191015 0.5373605237333317 0.3731332478591513 0.495695381288808 0.41854309206847523 0.5289671956910372
1 0.3077798855085314 0.502404476998295 0.2797962024899348 0.5478351605443302 0.23643877462375384 0.5308956680546366 0.26442245764235045 0.48546498450860137
1 0.41608358745926 0.39278782151809344 0.39549389548584485 0.3712654735055731 0.42079627538263675 0.35591209983204397 0.4413859673560519 0.3774344478445643
1 0.23308514866117075 0.36521807245012217 0.2517036796835059 0.39190872639708874 0.22304180745941973 0.4045902711949053 0.2044232140289494 0.3778996669508347
1 0.3162681407967472 0.5508758843139251 0.2949371025849949 0.5528745371666327 0.29272523345635226 0.537901092429891 0.31405627166810457 0.5359024892800794
1 0.23503846088557642 0.5399142585282217 0.2918418463022431 0.5364343102669483 0.2959414991133052 0.5788803349100418 0.23913817610477378 0.5823602831713152
1 0.22841283880128452 0.5604271407236106 0.16521748735860814 0.5305437218482797 0.1955922132620782 0.4898012142616297 0.2587875022966194 0.5196845834340645
1 0.19263275708157593 0.5156825559535322 0.20523589276584867 0.580924664724145 0.11642387405738752 0.591806567064714 0.10382073837311477 0.5265644085912052
1 0.09496808198332055 0.596112825971473 0.03648635458604933 0.5861322856493028 0.043406917517414365 0.5604112854997965 0.10188864491468558 0.5703918755248626
1 0.1468523333652863 0.629322213536365 0.17357356221641743 0.6407812659049267 0.16184089520226227 0.6581346841122506 0.13511966635113112 0.6466756317436889
1 0.5052162903705745 0.9857328831178745 0.48681528290356596 0.9556088525231575 0.5057767778330298 0.9482623668757635 0.5241777853000383 0.9783862980646885
1 0.2857793952302211 0.9550072486703481 0.23701636191526074 0.9590526667790615 0.23521988133467536 0.9453176691011808 0.2839829146496357 0.9412722509924675
1 0.33263941727776714 0.9493613973114312 0.37067087247571573 0.9407074272826751 0.373394488313203 0.9482994452361564 0.3353629707071191 0.9569534152649125
1 0.1756904461632477 0.9599096441113599 0.2311896263699834 0.9861023744465085 0.21895276403134586 1.0025483668821253 0.16345352141647496 0.9763556365469768
1 0.11098581637829115 0.9818092371042855 0.1439161554192229 0.9730670941380802 0.1516600688786107 0.9915692953799369 0.11872972983767893 1.000311438346142
1 0.08620104955505496 0.9546285126030639 0.1199881274763548 0.9745930724501222 0.1041582415684113 0.9915852997124389 0.07037116364711145 0.9716208392711726
1 0.00037238934288726994 0.9679904403438009 0.09949360790915772 0.9692239668159609 0.0989334948955138 0.9977710239273717 -0.0001877236707566462 0.9965373980494198
1 0.13459918250335506 0.8930940410601588 0.12407355123258564 0.9056682773055782 0.11106101818123722 0.8987593759542956 0.12158664945200665 0.8861851397088762
1 0.0103151910387909 0.5897921086910881 -0.004569835701846881 0.5831238190591918 0.0012931589699961656 0.574822739591816 0.016178185710633945 0.5814910292237123
1 0.004065827601770195 0.40056229880267713 0.08864064596913343 0.3901996426162968 0.09366450085474182 0.4162064841205212 0.009089682487378578 0.4265691900097974
1 0.3952544354709867 0.061074918566775244 0.36572633832997825 0.051541107873574916 0.3701835273477441 0.04278494869070643 0.3997116868968878 0.05231865997811482
1 0.2683448089412385 -0.0027543356830211727 0.29300494671843047 0.03652516716077972 0.25962345926795755 0.04981800787611971 0.2349633214907656 0.010538405626526873
1 0.2393903673792178 0.049636294088456843 0.1917194140225588 0.05109656517202769 0.19013686852952455 0.018327644671213356 0.23780788429431876 0.01686737358764251
1 0.1439161554192229 0.03706404595887622 0.1591784393372955 0.000598721084843241 0.19143214937611835 0.009161237785016287 0.17616986545804575 0.04562656265904927
1 0.13868323328061094 0.05320267568582044 0.11515012401744631 0.03539760726282573 0.13296396454419096 0.020463775734171418 0.15649707380735559 0.038268844157166124
1 0.12806436425581544 0.026436771554356676 0.0954534924591002 0.021409920061838356 0.10100513294430598 -0.0014341273602911239 0.13361600474102123 0.0035926247264352605
1 0.032466958636886506 0.03272925758983103 0.07073606401377172 0.04327939309980659 0.05759634318283487 0.07351078194981678 0.01932723780594964 0.0629606464398412
1 0.02133671735205777 0.1320764001106983 0.023544093094964212 0.07230359801252036 0.055425226566494123 0.07305043372735139 0.05321785082358768 0.13282323582552932
1 0.048372046347776074 0.15416844271681596 0.04405327857393916 0.12235212792014455 0.06269227946462806 0.12074742022088762 0.0670111096466002 0.1525636356117671
1 0.017251106371421267 0.13087199953557613 0.0481026928361452 0.13555212362581434 0.04381213353942996 0.15349178749109324 0.012960547074706032 0.14881166340085505
1 0.6137224755160404 0.024153818136706025 0.5781890307467408 0.02473136578786645 0.5776588112298696 0.0040428335581229645 0.6131923808154397 0.003465285906962541
1 0.8644230692420757 0.0757994014976079 0.7845577559831928 0.07743025292014455 0.7833084699322597 0.03862730144289495 0.8631738455992779 0.03699635061456637
1 0.8988818459228016 0.05312891658820236 0.9433913279652352 0.060513971682868484 0.9345167039118417 0.09443987619605049 0.8900072218694083 0.08705492050717631
1 0.9616471429056429 0.10950730910906963 0.9547756951766999 0.06025442316011808 0.991865661246645 0.056972242721905535 0.998737108975588 0.10622522807664903
1 0.5326641683441974 0.3107879340454499 0.5334233009010736 0.2962783167338915 0.5486858344516872 0.2967847892438162 0.5479267018948109 0.3112944065553746