0 0.05703361313064377 0.9996986194731141 0.05703361313064377 0.95467638799296 0.0 0.95467638799296 0.0 0.9996986194731141
0 0.04807118626383992 0.9495601984582059 0.04807118626383992 0.8717945032771088 0.0 0.8717945032771088 0.0 0.9495601984582059
0 0.0399235285721816 0.8277954972604485 0.0399235285721816 0.7725408867107861 0.0 0.7725408867107861 0.0 0.8277954972604485
0 0.026887274407721186 0.7725408867107861 0.026887274407721186 0.7039842829184187 0.0 0.7039842829184187 0.0 0.7725408867107861
0 0.05133025057904132 0.7602621189315749 0.05133025057904132 0.7193327893053962 0.026072508328920836 0.7193327893053962 0.026072508328920836 0.7602621189315749
0 0.041313422190678586 0.7191521725280327 0.036568610699145826 0.6953169174272108 0.0193147442557595 0.7007339897505734 0.02405955729546485 0.7245693692859646
0 0.011406722006859717 0.7039842829184187 0.011406722006859717 0.6599852769017585 0.0 0.6599852769017585 0.0 0.7039842829184187
0 0.010591956702145662 0.5771033921859072 0.010591956702145662 0.5423134775579765 0.0 0.5423134775579765 0.0 0.5771033921859072
0 0.05621884705184342 0.7725408867107861 0.05621884705184342 0.6047307285693807 0.0 0.6047307285693807 0.0 0.7725408867107861
0 0.13606590419620662 0.9996986194731141 0.13606590419620662 0.9782107603051733 0.10591956547328404 0.9782107603051733 0.10591956547328404 0.9996986194731141
0 0.13641986599216213 0.9595661066115571 0.13453654499797077 0.9335491402068998 0.10595963217995384 0.9368117523971076 0.10784295317414519 0.9628287188017648
0 0.13443637203860592 0.9495601984582059 0.10662503675981001 0.9534410015887805 0.1090494626528257 0.9808437335746368 0.1368607979316216 0.9769629304440621
0 0.10328313901826933 0.9395647428086774 0.13076814428552405 0.9349624058279179 0.1282420220313134 0.911168898525102 0.10075701057136834 0.9157711732885767
0 0.09619303492756633 0.8830871893117673 0.10260983875819615 0.9137099768651249 0.1198951176234654 0.9079973724396343 0.11347831379283559 0.8773745848862767
0 0.09986378929831764 0.8823300671747579 0.12679112422001826 0.8787068436026695 0.12572464385589996 0.8662060845517966 0.09879730274150898 0.8698293703411697
0 0.09525227856326413 0.8716651535423038 0.12509424036199396 0.8700356828570973 0.12414878993839412 0.8427269611883601 0.09430684671773538 0.8443564318735665
0 0.09473220404092368 0.8465679452567533 0.12089871740960456 0.8399956223918514 0.11676222318178647 0.8140212126099006 0.09059569742772486 0.8205935354748025
0 0.11391053880964007 0.7909197481643412 0.08991881779261998 0.7991370960356141 0.09501423773827491 0.8226006650778861 0.119005958755295 0.8143833172066132
0 0.11168559185870282 0.7823796792375446 0.08781922947276723 0.7861262796851108 0.08936101740056818 0.8016165170465405 0.11322739836457488 0.7978698543816896
0 0.10472565192680855 0.7425125230950561 0.08907569538463246 0.7405471412899783 0.08855133552055855 0.7471323431328045 0.10420129206273462 0.7490977249378823
0 0.11488198614739753 0.7868661676342699 0.11488198614739753 0.7541227039333269 0.08636518577476601 0.7541227039333269 0.08636518577476601 0.7868661676342699
0 0.11339425421380378 0.7390879593128823 0.08333119479092685 0.7410750549503058 0.08523531703205851 0.7865099736795998 0.11529837026224508 0.784522940259461
0 0.10088404742154208 0.7008978700783639 0.0802076884678432 0.7225366683788863 0.09523410920972948 0.7451820179106141 0.11591046816342837 0.7235431573928071
0 0.07741464268077504 0.7075438582083015 0.1075534201287604 0.7005346455705275 0.10290687734430487 0.6690233951922464 0.07276809989631951 0.6760326078300204
0 0.07026907685515169 0.6599477598791094 0.07595251132915547 0.7075318502723624 0.10814473536107447 0.7014675315366973 0.10246129469438033 0.6538834411434442
0 0.09629689873038948 0.6208731275086009 0.06667032489528904 0.5340570572319381 0.034023498559927014 0.551628462765195 0.06365007549137264 0.6384444086072885
0 -0.006881632588126443 0.46693879262630605 0.022286444515376896 0.5782407863667495 0.07195017554543236 0.55771374872579 0.04278209921601531 0.4464116927680619
0 0.0847356536171653 0.610870081350344 0.06884771817690366 0.590917060377644 0.056626226994898415 0.6062655667646215 0.07251416243516005 0.6262185877373216
0 0.05214501665784167 0.45329220895251976 0.05214501665784167 0.2732032208146184 0.0 0.2732032208146184 0.0 0.45329220895251976
0 0.0847356536171653 0.4430598921002962 0.0847356536171653 0.38473560516015226 0.05621884705184342 0.38473560516015226 0.05621884705184342 0.4430598921002962
0 0.05036506714758935 0.34536475629738467 0.0532731514472466 0.37458196206437944 0.07603645943976067 0.37100851232001786 0.07312837204375824 0.3417913065530231
0 0.0509316704489968 0.3431589046871018 0.0853856322053191 0.34188628123805426 0.08437227893185306 0.2986168973185844 0.049918320271875954 0.29988952076763187
0 0.05093280371133383 0.30225306208588176 0.09561957941426859 0.2973730182550491 0.09203644541950969 0.24562388506625893 0.04734966662022975 0.2505039755600551
0 0.06925509811995866 0.24557591553978722 0.06925509811995866 0.19236780258007613 0.04644165410623922 0.19236780258007613 0.04644165410623922 0.24557591553978722
0 0.0668107998835576 0.19543751007920013 0.06857452764139547 0.16664252636021917 0.04122235867884252 0.1640001893894145 0.039458634017349836 0.19279517310839545
0 0.11732629057648894 0.23227389118843972 0.11732629057648894 0.17087991230349292 0.08717995185356636 0.17087991230349292 0.08717995185356636 0.23227389118843972
0 0.09858667076408088 0.16781020480436895 0.09858667076408088 0.14222938156516787 0.06762556596235796 0.14222938156516787 0.06762556596235796 0.16781020480436895
0 0.05237461684586166 0.1395322156122579 0.08061712438409979 0.14130564153984296 0.0819174964706619 0.10864387691081724 0.05367498893242378 0.1068704509832322
0 0.09451284037007913 0.11050916665920059 0.09451284037007913 0.06344044536625573 0.05703361313064377 0.06344044536625573 0.05703361313064377 0.11050916665920059
0 0.10830759073232675 0.43455463374426606 0.10630444117954799 0.38675664032635704 0.08599156218689757 0.3880992582206454 0.08799471793236671 0.4358972516385544
0 0.1417692605551187 0.44408311756379015 0.1417692605551187 0.4164558433976013 0.11814105046259893 0.4164558433976013 0.11814105046259893 0.44408311756379015
0 0.1417692605551187 0.4164558433976013 0.1417692605551187 0.38882853812277013 0.11814105046259893 0.38882853812277013 0.11814105046259893 0.4164558433976013
0 0.12422783343822925 0.38256873267870795 0.16697908376718495 0.3691463489901886 0.15873557251769227 0.3277355197980377 0.11598430980335582 0.34115790348655706
0 0.08998582889507344 0.34476295961152525 0.09251787136127422 0.39087138044724773 0.10982659575227019 0.3893722549734009 0.10729454090068867 0.3432638341376784
0 0.10664558410644531 0.3426918706398127 0.1023539567922617 0.2887948412413991 0.08339653386698141 0.29117561674749937 0.08768817356654576 0.345072646145913
0 0.13040136362051036 0.33599094464752166 0.1257839822149896 0.2919202332102924 0.10074533115733754 0.29605777596601046 0.10536270637016792 0.3401284874032397
0 0.11286387505469384 0.2836244604517074 0.10862709639908431 0.24105792964270356 0.09208107613897942 0.24365536128830595 0.09631786098727932 0.28622187654298864
0 0.12772514293720197 0.2833941320639016 0.12231849075911881 0.2392590879543355 0.10688974950220678 0.24224004249689413 0.11229640168028993 0.28637508660646027
0 0.15982425986946402 0.3302011596804122 0.15646186432281098 0.28515904977780965 0.1266538942015016 0.288668602370827 0.13001628974815468 0.3337106811647872
0 0.14511939457484654 0.28799192718288097 0.1421526747864562 0.23955693765031696 0.12258871499594155 0.2414468965520674 0.12555542239895115 0.2898819016389526
0 0.1662122429191292 0.28752847062945974 0.1662122429191292 0.23841329063236652 0.1433987927127194 0.23841329063236652 0.1433987927127194 0.28752847062945974
0 0.17435990370713272 0.3264113182200083 0.17435990370713272 0.2895749526650898 0.1613236464463271 0.2895749526650898 0.1613236464463271 0.3264113182200083
0 0.14347566877092635 0.33340021691434124 0.15156183614359273 0.3689430851212092 0.180186246896719 0.3586721313352128 0.17210006713867188 0.3231292942369871
0 0.16302926199776785 0.43027548444866526 0.16561305058466924 0.3783573380061003 0.144511569630016 0.37670105167120604 0.1419277810431146 0.42861913589648637
0 0.14719945734197443 0.42687151458771344 0.143629569511909 0.45601293970199414 0.16640534339013038 0.4604134438113214 0.1699752312201958 0.43127204980568296
0 0.18431633788269836 0.47422757863269305 0.18853681737726385 0.4371251408599325 0.17085640151779374 0.4339530859275452 0.16663592202322824 0.4710555237003058
0 0.18087803233753552 0.4123629104349834 0.18087803233753552 0.37859622127054665 0.1621384063324371 0.37859622127054665 0.1621384063324371 0.4123629104349834
0 0.18332232438124618 0.3775729646984104 0.18332232438124618 0.3581315564574573 0.1662122429191292 0.3581315564574573 0.1662122429191292 0.3775729646984104
0 0.19496834742558466 0.23530099540189378 0.19625879262948964 0.16885536186070496 0.14539598489736583 0.1672974099442135 0.14410553969346085 0.23374304348540234
0 0.1201009007243367 0.20611231625991494 0.12395451285622337 0.2351499784977064 0.1469441203327922 0.23033803148493245 0.14309050820090555 0.20130035369281982
0 0.11376889959558265 0.16106633333134238 0.11499730642739829 0.18883526070037748 0.1273616939396053 0.18797260249426606 0.12613328710778968 0.1602036595709098
0 0.09557427369154893 0.1123776372662621 0.09437444612577364 0.15306164413903223 0.11558961249017097 0.15404839471939508 0.11678943386325588 0.11336439562378552
0 0.11895582273408964 0.11562532508531234 0.11895582273408964 0.062417212125601265 0.09451284037007913 0.062417212125601265 0.09451284037007913 0.11562532508531234
0 0.18495185653884688 0.06651014508821913 0.39679098748541497 0.06651014508821913 0.39679098748541497 0.0 0.18495185653884688 0.0
0 0.14747262929941152 0.1013000674933104 0.14747262929941152 0.06651014508821913 0.12140011477780033 0.06651014508821913 0.12140011477780033 0.1013000674933104
0 0.12484995111242517 0.10795857685178549 0.1118574266309862 0.15224706433964066 0.14134597778320312 0.16589101933315017 0.15433852703540357 0.12160253962245557
0 0.15664150188495587 0.1326915340443027 0.15543962453866933 0.16438865856050108 0.16763346535818918 0.16511786069102 0.1688353427044757 0.13342079839210627
0 0.17148150406874618 0.11167497858481062 0.16843614949808491 0.0696050117018269 0.14764627233728186 0.07197854667142504 0.1506916145225624 0.11404857577169343
0 0.2004324058433632 0.10743946693723719 0.2004324058433632 0.0736727777728004 0.17273037154953202 0.0736727777728004 0.17273037154953202 0.10743946693723719
0 0.1914699851692497 0.1319970491586232 0.1914699851692497 0.10846270017789165 0.17761896802233412 0.10846270017789165 0.17761896802233412 0.1319970491586232
0 0.2020619380009639 0.16985667128567788 0.2020619380009639 0.1319970491586232 0.1865813886964476 0.1319970491586232 0.1865813886964476 0.16985667128567788
0 0.21672771503398944 0.17804253721091362 0.21672771503398944 0.16985667128567788 0.2053210023161653 0.16985667128567788 0.2053210023161653 0.17804253721091362
0 0.2240606283212637 0.22920418368931575 0.2240606283212637 0.19236780258007613 0.2036914701585646 0.19236780258007613 0.2036914701585646 0.22920418368931575
0 0.2370058282629236 0.2226013276919677 0.23365090110085227 0.16782826337124107 0.22006827515441102 0.16914039479604676 0.22342317754572089 0.22391347467109454
0 0.18495185653884688 0.28445876313033575 0.18495185653884688 0.24148298257716935 0.1662122429191292 0.24148298257716935 0.1662122429191292 0.28445876313033575
0 0.22161632389217228 0.279342604704224 0.22161632389217228 0.23534358313324255 0.1963585816420518 0.23534358313324255 0.1963585816420518 0.279342604704224
0 0.21361244498909293 0.3117850922906314 0.20709431635869013 0.2790416596983308 0.18562284692541345 0.2857829647083652 0.19214096317043552 0.3185264284093081
0 0.21591295514787948 0.35608507442182724 0.21591295514787948 0.3131092938686608 0.1930995173268504 0.3131092938686608 0.1930995173268504 0.35608507442182724
0 0.24022550706739548 0.37548821903271534 0.1935362010807186 0.35381865428492926 0.18088886954567648 0.396797016855409 0.22757817553235338 0.4184665816031951
0 0.2182757637717507 0.4386600101638156 0.22179556512213372 0.4077174568759557 0.2061683481389826 0.40491372826874683 0.20264857155936106 0.43585634377389143
0 0.22114624915184913 0.4859176153558231 0.23164419694380325 0.4199978111959257 0.21205847603934153 0.4150784149325465 0.2015605406327681 0.48099821909244395
0 0.20325150427880226 0.4806943809828141 0.2078467777797154 0.440297133575035 0.1893678888097986 0.43698188556200623 0.18477260292350473 0.4773791329697853
0 0.06421984635390245 0.478606991082521 0.06105855842689415 0.45081602324039566 0.045203212019685024 0.45366056638634045 0.048364503043038506 0.4814515653371082
0 0.08949589419674564 0.45355153059497644 0.046583401692378054 0.4515555067772044 0.04536571750393162 0.4928450744815558 0.08827821310464438 0.49484106719068555
0 0.08962425008996741 0.49115183107957444 0.08962425008996741 0.45431546552465596 0.0782175249867625 0.45431546552465596 0.0782175249867625 0.49115183107957444
0 0.09043901616876776 0.49831447154131625 0.11243769410368684 0.49831447154131625 0.11243769410368684 0.45431546552465596 0.09043901616876776 0.45431546552465596
0 0.13036254783729453 0.4931983131152045 0.13036254783729453 0.45431546552465596 0.11162292183219612 0.45431546552465596 0.11162292183219612 0.4931983131152045
0 0.16000083824256797 0.4607678645733786 0.13273973588819626 0.45315981057076643 0.12606825147356307 0.4908629251182626 0.15332935382793475 0.49847097912087474
0 0.15070844625497792 0.4982077377894846 0.19819732765098672 0.5217861288305938 0.2085110800606864 0.4890235333146184 0.16102221105005834 0.4654451733821515
0 0.20209711248224432 0.5238308376736112 0.2408341494473544 0.5305409096067469 0.24455338019829292 0.4966775347819508 0.2058163308478021 0.4899674006315303
0 0.2599103110177176 0.5269649711709989 0.2599103110177176 0.4993376970048101 0.24280022955560066 0.4993376970048101 0.24280022955560066 0.5269649711709989
0 0.2749207979672915 0.5360560363707314 0.2796527317592076 0.5063429277363659 0.2625739605395825 0.5020532015023732 0.2578420762891893 0.531766341245381
0 0.30031310737907113 0.5399059175108308 0.30534551050755887 0.5146260081688806 0.2800398244486227 0.5066809231352734 0.2750074460908964 0.5319607702599388
0 0.307530266898019 0.543777512483276 0.3314968951336749 0.5475397916865762 0.3340916076263824 0.5214710293924407 0.310124954619965 0.5177086879718559
0 0.054942533567354276 0.4976165491506594 0.05918120718621588 0.5322171676900166 0.07963041206458946 0.5282661834623471 0.07539174463841822 0.4936655338143476
0 0.07675318284468217 0.4961923021788991 0.07931132130808645 0.5267126800817087 0.09653078426014293 0.5244363985051924 0.0939726396040483 0.4939159583850981
0 0.11080816194608614 0.5279881966344928 0.11080816194608614 0.4942215385786984 0.09288330821247844 0.4942215385786984 0.09288330821247844 0.5279881966344928
0 0.11354960404433213 0.4924399155238596 0.11184339399461622 0.5202959315370954 0.12492757029347605 0.5215599067835754 0.12663378034319198 0.4937038907703396
0 0.12857886723109654 0.49129010899472797 0.12490141236936891 0.5190003810186512 0.1480231470875926 0.5238399836144559 0.15170060194932022 0.4961297426991749
0 0.14128998347691127 0.5436978121416285 0.19420184098280868 0.560310387101013 0.20282877884901962 0.516973435210404 0.1499169213431222 0.500360922468304
0 0.20285081244134284 0.5224067462450624 0.19921723898355062 0.5528285097516883 0.2167476307262074 0.5561308787867928 0.22038122895476106 0.5257090530628823
0 0.23465258115297788 0.5545923075544725 0.23465258115297788 0.5238952947805173 0.2175424996908609 0.5238952947805173 0.2175424996908609 0.5545923075544725
0 0.23198893163111303 0.5539232850925395 0.2522013775714032 0.55900002886882 0.2569019515793045 0.5294837135058295 0.23668948086825284 0.5244069075122643
0 0.2558051518031529 0.5343244049041157 0.25141795269854655 0.5618729742052115 0.2689667491169719 0.5662807577368438 0.2733539482215782 0.538732188435748
0 0.28535607573273897 0.5820621719904753 0.29168619428362164 0.5423134775579765 0.2742940729314631 0.5379450775675332 0.26796395438058035 0.5776937097827471
0 0.30994997396097557 0.5890875611222605 0.31543825818346694 0.5511787562316832 0.29220764358322343 0.5458742971935525 0.28671935936073206 0.5837831020841298
0 0.3072107736166422 0.562446244266055 0.3280864071536374 0.5668157641676224 0.33352552141462055 0.525831185592667 0.3126498878776253 0.5214616656910996
0 0.329165421523057 0.5801731307936735 0.3544231513877968 0.5801731307936735 0.3544231513877968 0.5464064416292368 0.329165421523057 0.5464064416292368
0 0.3294809514825994 0.5494583860935908 0.3509709989869749 0.5536104565852765 0.35388156345912386 0.5298513554408767 0.33239151595474836 0.5256992849491908
0 0.329980181409167 0.5893822221824032 0.329980181409167 0.5658478498701899 0.3177586840344714 0.5658478498701899 0.3177586840344714 0.5893822221824032
0 0.1157876918842266 0.5322490851570464 0.0747534330789145 0.5224331885910423 0.06931927916291472 0.5582620074382009 0.11035353177553647 0.5680779040042049
0 0.1340051997791637 0.588836763247802 0.13593909028288606 0.5499777137686354 0.10915643518621271 0.5478755783718782 0.1072225570678711 0.5867345656337601
0 0.11589109742796266 0.5391123982622962 0.13719460871312525 0.5471386146350982 0.14248685712938186 0.5249842216966106 0.12118334584421926 0.5169579742151663
0 0.13914879885586826 0.5446641710069444 0.1344583932455484 0.5800071972954893 0.1559946382200563 0.5845149640035678 0.16068504383037616 0.5491719377150229
0 0.16235593077424285 0.5489159135886532 0.155351143378716 0.573547549933104 0.1776484576138583 0.5835484184863978 0.1846532326240044 0.5589167199246623
0 0.19817613626455333 0.5605743128225344 0.1820375021401938 0.556520732292463 0.17799500056675502 0.5819047622602892 0.19413363469111455 0.585958280573076
0 0.2142834353756595 0.5822195817206613 0.220883035040521 0.5573550038624491 0.20279522685261517 0.5497830981022235 0.19619562718775366 0.5746476137431511
0 0.24198546966949067 0.5934751240363787 0.24198546966949067 0.5658478498701899 0.2273196926364651 0.5658478498701899 0.2273196926364651 0.5934751240363787
0 0.2672745345474838 0.5769065989145323 0.24377168927873885 0.5710033607288482 0.23850706026151583 0.6040617061074478 0.26200990553026077 0.6099648820758473
0 0.28952945362437854 0.5828214717324478 0.2688248126537769 0.5763209476140418 0.2629297429865057 0.6059345708102383 0.28363438395710733 0.6124350327113596
0 0.28767504010881695 0.6143334065008601 0.3139480987152496 0.6184577903008728 0.3168060500900467 0.5897443267791157 0.29053299148361406 0.5856198807618183
0 0.3446019407990691 0.6511080525093973 0.3493804188517781 0.6151012922281155 0.3253338305981128 0.6100681005510958 0.32055532777464235 0.6460748608323776
0 0.32152862053412895 0.6409144348082314 0.31714211501084366 0.6758038970916157 0.3445887132124467 0.6812464162844036 0.3489752435064935 0.6463569540010193
0 0.31491599144873683 0.650909330502198 0.3283198715804459 0.6146527678230123 0.3140524827040635 0.6063337569086072 0.30064860257235443 0.6425903195877931
0 0.30969909568885706 0.6204386642098305 0.2950333186558315 0.6173689878193489 0.29168619428362164 0.6425903195877931 0.3063519713166472 0.6456599959782747
0 0.2941304739419516 0.6446367705147809 0.2941304739419516 0.6129165944946164 0.27864993702281604 0.6129165944946164 0.27864993702281604 0.6446367705147809
0 0.2615711905739524 0.6362541113181702 0.2897746098505986 0.6433380469148191 0.29391112884917814 0.6173637615674376 0.2657076848017705 0.6102797637535041
0 0.2647989198759005 0.6282650386643094 0.2647989198759005 0.6098468558868502 0.25257742250120485 0.6098468558868502 0.25257742250120485 0.6282650386643094
0 0.19492075040742948 0.5863727099061863 0.17517466359324269 0.5801731307936735 0.1701902166589514 0.6052122281353529 0.1899363034731382 0.6114118072478657
0 0.22243108377828227 0.622125685883346 0.22243108377828227 0.5883589967189092 0.1930995173268504 0.5883589967189092 0.1930995173268504 0.622125685883346
0 0.14641343153916397 0.6375764774863022 0.1225407835725066 0.5476342997419725 0.07805457672515473 0.5662571773859582 0.10192721230643136 0.6561992929130033
0 0.13809802315451883 0.5961114570392139 0.13624801883449802 0.626314900093973 0.15344437685879794 0.6279761638116399 0.15529438117881875 0.5977727207568807
0 0.1580645821311257 0.6026842154251083 0.1580645821311257 0.5443599284849643 0.13769543635380732 0.5443599284849643 0.13769543635380732 0.6026842154251083
0 0.19702006005621575 0.6506546751560908 0.20019039550384918 0.6108397193154307 0.16864847207998301 0.6068784692357926 0.1654781490177303 0.6466933628591679
0 0.22938792736499342 0.6193707667359518 0.2036914701585646 0.6129165944946164 0.19789409637451172 0.649320052182881 0.22359055358094054 0.6557742866415011
0 0.22687557765415736 0.6512767857853912 0.2553311880532797 0.6597854349834352 0.2636624373398818 0.6158413668291285 0.23520682694075942 0.6073327176310843
0 0.27782021559678116 0.6378778580131881 0.26055316181925986 0.6313722942947247 0.2543863568987165 0.6571878011316578 0.2716534106762378 0.6636933026328364
0 0.29356012715921775 0.6447390557307594 0.2788943501261922 0.6385997029497962 0.2722947752320921 0.6634642808080085 0.2869605522651177 0.6696036958062563
0 0.2931109837123326 0.6388605800243693 0.28663085343001726 0.6697855569293132 0.31201734171285256 0.6781754955482289 0.3184974719951679 0.6472505808605695
0 0.3435867854527065 0.6823941385344993 0.31792165087415025 0.6716501467332442 0.3101813824145825 0.7008123213119585 0.3358465169931387 0.7115562508959289
0 0.31449961971927 0.700914606527937 0.31449961971927 0.6743105578252421 0.29576001848493305 0.6743105578252421 0.29576001848493305 0.700914606527937
0 0.295804060898818 0.6995595140680747 0.29910714285714285 0.6746700492959989 0.28470562030742697 0.6716556840715787 0.28140253834910206 0.6965451488436545
0 0.28231638128107245 0.6973333174057085 0.2871109603287338 0.6672266222285933 0.2556171417236328 0.6593162544398254 0.25082253790521003 0.689422887399656
0 0.2483932940990894 0.6860933294111558 0.2514886979932909 0.6569379365164691 0.2295540648621398 0.6532650013339386 0.22645866096793832 0.6824204564459098
0 0.20726390937706093 0.6844641698123726 0.2264171699424843 0.6874709445280645 0.22948819940740411 0.6566165220239233 0.2103349512273615 0.6536097473082314
0 0.2099699540571733 0.6530032532173802 0.1879233570842 0.6460813314299821 0.18154901033872134 0.6781025146733244 0.20359561969707538 0.6850243742434379
0 0.18495185653884688 0.6845428746774656 0.18495185653884688 0.6466832836590533 0.1670270028052392 0.6466832836590533 0.1670270028052392 0.6845428746774656
0 0.17196353070147627 0.67713951554138 0.14788000924246653 0.6267302004690686 0.130386513549012 0.6399118032659595 0.15447003500802176 0.6903211805555556
0 0.15075674923983487 0.6899109197805173 0.14735981086631875 0.6557821882366527 0.1192817192573052 0.6601899717682849 0.12267867001620206 0.6943187033121496
0 0.1580645821311257 0.6517994109765227 0.1469837659365171 0.6239674419438074 0.11634857623608082 0.6432042175355186 0.12742938004530868 0.6710361865682339
0 0.12775528895390498 0.6951845190454574 0.1246842471036044 0.6643300965413163 0.1041270788613852 0.6675572448792686 0.10719812071168577 0.6984116051661251
0 0.11790259472735516 0.698219229321961 0.1206350326538086 0.729103391688169 0.13717875542578759 0.7267949437754841 0.13444630511395342 0.6959107191919915
0 0.12800303372469815 0.7448024924741973 0.1594360401104023 0.7307041179878632 0.147620102027794 0.6891543575990698 0.11618708325670911 0.703252732085404
0 0.17924850017993482 0.7213792402323841 0.17924850017993482 0.6855661001409595 0.15236122577221362 0.6855661001409595 0.15236122577221362 0.7213792402323841
0 0.18051038469587052 0.7132557782436608 0.20921598161969865 0.7172613270299758 0.2117695746483741 0.6883987286768922 0.18306397772454597 0.6843931176732926
0 0.2108901630748402 0.7164075814498917 0.23020491661963524 0.7182734778168005 0.23206448245358158 0.6879135582911251 0.212749753679548 0.6860475997069317
0 0.2455892191304789 0.7212612140433868 0.2511985828350117 0.6860383915488022 0.23490326125900468 0.681945427477542 0.22929392232523335 0.7171683121894113
0 0.2742281827059659 0.7302177654736876 0.2821908678327288 0.6977176957903287 0.26318257814877993 0.6903725098153989 0.25521991779277853 0.7228726417160423
0 0.2943286895751953 0.6994212050442788 0.27979499024230164 0.6963792153454702 0.27539087270761464 0.7295651061576198 0.28992452249898537 0.732607158073713
0 0.3104257955179586 0.7377509720828554 0.3104257955179586 0.6998913810644432 0.2908714096267502 0.6998913810644432 0.2908714096267502 0.7377509720828554
0 0.33229005491578734 0.7511515797217444 0.3365185229809253 0.7051285832178581 0.31156170832646357 0.7015121413297974 0.3073332650320871 0.7475351378336837
0 0.11406722626128754 0.791982357169024 0.1352511319247159 0.791982357169024 0.1352511319247159 0.7469600634715852 0.11406722626128754 0.7469600634715852
0 0.1213186313579609 0.816232974862226 0.14136188061206373 0.8078424762877485 0.13573999528761033 0.786661534985028 0.11569675841888824 0.7950520335595056
0 0.13606590419620662 0.8431440036474261 0.13606590419620662 0.8134702163369648 0.12140011477780033 0.8134702163369648 0.12140011477780033 0.8431440036474261
0 0.14359050602107853 0.8707110514820655 0.1394687503963322 0.8500056368859901 0.12355685543704342 0.8550014981922146 0.12767861106178977 0.87570691278829
0 0.1588793420172357 0.890212686054568 0.1588793420172357 0.8748642418848751 0.13769543635380732 0.8748642418848751 0.13769543635380732 0.890212686054568
0 0.1596941142887264 0.9096541565128058 0.1596941142887264 0.8861197842005925 0.1433987927127194 0.8861197842005925 0.1433987927127194 0.9096541565128058
0 0.1580645821311257 0.9362582052155007 0.1580645821311257 0.9096541565128058 0.12873301567969384 0.9096541565128058 0.12873301567969384 0.9362582052155007
0 0.10842653992888215 0.9287019782110092 0.10231579124153435 0.9670732441784531 0.14712791938286324 0.9783287864941705 0.1532386556848303 0.9399575205267265
0 0.14462094492726513 0.7638434080538035 0.16091626650327212 0.7433787743493565 0.1470652369709758 0.7259838170353912 0.13076992778034954 0.7464484507398381
0 0.1596941142887264 0.7469600634715852 0.18006326006604478 0.7469600634715852 0.18006326006604478 0.7193327893053962 0.1596941142887264 0.7193327893053962
0 0.17959972480674843 0.7438769481476172 0.20060355941970626 0.7489013049702153 0.20546006537103034 0.716881054986143 0.18445621837269177 0.7118566981635448
0 0.20557922511905818 0.7462391517942469 0.22972136658507508 0.7479234981245222 0.2310651060822722 0.7175476509739742 0.20692296461625534 0.7158632424264144
0 0.24198546966949067 0.7541227039333269 0.24542003482967228 0.7196161268197312 0.2321832087132838 0.7175381939467061 0.22874864355310218 0.752044771060302
0 0.2463896119749391 0.7280993913656345 0.2426681023139458 0.7561415303859264 0.2538986701469917 0.7584922238348942 0.2576201550372235 0.7304500848146025
0 0.2864065046434279 0.7637001838645197 0.2898448101885907 0.7334739070662908 0.2744457443039139 0.7307111485410296 0.27100741398798955 0.7609374875565431
0 0.32519095284598215 0.7611855478704765 0.2951201154040052 0.7437556244425332 0.28484215674462254 0.7717223561138188 0.3149129941865995 0.7891522173244776
0 0.3300192944415204 0.7906889220382581 0.3344516258735161 0.7600738494281982 0.3141607061609045 0.7554405904569635 0.3097283747289088 0.7860557875015928
0 0.3276459830147879 0.81980325152507 0.3309050473299893 0.7952456537493628 0.3060656956263951 0.7900464663568744 0.3028066313111937 0.8146040641325816
0 0.30227814711533585 0.8052843504117291 0.30227814711533585 0.7786803017090341 0.28190900133801744 0.7786803017090341 0.28190900133801744 0.8052843504117291
0 0.27864993702281604 0.7991449976307659 0.28231638128107245 0.7669131466615698 0.2572215934852501 0.7624108550745413 0.25355514922699374 0.7946427060437372
0 0.25257742250120485 0.7889126185612576 0.25257742250120485 0.759238893468081 0.23709686081130782 0.759238893468081 0.23709686081130782 0.7889126185612576
0 0.2509479027289849 0.8083540890194955 0.2509479027289849 0.7735641743915648 0.2240606283212637 0.7735641743915648 0.2240606283212637 0.8083540890194955
0 0.1989477826403333 0.7626416189833397 0.2234891668542639 0.7680805917909022 0.22619596704260095 0.7488176849396343 0.20165455805790888 0.7433787743493565
0 0.21609985054313363 0.8109825204271789 0.22755887910917208 0.7630126828690431 0.19765920762891892 0.7517476835260576 0.18620016667749975 0.7997175833014781
0 0.15731733495538885 0.7966632123630224 0.19016004537607167 0.7944923268667177 0.18813889986508853 0.7462647230982415 0.15529617705902496 0.7484356085945464
0 0.141006308716613 0.7571037206931702 0.1466013425356382 0.8027765583189985 0.15988721475972759 0.8002095975885576 0.15429216855532163 0.7545366977454447
0 0.1780263479653891 0.8293303354556893 0.17560007665064428 0.7836243982344228 0.1594850119058188 0.7849736422695273 0.1619112832205636 0.8306795794907939
0 0.1596941142887264 0.8370045886491781 0.1596941142887264 0.8196096313352128 0.1417692605551187 0.8196096313352128 0.1417692605551187 0.8370045886491781
0 0.18087803233753552 0.8687248268866272 0.18087803233753552 0.831888399114424 0.1605088741748364 0.831888399114424 0.1605088741748364 0.8687248268866272
0 0.1813297767143745 0.8282615047225408 0.1795711765041599 0.8503471475614807 0.19425310407366073 0.8521909567923356 0.1960117042838753 0.8301053761706805
0 0.21607777979466822 0.8064968408551542 0.18381211664769556 0.8002627933669406 0.1804023470197405 0.828097126656473 0.21266801016671316 0.8343311741446865
0 0.2096590810007863 0.8258043574995222 0.2015995050405527 0.8865345868374108 0.22313576240044136 0.8910423535454893 0.23119532597529424 0.8303121242076007
0 0.2517626626150949 0.849283418645674 0.2517626626150949 0.8288187227239424 0.23546734103908787 0.8288187227239424 0.23546734103908787 0.849283418645674
0 0.25016190169693586 0.8342840134429154 0.28208152969162187 0.8431921598257518 0.2852639037293273 0.8252073204359391 0.25334425096387986 0.8162991740531027
0 0.27319098138189934 0.8012937337737321 0.25510319796475495 0.7937218280135067 0.24948132502568232 0.8149027693162271 0.2675691084428267 0.8224746750764526
0 0.28867781007444704 0.8057566418195719 0.28363255092075895 0.8374374965158321 0.30165139730874596 0.8419633684537462 0.3066966812331955 0.810282513757486
0 0.30293930350960074 0.8473124372849771 0.3299000479958274 0.8503905130088876 0.33223746658919695 0.818099928922974 0.30527674687373174 0.8150217909817788
0 0.3234620527787642 0.8861197842005925 0.3234620527787642 0.8543995459631435 0.30064860257235443 0.8543995459631435 0.30064860257235443 0.8861197842005925
0 0.30064860257235443 0.8840733332736047 0.30064860257235443 0.8564459968901312 0.2900566497406402 0.8564459968901312 0.2900566497406402 0.8840733332736047
0 0.2843533057671089 0.8820268201293323 0.2843533057671089 0.8503066441091679 0.26887274407721184 0.8503066441091679 0.26887274407721184 0.8820268201293323
0 0.26874740402419844 0.8791932583341298 0.2724075812798042 0.8424198566712857 0.2570648936482219 0.84001136336487 0.2534047163926162 0.8767847650277141
0 0.25186585760735847 0.8477999097102765 0.2328131291773412 0.844609594004842 0.22931210406414873 0.8775853770466998 0.248364832494166 0.8807756927521343
0 0.2713170485063033 0.9086309310493119 0.2713170485063033 0.8769106928118628 0.24850359829989346 0.8769106928118628 0.24850359829989346 0.9086309310493119
0 0.2956171407328024 0.882708099396343 0.2722478841806387 0.8796187623439092 0.26983258631322293 0.9084346977334989 0.29320186763614803 0.911523972568648
0 0.31934418616356786 0.8884981021239488 0.30045041170987213 0.8845434470764845 0.2972574110154982 0.9086032443576388 0.3161511854691939 0.9125578994051032
0 0.24605929387080205 0.9127238329032875 0.24605929387080205 0.8789571437388507 0.2045062424300553 0.8789571437388507 0.2045062424300553 0.9127238329032875
0 0.1997070684061422 0.8871555153383027 0.16393686269784902 0.8821641336765736 0.1620688500342431 0.9032776936600089 0.19783906812791702 0.9082690753217381
0 0.17780699048723494 0.8859623122531218 0.20083978578641817 0.8917475864670935 0.20644913710557022 0.8565247017552242 0.18341634180638697 0.8507395519758219
0 0.3173811280882204 0.9159682154290902 0.2873341448895343 0.9117754548332377 0.28562511097301135 0.9310921174184505 0.31567209417169745 0.935284878014303
0 0.28516806565321884 0.9331884666077345 0.28516806565321884 0.9117006074397935 0.26887274407721184 0.9117006074397935 0.26887274407721184 0.9331884666077345
0 0.26887274407721184 0.9403511070694763 0.26887274407721184 0.9106773819762997 0.24768883841378347 0.9106773819762997 0.24768883841378347 0.9403511070694763
0 0.28518082259537336 0.9128911351817341 0.28290580155013445 0.9743187580633601 0.31519919556456727 0.9762051239169215 0.31747421660980624 0.9147775010352956
0 0.2835385211102374 0.9577460643834417 0.2835385211102374 0.9311420156807467 0.26968750396332186 0.9311420156807467 0.26968750396332186 0.9577460643834417
0 0.21835725957697089 0.9996986194731141 0.2664284396481204 0.9996986194731141 0.2664284396481204 0.9454672966042303 0.21835725957697089 0.9454672966042303
0 0.19877028774905514 0.9406376798826134 0.23675465274166752 0.9474523390712601 0.2401440855744597 0.9176557970581677 0.20215970819646661 0.9108411378695209
0 0.1666431303148146 0.9450123016015227 0.2070636625413771 0.9368903328276312 0.20291483247434938 0.9043256193855123 0.1624943126331676 0.9124476503766883
0 0.189840453011649 0.9792339857686672 0.206135774587656 0.9792339857686672 0.206135774587656 0.9567228389199478 0.189840453011649 0.9567228389199478
0 0.19717334152816177 0.9454672966042303 0.19493584818654247 0.9848072234765227 0.21960216373592228 0.987019918988118 0.2218396570775416 0.947679929898541
0 0.2680579841911019 0.9996986194731141 0.2680579841911019 0.9454672966042303 0.21917201946308087 0.9454672966042303 0.21917201946308087 0.9996986194731141
0 0.18006326006604478 0.9884430771573968 0.18006326006604478 0.9464905220677242 0.1637679384900378 0.9464905220677242 0.1637679384900378 0.9884430771573968
0 0.14184497238753677 0.9552966943210054 0.14022266090690316 0.9858578245452663 0.16288107091730292 0.987754891771789 0.16450339478331727 0.957193761547528
0 0.25420696704418627 0.4706871662664851 0.25420696704418627 0.4471528250629141 0.22894921240868507 0.4471528250629141 0.22894921240868507 0.4706871662664851
0 0.2656763745592786 0.4999673981428389 0.2723198432426948 0.45825092653980315 0.25242072266417664 0.4532528876286156 0.24577725398076045 0.4949692970143667
0 0.2923129193194501 0.5056345217332442 0.29666878341080305 0.47828271459488086 0.28256706138709925 0.47474077790519875 0.2782112220665077 0.502092585043562
0 0.2984439552604378 0.46743693531592445 0.29072764012720675 0.5061993613520165 0.30817321678260706 0.5116766911155708 0.3158895071450766 0.4729142028621942
0 0.33614398906757303 0.518523796618167 0.3412149850424234 0.48190522266819574 0.3154265168425325 0.476272722996703 0.3103555456384436 0.5128913280553167
0 0.33839461091276885 0.4799868460216775 0.3359214733173321 0.5265756776208906 0.3611756114216594 0.5286900076054408 0.3636487490170962 0.48210120711487003
0 0.22619155784706016 0.4695852670465405 0.2608191007143491 0.47828271459488086 0.26852803416066356 0.42987589393794595 0.2339004912933746 0.4211784152809633
0 0.2705022638494318 0.46352455691338557 0.3063519713166472 0.46352455691338557 0.3063519713166472 0.4328275441394304 0.2705022638494318 0.4328275441394304
0 0.2737551107035055 0.4303861378894304 0.2890633669766513 0.32327516266086903 0.24591294821206625 0.31354857900699223 0.23060469193892044 0.4206595542355536
0 0.30423357579615207 0.4361019153964386 0.3079000200544085 0.4038700644272426 0.27470645656833403 0.3979148437002262 0.2710400123100776 0.4301466946694221
0 0.31239083525422334 0.40658466677417815 0.3057289123535156 0.4400503798240794 0.3296926176393187 0.44757412940597924 0.3363545157692649 0.414108416356078
0 0.33095790813495585 0.4733475462498407 0.33400513289810774 0.4465593343845566 0.3093666225284725 0.44213895185278096 0.30631937299455914 0.4689272570439921
0 0.3332392457243684 0.4430598921002962 0.364200344333401 0.4430598921002962 0.364200344333401 0.4154325868254651 0.3332392457243684 0.4154325868254651
0 0.330667545269062 0.47286268695049694 0.36688712974647425 0.47773626018372517 0.36927287609546217 0.44977217274703746 0.3330532916180499 0.4448986306224516
0 0.2759800204983005 0.37574691850232544 0.2704897298441305 0.4309069898879492 0.3054870754093319 0.43640099388379205 0.310977316521979 0.38124086028088366
0 0.31588274472719663 0.37867607715540585 0.3106483608097225 0.40935308707234325 0.34114049936269786 0.41755895585459674 0.3463748585094105 0.38688188372037463
0 0.3162169022993608 0.3480409394710436 0.2860329615605342 0.343302533288736 0.2828741692877435 0.3750385124992036 0.3130581347973316 0.37977688757286887
0 0.30889696889109425 0.4416264680790488 0.3655137891893263 0.44790027241215913 0.36987153585855065 0.3858756124669502 0.3132547651018415 0.3796019014597668
0 0.2727596728832691 0.3550438059457824 0.2750505967573686 0.31764157418689476 0.260159529648818 0.31620311056559 0.25786860577471843 0.35360524899855056
0 0.30064860257235443 0.34380627553397364 0.30064860257235443 0.31822545229477256 0.28516806565321884 0.31822545229477256 0.28516806565321884 0.34380627553397364
0 0.31924599486512023 0.29212408814347607 0.2866553764838677 0.29007763721648827 0.28565976526830106 0.3150843193528606 0.31825038364955355 0.3171307702798484
0 0.24931835818600345 0.2803658301677179 0.24931835818600345 0.23329711665193362 0.24442977409858208 0.23329711665193362 0.24442977409858208 0.2803658301677179
0 0.3177586840344714 0.30696990997905516 0.3177586840344714 0.2895749526650898 0.31287009994705 0.2895749526650898 0.31287009994705 0.30696990997905516
0 0.28883990993747466 0.3183650989901886 0.28985526344992896 0.2482317381070416 0.26238451375589744 0.2476044634431145 0.2613691602434431 0.31773782432626146
0 0.25626266776741324 0.3761247018547719 0.31438431182465 0.38017983781695974 0.3171143965287642 0.3184647088629269 0.2589927524715275 0.31440957290073906
0 0.24361498944171064 0.279342604704224 0.24361498944171064 0.22613449174451294 0.22324584366439224 0.22613449174451294 0.22324584366439224 0.279342604704224
0 0.25909555113160765 0.22511126628101905 0.25909555113160765 0.17292637878480185 0.23709686081130782 0.17292637878480185 0.23709686081130782 0.22511126628101905
0 0.2022566114153181 0.1315714362685955 0.2041853867567979 0.16790527281532716 0.22408584495643516 0.1662391405951357 0.22215709438571682 0.12990531182556464
0 0.2273196926364651 0.13097382369512933 0.2273196926364651 0.10539300045592827 0.2012471781148539 0.10539300045592827 0.2012471781148539 0.13097382369512933
0 0.2208015640060623 0.10539300045592827 0.2208015640060623 0.07162631129149147 0.2012471781148539 0.07162631129149147 0.2012471781148539 0.10539300045592827
0 0.24280022955560066 0.1043697672152738 0.24280022955560066 0.070603078050837 0.2208015640060623 0.070603078050837 0.2208015640060623 0.1043697672152738
0 0.23868330422934 0.13268003940096204 0.24523425411868405 0.10662757025824653 0.2306116029813692 0.10082842158979596 0.2240606283212637 0.12688089073251146
0 0.23546734103908787 0.16985667128567788 0.2533921823873148 0.16985667128567788 0.2533921823873148 0.12995059045447488 0.23546734103908787 0.12995059045447488
0 0.27946469690892606 0.10948593341854612 0.27946469690892606 0.07162631129149147 0.24605929387080205 0.07162631129149147 0.24605929387080205 0.10948593341854612
0 0.27539087270761464 0.12995059045447488 0.27539087270761464 0.10743946693723719 0.24687405375691204 0.10743946693723719 0.24687405375691204 0.12995059045447488
0 0.2745761128215047 0.17087991230349292 0.2745761128215047 0.12995059045447488 0.2533921823873148 0.12995059045447488 0.2533921823873148 0.17087991230349292
0 0.30064860257235443 0.1319970491586232 0.30064860257235443 0.11255563314050952 0.2778351771367061 0.11255563314050952 0.2778351771367061 0.1319970491586232
0 0.30000748572411473 0.1142498564647243 0.277087199223506 0.11163306746643253 0.27370789763215303 0.1583159560457282 0.29662820890352326 0.1609327372668594
0 0.29820432291402443 0.10846270017789165 0.29820432291402443 0.06855661156952807 0.27946469690892606 0.06855661156952807 0.27946469690892606 0.10846270017789165
0 0.31368485983316 0.10743946693723719 0.31368485983316 0.0675333783288736 0.29738953825715303 0.0675333783288736 0.29738953825715303 0.10743946693723719
0 0.35034932718648537 0.11050916665920059 0.35034932718648537 0.0675333783288736 0.31368485983316 0.0675333783288736 0.31368485983316 0.11050916665920059
0 0.3772366015942066 0.11357886638116399 0.3772366015942066 0.06957984481018253 0.3446459584421926 0.06957984481018253 0.3446459584421926 0.11357886638116399
0 0.3934566943676441 0.12197581999892489 0.3997555274467964 0.08716978331710706 0.3761609312775847 0.08043532998554569 0.3698620981984324 0.1152413666673635
0 0.3908563093705611 0.1712101616504603 0.3984159989790483 0.11582898558948139 0.3730878210687018 0.11037607611015546 0.36552815623097606 0.16575725217113438
0 0.36997842169427253 0.1555983050518444 0.37101416154341266 0.11397419500788418 0.3422453744070871 0.11284509905738326 0.34120963455794695 0.15446927909578873
0 0.3364983100395698 0.15348495498952758 0.3364983100395698 0.11357886638116399 0.32509159732174564 0.11357886638116399 0.32509159732174564 0.15348495498952758
0 0.32179339520342937 0.18813190985163417 0.3257213443904728 0.1511346503985888 0.3101909686992695 0.14853409233443235 0.3062630442829875 0.18553136734179887
0 0.3163793489530489 0.15722121181351936 0.32335724768700536 0.1900835727454447 0.34430112467183693 0.18306952271378854 0.3373232259378805 0.15020722399914788
0 0.26820462709897525 0.06984589369654291 0.24425050809785917 0.07414348263988436 0.24495122339818384 0.08030330490750032 0.2689053423992999 0.07600577818144352
0 0.2758577520197088 0.11305001168440607 0.2736130256157417 0.1426502037242769 0.28134140410980624 0.14357456592244838 0.2835861552845348 0.11397438165973815
0 0.3861990346537008 0.17394960424829575 0.3861990346537008 0.15757788795214545 0.3756070818219866 0.15757788795214545 0.3756070818219866 0.17394960424829575
0 0.29820432291402443 0.06957984481018253 0.29820432291402443 0.1903213360987672 0.3927171632841036 0.1903213360987672 0.3927171632841036 0.06957984481018253
0 0.3894580989689022 0.2118092263753504 0.3894580989689022 0.1759960707296047 0.36501510421951094 0.1759960707296047 0.36501510421951094 0.2118092263753504
0 0.3668363496854708 0.22926439446654404 0.3613726380583528 0.25671106740969035 0.3784347880970348 0.26206806894471524 0.38389852449491424 0.23462131822996304
0 0.3690889531915838 0.22511126628101905 0.3690889531915838 0.19134457711658226 0.3511640870725954 0.19134457711658226 0.3511640870725954 0.22511126628101905
0 0.3495345673003754 0.2363668241510576 0.3495345673003754 0.18929811063527333 0.3259063572078556 0.18929811063527333 0.3259063572078556 0.2363668241510576
0 0.328147739559025 0.22994937566199192 0.32959739883224687 0.18807602317568967 0.30399837741604097 0.18667824965855154 0.30254869337205764 0.22855161769917495
0 0.29494525859882303 0.224088025263204 0.29494525859882303 0.18315871119134652 0.2835385211102374 0.18315871119134652 0.2835385211102374 0.224088025263204
0 0.2843533057671089 0.22715773276232798 0.2843533057671089 0.1841819366548404 0.2599103110177176 0.1841819366548404 0.2599103110177176 0.22715773276232798
0 0.3030929070014458 0.25478502248283796 0.3030929070014458 0.224088025263204 0.28598282553932886 0.224088025263204 0.28598282553932886 0.25478502248283796
0 0.3267013004847935 0.2314082932156282 0.2872468279553698 0.22358471853895898 0.28358697271966316 0.252694335066458 0.32304147001984834 0.2605179097431272
0 0.3195155007498605 0.3174277955968081 0.3208280290876116 0.2564379024213972 0.28702894433752285 0.2552906312466154 0.28571639122901027 0.3162805399763475
0 0.3495345673003754 0.28752847062945974 0.3495345673003754 0.26297087285375254 0.32183253300654424 0.26297087285375254 0.32183253300654424 0.28752847062945974
0 0.3331457608705991 0.289843295813822 0.329759795944412 0.33661849928922977 0.35370856446105164 0.3393527000808327 0.35709452938723873 0.2925775588227096
0 0.3581004204688134 0.29192928582521027 0.37951506577528915 0.2937222013172146 0.3807516221876268 0.27042780107192915 0.3593370016519125 0.2686348855799248
0 0.3772366015942066 0.36631742238269305 0.3772366015942066 0.33255073321825623 0.35197887172946685 0.33255073321825623 0.35197887172946685 0.36631742238269305
0 0.35629255121404474 0.31605434903797147 0.3759213980142172 0.31781512930244965 0.37729035414658585 0.2937458127767425 0.35766153211717483 0.29198500140362194
0 0.3376693973293552 0.9399537874896471 0.3336412999537084 0.9993933192572948 0.3680456830309583 1.0030704852151822 0.37207373086508216 0.9436309534475344
0 0.42045147388012377 0.9563176177449668 0.3824559496594714 0.951545925315367 0.38019720300451504 0.9799127763442915 0.4181927272251674 0.9846844687738915
0 0.3821252104523894 0.9434208456772426 0.3821252104523894 0.9198864733650293 0.3593117602459796 0.9198864733650293 0.3593117602459796 0.9434208456772426
0 0.37292440835531654 0.9205969325385448 0.37648233190759434 0.8870848987202153 0.3594042542692903 0.8842252056654561 0.3558463307170125 0.9177371772665011
0 0.34831896695223724 0.8775216665472095 0.3447934683267172 0.9158935546875 0.3591119097424792 0.9179684389135767 0.3626374331387607 0.8795964885560015
0 0.37201259662578634 0.9194442951229612 0.42888443191330156 0.9276854099969738 0.4318532572164164 0.8953722410367291 0.37498142192890116 0.887131063945432
0 0.3515824900045023 0.8839903976331549 0.3721938690581879 0.8883045441513762 0.3767962022261186 0.8536251896382836 0.35618482317243305 0.8493110431200624
0 0.3873594209745333 0.8882914163043132 0.3886568391477907 0.8426695346346202 0.3756952905035638 0.8420881763267711 0.37439789710106786 0.8877099957791794
0 0.38976612338772065 0.8631968211447184 0.38717277328689376 0.8925087527276058 0.40809834467900263 0.8954286721139144 0.41069169477982953 0.8661168027483117
0 0.3526977687687069 0.8487416927481524 0.3655423251065341 0.8527743682705785 0.37023920827097706 0.8291798318441004 0.35739465193314984 0.8251470941043897
0 0.3942888185575411 0.8339046124410678 0.3749658658907011 0.8237933704247897 0.3659986025327212 0.8508212432705785 0.3853215799703226 0.8609325475041412
0 0.3869036389635755 0.864598887654498 0.4200222956669795 0.8745019506363086 0.4277240703632305 0.83387779679138 0.3946054632013494 0.8239748582441386
0 0.39235865605341924 0.8063894538218336 0.3555149474701324 0.799779365065144 0.35264698870770345 0.8249918619791666 0.3894906972909903 0.8316018885185716
0 0.440951310194932 0.8058983105767393 0.4142269778561282 0.7891173134277841 0.4008648116867264 0.8226793077256944 0.42758911925476867 0.8394603670919343
0 0.3523278422169871 0.8008170249386787 0.39254948999974637 0.8094412116343336 0.3971121899493329 0.7758791551191386 0.3568905421665737 0.7672550306407684
0 0.38764492877118 0.733078142918578 0.36139948956378093 0.7267999211582569 0.3553235190255301 0.7668605730560334 0.3815689582329292 0.7731387325990698
0 0.39415731058492287 0.7764347554711392 0.4036174130130124 0.7011911623582442 0.36453948082861964 0.6934421862058805 0.3550793784005301 0.7686857793187755
0 0.4044978649585278 0.735654187372579 0.40198011522169236 0.7704357648843655 0.41924380017565444 0.7724066840277778 0.4217615499124899 0.7376252309505607
0 0.4406889878310166 0.7726406832353785 0.4151132757013494 0.7690718997873662 0.413424132706283 0.7881639579749617 0.43899982006518873 0.7917328036402587
0 0.4155306134905134 0.7346812956923738 0.4155306134905134 0.707054021526185 0.3992352919145064 0.707054021526185 0.3992352919145064 0.7346812956923738
0 0.4499137184836648 0.6931380681184697 0.43475906570236406 0.6867940204709798 0.4257966078721084 0.7205607096354166 0.440951310194932 0.7269047572829065
0 0.3722226774537718 0.6444006559195018 0.3675847487016158 0.6735234469570273 0.38341004507882254 0.6774982604047209 0.38804792428945567 0.6483754693671955
0 0.3986590001490209 0.6511505469148191 0.3954098441384055 0.6878746102709289 0.41114874009962205 0.6900708804193744 0.414397871339476 0.6533467548459798
0 0.41526734983766234 0.9256008198744903 0.3837797982352121 0.9206578432602255 0.38080904081270295 0.9505047812738915 0.4122965924151532 0.9554477578881562
0 0.44649168732878447 0.5985913135711328 0.44649168732878447 0.5453832161657428 0.37479229716511514 0.5453832161657428 0.37479229716511514 0.5985913135711328
0 0.40330911611581777 0.6507761855130288 0.40330911611581777 0.6211024604198522 0.3723480175067852 0.6211024604198522 0.3723480175067852 0.6507761855130288
0 0.42077592131379365 0.6318834715054791 0.42895522674956876 0.5928495292391374 0.4108678644353693 0.5868718169637168 0.4026885342288327 0.6259058214473433
0 0.4481691632952009 0.6280243199899656 0.4541600710385806 0.5979291972277969 0.43192177314262886 0.5909471735434187 0.4259308653992492 0.6210422340883027
0 0.44965298144848315 0.6219619299901249 0.4466383797781808 0.6484636934768412 0.4658016848873782 0.6519016961925013 0.4688162865576806 0.6253999949230695
0 0.4573374166117086 0.662467933211487 0.4348178219485593 0.6388999635655581 0.42085994373668323 0.6599349431184697 0.4433795383998326 0.6835029127643986
0 0.43182591029575895 0.6876125510679473 0.43182591029575895 0.6528226364400166 0.41145676451844054 0.6528226364400166 0.41145676451844054 0.6876125510679473
0 0.3830940940163352 0.49101355316442086 0.3763998205011541 0.541456185592667 0.4102236017004236 0.5485358281966743 0.41691792475712763 0.4980932268770706
0 0.45425112835772624 0.5669054192748152 0.46235503159560165 0.5092335427816004 0.44315883091517855 0.5049792181825784 0.43505487813578025 0.5626511257844355
0 0.42468856217025164 0.498641921110474 0.4275402217716366 0.47357271060301986 0.38750267028808594 0.46638960065462537 0.38465098591593955 0.4914588111620795
0 0.3873867678951907 0.4637964153387009 0.430048756785207 0.46958856456262743 0.4335854270241477 0.4285033495297369 0.39092348767565444 0.4227112003058104
0 0.38726727374188313 0.42165331981476173 0.4313802347554789 0.4313482348707473 0.43540959543996044 0.40243216076149974 0.39129663442636464 0.3927371834882295
0 0.40053211558948865 0.28404819126887426 0.3873068078771814 0.39556698113771027 0.43055289132254465 0.403655912533448 0.4437781990348519 0.2921370915559697
0 0.4912079650086242 0.39544945268699033 0.4421302993576248 0.3800407510771056 0.43168214079621553 0.4325265991335372 0.4807598064472149 0.4479353007434219
0 0.4856409345354353 0.45971738793920425 0.49188911140739144 0.3459387418570018 0.4357965642755682 0.3410805051844419 0.42954843694513495 0.4548591823752867
0 0.459705451866249 0.5104109115678358 0.4621012799151532 0.48032176166499424 0.4345122498351258 0.4768569744082887 0.43211632270317574 0.5069460932024878
0 0.4417643856692624 0.29092292124585883 0.44683654586990157 0.2367788892273509 0.4061816574691178 0.23077219925160072 0.40110952203924005 0.2849162468244298
0 0.510075061352222 0.29049698171508664 0.40536082874644885 0.2734182437503982 0.3989227096755783 0.3356757518834416 0.5036369422813515 0.3527545209567724
0 0.44985629985858866 0.23899891082421476 0.4587085278003247 0.15323789015214864 0.4119066015466467 0.14561865259261914 0.4030543736049107 0.2313797510362911
0 0.47331936328442065 0.2002042406803485 0.4787047249930246 0.13933436464704382 0.4586734524020901 0.13653922202511787 0.4532880906934862 0.19740908250410136
0 0.4668976919991629 0.2414494474607384 0.47215493932946934 0.2001849377677832 0.453755960836039 0.1964879089417686 0.44849871350573256 0.23775240308040266
0 0.5070547624067827 0.24607636026893795 0.5017321202662084 0.19594243445284626 0.47531449949586546 0.20036599006613945 0.48063719117796266 0.2504999780995158
0 0.46244807057566456 0.09852508327161379 0.4212926393979556 0.08912769127086519 0.4164040305397727 0.12289438043530199 0.45755946171748174 0.1322917724360506
0 0.4956916709998985 0.1928866636254858 0.50113058709479 0.14279602548519527 0.48604172545594054 0.1402119550014733 0.4806028093610491 0.19030267091336964
0 0.40181744563115107 0.23191184880901186 0.4724137937867796 0.24299422486720343 0.49165482954545453 0.04968188224582497 0.42105845661906455 0.0385995022990531
0 0.5142131656795353 0.17039839718319955 0.5186224603033686 0.1482483750089593 0.5017520359584263 0.14295166202276854 0.4973426422515473 0.1651016841970088
0 0.5380588878284801 0.09114642439753759 0.4871359986144227 0.07835601277793705 0.47742150046608667 0.13935648289173994 0.5283443401386212 0.15214689451134047
0 0.4867530426421723 0.021762437655169907 0.4831362637606534 0.06264179319173675 0.5111264810933696 0.06654755323062006 0.5147432599748883 0.02566819769405322
0 0.5404566479967786 0.07269419321104899 0.5443276739739752 0.03623315342583301 0.5151348361721286 0.031344879414814085 0.5112638101949321 0.06780592114432021
0 0.5084890885786577 0.06370805746189316 0.48442216352982953 0.05992995173680794 0.4818525438184862 0.08574691290276981 0.5059194688673143 0.08952501862785503
0 0.5050372829684964 0.29577823370603973 0.5548729834618507 0.004614041607435812 0.437517042283888 -0.027066398955023375 0.38768136656129515 0.2640978456394145
0 0.39953979888519686 0.2857703034909372 0.46706727263215303 0.3054202329614233 0.47165134974888395 0.2805743825058932 0.4041238760019278 0.2609244219267648
0 0.494562916941457 0.3039002024799312 0.494562916941457 0.2916214035920776 0.47745281070857853 0.2916214035920776 0.47745281070857853 0.3039002024799312
0 0.4373021806989397 0.3292954004503536 0.4389533501166802 0.360399843112895 0.4699937399331625 0.3578010582413513 0.46834257051542205 0.32669655336152525
0 0.4220487421209162 0.3745032883079288 0.43182591029575895 0.3745032883079288 0.43182591029575895 0.35710833099396344 0.4220487421209162 0.35710833099396344
0 0.40102926477209316 0.40964056203610794 0.4315269272048752 0.3981503050140163 0.4268177082012226 0.37843663393539756 0.396320070539202 0.3899268287402045
0 0.47749472283697747 0.339665653022665 0.4743145533970424 0.4208749504750414 0.4980856164709314 0.42234309174112833 0.5012658354523895 0.3411337942887519
0 0.42781071848683544 0.44547407828825814 0.4722830041662439 0.47927862667040966 0.4866629761534852 0.44944148787907745 0.44219074001559966 0.415636939496926
0 0.45973651440112623 0.09781286645980664 0.4665153800667106 0.050989716789408925 0.4267222416865361 0.04190346565207696 0.4199433760209517 0.08872655310519002
0 0.656541700487013 0.04006921455157763 0.5928452727082488 0.03186467760807391 0.5874615458699016 0.0977863230107392 0.6511580231901887 0.1059907996812484
0 0.6689227711070668 0.0460454841637101 0.6689227711070668 0.0 0.592334796855976 0.0 0.592334796855976 0.0460454841637101
0 0.6952103453797179 0.08973867278337236 0.6577103850129363 0.08597112066519734 0.6547025705312753 0.1331878568783448 0.6922025308980571 0.1369554089965198
0 0.665295984837916 0.04115627494913115 0.6634445190429688 0.07835895254463716 0.6898213671399401 0.08042927157745206 0.6916728329348873 0.04322659787052633
0 0.7772866781655844 0.03888285536770913 0.7772866781655844 0.0 0.729215448552912 0.0 0.729215448552912 0.03888285536770913
0 0.7173719529981737 0.03867188822117299 0.715841565813337 0.08095569202294772 0.7425625293285816 0.08248104985943872 0.7440929165134182 0.040197242169083686
0 0.775306156703404 0.0403626196002863 0.744721103024173 0.03556128063454662 0.7404843119831829 0.07812774533768556 0.7710693161208908 0.08292908430342523
0 0.7961762168190696 0.04654479731599612 0.7730172888025061 0.04125676364101523 0.7671118897277039 0.08204693653289452 0.7902707186612216 0.08733497020787541
0 0.7438812751274604 0.1442758480464768 0.7438812751274604 0.10027683425265593 0.7088463027755936 0.10027683425265593 0.7088463027755936 0.1442758480464768
0 0.8074329921177456 0.042975784441746705 0.8074329921177456 0.0 0.7781014380516944 0.0 0.7781014380516944 0.042975784441746705
0 0.8448293116185572 0.049653966127914756 0.7941587869223062 0.04541164557625151 0.792093004499163 0.08432616565327153 0.842763529195414 0.08856848231635449
0 0.8188397296063312 0.04092932184901806 0.8481712836723823 0.04092932184901806 0.8481712836723823 0.0 0.8188397296063312 0.0
0 0.8689080770913656 0.09714474614850122 0.8726142784217735 0.055254583329600294 0.8461443418032163 0.05156097645424192 0.8424380413897625 0.09345113927314284
0 0.894612894429789 0.10027683425265593 0.894612894429789 0.05934751240363787 0.8701699987634436 0.05934751240363787 0.8701699987634436 0.10027683425265593
0 0.9239013473708908 0.11121338854992913 0.9275007371778612 0.05244974647700847 0.8962232911741579 0.04942819904479047 0.8926240004502334 0.10819183722913082
0 0.9630533193613028 0.10641623369658273 0.9630533193613028 0.055254583329600294 0.922315027806666 0.055254583329600294 0.922315027806666 0.10641623369658273
0 0.9689532193270597 0.05843013798424957 0.9721955138367492 0.009569014491898812 0.9293781627308239 0.005087936082503603 0.9261359673041802 0.053949058602709286
0 0.922315027806666 0.0337666891644368 0.922315027806666 0.0 0.8889095752270191 0.0 0.8889095752270191 0.0337666891644368
0 0.8897243351131291 0.0491151838856735 0.8897243351131291 0.0 0.8522450831029322 0.0 0.8522450831029322 0.0491151838856735
0 0.9002938208641944 0.17326512079112513 0.9585523729200487 0.1793621813728418 0.962244108125761 0.12372650550896726 0.9039855560699066 0.11762945270441115
0 0.9129487074814834 0.1754165789402953 0.9102341292740462 0.2265555472184394 0.9572814346907975 0.23049453906449097 0.9599961119812804 0.17935555523202568
0 0.9107194380326704 0.2221289274038768 0.9149026251458502 0.17484806850172815 0.888790378322849 0.1712043598886659 0.8846071912096692 0.21848521879081453
0 0.8609965931285511 0.17049558058183614 0.8582958865475345 0.2179797966788911 0.886031014578683 0.2204677414578157 0.8887317211596997 0.1729835253607607
0 0.8835855459238028 0.16994486428668132 0.8860411210493608 0.11752009804946324 0.8663631290584416 0.11606637563909594 0.8639075539328835 0.1684912040935987
0 0.8660961002498478 0.16678697934087505 0.8660961002498478 0.10948593341854612 0.8408383456143466 0.10948593341854612 0.8408383456143466 0.16678697934087505
0 0.8371096524325284 0.16319967069635577 0.8339991383738332 0.21398210282476426 0.8582360403878349 0.21632347923535455 0.8613464553634842 0.16554103155262487
0 0.8338707267463982 0.2144907757898111 0.8410598953048904 0.1585139314455116 0.8160326573755834 0.15344448264585722 0.808843587900137 0.20942132699015673
0 0.8165104358227222 0.10556156263438933 0.8133136699726056 0.1577524385442549 0.8379244123186383 0.16012996319723177 0.8411211286272321 0.10793902507008155
0 0.8131363608620383 0.21078600091185654 0.8131363608620383 0.15348495498952758 0.7903228858848671 0.15348495498952758 0.7903228858848671 0.21078600091185654
0 0.7918055645831219 0.16677018067401728 0.764183589390346 0.1636166042751736 0.760730842491249 0.21131441231046127 0.788352768142502 0.21446798870930492
0 0.7638240170169186 0.20930342523572884 0.767926600072291 0.1612153437280995 0.7405964739910968 0.15753791334675235 0.7364938909357245 0.20562599485438168
0 0.6998050243823559 0.1531890495836917 0.6981879395323914 0.21005211693066705 0.733032920143821 0.2116149995669677 0.7346500049937855 0.15475193221999237
0 0.7913252099767908 0.1627061009771598 0.7936941369787439 0.10469183498930858 0.7433112008231026 0.10144701694251322 0.7409421747381036 0.15946128293036443
0 0.833775012524097 0.13726279349137518 0.8443481643478592 0.1201905339014518 0.8314873831612724 0.10762838194494219 0.8209142313375102 0.1247005870947415
0 0.7595851452319653 0.1004430243971394 0.7533027847091873 0.2109002940637742 0.8335551472453328 0.21809926941975663 0.8398375077681108 0.10764206197040647
0 0.9997177124023438 0.2885516960929536 0.9997177124023438 0.2486456230389112 0.9703861583362926 0.2486456230389112 0.9703861583362926 0.2885516960929536
0 0.9402398443841314 0.2977607874816832 0.9402398443841314 0.24557591553978722 0.9166116095208502 0.24557591553978722 0.9166116095208502 0.2977607874816832
0 0.9489169430423092 0.3546557256327249 0.9519636476194704 0.293436903958413 0.9040793877143365 0.28967848222676157 0.9010327822202212 0.35089721057514656
0 0.9997177124023438 0.35710833099396344 0.9997177124023438 0.3028769770164373 0.9801633760526582 0.3028769770164373 0.9801633760526582 0.35710833099396344
0 0.9997177124023438 0.3581315564574573 0.9997177124023438 0.3008304949808072 0.9646828391335227 0.3008304949808072 0.9646828391335227 0.3581315564574573
0 0.9826076557109882 0.337666891644368 0.9826076557109882 0.2957143365546955 0.9654975990196327 0.2957143365546955 0.9654975990196327 0.337666891644368
0 0.8507267345081676 0.28659437142623917 0.8496104649135044 0.3370633528745381 0.8797787753018466 0.33811578935317915 0.8808951439795556 0.28764680790488023
0 0.8719124732079444 0.2850869399448904 0.901276328346946 0.28877458951524276 0.9052048720322646 0.23943651609586042 0.8758411159763089 0.23574885097118692
0 0.8731278258484679 0.2894873196196483 0.8757307374632204 0.23718701906038958 0.849353839824726 0.23511663003312946 0.8467510272930194 0.28741700836399403
0 0.8814983615627536 0.28636478964584927 0.8179430280412946 0.28822094900770895 0.8189471851695668 0.34244673453825814 0.8825024691495028 0.34059057517639846
0 0.8208293667087307 0.28712147626186607 0.845546970119724 0.2887552399397139 0.8478224122679079 0.23445888445404084 0.8231048583984375 0.2328251052218718
0 0.8205697691285765 0.2846072757888156 0.8239364128608209 0.23246099411772905 0.8061067655489043 0.23064549375139368 0.802740072275137 0.28279177542248024
0 0.8229296795733563 0.2883491166141055 0.7886450135862673 0.2840434005379555 0.7848857532848011 0.33125393835411887 0.8191704688134132 0.33555965443026886
0 0.7672117654379312 0.27921919672010387 0.76272439337396 0.3313479486712379 0.7834894254610136 0.33416720049096904 0.7879768966080306 0.282038448539835
0 0.7732889249727324 0.23483797436946516 0.7710031286462561 0.2807679715871082 0.8026046257514459 0.2832484191832314 0.804890422077922 0.2373183597483037
0 0.7675094604492188 0.3079931354425491 0.7675094604492188 0.27831937924073014 0.7438812751274604 0.27831937924073014 0.7438812751274604 0.3079931354425491
0 0.7688508467240767 0.28259949290424313 0.7732326953442066 0.2330725433629587 0.7473887158678724 0.2294662428922974 0.7430068672477425 0.2789931924335818
0 0.7087106085442877 0.28244152321849514 0.7159020064713119 0.3351246000672942 0.7495297023228237 0.3278849034985028 0.7423383043957995 0.27520176443241906
0 0.7442870202002587 0.27323507606436354 0.7469215393066406 0.2202976860645228 0.7246534174138849 0.21854980033229007 0.7220188983075031 0.27148717477780965
0 0.6866520968350497 0.2759454787445846 0.680997625573889 0.3256541338657142 0.703240728997565 0.3296447193950688 0.7088952002587257 0.2799360953825816
0 0.6918048115519734 0.2750562070949605 0.7449679684329342 0.2776241321933136 0.7466950354638038 0.22123298295047306 0.6935318785828429 0.21866502674347763
0 0.5882484138786018 0.16998258351550555 0.6284602276690594 0.1762951647712793 0.6323460665616122 0.1372549230048659 0.5921342527711546 0.1309423417490921
0 0.6901067263120181 0.20362336045011467 0.6901067263120181 0.16985667128567788 0.6558865138462612 0.16985667128567788 0.6558865138462612 0.20362336045011467
0 0.6882634844098773 0.20145948995265514 0.6541034153529576 0.19755947723544215 0.6520664660961597 0.2256983796876991 0.6862265846946023 0.2295983924049121
0 0.682610846185065 0.22879487172786855 0.6567388757482752 0.22473348292857256 0.6532040880872058 0.260247482315359 0.6790760585239956 0.26430894888626083
0 0.648838439545074 0.2494198549292017 0.6511745700588474 0.20541178074330244 0.6271642709707285 0.20340154027598592 0.6248280909154322 0.2474096144618852
0 0.6349303505637429 0.24081299574732415 0.6391179964139864 0.19085119404924025 0.5943304284826502 0.18493044169792464 0.5901427330908837 0.23489224339600853
0 0.6762557091651025 0.32845780025563837 0.6762557091651025 0.2936678856277077 0.6338878482967228 0.2936678856277077 0.6338878482967228 0.32845780025563837
0 0.6417188272847758 0.21939635981599612 0.6304544225915686 0.32549532424662336 0.6747506872400061 0.3329126511631148 0.6860150919332133 0.22681367117816642
0 0.6640718138063109 0.3935669131964354 0.6705774084314123 0.3282059135786984 0.6323711841137378 0.3222082295549025 0.6258655894886364 0.38756916695535487
0 0.5670003519429789 0.29717093651447823 0.5554211108715503 0.36260970773803836 0.5983832223074776 0.3745995695559378 0.6099625129204291 0.30916082944102
0 0.6337625082437094 0.31389640473687563 0.6068125638094816 0.30712735081788356 0.6032087648069704 0.32975649274695784 0.6301587587827212 0.3365256088832346
0 0.5948011224920099 0.36922116527499044 0.5584669732428217 0.36161606659339957 0.551023953920835 0.41770028241669854 0.5873581527115462 0.42530538109828936
0 0.5809362337186739 0.4417829756586073 0.6190037913136668 0.4517428741299535 0.6307779287363028 0.3807669512236398 0.592710321599787 0.3708070527522936
0 0.6630075628107245 0.42036458208898764 0.6243388188349737 0.41342704376314027 0.6205256573565594 0.44694816130502996 0.6591945004153561 0.45388569963087727
0 0.6604091594745587 0.4580304284829734 0.6697422869793781 0.38937863224507835 0.6287868549297382 0.3805971602538067 0.6194537769664418 0.44924898760034404
0 0.586180203920835 0.28694602351912907 0.5728430809912743 0.2848523496730855 0.5715269608931108 0.29807563805069764 0.5848639847396256 0.30016931189674123
0 0.5899463009524655 0.26414830385727256 0.5885545309487875 0.3113417319201548 0.6313765884993913 0.31333355607121244 0.6327684080445921 0.26614012800833015
0 0.5792985395951704 0.24455269007629332 0.5792985395951704 0.26194764739025866 0.592334796855976 0.26194764739025866 0.592334796855976 0.24455269007629332
0 0.9945605389483563 0.4277936991809219 0.9997151362431513 0.3738480158659053 0.9704143970043628 0.3694323307391214 0.9652598987926136 0.423378014054138
0 0.9922759811599533 0.47878530582035234 0.9966713050743202 0.4272649144786092 0.9636163092278814 0.4228171874502262 0.9592208862304688 0.47433751657468465
0 0.8982099062436587 0.413660669667033 0.9400609994863535 0.4195005395482926 0.9450191151012074 0.3634598758242546 0.9031680218585125 0.3576199437257104
0 0.9424838772067776 0.4689747599408289 0.9458591411640118 0.42022820180101617 0.8992737609070617 0.415140818869059 0.8958984969498275 0.463887408117514
0 0.8986867929433847 0.46045484941426157 0.8986867929433847 0.4154325868254651 0.8693552388773336 0.4154325868254651 0.8693552388773336 0.46045484941426157
0 0.8987175086876015 0.4163206763466807 0.9023042158647017 0.36076757837386914 0.8724859658773844 0.3577312815566068 0.8688993577833299 0.4132843795294183
0 0.8618483109907671 0.40902877947606076 0.8696756734476461 0.3933008720872356 0.8630842729048296 0.3881272559987417 0.8552570095309964 0.4038551011702822
0 0.8554851977856128 0.3554440497379906 0.7893401306945008 0.3502522662023764 0.786432984587434 0.4086681058768954 0.8525780021370232 0.41385988941250956
0 0.8383940659560166 0.4594316239507677 0.8383940659560166 0.41338613589847734 0.8049887124594156 0.41338613589847734 0.8049887124594156 0.4594316239507677
0 0.7861362308650822 0.4063336822478657 0.7814482156332437 0.4534339088183295 0.8041112825467989 0.4569915553723879 0.8087992977786373 0.40989139101920874
0 0.7772866781655844 0.45124575802553196 0.7772866781655844 0.4082699774723656 0.761806091704926 0.4082699774723656 0.761806091704926 0.45124575802553196
0 0.7485136056875253 0.34288290881235667 0.7197342909775771 0.3540996275424471 0.7240449484292563 0.3715434254248694 0.7528242135976816 0.3603267066947789
0 0.7737678428748985 0.47314207366725597 0.7896954920384791 0.36741278878774847 0.6812706984482803 0.3416515976403224 0.6653430988262226 0.44738085141118755
0 0.7186235204919592 0.395991178584512 0.7186235204919592 0.34073659914349197 0.6860328773399452 0.34073659914349197 0.6860328773399452 0.395991178584512
0 0.7642310501693131 0.3455343606153638 0.7627253842044186 0.40037090212076326 0.7868306543919947 0.40141478372276373 0.7883363203568892 0.3465782733260066
0 0.7658799406769988 0.40622349543673547 0.7658799406769988 0.3796194467340405 0.7503994037578632 0.3796194467340405 0.7503994037578632 0.40622349543673547
0 0.7650651807908888 0.4052002699732416 0.7650651807908888 0.3519921414592094 0.7503994037578632 0.3519921414592094 0.7503994037578632 0.4052002699732416
0 0.6289345382095931 0.36912261309609135 0.5565241528795911 0.35937929299264143 0.5496874722567472 0.4395140357216807 0.6220979071282721 0.4492573558251306
0 0.620362764829165 0.4479713867685238 0.5465574883795404 0.43638525291077346 0.5407287795822342 0.4949456855548388 0.6145340560318587 0.5065318194125892
0 0.5632669523164824 0.5913222815526249 0.5746454015954748 0.498438688350137 0.5335021080908837 0.49048940364981525 0.5221236588118913 0.5833729657436608
0 0.5918459706492238 0.5891775273158767 0.6000938910942573 0.5063114457903287 0.572015787099863 0.5019036622586965 0.5637678666548296 0.5847698060015291
0 0.6391948353160511 0.592368962932435 0.6501171557934253 0.5100678143515864 0.601891802502917 0.4999737443058741 0.5909695315670658 0.5822748928867227
0 0.609532591584441 0.5076652316872133 0.6478391374860492 0.5136786877926701 0.6508976824871906 0.4829502241813201 0.6125910870440594 0.47693676807586327
0 0.6462950768408837 0.5172787665348656 0.6588121389413809 0.4575442315120094 0.6219555247913707 0.44536348706477763 0.6094385617739194 0.5050980531962761
0 0.7035055779791498 0.4610758712410805 0.6660970217221743 0.45384818260822823 0.6607280582576603 0.49767568667972734 0.6981366145146357 0.5049033753125797
0 0.7065793817693536 0.6039421867036188 0.713164589621804 0.5239975799964959 0.6679373902159852 0.5181218418506307 0.6613521823635349 0.5980664485577536
0 0.7257790503563819 0.5257672262240379 0.7284821349304992 0.48163579071698204 0.7028745676015878 0.4791619381530326 0.7001714830274706 0.5232934047687309
0 0.757086419439935 0.6058912053628313 0.7635250339260349 0.5331168918434633 0.7189911681336242 0.5269026294517711 0.7125525041060015 0.5996769429711392
0 0.7505596705845424 0.5278204588350535 0.7540791994565493 0.4792001395658129 0.728220407064859 0.47624786719148193 0.7247008781928521 0.5248681864607225
0 0.7169940007197393 0.47682658126473304 0.7169940007197393 0.46454778237687944 0.7072167830033735 0.46454778237687944 0.7072167830033735 0.47682658126473304
0 0.7800155738731483 0.4695883156934888 0.706762239530489 0.4591342253301 0.7009683088822798 0.5231663570734582 0.7742216432249391 0.5336204163282047
0 0.7792266746620079 0.6143078351968655 0.790908466685902 0.5346669732734455 0.765505010431463 0.5287901152164565 0.7538232679490919 0.6084309149225917
0 0.7871409329501066 0.5554877387152778 0.7813710794820414 0.6225142328260385 0.8072294260000253 0.6260249675474643 0.8129992794680905 0.5589984734367036
0 0.8463748089678875 0.630571495623885 0.8515506100344967 0.5590710810079002 0.812101190740412 0.5545671095541858 0.8069254392153257 0.6260675863874554
0 0.8238280655501725 0.5463755196387615 0.8278927988820262 0.4825658146880575 0.8019213490671926 0.47995648398676416 0.797856566193816 0.5437661267201835
0 0.7763315176034903 0.5270689362536634 0.8024591718401227 0.5288917782595884 0.8042942889325031 0.48740840371352573 0.7781666346958706 0.48558543727303133
0 0.8453133322975852 0.5300976736708397 0.8487603323800224 0.49546516877309504 0.8273007776830104 0.4920963516779753 0.8238536785175274 0.5267288565757199
0 0.8408383456143466 0.5494761180197184 0.8815767362520293 0.5494761180197184 0.8815767362520293 0.4993376970048101 0.8408383456143466 0.4993376970048101
0 0.8550644911728896 0.5562575531783576 0.8501713740361201 0.6146350358968845 0.9427153352019074 0.6268690072311417 0.947608452338677 0.5684914000780453
0 0.9101146351207386 0.5056008932908862 0.8678854409750406 0.49196354888387167 0.8561729332069298 0.5491658404211264 0.8984023255187196 0.5628032470454256
0 0.8992153019100041 0.5636907766110792 0.9507613739410004 0.5739120810039182 0.9579753132609578 0.5165335590078682 0.9064292412299615 0.5063122857236716
0 0.9984594568029627 0.5830878861453554 1.001725233994521 0.527720164572184 0.9752848241236303 0.5252605286577791 0.9720190469320719 0.5806281257963812
0 0.9535864297445719 0.5103694126389685 0.946856114771459 0.5729165422320973 0.971725761116325 0.5771371139541922 0.9784560760894379 0.514590046578348
0 0.9668664312981939 0.6090692020459034 0.970500202922078 0.5771239238898446 0.9495118376496551 0.5733583471704574 0.9458780660257711 0.6053036875438009
0 0.9678537938501928 0.5869762797846585 0.9599043610808137 0.6468768416316258 0.9854042746803977 0.652214213613341 0.9933538065328227 0.5923136517663736
0 0.9638680792474127 0.6528226364400166 0.9638680792474127 0.6180327218120859 0.9410546042702415 0.6180327218120859 0.9410546042702415 0.6528226364400166
0 0.8766066315886262 0.6351207612608308 0.899990329494724 0.6393159483307849 0.9023858602944906 0.6182578239479803 0.8790019642223011 0.6140625746607415
0 0.5171006933435217 0.6725303968765928 0.5042295579786424 0.7964575220199414 0.5668923018814681 0.806722254077472 0.5797634867878704 0.682795004499554
0 0.6195096598043071 0.7598407834798675 0.6337440787971794 0.6883348315255479 0.5840912856064834 0.6727456064642265 0.569856817072088 0.7442514962012615
0 0.61466375573889 0.7526569891413417 0.5879746969644125 0.747070685803708 0.58290991845069 0.7852345193441004 0.6095990267666903 0.7908208226817341
0 0.5731873945756392 0.8206488466408639 0.6121562610973011 0.8221782097150548 0.6130330469701197 0.7869430681981078 0.5740641804484578 0.785413705123917
0 0.569841905073686 0.8472794621241081 0.6110027362773944 0.849683724655167 0.6123033994204038 0.8145653027642393 0.5711425186751725 0.8121609780158958
0 0.4944646761014864 0.8534702685994839 0.5507782279671013 0.8630273412613086 0.5569065143535663 0.8060748832306002 0.5005929624879515 0.7965178727860601
0 0.48182851617986505 0.8812853767480568 0.4989198957170759 0.9303469410000955 0.5416617455420556 0.906862902471171 0.5245703164633219 0.857801400436417
0 0.49023442454152294 0.9662963369449222 0.509907561463195 0.8353507287883856 0.4728557537128399 0.826571061098369 0.4531826663326907 0.9575167314721904
0 0.5289084199187043 0.8914720883306256 0.5690199616667512 0.9015469332353785 0.573720560445414 0.8720306800896725 0.5336090186973671 0.861955772967635
0 0.5982267206365411 0.94522595575704 0.60528564453125 0.8787382011141374 0.5764130431336242 0.873903544792463 0.5693541192389154 0.9403913616526504
0 0.5520603625805347 0.9331212719403033 0.5822840603915128 0.9469236788035168 0.5890162579424969 0.9236732039612003 0.5587926096730418 0.9098707348807021
0 0.5002268506334974 0.9281103540511914 0.49351645135260247 0.9927205154776695 0.5336777327896712 0.9992992467228912 0.5403881320705661 0.9346891475136978
0 0.5492702335506291 0.9702930508768157 0.5473203782911424 0.9996774655963303 0.5875080158184101 1.003883291821961 0.5894578710778967 0.9744988771024465
0 0.6121313912527901 0.87610864979533 0.605855520669516 0.9233986390840023 0.6410005742853339 0.9307548997356014 0.6472764448686079 0.8834649104469292
0 0.6224059563178521 0.823434936647872 0.6169281996689834 0.8784691113579893 0.6497193869058188 0.8836167828387805 0.6551971435546875 0.8285826081286634
0 0.6326433652407163 0.7570121368501529 0.6269200312626826 0.8091229702233053 0.6582405288498123 0.8145484418800968 0.663963813286323 0.7624375462896598
0 0.6838838651582793 0.768224562587602 0.6923090451723569 0.6888681580896406 0.6420354966993456 0.6804499728234901 0.6336103166852679 0.7598063151041666
0 0.658161906452922 0.814356190470502 0.6874040876116071 0.8184366488675459 0.6915275771896561 0.77182961871257 0.662285396030971 0.7677492225328109
0 0.7051387638240666 0.8204638746535742 0.7163959849964489 0.7733388233865316 0.6973349831321023 0.7661574555221076 0.686077712418197 0.8132825067891502
0 0.7312901484501826 0.8222315921452918 0.736675212909649 0.7765816504802179 0.7143517035942573 0.772428335642839 0.708966639134791 0.8180782150906282
0 0.7241508682052811 0.7722216498232034 0.7328721083603896 0.7119819415575624 0.7114340546843293 0.7070867478179154 0.7027127649876979 0.767326518300841
0 0.7340727471686029 0.7031578507262997 0.7232613997025923 0.7710454320567341 0.7585156923764712 0.7799003204439029 0.7693270398424817 0.7120128013307531
0 0.7587882202941102 0.8252409177696547 0.7614848644702465 0.7795220393531792 0.7342641260716822 0.7769898580848624 0.7315675314370688 0.8227086742840533
0 0.799747863373199 0.7712540466121942 0.8052484091226156 0.7194444693313583 0.7723197937011719 0.7139306491303516 0.7668191984102324 0.7657402264111876
0 0.7720252198058289 0.7099768029075879 0.7601381277109122 0.7764768143555683 0.8271786082874645 0.7953774299582697 0.8390657499239043 0.7288774185102892
0 0.8519640835848722 0.7929136877030772 0.8607735571923194 0.7196173089481397 0.8343651511452415 0.7146111817899465 0.8255555289132255 0.7879075605448841
0 0.8962425132850548 0.7940288080960117 0.8962425132850548 0.722402465695878 0.8530598429890422 0.722402465695878 0.8530598429890422 0.7940288080960117
0 0.7790628408456778 0.8326455834687182 0.7843588296469156 0.7860885137933231 0.758921833781453 0.781524938180906 0.753625894521738 0.8280820078563009
0 0.8025146088042816 0.8342718188551224 0.8067076546805245 0.7868786733084863 0.7832781308657163 0.7836092794342507 0.7790851345309964 0.8310024871981715
0 0.8294172906256342 0.8385374981085946 0.8334366439224837 0.7914248902984837 0.8068545452960125 0.7878481430380352 0.80283514245764 0.8349606886308614
0 0.8430364039037135 0.7925448014223369 0.7835535817332082 0.7823580898397681 0.7780848911830357 0.8327227951189794 0.8375678124365868 0.8429095067015482
0 0.8437064034598214 0.7933739089576962 0.8380193338765727 0.8433690435660359 0.8695018817852069 0.8490173153191896 0.8751889513684558 0.7990221807108498
0 0.9544362650289164 0.7334956208986366 0.8995440594561688 0.7207966997961264 0.8884162407416802 0.796661283627198 0.9433084463144278 0.8093602047297082
0 0.9383900630009638 0.8069436853935716 0.8891078404017857 0.7966283706836137 0.8856725321187602 0.8225133742275101 0.9349548538009842 0.8328287511547529
0 0.9345364260983158 0.8533763204996496 0.9345364260983158 0.8277954972604485 0.9043901121461546 0.8277954972604485 0.9043901121461546 0.8533763204996496
0 0.900397758979302 0.855115853561417 0.9075677054268974 0.8281024773429536 0.8865467418323864 0.8193026512527077 0.8793768944678368 0.8463159652538863
0 0.9997177124023438 0.8196096313352128 0.9997177124023438 0.7183095638419024 0.9630533193613028 0.7183095638419024 0.9630533193613028 0.8196096313352128
0 0.9997177124023438 0.864631862815367 0.9997177124023438 0.8185864058717189 0.9777190963943283 0.8185864058717189 0.9777190963943283 0.864631862815367
0 0.9907553536551339 0.9311420156807467 0.9907553536551339 0.8728177287406027 0.9549056214171571 0.8728177287406027 0.9549056214171571 0.9311420156807467
0 0.9997177124023438 0.9823036621591489 0.9997177124023438 0.9372814306789946 0.960608940619927 0.9372814306789946 0.960608940619927 0.9823036621591489
0 0.9299782096565544 0.8795378798738532 0.8822813157911424 0.8695544321602637 0.8760715831409801 0.9163466209543832 0.9237683779233462 0.9263300686679727
0 0.9195526915711242 0.9245034936249682 0.8736774395038556 0.9181020816410231 0.8700407944716416 0.9592060551852383 0.9159161456219562 0.9656075293864679
0 0.8537454976663961 0.8671150790806575 0.8493338250494623 0.9169789974356524 0.8712430681501117 0.9200362303692023 0.8756547407670454 0.8701723120142074
0 0.8447801664278105 0.9147426593558868 0.8191479769620028 0.9093776006824987 0.8125418130453531 0.9591564680093655 0.8381739034281148 0.9645215889000383
0 0.8651473800857346 0.9714966442485347 0.8786413019353693 0.9263062394479485 0.8535509976473722 0.914489932745604 0.8400571748807832 0.9596803997634747
0 0.8423797805587967 0.9000855736533193 0.8464096862000304 0.869720365658448 0.8257982328340605 0.8654062191402269 0.8217684758173955 0.8957713649178135
0 0.8003926958356585 0.8491683788863404 0.7942516277362774 0.9160085944468336 0.8199506487165179 0.9197326100200688 0.8260917663574219 0.852892332242291
0 0.8199899351442015 0.9222940956294597 0.7983268143294694 0.9154925642878758 0.7916169600053267 0.9491990271207632 0.8132801303615818 0.9560005584623471
0 0.7937181150758421 0.9545867328857671 0.7979727906066102 0.903825890155135 0.767690287007914 0.8998227056256372 0.7634356114771459 0.9505834239216998
0 0.7960262546291599 0.9004450651240762 0.7960262546291599 0.8503066441091679 0.7699537401075487 0.8503066441091679 0.7699537401075487 0.9004450651240762
0 0.7771888831993202 0.8532125646064284 0.7512956099076704 0.8485671110474006 0.7467329347288454 0.8886778478593272 0.7726262080204951 0.893323301418355
0 0.7642504209047788 0.9393278816059825 0.7642504209047788 0.8922591991988404 0.7398074261553875 0.8922591991988404 0.7398074261553875 0.9393278816059825
0 0.7406221860414975 0.9393278816059825 0.7406221860414975 0.8953288755893222 0.7161791912921063 0.8953288755893222 0.7161791912921063 0.9393278816059825
0 0.738898686000279 0.8979656441131498 0.746388224812297 0.8509362830299121 0.7307196282721186 0.8470007909061226 0.7232300894601005 0.8940301519893603
0 0.6982543747146408 0.8871430096640864 0.6891002407321682 0.9331283024934697 0.7121053918615564 0.9403511070694763 0.721259525844029 0.894365814240093
0 0.7188027121803977 0.8845440070320464 0.7243431883972961 0.8358380767791157 0.703240728997565 0.8320521550076453 0.6977003518637125 0.8807580230432913
0 0.6995780251242898 0.8854905185835563 0.701169794256037 0.8355139247260448 0.67813254021979 0.8343565587968272 0.6765407215465199 0.8843331526543387
0 0.6756595264781605 0.8826258481460245 0.6799916849507914 0.8336603473814985 0.6567410555752841 0.8304159648556957 0.6524088475611303 0.879381403402937
0 0.6482377981210684 0.8806759584448267 0.6401634216308594 0.9246174756904625 0.6643820428228998 0.9316363942246432 0.6724565183961546 0.8876948147617227
0 0.6707267761230469 0.8827952658121496 0.6639308186320515 0.9325815369958906 0.6907515587744775 0.9383557987504778 0.6975475162654728 0.8885695897840215
0 0.9109082903180804 0.9996986194731141 0.9109082903180804 0.980257211232161 0.8758733179662135 0.980257211232161 0.8758733179662135 0.9996986194731141
0 0.8783175976245434 0.9996986194731141 0.8783175976245434 0.9741177962339131 0.8237282889229911 0.9741177962339131 0.8237282889229911 0.9996986194731141
0 0.8123216009759283 0.9996986194731141 0.8123216009759283 0.9853734007669152 0.7854343265682072 0.9853734007669152 0.7854343265682072 0.9996986194731141
0 0.6640342117904069 0.9996986194731141 0.6640342117904069 0.9720713453069253 0.6395912170410156 0.9720713453069253 0.6395912170410156 0.9996986194731141
0 0.6395912170410156 0.9996986194731141 0.6395912170410156 0.9669551557721713 0.6086300936612216 0.9669551557721713 0.6086300936612216 0.9996986194731141
0 0.8618219549005682 0.45810642689618375 0.8646669263963576 0.41880426591567915 0.8401303972516742 0.4160029326739297 0.8372855248389306 0.45530515587171894
0 0.48271813330712254 0.5668652269089258 0.48886891154499795 0.5166557848635799 0.4598482305353338 0.5110487009528701 0.4536974522974584 0.5612580807809314
0 0.103475267236883 0.012278795971418375 0.103475267236883 0.0 0.009777190623345313 0.0 0.009777190623345313 0.012278795971418375
0 0.29250095416973165 0.9996986194731141 0.29250095416973165 0.9700248943799376 0.26887274407721184 0.9700248943799376 0.26887274407721184 0.9996986194731141
0 0.3193882285774528 0.9996986194731141 0.3193882285774528 0.975141021697407 0.2998338426862444 0.975141021697407 0.2998338426862444 0.9996986194731141
1 0.7656302514014306 0.9945750260814857 0.8006315850592279 0.9921989479803772 0.7992797950645546 0.9607925337267457 0.7642785109482803 0.9631686740451388
1 0.7065697707139053 0.9792339235513825 0.7189110594910461 1.010231881331231 0.7591700863528561 0.9849520653152077 0.7468287975757153 0.9539541075353594
1 0.6654660608861354 0.9628238658535614 0.6884334613750507 0.9948726113540074 0.7063069529347605 0.9746707212426733 0.6833395524458452 0.9426219135249426
1 0.7165146864853896 0.9590702970701134 0.7063301383674919 0.9462798543418706 0.6949473789760044 0.9605750220995795 0.7051319270939022 0.9733654648278224
1 0.9624553531795353 0.6695282262399656 0.9274319735440341 0.6358929399807276 0.9040162718141234 0.6743480126306065 0.9390396514496246 0.7079832988898446
1 0.8542219880339387 0.7107317474396343 0.890355989530489 0.7444004443807339 0.9181917859362317 0.6972834191434123 0.8820576853566355 0.6636147222023127
1 0.8153649367295303 0.6505956931702345 0.8386098688299005 0.7089802064419278 0.8853390185863941 0.6796372906512805 0.8620941360275467 0.6212529018141565
1 0.7377377794934558 0.6398423065589959 0.7364676834700944 0.7084290235171381 0.7821830155013444 0.7097642064459098 0.7834531115247058 0.6411774894877675
1 0.6807753823020242 0.6297800295457442 0.6789393734622311 0.7012543129021725 0.7378017375995587 0.7036390392058486 0.7396377959808746 0.6321647558494202
1 0.6159381123332234 0.6446181053293832 0.6529700043913605 0.6536194532046381 0.6619581742720171 0.5952985259978657 0.6249262326723569 0.5862971781226108
1 0.5763353124841467 0.6440007232137168 0.6311833270184406 0.705228628611589 0.6576590599951806 0.6678224149464832 0.6028110454608868 0.6065945717658958
1 0.6547403211717482 0.5359361436631944 0.6241187553901177 0.5469236539166029 0.6325286766151329 0.5838895558581805 0.6631501928552405 0.5729020456047719
1 0.7015353611537388 0.6276759654131626 0.718309972193334 0.6193998222078874 0.7111228843788048 0.5964244099810462 0.6943482733392096 0.604700615403606
1 0.922881386496804 0.8899108077894049 0.9291925801859273 0.9101657692445527 0.938499252517502 0.9055922388665902 0.9321880588283786 0.8853372774114424
1 0.6169748677835836 0.7726248178277905 0.6295557889071378 0.7575772564467061 0.6254526113534903 0.7521665302863787 0.612871690229936 0.767214091667463
1 0.6830811934037642 0.6954531110633282 0.6739921569824219 0.7608276740491208 0.7085328535600142 0.7684016951970247 0.7176218899813566 0.7030270699939475
1 0.6786134397828734 0.7461212500398191 0.662437934380073 0.7491307623160359 0.6643936355392654 0.7657093666379969 0.6805691409420658 0.7626997921444955
1 0.8356612564681413 0.47836471697606076 0.8602241417030235 0.4693361801474102 0.8567023339209618 0.4542251571359741 0.8321395477691254 0.46325369396462474
1 0.8891879985858868 0.4857275104425491 0.9375277432528409 0.5094830029844387 0.9488242013113839 0.473228337932435 0.900484258478338 0.4494728453905454
1 0.5821986508059811 0.6086529061942533 0.5462158004958908 0.6207034609733372 0.5578794603223924 0.6756332350797974 0.5938623601740057 0.6635827425179982
1 0.5597876511610947 0.6679120700536761 0.5507604425603693 0.5904431513204002 0.506598881312779 0.5985593338868183 0.5156260403719816 0.6760282526200942
1 0.5286610590947138 0.6981998797464322 0.5309872317623783 0.6397733698075942 0.49232259973303066 0.6373455269256498 0.4899964270653663 0.6957720990817724
1 0.4771807286646459 0.5502108419342507 0.44669049746030337 0.594884345533894 0.4874922021642908 0.6388053932928772 0.5179824829101562 0.5941318896932339
1 0.4702810312246347 0.885655829908894 0.4417471947608056 0.868591681897458 0.4306733267647879 0.897796724185302 0.45920721277014004 0.9148608099794534
1 0.46586222462839894 0.8318249374840724 0.5011287045169186 0.8297158959687182 0.4997204371861049 0.7925753501091042 0.46445400683910815 0.7946843916244585
1 0.4429196939839945 0.6955101643133601 0.4573491579526431 0.7285551329757581 0.4838697755491579 0.7102904402395515 0.46944031158050936 0.6772454715771534
1 0.3852165271709492 0.6355481317891502 0.39779744829450336 0.6197481767846904 0.3834192350313261 0.6016911031273892 0.37083828913701045 0.6174909959145642
1 0.3501105122752004 0.6984517975320145 0.37186231241597756 0.6927999171763507 0.36768980150098923 0.6674730648931256 0.3459380261309735 0.6731249452487895
1 0.3353460237577364 0.9577272125461901 0.33191185492973824 0.9260999269320209 0.3152830693628881 0.9289477364854103 0.3187172629616477 0.9605750220995795
1 0.33568664649864294 0.8483099047926224 0.3198353655926593 0.8552773696323904 0.3259063572078556 0.8770611342061672 0.3417576381138393 0.8700936693663991
1 0.48423593694513495 0.4950571167116622 0.46304925695642246 0.5009699052505415 0.466474656934862 0.5203281289819062 0.4876613369235745 0.5144153404430268
1 0.5345719077370383 0.5106656913485124 0.5533024676434406 0.4342160161725121 0.5027843822132457 0.41469490758991145 0.4840538223068436 0.49114452054862706
1 0.5709362773152141 0.3706800672743056 0.537646652816178 0.3252375269276408 0.4959593438482904 0.373402602325035 0.5292488692642806 0.4188452359976268
1 0.5026720220392401 0.30800206362289756 0.548126864742923 0.27999818823267075 0.5311783629578429 0.2366094560069046 0.4857235202541599 0.2646133469514526
1 0.3929969738056133 0.4163839513251784 0.37146318113649046 0.3957793909475344 0.35610164295543323 0.4211000215022936 0.3776354603953176 0.44170458187993755
1 0.36541255108721843 0.233253409009461 0.3921173888367492 0.25188537037700687 0.40480571598201603 0.22320281329140387 0.3781008782324853 0.20457077415225217
1 0.5511692096660663 0.31649643395411253 0.5531689532391437 0.29514999467420044 0.5381875471635298 0.29293655255518924 0.5361878531319755 0.3142829918351013
1 0.5402017568613028 0.23520813610454097 0.5367199786297687 0.29205250715747644 0.5791886069557883 0.296155146016501 0.5826703851873224 0.2393108060722079
1 0.5607255712732092 0.2285777178500892 0.5308262218128551 0.1653367566527698 0.49006202004172583 0.19573339993071484 0.5199613199605571 0.25897431446507074
1 0.5159571759112469 0.19277181051800618 0.5812340278130073 0.2053840473886659 0.5921217187658533 0.11650791615399624 0.52684481732257 0.10389568706049711
1 0.5964302459320465 0.09503663789241686 0.5864444088626217 0.03651269179722342 0.5607097179858715 0.043438253295774006 0.5706956045968192 0.10196219161380686
1 0.6296573490291447 0.14695834627452853 0.641122495973265 0.17369885303680077 0.6584851648900416 0.16195772036864486 0.6470199684043983 0.13521719805205148
1 0.9862577760374391 0.5055809837597955 0.9561177043171672 0.48716668956262743 0.94876732764306 0.506141872580992 0.9789073002802862 0.5245561667781601
1 0.9555157748135653 0.2859856997304249 0.9595634163200081 0.2371874545813822 0.9458210932744013 0.2353896861411745 0.9417734517679586 0.2841879001815749
1 0.9498669512860187 0.33287955156767646 0.9412083811574168 0.37093845565749234 0.9488043847022118 0.3736640393551701 0.9574629548308137 0.3356050730480696
1 0.960420781915838 0.17581727380781728 0.9866274548815442 0.23135651288047113 1.003082275390625 0.21911081358805587 0.976875503341873 0.16357151229811737
1 0.9823321057604505 0.11106593358528845 0.973585252637987 0.14402004168060334 0.9920973344282671 0.1517695466798866 1.0008440884676846 0.1188154385845717
1 0.9551368812461952 0.08626327747963256 0.9751120232916498 0.12007473975754172 0.9921132867986505 0.10423343359026584 0.9721382438362419 0.07042196353519607
1 0.968505859375 0.00037265817324320477 0.969740037794237 0.09956542626554934 0.9983023110922281 0.09900491074806081 0.9970680335899452 -0.0001878591822071056
1 0.893569649039925 0.13469634605353276 0.9061505206219562 0.12416311530405835 0.8992379919275061 0.1111411931682435 0.886657021262429 0.12167441614055731
1 0.5901061714469612 0.0103226369066462 0.5834343154709061 -0.004573134714917913 0.5751288277762276 0.0012940924223531398 0.5818006837522829 0.016189863922399118
1 0.400775636945452 0.004068762519673106 0.3904074631728135 0.08870462928950848 0.4164281572614397 0.09373211253066067 0.4267963558048397 0.009096243816535165
1 0.06110744352464552 0.3955397610756721 0.05156856388240665 0.36599034611724324 0.04280768431626357 0.3704507654716966 0.052346563958502436 0.4000002426474102
1 -0.0027558360393945274 0.2685385110059888 0.03654464808377353 0.29321646811886787 0.04984450030636478 0.2598108725202679 0.010544015215588854 0.23513293096170998
1 0.04966273865142426 0.23956317493310397 0.05112374293339717 0.19185780749773032 0.018337364320631152 0.19027412873403254 0.01687635694231306 0.23797955838669088
1 0.03708380538147765 0.14402004168060334 0.0005990815433588895 0.15929334292474995 0.009166129223712079 0.19157033253396566 0.04565085373915635 0.17629703128981905
1 0.0532310473454463 0.1387833372654657 0.03541650090898786 0.11523324731171557 0.020474635161362685 0.13305995369540807 0.038289184694166305 0.1566100514263188
1 0.02645080430167062 0.1281568116976459 0.021421321026690594 0.09552239934238818 -0.001434929572142564 0.1010780451130065 0.0035945552510100527 0.1337124574682642
1 0.032746708238279666 0.03249039489559442 0.04330243383135114 0.07078712455601746 0.07354988989891945 0.057637921410112446 0.06299415811315759 0.019341189805399266
1 0.13214677340024478 0.02135212049571746 0.07234211091871386 0.023561088803103696 0.07308928997485668 0.05546523550113285 0.13289395864907796 0.05325626913803676
1 0.15425054129067953 0.04840696453440566 0.12241731371198382 0.044085079741405055 0.1208116729538162 0.06273753392708532 0.1526448881471312 0.06705948482595088
1 0.13094170062572924 0.017263560241637003 0.1356243406023298 0.04813741592578324 0.15357351922369622 0.043843758337116144 0.1488908916324764 0.012969902652969904
1 0.024166658327176974 0.6141654820495668 0.024744506006116992 0.5786064373486876 0.004044937235968453 0.5780757861278352 0.00346708878294214 0.6136350174805683
1 0.07583972385951451 0.8650471009731778 0.07747151634909889 0.7851240836638316 0.0386478684165261 0.7838738895459034 0.037016069734251346 0.8637969690725344
1 0.053157224283589946 0.8995307199087347 0.06054617522598861 0.9440723228649018 0.09449019370140968 0.9351913032181766 0.087101242759011 0.8906497002620094
1 0.10956564816561612 0.96234130859375 0.06028647237009816 0.955464929858722 0.05700260632997983 0.9925816464983117 0.10628177593280742 0.9994580874506244
1 0.3109534127371652 0.5330487016994776 0.2964360868775999 0.533808374745158 0.29694282234489144 0.549081909304122 0.31146014820445667 0.5483222362584417