0 0.0 0.9425972370186237 0.045035444540420765 0.9425972370186237 0.045035444540420765 0.9996255893899937 0.0 0.9996255893899937
0 0.050153107812561964 0.9515588625512942 0.12794160600846188 0.9515588625512942 0.12794160600846188 0.9996255893899937 0.050153107812561964 0.9996255893899937
0 0.17195352079904624 0.9597057612255366 0.22722430156572215 0.9597057612255366 0.22722430156572215 0.9996255893899937 0.17195352079904624 0.9996255893899937
0 0.22722430156572215 0.9727408360953282 0.2958009981261897 0.9727408360953282 0.2958009981261897 0.9996255893899937 0.22722430156572215 0.9996255893899937
0 0.23950667792770464 0.948300078420928 0.28044800346877974 0.948300078420928 0.28044800346877974 0.9735555013020833 0.23950667792770464 0.9735555013020833
0 0.28062863035250435 0.958315947561553 0.3044709142694618 0.9630604137073864 0.29905222394139636 0.9803125863123422 0.2752099206604933 0.9755682434698548
0 0.2958009981261897 0.988219906585385 0.33981292259874685 0.988219906585385 0.33981292259874685 0.9996255893899937 0.2958009981261897 0.9996255893899937
0 0.4227190743848152 0.9890346334438131 0.4575191826989808 0.9890346334438131 0.4575191826989808 0.9996255893899937 0.4227190743848152 0.9996255893899937
0 0.22722430156572215 0.9434119638770517 0.39508366463753175 0.9434119638770517 0.39508366463753175 0.9996255893899937 0.22722430156572215 0.9996255893899937
0 0.0 0.8635722458964646 0.02149419009988078 0.8635722458964646 0.02149419009988078 0.8937157833214963 0.0 0.8937157833214963
0 0.04014429828237156 0.8632183036418877 0.06616887707395602 0.8651014539930556 0.06290532126644541 0.8936757097340593 0.03688074247486095 0.8917926210345644
0 0.050153107812561964 0.8652016379616477 0.046271174087137136 0.8930104265309343 0.018860464773807428 0.8905862210976957 0.022742402129972042 0.8627774325284091
0 0.06015155037042453 0.8963520088581124 0.0647552170729274 0.8688695425939078 0.08855570875448623 0.8713954116358902 0.08395204689296974 0.8988778162484217
0 0.11664561934882614 0.9034414580374053 0.0860138810830673 0.8970251834753787 0.09172816203935498 0.8797415685172033 0.12235990030511382 0.8861577197758839
0 0.11740296262169853 0.8997709640348801 0.12102727357506148 0.8728461371527778 0.13353166725429785 0.8739125261403093 0.12990735630093492 0.9008374146740846
0 0.12807099589236498 0.9043820776120581 0.1297009172778444 0.8745429144965278 0.15701766425582964 0.87548828125 0.15538773318837742 0.9053274443655303
0 0.1531756250991434 0.9049021094736427 0.15974985887556511 0.8787380025844381 0.18573183940751903 0.8828740900213068 0.17915762499504284 0.9090383202138573
0 0.20884007487805362 0.8857255415482954 0.20062031237607075 0.9097150706281566 0.17714991303264793 0.9046201763731061 0.1853696755346308 0.8806306472932449
0 0.2173826343517013 0.8879503038194444 0.21363493633754363 0.9118144333964646 0.1981402169629402 0.9102728333136048 0.20188791497709788 0.8864086420849117
0 0.25726142147470854 0.894909606317077 0.2592274428624187 0.9105580956044823 0.2526403320622323 0.9110825047348485 0.2506743494024132 0.8954338921440972
0 0.21289482697617584 0.8847542194404987 0.24564787579066863 0.8847542194404987 0.24564787579066863 0.9132683648003472 0.21289482697617584 0.9132683648003472
0 0.2606870389831853 0.8862417510061553 0.2586993493404485 0.9163021203243371 0.2132510848456833 0.914398131707702 0.21523877448842005 0.8843378856928662
0 0.29888836623448406 0.8987508138020833 0.27724317366701695 0.9194253324258207 0.25459121084455305 0.9044002648555871 0.27623642277596566 0.8837258078835227
0 0.2922403364617207 0.9222180299084596 0.29925167258015745 0.8920820139875316 0.3307721675349976 0.896728207366635 0.3237608314165609 0.9268642232875631
0 0.33985044992514674 0.9293630272451073 0.29225241956371945 0.9236800376815025 0.29831852404599263 0.8914908360953283 0.3459165544074199 0.8971737640072601
0 0.3789365739386699 0.9033375749684344 0.4657780216430044 0.9329613887902463 0.44820148448653635 0.9656052098129735 0.3613600367822018 0.9359813959911616
0 0.532915957688075 1.0065065942629419 0.4215812876744924 0.9773412222814079 0.44211438948732945 0.9276820943813131 0.5534490982288032 0.9568474663628472
0 0.38894246677456773 0.9148977568655303 0.40890138887511895 0.9307842216106377 0.3935483748537635 0.9430045696220013 0.37358949148110326 0.927118104876894
0 0.5465665323480131 0.947485413214173 0.7267083492375872 0.947485413214173 0.7267083492375872 0.9996255893899937 0.5465665323480131 0.9996255893899937
0 0.5568018879382138 0.9148977568655303 0.6151432482724263 0.9148977568655303 0.6151432482724263 0.9434119638770517 0.5568018879382138 0.9434119638770517
0 0.6545256793801555 0.9492651737097538 0.6252998700601801 0.9463573109019886 0.6288743382177983 0.923596129754577 0.6581001088098826 0.9265039309106692
0 0.6567321622432186 0.9486986564867425 0.6580051480210977 0.9142478865806503 0.7012872066594622 0.9152611318260733 0.7000142208815832 0.9497118400804925
0 0.6976499605904981 0.9486974851049558 0.7025314563422034 0.9040148185961174 0.7542956976721129 0.9075976439196654 0.7494142019204076 0.9522802487768308
0 0.7543437202569797 0.9303768890072601 0.8075673834321463 0.9303768890072601 0.8075673834321463 0.9531882546164773 0.7543437202569797 0.9531882546164773
0 0.8044968038646098 0.9328209462791982 0.8333002080772128 0.9310574001736112 0.8359433091836532 0.9584070687342172 0.8071399049710501 0.9601705531881313
0 0.7676496166868259 0.8823101005168876 0.8290615953164657 0.8823101005168876 0.8290615953164657 0.9124536995935921 0.7676496166868259 0.9124536995935921
0 0.8321321748840023 0.9010480167889836 0.8577205444955583 0.9010480167889836 0.8577205444955583 0.9320062810724432 0.8321321748840023 0.9320062810724432
0 0.8604184842956852 0.9472558840356692 0.858644514519551 0.9190158420138889 0.8913159055758249 0.9177156698824179 0.893089797896177 0.9459555886008523
0 0.8894500732421875 0.9051214661261048 0.9365325772822811 0.9051214661261048 0.9365325772822811 0.9425972370186237 0.8894500732421875 0.9425972370186237
0 0.5653096310378332 0.8913280140269887 0.613121613633209 0.8933309535787564 0.6117786078283629 0.9136420355902778 0.563966586505096 0.9116389727351641
0 0.5557783485064046 0.8578694044941604 0.5834137195257971 0.8578694044941604 0.5834137195257971 0.8814954353101325 0.5557783485064046 0.8814954353101325
0 0.5834137195257971 0.8578694044941604 0.6110491292730806 0.8578694044941604 0.6110491292730806 0.8814954353101325 0.5834137195257971 0.8814954353101325
0 0.6173107708771217 0.8754092438052399 0.6307370723201539 0.8326619466145834 0.6721600372779187 0.8409047136403094 0.6587336971069956 0.8836520108309659
0 0.6551275882624128 0.9096479936079546 0.6090056521033272 0.9071162060053661 0.6105052347715736 0.8898091017597853 0.6566272096585501 0.8923408893623738
0 0.6571992980647208 0.8929898348721591 0.7111121627885073 0.897281037918245 0.7087306298580266 0.9162367695509785 0.6548178425900222 0.9119455048532197
0 0.6639021665311707 0.8692363083964646 0.7079858150578997 0.8738532172309028 0.7038470428002063 0.8988895917179609 0.6597634717292592 0.8942726212318497
0 0.7162840402670924 0.8867721403488005 0.7588630327718512 0.8910084734059344 0.7562648560189958 0.907553008108428 0.713685863514237 0.9033166750512942
0 0.7165143937628886 0.8719122992621527 0.7606624080444956 0.8773183495107323 0.7576805928031806 0.8927456942471591 0.7135325785215736 0.8873395823469066
0 0.6696936902661009 0.839816130050505 0.7147489441227792 0.8431781190814394 0.7112384157132376 0.8729833737768308 0.6661831618565593 0.8696212614425505
0 0.7119153017925127 0.854519560842803 0.7603644356509756 0.857486054391572 0.7584739723786484 0.8770481302280618 0.7100247610644036 0.8740817599826389
0 0.712378874648041 0.8334287084714331 0.7615084575517529 0.8334287084714331 0.7615084575517529 0.8562400124289773 0.712378874648041 0.8562400124289773
0 0.6734846086066386 0.8252817481455177 0.7103317957844226 0.8252817481455177 0.7103317957844226 0.8383168230153093 0.6734846086066386 0.8383168230153093
0 0.6664936820867703 0.8561631327927715 0.6309403937480171 0.8480777008364899 0.6412143610455663 0.8194559733072917 0.6767676493843194 0.8275413436119002
0 0.5695900311929926 0.8366113527856692 0.6215233972229933 0.8340278394294508 0.6231801376730053 0.8551273846867109 0.5712468490987865 0.8577108980429293
0 0.5729949873716093 0.8524396800031566 0.5438450459901452 0.8560093118686869 0.5394432338966331 0.8332356154316604 0.5685931752780973 0.8296659835661301
0 0.5256250449243536 0.8153262976444129 0.5627383314413468 0.8111061173255998 0.5659113462806353 0.8287849195075757 0.5287980210357511 0.8330050381747159
0 0.5875078385251428 0.8187642415364583 0.6212844461353902 0.8187642415364583 0.6212844461353902 0.8375021578085543 0.5875078385251428 0.8375021578085543
0 0.6223079855671994 0.8163201842645202 0.6417550798600096 0.8163201842645202 0.6417550798600096 0.8334287084714331 0.6223079855671994 0.8334287084714331
0 0.7646216377994131 0.804675231317077 0.8310867541937659 0.8033848618016098 0.832645164528474 0.8542429914378157 0.7661800481341212 0.8555333609532828
0 0.7938189046637056 0.8795357752327967 0.7647726765743972 0.8756824840198864 0.7695860886936865 0.8526950412326388 0.7986322393272128 0.8565483324455493
0 0.838878031309486 0.885867217092803 0.8111009936647366 0.8846388691603535 0.8119639285324793 0.8722756742226957 0.8397409661772287 0.8735039605034722
0 0.8875809877657043 0.9040601325757576 0.8468851002339784 0.9052599357836174 0.8458980812034026 0.8840466431897096 0.8865939687351285 0.8828469632851957
0 0.8843324148110326 0.8806807701033775 0.9375560779861992 0.8806807701033775 0.9375560779861992 0.9051214661261048 0.8843324148110326 0.9051214661261048
0 0.9334619977147446 0.8146907921993372 0.9334619977147446 0.6028711800623422 0.9999915573197573 0.6028711800623422 0.9999915573197573 0.8146907921993372
0 0.898661811944797 0.852166563091856 0.9334619977147446 0.852166563091856 0.9334619977147446 0.8782366511797665 0.898661811944797 0.8782366511797665
0 0.8920013892469068 0.8747871784248737 0.8476999350610723 0.8877784806068497 0.8340519938977237 0.8582926432291667 0.8783534480835581 0.8453012793955177
0 0.867261160448723 0.8429985277580493 0.8355547909809248 0.8442002421677715 0.8348253898814245 0.8320075757575758 0.8665316818934407 0.8308057996961805
0 0.8882838989877458 0.8281598948469066 0.9303661675622621 0.8312049942787247 0.9279919929310755 0.851992951980745 0.8859095694449952 0.8489479142005998
0 0.892520652809724 0.7992116600576074 0.9262972604199714 0.7992116600576074 0.9262972604199714 0.8269111402107008 0.892520652809724 0.8269111402107008
0 0.8679558613578681 0.8081732855902778 0.8914970746500238 0.8081732855902778 0.8914970746500238 0.8220230256668245 0.8679558613578681 0.8220230256668245
0 0.830085173476166 0.7975822679924243 0.8679558613578681 0.7975822679924243 0.8679558613578681 0.8130614001341541 0.830085173476166 0.8130614001341541
0 0.8218968580216925 0.7829178627091224 0.830085173476166 0.7829178627091224 0.830085173476166 0.7943235455137311 0.8218968580216925 0.7943235455137311
0 0.7707202737101444 0.7755856292416351 0.8075673834321463 0.7755856292416351 0.8075673834321463 0.7959528759272412 0.7707202737101444 0.7959528759272412
0 0.7773250057007456 0.7626416138928346 0.8321141276867862 0.7659962047230113 0.830801639460065 0.77957763671875 0.7760125174740244 0.7762229842369003
0 0.7154494542155774 0.8146907921993372 0.7584378779842164 0.8146907921993372 0.7584378779842164 0.8334287084714331 0.7154494542155774 0.8334287084714331
0 0.7205671126467322 0.7780296865135732 0.7645790371192893 0.7780296865135732 0.7645790371192893 0.8032851093947285 0.7205671126467322 0.8032851093947285
0 0.6881151538209866 0.7860328134864267 0.7208681832715339 0.7925503817471591 0.7141248828868576 0.814019837042298 0.6813718534363102 0.8075023304332386
0 0.6438021587236279 0.7837325279158776 0.6867905050364848 0.7837325279158776 0.6867905050364848 0.8065438935250947 0.6438021587236279 0.8065438935250947
0 0.624393327587147 0.7594222251815025 0.6460692507361397 0.8061072763770518 0.6030783096545844 0.8187533908420139 0.5814023865055917 0.7720684012981376
0 0.5612030416575785 0.7813699125039457 0.5921546819851483 0.7778505267518939 0.5949592009413666 0.7934762665719697 0.5640075218859057 0.7969957139756945
0 0.5139315842371907 0.7784997188683712 0.5798706984156885 0.7680027817234848 0.5847915417046716 0.7875866822522096 0.5188524275261739 0.7980836193970959
0 0.5191563252870202 0.796392822265625 0.5595654327857312 0.7917979847301136 0.5628816633660176 0.810275176077178 0.5224725558673065 0.8148700136126894
0 0.5212443395314483 0.9354117345328283 0.549043490801971 0.9385727391098485 0.5461980751928339 0.9544265901199495 0.5183989239223112 0.9512655855429293
0 0.5463071716618417 0.910137877801452 0.5483037493555679 0.9530465174202967 0.5070021188803736 0.9542640763099748 0.5050055024587563 0.911355559994476
0 0.5086958444663111 0.910009642321654 0.545542992916204 0.910009642321654 0.545542992916204 0.9214152634745897 0.5086958444663111 0.9214152634745897
0 0.5015311071715379 0.9091949154632261 0.5015311071715379 0.8871982767124369 0.545542992916204 0.8871982767124369 0.545542992916204 0.9091949154632261
0 0.5066487656026928 0.8692750872987689 0.545542992916204 0.8692750872987689 0.545542992916204 0.8880129419191919 0.5066487656026928 0.8880129419191919
0 0.5390887187822216 0.8396394980074179 0.546698981735307 0.8668981070470329 0.508984831989114 0.873569003018466 0.5013745303081377 0.846310393978851
0 0.5016378799670844 0.8489310832938762 0.47805255560705506 0.801446533203125 0.510824755363658 0.7911337496054293 0.5344100409957964 0.8386182380445075
0 0.4760072582264237 0.7975471265388258 0.46929517252191066 0.758813661517519 0.5031685224039301 0.7550947709517045 0.509880608108443 0.7938282359730113
0 0.47287215799244525 0.7397392504142992 0.5005075677397287 0.7397392504142992 0.5005075677397287 0.7568477746212121 0.47287215799244525 0.7568477746212121
0 0.4637785006295606 0.7247300889756945 0.4935002980498493 0.7199986313328598 0.4977912709192576 0.7370758364898989 0.4680694347710779 0.7418072941327336
0 0.4599274766021574 0.6993401421440972 0.4852147755889118 0.694308255898832 0.49316220356123097 0.7196115821298926 0.46787494330236756 0.7246434683751578
0 0.45605476495578207 0.6921236905184659 0.4522913046899786 0.6681592536695076 0.47836776191207964 0.6655647663154988 0.48213118344999206 0.6895292648161301
0 0.5022292161350927 0.9446881535077336 0.4676184484801317 0.9404498475970644 0.47157059103099225 0.9200025153882576 0.5061813974138444 0.9242408212989268
0 0.5036538603342124 0.9228794907078598 0.47312454765823286 0.920321562795928 0.4754015540108463 0.903103730172822 0.5059309054147169 0.9056615964330809
0 0.47184865728852715 0.88882766877762 0.5056252261708836 0.88882766877762 0.5056252261708836 0.9067508581912879 0.47184865728852715 0.9067508581912879
0 0.5074073675320233 0.8860864504419191 0.4795431921324754 0.8877924755366161 0.4782788426742941 0.8747096206202651 0.506143018073842 0.8730034722222222
0 0.508557508439582 0.8710586085464015 0.48083914354973034 0.8747356376262626 0.4759980797162516 0.8516161369554924 0.5037164833339943 0.8479389845722853
0 0.4561344282276134 0.8583486845999053 0.4395170647480766 0.8054416849155619 0.48286666482838275 0.7968155061355745 0.49948402830791955 0.8497225058199179
0 0.4774317862418702 0.7967934964883207 0.44700107477643164 0.8004267528803661 0.44369774058385547 0.78289794921875 0.4741284520492941 0.7792646928267045
0 0.4452367869730528 0.7649946732954546 0.4759427762878728 0.7649946732954546 0.4759427762878728 0.7821031358506945 0.4452367869730528 0.7821031358506945
0 0.4459060049299056 0.7676580872198548 0.44082773276391973 0.7474474974352904 0.4703527150420368 0.7427473588423296 0.4754310259359137 0.7629579486268939
0 0.4655106055555005 0.7438440188012941 0.4379539683385549 0.7482308435921717 0.4335449141294218 0.7306836677320075 0.4611015513463674 0.7262968429411301
0 0.41775884483066306 0.7142957899305555 0.4575191826989808 0.7079663209240846 0.461888889370836 0.7253568398832071 0.42212855150251827 0.731686308889678
0 0.41073143663745243 0.6897041706123738 0.4486513089407519 0.6842164318970959 0.4539572623780536 0.7074448710740214 0.41603742880264516 0.7129326714409723
0 0.4373804857283074 0.6924431078361742 0.43300973340339466 0.6715694543087121 0.4740063430089031 0.6661308519767992 0.47837713406170684 0.6870045055042614
0 0.41964845608938767 0.6704905500315657 0.41964845608938767 0.6452351271504103 0.45342506369963514 0.6452351271504103 0.45342506369963514 0.6704905500315657
0 0.45037218277829555 0.6701750167692551 0.44621888756146894 0.6486869426688763 0.469984993716787 0.6457766754458649 0.4741382889336136 0.6672647495462437
0 0.4104366786588872 0.6696758231731377 0.43397793067893403 0.6696758231731377 0.43397793067893403 0.6818961711845013 0.4104366786588872 0.6818961711845013
0 0.4675865366979299 0.8838486180160985 0.4774052963644115 0.9248790394176136 0.44156596382257296 0.9303127712673611 0.43174720415609136 0.8892822265625
0 0.41098231591549017 0.8656327681107955 0.4498526481202411 0.8636990633877841 0.4519554564190395 0.8904791937934028 0.41308512421428856 0.8924128985164141
0 0.46072124345653553 0.8837451665088384 0.45269260309674414 0.8624437120225694 0.474853515625 0.8571519023240215 0.4828821559847914 0.8784534801136363
0 0.45516781879560597 0.8604896005958018 0.41981444383030614 0.865179628314394 0.4153053554786643 0.8436453154592803 0.45065876917185516 0.838955411044034
0 0.4509148379872898 0.8372846507062816 0.4262759600799096 0.8442887739701704 0.41627219727801795 0.8219934945154672 0.4409110751853982 0.8149893712515783
0 0.43925305671498255 0.8014677413786301 0.4433078281770503 0.8176048818260733 0.41791631243555677 0.8216470121133207 0.4138615797013801 0.8055098716658775
0 0.41760141595366035 0.7853619199810606 0.44247324212553535 0.7787629715119949 0.45004741068418863 0.7968490446456755 0.42517554578442257 0.8034480547664141
0 0.4063425596595416 0.7576624398279672 0.43397793067893403 0.7576624398279672 0.43397793067893403 0.7723268451112689 0.4063425596595416 0.7723268451112689
0 0.42291592825487784 0.7323756978969381 0.42882092471050126 0.7558763908617424 0.3957529213222755 0.7611405189591225 0.38984792486665215 0.7376398876459912
0 0.41699935215983897 0.7101228347932449 0.4235017650623612 0.7308255898832071 0.3938794983219979 0.7367201063368055 0.38737708541947574 0.7160173512468434
0 0.38547821819479694 0.7119770705097853 0.3813526134200508 0.6857064295296718 0.41007449542205343 0.6828487511837121 0.41420010019679965 0.7091193921638258
0 0.3486927632753014 0.6550554371843434 0.38471005047638407 0.6502773708767361 0.38974471503707964 0.6743217699455493 0.353727427835997 0.6790998362531566
0 0.35888935224658947 0.6781266029434975 0.32398963579671636 0.6825126879142992 0.3185455593360862 0.6550686922940341 0.3534452564220138 0.6506825456715594
0 0.34889151481202413 0.6847386832189079 0.38515875182176 0.6713359794231376 0.3934801750376745 0.6856020532473169 0.35721297675582964 0.6990046953914142
0 0.37937106214804095 0.6899550312697286 0.38244168044346843 0.7046194982047033 0.35721297675582964 0.7079663209240846 0.35414235846040215 0.6933018539891098
0 0.3551658978922113 0.7055222020004734 0.3868954266388404 0.7055222020004734 0.3868954266388404 0.7210013341422032 0.3551658978922113 0.7210013341422032
0 0.3635510284888563 0.7380785392992424 0.356464986268639 0.7098777077414773 0.38244698616453837 0.7057415586529356 0.38953298965686467 0.7339424518623737
0 0.37154241261748494 0.73485107421875 0.3899660062063769 0.73485107421875 0.3899660062063769 0.7470714838817866 0.37154241261748494 0.7470714838817866
0 0.41344703635588514 0.8047228264086175 0.41964845608938767 0.8244670829387626 0.3946020445847874 0.8294511274857954 0.3884006248512849 0.8097068093039773
0 0.3776836104804489 0.7772150213068182 0.4114602180906964 0.7772150213068182 0.4114602180906964 0.8065438935250947 0.3776836104804489 0.8065438935250947
0 0.36222827737101443 0.8532257388336489 0.45219680863588596 0.8770960952296402 0.43356853814294494 0.9215782088462753 0.34360000687807346 0.8977077907986111
0 0.40370542264831855 0.8615402684067235 0.3734931752161326 0.8633901268544824 0.3718314001402879 0.8461954136087437 0.40204368630036486 0.8443455551609849
0 0.3971307435011501 0.8415756071456755 0.45547210383536246 0.8415756071456755 0.45547210383536246 0.8619428538312816 0.3971307435011501 0.8619428538312816
0 0.34914630560705506 0.8026237102470013 0.38897286816901966 0.7994536428740531 0.39293527361100095 0.8309926659169823 0.35310871104903635 0.8341627332899305
0 0.38043929356608897 0.7702588013928346 0.3868954266388404 0.7959528759272412 0.3504812560105687 0.8017497361308397 0.3440251229378173 0.7760556615964331
0 0.34852394839833833 0.7727709221117425 0.34001279724430916 0.7443179352114899 0.3839697668395067 0.7359874378551137 0.39248091799353585 0.7644404247553661
0 0.36192685819519355 0.7218309807054925 0.3684342669956575 0.7390964700718119 0.34261120636451065 0.7452626854482324 0.3361037975640466 0.7279972577335858
0 0.3550635400762413 0.7060925416272096 0.36120473793920527 0.7207569469105114 0.33633291176733027 0.72735595703125 0.3301917139043663 0.7126914900962753
0 0.36094382813739295 0.7065416124131945 0.3300097702723469 0.7130212032433713 0.3216173588321899 0.6876369900173611 0.3525513779693449 0.6811574608388573
0 0.3173975484625337 0.6560704703282828 0.3281446350407479 0.6817332258128157 0.29897395487364176 0.6894727918836806 0.288226848931482 0.6638100363991477
0 0.2988715970576717 0.6851549553148675 0.3254834480092005 0.6851549553148675 0.3254834480092005 0.7038928715869633 0.2988715970576717 0.7038928715869633
0 0.3002270732434268 0.7038487906407829 0.3251238208131742 0.7005460488675821 0.32813909695233184 0.7149462150804924 0.3032423493825845 0.7182489568536932
0 0.3024539657050583 0.7173352174084596 0.3325694127736358 0.7125410600142046 0.3404821405555996 0.7440320564038826 0.3103666547591311 0.7488261521464646
0 0.3136971759312044 0.7512552280618687 0.3428611561731639 0.7481600674715909 0.3465351550107075 0.770092711785827 0.31737117476874804 0.7731878107244318
0 0.3153268649493377 0.7923807779947917 0.3123192375686568 0.7732293023003473 0.34318267512442496 0.7701585557725694 0.3461903218690514 0.7893100931186868
0 0.34679699428190436 0.7896750093710543 0.3537209215503054 0.8117195514717488 0.32169036090676556 0.8180932863794191 0.31476647236625555 0.7960488059303977
0 0.3152481117829454 0.8146907921993372 0.35311881902859293 0.8146907921993372 0.35311881902859293 0.832613981613005 0.3152481117829454 0.832613981613005
0 0.32265367846803616 0.8276779020675505 0.3730777411291442 0.8517592304884786 0.3598922109845931 0.8692511047979798 0.3094681676874306 0.8451697763770518
0 0.3098785090567497 0.8488827483822601 0.3440172611759399 0.8522793240017361 0.33960816823891576 0.8803548793600063 0.3054694548476166 0.8769582420888573
0 0.34800116059743813 0.8415756071456755 0.37584128597666167 0.8526553375552399 0.3565988298600095 0.8832877110953283 0.32875878193656805 0.8722079190340909
0 0.30460338302070117 0.8718820282907197 0.3354668399404148 0.8749528364701704 0.33223875404009356 0.895508059106692 0.3013753164843254 0.8924373742305871
0 0.3015677360108661 0.8817339039812184 0.27067451670690235 0.8790016251380998 0.2729836865730092 0.8624594948508523 0.30387692524091847 0.865191650390625
0 0.254970840996292 0.8716344351720329 0.2690733507805064 0.8402042889835859 0.31063529077520224 0.8520190922900884 0.29653276162704234 0.8834492384785354
0 0.2784009439691069 0.8203936336016414 0.3142245917150817 0.8203936336016414 0.3142245917150817 0.8472784485479798 0.2784009439691069 0.8472784485479798
0 0.28652679133536246 0.8191318704624369 0.282520023094216 0.7904288860282512 0.3113911623882158 0.78787552034012 0.3153978919014713 0.8165785047743056
0 0.28337410863886026 0.7887548581518308 0.28150767602291205 0.7694419167258523 0.31187646159060717 0.7675825022687816 0.3137429329344464 0.78689544369476
0 0.2785190446727772 0.754058961193971 0.313752169536455 0.7484502002446338 0.3178463078997462 0.7647439975931187 0.28261316367212286 0.7703528201941288
0 0.2695598118196284 0.7254226838699495 0.3020694364751051 0.7174607402146465 0.3094167564120995 0.7364672728259154 0.2769071123926773 0.7444291548295454
0 0.30036540927015587 0.7053240535235165 0.30340833712350296 0.7198564009232955 0.2702126672425246 0.7242601182725694 0.2671697393891775 0.7097277708727904
0 0.2620244098798878 0.6892284046519886 0.29989511712553535 0.6892284046519886 0.29989511712553535 0.7087809861308396 0.2620244098798878 0.7087809861308396
0 0.2486198735116097 0.6673661665482955 0.29465641467099263 0.6631380948153409 0.2982738901515903 0.6880925958806818 0.25223734899220734 0.6923206676136363
0 0.207777168545021 0.8855688846472538 0.207777168545021 0.8643869111032197 0.2528126130854418 0.8643869111032197 0.2528126130854418 0.8855688846472538
0 0.1835194505410751 0.8783181546914457 0.19191240417170646 0.8582767370975379 0.21309954260811587 0.8638981366398358 0.20470656961353903 0.8839394925820707
0 0.15660052614163628 0.8635722458964646 0.18628297602464705 0.8635722458964646 0.18628297602464705 0.8782366511797665 0.15660052614163628 0.8782366511797665
0 0.1290253479468641 0.85604827572601 0.14973683042574654 0.8601696900647096 0.1447395770077778 0.8760801373106061 0.12402809452889535 0.8719587229719066
0 0.10951801241956992 0.8407608802872475 0.12487100707697989 0.8407608802872475 0.12487100707697989 0.8619428538312816 0.10951801241956992 0.8619428538312816
0 0.09007088908084153 0.8399462150804924 0.11361215078286108 0.8399462150804924 0.11361215078286108 0.8562400124289773 0.09007088908084153 0.8562400124289773
0 0.06345903812931274 0.8415756071456755 0.09007088908084153 0.8415756071456755 0.09007088908084153 0.870904479363952 0.06345903812931274 0.870904479363952
0 0.07101742991336106 0.8912090879498106 0.03263495053131568 0.8973192619554924 0.021376089396210492 0.8525112575954861 0.05975857361924225 0.8464010835898043
0 0.23592432864426358 0.8550180146188447 0.2563949817328284 0.8387241556186869 0.27379503588991116 0.8525738956952336 0.2533243828013464 0.8688677546953915
0 0.2528126130854418 0.8399462150804924 0.2528126130854418 0.8195789683948863 0.28044800346877974 0.8195789683948863 0.28044800346877974 0.8399462150804924
0 0.25589665059510824 0.8200424040206755 0.2508708159935656 0.7990405150134154 0.2829004471677209 0.7941845209911617 0.28792628176926355 0.8151864099984217
0 0.25353382323599105 0.7940653483072917 0.25184890824526096 0.7699253891453598 0.28223368843194796 0.7685818142361112 0.28391856469478705 0.79272171174637
0 0.24564787579066863 0.7576624398279672 0.28016457339833833 0.7542281950363005 0.28224311867341173 0.7674637611466225 0.2477264404296875 0.7708980059382892
0 0.2716788083768738 0.7532587224786932 0.2436284873691307 0.7569798941564079 0.24127712346575586 0.7457503501815025 0.269327444473499 0.7420291785037879
0 0.23606762184104338 0.7132454920296717 0.2663027768207686 0.7098074864859533 0.26906632166828603 0.7252051767676768 0.23883114732461533 0.7286431823113952
0 0.2385830177268401 0.6744646168718434 0.25601802380556987 0.7045326926491478 0.2280431253655913 0.7148097182765152 0.21060811928686152 0.6847416424992109
0 0.2090709124724877 0.6696367360124684 0.23969503102568807 0.6652047821969697 0.24432957838029426 0.6854938545612373 0.2137054791910394 0.6899257467250631
0 0.1799481387065752 0.6720098322088068 0.20451293015843117 0.6687510480784407 0.2097135824600452 0.6935881027067551 0.18514879100818923 0.6968468251854483
0 0.19447123338728386 0.6973753033262311 0.22108310370275816 0.6973753033262311 0.22108310370275816 0.71774261166351 0.19447123338728386 0.71774261166351
0 0.20061243125024786 0.7210013341422032 0.23285372971278157 0.7173352174084596 0.23735726061206178 0.7424276949179293 0.2051159815134736 0.746093811651673
0 0.21084776747650302 0.7470714838817866 0.2405302173595138 0.7470714838817866 0.2405302173595138 0.7625505543718434 0.21084776747650302 0.7625505543718434
0 0.19140063445580188 0.7487008142952967 0.226200762133913 0.7487008142952967 0.226200762133913 0.7755856292416351 0.19140063445580188 0.7755856292416351
0 0.2371264617455187 0.8006961706912878 0.23168592888691703 0.7761570169468118 0.2509544682381722 0.7734504468513258 0.2563949817328284 0.7979896622474747
0 0.18877139793434725 0.7835456616950758 0.2367553517298045 0.7720876982717803 0.24802361890144153 0.8019846290048926 0.20003964574203878 0.8134425924281882
0 0.20309492779262175 0.8423227637705176 0.2052664006422014 0.8094830753827336 0.25350816600818926 0.8115040172230114 0.2513366931586096 0.8443437672624684
0 0.24266602182146257 0.8586322822956124 0.19697979380031527 0.8530377628827336 0.19954749170293662 0.8397530603890467 0.24523373908802942 0.8453476414535985
0 0.17041821165133247 0.821615693063447 0.2161375326553577 0.824041748046875 0.2147879237450924 0.8401552759035669 0.1690686027410672 0.8377292825718119
0 0.16274172400460024 0.8399462150804924 0.18014177816168306 0.8399462150804924 0.18014177816168306 0.8578694044941604 0.16274172400460024 0.8578694044941604
0 0.1310122049399439 0.8187642415364583 0.16785938243575507 0.8187642415364583 0.16785938243575507 0.8391314882220644 0.1310122049399439 0.8391314882220644
0 0.17148735317481956 0.8183125197285354 0.14939526979088177 0.8200709487452652 0.14755087334492484 0.8053903907236427 0.16964295672886262 0.8036319617069129
0 0.19325839202416126 0.7835677329940025 0.19949424085278197 0.8158304233743687 0.17165177243615165 0.8192398841934975 0.16541592360753093 0.7869771938131314
0 0.17394525750639475 0.7899858571062184 0.11319720079451043 0.7980446555397728 0.10868812212484137 0.7765104043363321 0.16943618851869843 0.7684516059027777
0 0.15045932827867228 0.7478861490885417 0.17092998136723708 0.7478861490885417 0.17092998136723708 0.7641799464370265 0.15045932827867228 0.7641799464370265
0 0.1654631135427407 0.7494868114741161 0.15655235832717818 0.7175700486308396 0.17454246094989292 0.7143879591816603 0.1834532064834827 0.7463047220249369
0 0.19846301393460503 0.7264597883128157 0.20603716312931275 0.7445459230981691 0.18485004405684882 0.7501672609887942 0.1772758948621411 0.7320811262034407
0 0.19399884993654823 0.7109744293521149 0.16230868809114252 0.7160192007970329 0.15778151381439365 0.6980019925820707 0.18947167565979933 0.6929571594854798
0 0.1524308780728258 0.6967142124368687 0.14935189455293763 0.6697559703480114 0.1816519141802328 0.6674187554253472 0.18473089770012097 0.6943769975142046
0 0.11361215078286108 0.6761933297821969 0.1453416601655447 0.6761933297821969 0.1453416601655447 0.6990046953914142 0.11361215078286108 0.6990046953914142
0 0.11565921028253391 0.6990046953914142 0.14329460066587188 0.6990046953914142 0.14329460066587188 0.7095956513375947 0.11565921028253391 0.7095956513375947
0 0.11770627946417948 0.715298492739899 0.14943579852883584 0.715298492739899 0.14943579852883584 0.7307776248816288 0.11770627946417948 0.7307776248816288
0 0.12054067698832091 0.7309029627327968 0.15732486356938552 0.727243134469697 0.15973411598786486 0.742584413470644 0.1229499197248275 0.7462442417337437
0 0.15194322615105488 0.7477829441879735 0.15513451087293287 0.7668339276554609 0.1221490366204741 0.7703345712989268 0.11895776158056888 0.7512836494831123
0 0.0910944285126507 0.7283335676096907 0.12282393789533431 0.7283335676096907 0.12282393789533431 0.7511449332189079 0.0910944285126507 0.7511449332189079
0 0.11702485253968214 0.7040357185132575 0.12011508651191208 0.7274028123027146 0.09129072082829355 0.7298178316366793 0.0882004868560636 0.7064507994988952
0 0.11123312548332408 0.6803108600654988 0.1151889471838317 0.6992029055200442 0.0911220802268401 0.702395599056976 0.08716626820830524 0.6835035536024305
0 0.08700029014935953 0.7535889904908459 0.12077687839566148 0.7535889904908459 0.12077687839566148 0.7951382107204861 0.08700029014935953 0.7951382107204861
0 0.1125761312881702 0.7999369303385416 0.1175689697265625 0.8357039018110796 0.09644924686644889 0.8375716392440026 0.0914564084280566 0.8018047910748106
0 0.1137696183877548 0.8218349880642362 0.10798271295382891 0.7988043274542298 0.143215866863425 0.7931954432015467 0.14900276261537812 0.816226227114899
0 0.08375494129161544 0.6822737260298295 0.08794892983993298 0.7123179426096906 0.0686266313349535 0.7140268036813447 0.06443263794564959 0.6839825871014836
0 0.06652963706079473 0.714483827533144 0.08802382958116871 0.714483827533144 0.08802382958116871 0.7307776248816288 0.06652963706079473 0.7307776248816288
0 0.059364904607007954 0.7307776248816288 0.08904735933100512 0.7307776248816288 0.08904735933100512 0.7519595984256628 0.059364904607007954 0.7519595984256628
0 0.0868329275683098 0.7144711272885101 0.0253872605144675 0.7167458890664457 0.0235003795720599 0.6844554554332386 0.0849460466259022 0.6821806320036301
0 0.04196484560893877 0.716113219598327 0.06857670140145394 0.716113219598327 0.06857670140145394 0.7299629596748738 0.04196484560893877 0.7299629596748738
0 0.0 0.7812884706439394 0.0 0.7332217438052399 0.054247241334866754 0.7332217438052399 0.054247241334866754 0.7812884706439394
0 0.059078318213448305 0.8008736042061237 0.052261589747395004 0.7628927828085543 0.08206686029579434 0.7595036670415088 0.08888358876184764 0.7974845500907513
0 0.05470232310028851 0.8329978249289772 0.06282671332964437 0.7925810226286301 0.09540093126635867 0.7967294404000947 0.08727653619601641 0.8371463043521149
0 0.02047065792955118 0.8098026776554609 0.02047065792955118 0.793508818655303 0.04298838019976156 0.793508818655303 0.04298838019976156 0.8098026776554609
0 0.054247241334866754 0.8024704441879735 0.014895780437488846 0.8047077217487374 0.012682456050427431 0.7800436617148043 0.052033913317065555 0.7778063841540404
0 0.0 0.7315923517400568 0.054247241334866754 0.7315923517400568 0.054247241334866754 0.7804738054371844 0.0 0.7804738054371844
0 0.011258861135105191 0.8195789683948863 0.05322370674404396 0.8195789683948863 0.05322370674404396 0.8358727657433712 0.011258861135105191 0.8358727657433712
0 0.04441498499836413 0.8577936962397411 0.013844866437960398 0.8594158750591856 0.011947255449246633 0.8367595634075127 0.04251737158915718 0.8351374462397412
0 0.5291664781909303 0.7454420918166035 0.5527077302109772 0.7454420918166035 0.5527077302109772 0.7706975146977588 0.5291664781909303 0.7706975146977588
0 0.49987769732015386 0.7339737709122475 0.5416063802496431 0.7273308648003473 0.5466059186131821 0.7472281407828283 0.5048772744115839 0.7538710468947285
0 0.49420890227187103 0.707339631668245 0.521568724346645 0.7029841875789141 0.5251117067288626 0.7170846033577967 0.49775188465408865 0.7214400474471275
0 0.5324176846421914 0.7012091742621528 0.4936439010697573 0.7089248194839015 0.4881649501432622 0.6914807868726326 0.5269388111714784 0.6837652033025569
0 0.4813158451603149 0.6635125670770202 0.5179451492232114 0.6584420868844697 0.523579321536921 0.6842282073666351 0.4869499787461334 0.6892986875591856
0 0.5198641162233304 0.6612622193615846 0.4732616443924492 0.6637351296164773 0.4711466368079791 0.6384832825323548 0.5177491086388603 0.6360103722774622
0 0.5302687126972954 0.7734549474234533 0.521568724346645 0.73883056640625 0.5699897417562262 0.7311223193852588 0.5786897688347676 0.7657467004024621
0 0.5363312154857035 0.7291482328164457 0.5363312154857035 0.6933018539891098 0.5670372048005234 0.6933018539891098 0.5670372048005234 0.7291482328164457
0 0.5694793468804529 0.7258957371567235 0.6766217226909502 0.7105888597892992 0.686351098384954 0.7537353515625 0.5792087613023477 0.7690421672782513
0 0.5637618708731559 0.6954200205176768 0.5960031499717441 0.6917539037839331 0.6019601192571185 0.7249444518426452 0.5697188401585302 0.728610506924716
0 0.5932877826206575 0.6872635658341225 0.5598122456352118 0.6939248441445707 0.5522862933008804 0.6699633665759154 0.5857618302863261 0.6633020882654672
0 0.5265053298872739 0.668698212594697 0.5533013900524468 0.6656512636126894 0.5577230695540529 0.6902875187421086 0.530926931933098 0.6933344677241161
0 0.5568018879382138 0.6664171006944445 0.5568018879382138 0.6354588364109849 0.5844372589576062 0.6354588364109849 0.5844372589576062 0.6664171006944445
0 0.5269903579944282 0.6689885303227588 0.5221153298005234 0.6327723031092172 0.5500876334718037 0.6303868149266099 0.5549625842099263 0.6666030421401515
0 0.6241345865472319 0.7236710365372475 0.5689583405625397 0.7291608097577336 0.5634626979150142 0.6941667036576704 0.6186390213554885 0.6886769920888574
0 0.6212045504962127 0.6837719849865846 0.5905185447731599 0.6890058421125316 0.5823102844548105 0.6585165621054293 0.6129963676336453 0.6532826433278094
0 0.6518486526411802 0.683437832919034 0.6565884817675286 0.7136190395162563 0.6248431907692537 0.7167775163746843 0.6201034003707964 0.6865963097774621
0 0.5582357106475055 0.6907571195351957 0.5519600882748057 0.6341454708214962 0.614002905521296 0.629788177181976 0.6202784504382138 0.6863997025923295
0 0.6448437453526531 0.7268910417653094 0.6822569406577174 0.724600312204072 0.6836958367207329 0.7394899927004419 0.6462827188714506 0.7417807222616793
0 0.6560845544495558 0.6990046953914142 0.6816728466053299 0.6990046953914142 0.6816728466053299 0.714483827533144 0.6560845544495558 0.714483827533144
0 0.7077818739837801 0.6804090095288826 0.7098289528473984 0.7129966658775253 0.6848149178596923 0.71399215544113 0.682767916451856 0.6814044990924873
0 0.7195436119428141 0.7503302063604798 0.7666261159829076 0.7503302063604798 0.7666261159829076 0.755218382556029 0.7195436119428141 0.755218382556029
0 0.6929317416273398 0.6818961711845013 0.7103317957844226 0.6818961711845013 0.7103317957844226 0.6867843473800505 0.6929317416273398 0.6867843473800505
0 0.6815331938303062 0.710812347103851 0.7516871418444638 0.7097970673532197 0.7523146111347954 0.7372652920809659 0.6821606631206377 0.7382805101799242
0 0.6237566797866434 0.7433865633877841 0.6197003592089348 0.6852702439433397 0.6814335856945987 0.6825404311671401 0.6854898675444162 0.7406566889599117
0 0.7205671126467322 0.7560330477627841 0.7737908532776808 0.7560330477627841 0.7737908532776808 0.7764003561000631 0.7205671126467322 0.7764003561000631
0 0.774814353981599 0.7405539156210543 0.8270145164528474 0.7405539156210543 0.8270145164528474 0.7625505543718434 0.774814353981599 0.7625505543718434
0 0.8683816357917592 0.797387633660827 0.8320371366394352 0.795459046026673 0.8337037527016576 0.7755603520557134 0.8700482518539816 0.7774890013415404
0 0.8689793620617862 0.7723268451112689 0.8945677316733424 0.7723268451112689 0.8945677316733424 0.7983969948508522 0.8689793620617862 0.7983969948508522
0 0.8945677316733424 0.7788444133720013 0.9283442618278077 0.7788444133720013 0.9283442618278077 0.7983969948508522 0.8945677316733424 0.7983969948508522
0 0.8955912323772605 0.7568477746212121 0.9293678399875079 0.7568477746212121 0.9293678399875079 0.7788444133720013 0.8955912323772605 0.7788444133720013
0 0.8672727013602475 0.7609642568260733 0.8933327766844463 0.7544138898753157 0.8991335951132218 0.7690352622908775 0.8730735197890228 0.7755856292416351
0 0.830085173476166 0.7641799464370265 0.830085173476166 0.7462567570233586 0.8700029402214864 0.7462567570233586 0.8700029402214864 0.7641799464370265
0 0.8904735739461056 0.7201866689354482 0.9283442618278077 0.7201866689354482 0.9283442618278077 0.7535889904908459 0.8904735739461056 0.7535889904908459
0 0.8700029402214864 0.7242601182725694 0.892520652809724 0.7242601182725694 0.892520652809724 0.752774263632418 0.8700029402214864 0.752774263632418
0 0.8290615953164657 0.7250747834793245 0.8700029402214864 0.7250747834793245 0.8700029402214864 0.7462567570233586 0.8290615953164657 0.7462567570233586
0 0.8679558613578681 0.6990046953914142 0.8874029943785692 0.6990046953914142 0.8874029943785692 0.7218160610006313 0.8679558613578681 0.7218160610006313
0 0.8857082618674651 0.699645749487058 0.8883258025658313 0.7225639574455492 0.8416292606876586 0.725942900686553 0.8390117199892925 0.7030247543797349
0 0.8914970746500238 0.7014487526633523 0.9314149188511263 0.7014487526633523 0.9314149188511263 0.7201866689354482 0.8914970746500238 0.7201866689354482
0 0.892520652809724 0.6859696205216225 0.9324384195550444 0.6859696205216225 0.9324384195550444 0.7022634795217803 0.892520652809724 0.7022634795217803
0 0.8894500732421875 0.6493085764875316 0.9324384195550444 0.6493085764875316 0.9324384195550444 0.6859696205216225 0.8894500732421875 0.6859696205216225
0 0.886379416218869 0.6224237615411932 0.930391340691426 0.6224237615411932 0.930391340691426 0.6550114178898359 0.886379416218869 0.6550114178898359
0 0.877980033758328 0.6062051792337437 0.9127962528751586 0.5999069059738005 0.9195326596952332 0.6234993366279987 0.8847164405784026 0.6297976098879419
0 0.8287312464060517 0.6088053385416666 0.8841286286484772 0.6012463502209596 0.8895831422757376 0.6265721793126579 0.8341857600333121 0.6341311676333649
0 0.844347726270027 0.6296812731810291 0.8859840044515387 0.6286456483783144 0.8871134646652918 0.6574117641256313 0.8454770315722161 0.658447388928346
0 0.8464616494735485 0.6631583165640783 0.886379416218869 0.6631583165640783 0.886379416218869 0.6745639993686868 0.8464616494735485 0.6745639993686868
0 0.8118045245330345 0.6778618706597223 0.8488126648259042 0.6739342891808712 0.8514139398100412 0.6894632358743686 0.8144058769729536 0.6933907557015467
0 0.8427243305341846 0.6832753807607324 0.8098523290024191 0.6762981992779356 0.8168684286514515 0.6553561740451389 0.849740352727435 0.6623334788312816
0 0.9301252026243259 0.7314456824100379 0.9258264067209312 0.7553976039693813 0.9196647218036168 0.7546969327059659 0.9239635177070115 0.7307450111466225
0 0.8869084392102237 0.7237932918047664 0.8572995723201539 0.726037782611269 0.8563749826499049 0.7183101769649621 0.8859838495399747 0.7160655628551137
0 0.8259910157489293 0.6134621976601957 0.8423675692020939 0.6134621976601957 0.8423675692020939 0.6240531536063763 0.8259910157489293 0.6240531536063763
0 0.930391340691426 0.7014487526633523 0.8096144622957646 0.7014487526633523 0.8096144622957646 0.6069446293994634 0.930391340691426 0.6069446293994634
0 0.7881203278672272 0.6102034135298295 0.8239439368853109 0.6102034135298295 0.8239439368853109 0.6346441095525568 0.7881203278672272 0.6346441095525568
0 0.7706600131117148 0.6328230424360796 0.743205268976047 0.6382862437855114 0.7378467230627379 0.6212256845801768 0.7653015446541879 0.615762421579072
0 0.774814353981599 0.6305706602154356 0.8085909615918464 0.6305706602154356 0.8085909615918464 0.6484938496291035 0.774814353981599 0.6484938496291035
0 0.7635555364153712 0.6501232416942866 0.8106380404554648 0.6501232416942866 0.8106380404554648 0.6737492725102588 0.7635555364153712 0.6737492725102588
0 0.7699748392637611 0.6715081108940972 0.8118604476076697 0.6700586184106692 0.8132586019293306 0.6956552216500947 0.771372993585422 0.6971048374368687
0 0.7758379321412991 0.7047075367937184 0.8167791995905378 0.7047075367937184 0.8167791995905378 0.716113219598327 0.7758379321412991 0.716113219598327
0 0.7727672751179806 0.715298492739899 0.8157556988866196 0.715298492739899 0.8157556988866196 0.7397392504142992 0.7727672751179806 0.7397392504142992
0 0.7451319040985882 0.696560638119476 0.7758379321412991 0.696560638119476 0.7758379321412991 0.7136691623263889 0.7451319040985882 0.7136691623263889
0 0.7685154948742862 0.6729543974905303 0.7763413947245796 0.71240524137863 0.7472232102137532 0.716064761383365 0.7393973103634597 0.6766139174952651
0 0.6824707960719385 0.6801395300662879 0.7434785329750951 0.6788271509035669 0.7446261178418464 0.7126231183909406 0.6836183809386898 0.7139355592053346
0 0.712378874648041 0.6501232416942866 0.7369436660998969 0.6501232416942866 0.7369436660998969 0.67782272184738 0.712378874648041 0.67782272184738
0 0.710063334043861 0.6665105646306818 0.6632744648734931 0.6698962279040404 0.6605394237537674 0.6459496700402462 0.7073282929241355 0.6425640067668876
0 0.7079767527314007 0.6415581597222222 0.7061833415539737 0.6201455472695707 0.7294845193775777 0.6189090613162879 0.7312780080107868 0.6403216737689394
0 0.6335668418613182 0.6224237615411932 0.6673434494715657 0.6224237615411932 0.6673434494715657 0.6476791844223485 0.6335668418613182 0.6476791844223485
0 0.6838446292780378 0.6433658484256629 0.6820832847943766 0.6237389150291982 0.7061597175404505 0.6223700012823548 0.7079210620241116 0.6419970579821654
0 0.059762354429603225 0.661987366339173 0.00030544978864301885 0.6660150701349432 -0.00337282836739787 0.6316138681739267 0.05608407616010172 0.6275861643781566
0 0.04339373535311162 0.5792129054214015 0.04816684626080663 0.6172048857717803 0.019791679333914354 0.6194634331597222 0.015018570846712528 0.5814714528093434
0 0.05629430567552596 0.6175356469973169 0.07983556253655913 0.6175356469973169 0.07983556253655913 0.6403469509548612 0.05629430567552596 0.6403469509548612
0 0.07912490089532688 0.6267356178977272 0.11264672255152978 0.623178008108428 0.11550725172013801 0.6402544734453914 0.08198542522294873 0.6438120832346906
0 0.12221281177501388 0.6513387044270833 0.08382957961958677 0.6548638854363952 0.08175412289382238 0.6405467640269886 0.12013735504924948 0.6370215830176768
0 0.08027784473399825 0.6276473228377525 0.07203430330692814 0.5707806828046086 0.10435701747836196 0.5678121547506313 0.11260056858740482 0.6246787331321023
0 0.11574219447102038 0.6480754813762626 0.11142676493843195 0.6274660669191919 0.14611623734992168 0.6228641394412879 0.1504316668825101 0.6434736155500316
0 0.11143991305743377 0.6123019131747159 0.15707513644610566 0.611004577020202 0.15765665509374008 0.6239649300623422 0.11202143170506822 0.6252622045651831
0 0.13654177322000416 0.6098954017716225 0.10722130325239927 0.6124885327888258 0.10430049412141597 0.591564879754577 0.13362096408902085 0.5889717487373738
0 0.15100120892984614 0.646960387567077 0.14696728275512075 0.6341169260969066 0.17056874696373334 0.6294205482559975 0.17460266345648595 0.642263824771149
0 0.1658426081468611 0.6053731282552083 0.1759568035300008 0.6246942693536932 0.14892099835545883 0.633660703716856 0.13880680297231915 0.6143395009666982
0 0.13513929105652164 0.6127576423413825 0.12523342268115978 0.5796420010653409 0.16586942721139356 0.5719409056384154 0.17577528590478267 0.6050564852627841
0 0.1933658231938551 0.607303133877841 0.19997785539191387 0.6441434609769571 0.1747580010273735 0.6470111268939394 0.1681459688293147 0.6101707997948232
0 0.19385712521935478 0.5587149571890783 0.21064307120850848 0.5854367651120581 0.17707117923020108 0.5987977307252209 0.16028525260499285 0.5720758611505682
0 0.19893987045675365 0.6473302359532829 0.19031321336775261 0.6071123219499684 0.22388510534606004 0.6025500364977904 0.23251176243506108 0.6427679505011048
0 0.2666986145949001 0.6120163426254734 0.2729786519471764 0.6382594253077651 0.23290636091667988 0.6443348277698864 0.22662630420045804 0.6180918683909407
0 0.22332934074595495 0.6055046312736743 0.2985949637321046 0.5960453534367108 0.30634615748061744 0.635119690557923 0.23108051513052227 0.6445789683948864
0 0.26412183500183417 0.5951650291982323 0.2293300725481837 0.5976825136126894 0.22735853243600293 0.5804204767400568 0.26215025616176235 0.5779029306739267
0 0.22712444169872303 0.5589772234059344 0.23069432060125517 0.5845505839646464 0.21159668743307822 0.586239531545928 0.2080268085305461 0.5606662326388889
0 0.26509500881136977 0.5841333254419192 0.2927303991947077 0.5841333254419192 0.2927303991947077 0.600427122790404 0.26509500881136977 0.600427122790404
0 0.306650442520374 0.5497533316564078 0.3129963366513325 0.5649066347064394 0.27921974840503055 0.5738681985874369 0.2728738736380175 0.5587149571890783
0 0.35540209929955185 0.6274372139362374 0.3262707860336691 0.6320747760811237 0.3222947483740482 0.6162509494357639 0.351426061639931 0.6116134489425505
0 0.3486502400509597 0.6010033193260732 0.31191538312108386 0.6042521775370896 0.3097185435028851 0.5885147248855745 0.3464533617048699 0.585265928326231
0 0.07411952430221636 0.5843965164338699 0.07906397708176356 0.615881162701231 0.04920831186517241 0.6188516636087437 0.0442638590856252 0.5873670173413825
0 0.4012248625004957 0.5531750611584596 0.4544486031314443 0.5531750611584596 0.4544486031314443 0.6248678188131314 0.4012248625004957 0.6248678188131314
0 0.3490247000292473 0.5963536734532828 0.37870714991225807 0.5963536734532828 0.37870714991225807 0.6273119377367424 0.3490247000292473 0.6273119377367424
0 0.3679229426504997 0.5788884943181818 0.40696832492266816 0.5707099066840278 0.41294779511272606 0.5887956099076704 0.3739023741126666 0.5969741975418245
0 0.3717832613717481 0.5514977040916982 0.40188718689274666 0.5455073809382891 0.4088712585759042 0.5677435980902777 0.3787673717827966 0.5737339828953598
0 0.37784739073157914 0.5500140565814394 0.35133787823207485 0.5530283918284407 0.3478988027814681 0.5338668669113005 0.3744083152809724 0.5308525316642992
0 0.3373295740427705 0.5423303469262942 0.360904403144333 0.5648478190104167 0.33986326885707485 0.5788044630879103 0.31628842039156685 0.5562869293521149
0 0.31217751285146333 0.5678394664417613 0.34697762116562897 0.5678394664417613 0.34697762116562897 0.5882067747790404 0.31217751285146333 0.5882067747790404
0 0.5088341417651491 0.6165667909564394 0.45837673438987153 0.623260498046875 0.4512949909655576 0.5894398082386364 0.5017523983408352 0.5827461011482008
0 0.4329200396077887 0.545416321417298 0.4906088349782876 0.5373131954308712 0.49486437182741116 0.5565075806897096 0.4371756151848033 0.5646108299794823
0 0.5012035466692775 0.5749762024542298 0.5262801272009835 0.5721247509272411 0.5334653515501071 0.6121586963383838 0.508388771018401 0.6150100862136995
0 0.53605926823495 0.6122745398319129 0.5302654208265586 0.569616514263731 0.571362645492941 0.5660801126499369 0.5771565316292235 0.6087381382181187
0 0.578214732523497 0.6123940207741477 0.5685169587885668 0.5682851463857324 0.5974415038442854 0.5642561479048296 0.6071393163071066 0.608365022293245
0 0.7158601247719701 0.5991304031526199 0.6043086947523398 0.6123545020517677 0.5962173926648755 0.5691123885337752 0.7077689388681789 0.5558882896346276
0 0.6044262726294812 0.5084629251499369 0.6198394697934843 0.5575360538983586 0.5673382366974342 0.5679832381431502 0.5519250395334312 0.5189101093947285
0 0.540139483921419 0.5140294238774463 0.6539514996678696 0.507781859118529 0.6588111528890387 0.5638692220052083 0.5449991371425881 0.5701167559382891
0 0.48943111981232157 0.5399625527738321 0.5195290812381028 0.537566892065183 0.5229948789335145 0.5651534263533775 0.4928969562356242 0.5675490870620266
0 0.7089834455306154 0.5579019565774936 0.7631433167433376 0.5528302433514836 0.7691517941237707 0.593481383660827 0.7149918454552665 0.5985530352351641
0 0.7094094523318528 0.48959754404395517 0.7264932545308534 0.5943020907315341 0.6642174890198683 0.6007396967724116 0.6471336868208677 0.49603505760732325
0 0.7609226594721605 0.549810791015625 0.8467088108740483 0.5409593370225695 0.8543302274597477 0.5877569641729798 0.7685440760578601 0.5966083565143624
0 0.7997287033778157 0.5263498633798926 0.8606163838188056 0.5209649596551452 0.863412382638999 0.5409944168244949 0.8025246247422272 0.5463793205492424
0 0.7584714163378411 0.5327709467724117 0.7997479898675444 0.5275141552241162 0.8034461161811944 0.5459114460029988 0.7621695426514912 0.5511682375512942
0 0.7538431235376348 0.49261758207070705 0.8039917147099064 0.4979397243923611 0.7995668982491275 0.5243549385456123 0.749418229621074 0.5190327345722854
0 0.9014376722616593 0.5372201630563447 0.9108377834261977 0.5783717916469381 0.8770611758159502 0.5832599061908144 0.8676610646514118 0.542108277600221
0 0.8070484296924572 0.5039796463166825 0.8571537230825667 0.49854119811395203 0.8597385774409105 0.5136286880030777 0.809633129139237 0.5190670745541351
0 0.7680117999236595 0.5978452123776831 0.7569261734860803 0.527255341500947 0.9502951530030537 0.5080161046500158 0.9613807794406329 0.5786059447009154
0 0.8295432928249921 0.485459853663589 0.8516997516457805 0.48105095757378474 0.8569980369606599 0.4979198417278251 0.8348415006840895 0.5023287686434659
0 0.9088184337325508 0.46161631574534406 0.9216125798104379 0.5125344941110322 0.8605943089209233 0.5222481159248737 0.8478000853872542 0.4713299375591856
0 0.9782227646880949 0.5129174126519097 0.9373314562182741 0.5165338689630682 0.9334245091162358 0.4885461980646307 0.9743158950418385 0.4849297725793087
0 0.9272760691376507 0.4592187746606692 0.9637478281398715 0.45534809767597856 0.9686375342044734 0.4845382536300505 0.9321657752022525 0.48840893061474117
0 0.93626489009954 0.491183379202178 0.9400441126169892 0.5152480616714015 0.9142195803259835 0.5178174567945075 0.9104403578085343 0.4937527434994476
0 0.7041266581733819 0.49463485563644255 0.9953761996351523 0.4448037812204072 1.0270659161098112 0.5621488937223801 0.735816374648041 0.6119799681384154
0 0.7141375856351126 0.6001226251775568 0.6944818641933693 0.5326013430200441 0.7193350235217719 0.5280177260890152 0.7389907449635152 0.5955389465948548
0 0.6960023211948763 0.5051083034939237 0.7082847169208043 0.5051083034939237 0.7082847169208043 0.522216796875 0.6960023211948763 0.522216796875
0 0.6705996905486595 0.5623637498027146 0.6394861289087286 0.5607127180003156 0.6420856998656607 0.5296751696654041 0.6731993389613737 0.5313262014678031
0 0.6253785651347359 0.5776157571811869 0.6253785651347359 0.5678394664417613 0.6427786192918187 0.5678394664417613 0.6427786192918187 0.5776157571811869
0 0.5902309901823247 0.5986333057133838 0.6017246149518163 0.5681384154040404 0.6214440437742901 0.5728472468828915 0.6099504964605806 0.6033420755405619
0 0.6602264249385311 0.5221748737373737 0.5789933180445948 0.5253548053779987 0.5775247176891656 0.5015858968098958 0.6587578633109931 0.4984059959951073
0 0.5543869715656726 0.5718542850378788 0.520572526805897 0.5273861663510101 0.5504184083890189 0.5130074857461332 0.5842328531487944 0.5574755736071654
0 0.9021500330891101 0.5399314803306503 0.9489869248443449 0.5331531871448864 0.9580758186766338 0.5729426836726641 0.9112390043771812 0.5797209152067551
0 0.959910668697454 0.34314439561631943 0.9681175735396177 0.4068349818990688 0.9021766004223509 0.41221819020280936 0.8939697730359693 0.34852760392006
0 0.9539326314393639 0.3307644622494476 0.9999915573197573 0.3307644622494476 0.9999915573197573 0.4073453960996686 0.9539326314393639 0.4073453960996686
0 0.9102266573058773 0.3044793331261837 0.9139952683811865 0.34197584980666035 0.8667647463416085 0.34498337254379735 0.8629960578105171 0.3074868558633207
0 0.9588232669733503 0.3343909369574653 0.9216097139465023 0.33624224421953913 0.9195387787020146 0.30986781264796404 0.9567523317288626 0.30801650538589015
0 0.9610973687341371 0.22241058349609374 0.9999915573197573 0.22241058349609374 0.9999915573197573 0.270477356573548 0.9610973687341371 0.270477356573548
0 0.9613083582844226 0.282319749003709 0.9190121568399032 0.28385003600457703 0.9174863553894352 0.2571315110331834 0.9597825568339546 0.2556012856839883
0 0.9596171112835105 0.22439092770971433 0.9644199119606599 0.2549731630267519 0.921840919455901 0.2592095577355587 0.9170381962345336 0.22862732241852116
0 0.9534331191009676 0.20352277659406565 0.9587227293682582 0.2266795611140704 0.9179206499593512 0.23258441963581122 0.9126310396920606 0.2094276967674795
0 0.85567346563194 0.25581290505149146 0.8996853901044971 0.25581290505149146 0.8996853901044971 0.29084460325915407 0.85567346563194 0.29084460325915407
0 0.9570032110069003 0.19226703065814393 0.9999915573197573 0.19226703065814393 0.9999915573197573 0.22159590287642045 0.9570032110069003 0.22159590287642045
0 0.9503231145403712 0.1548741966787011 0.9545666070153871 0.20554001933396465 0.9156407390149112 0.20760558157256156 0.9113971690841133 0.15693975891729797
0 0.9590502898705188 0.1808613632664536 0.9590502898705188 0.1515324910481771 0.9999915573197573 0.1515324910481771 0.9999915573197573 0.1808613632664536
0 0.9028183990323604 0.13079764626242898 0.9447208152809724 0.12709176419961332 0.9484155335402126 0.1535592743844697 0.9065130398358185 0.15726515644728536
0 0.8996853901044971 0.10509511003590594 0.9406266575537358 0.10509511003590594 0.9406266575537358 0.1295358368844697 0.8996853901044971 0.1295358368844697
0 0.888745612904505 0.0758094016951744 0.9475264960739214 0.07221032344933712 0.950548898145027 0.10348492246685606 0.8917680149756108 0.10708390823518386
0 0.8935441535136421 0.03666108641961608 0.9447208152809724 0.03666108641961608 0.9447208152809724 0.07739562217635337 0.8935441535136421 0.07739562217635337
0 0.9415443536593829 0.030761637832179212 0.9904198041422113 0.027519682681921755 0.9949021702490483 0.07033311477815261 0.9460267197662199 0.07357497552428582
0 0.9662150271652918 0.07739562217635337 0.9999915573197573 0.07739562217635337 0.9999915573197573 0.11079795143821022 0.9662150271652918 0.11079795143821022
0 0.9508620518718274 0.1099832554056187 0.9999915573197573 0.1099832554056187 0.9999915573197573 0.14745902629813762 0.9508620518718274 0.14745902629813762
0 0.8266757248621907 0.09941475608132103 0.8205768565841133 0.04116157762932055 0.8762288359821145 0.037470206829032515 0.8823277042601919 0.09572338528103298
0 0.8245236159581218 0.08676098910245028 0.7733696487349302 0.08947536584102746 0.7694295505581773 0.042432442096748735 0.8205834403255869 0.039717965174202965
0 0.7777975634269908 0.08899005157778961 0.8250922963098826 0.08480730153093434 0.8287370555897049 0.11091718577375316 0.7814423227068131 0.11509993582060843
0 0.829446085818528 0.13870837279040404 0.7819479540519908 0.1414088239573469 0.7794592223191624 0.11367621373648595 0.8269573540856996 0.11097576256954308
0 0.8299969513404187 0.1161214809225063 0.8824370718244369 0.11366617222024937 0.8838912266765149 0.1333423653034249 0.8314510287367148 0.13579767400568182
0 0.8331557530437024 0.1336092862215909 0.8904735739461056 0.1336092862215909 0.8904735739461056 0.15886470910274622 0.8331557530437024 0.15886470910274622
0 0.8367441245141973 0.162593063200363 0.7859467637115324 0.16570329762468433 0.7836047332298938 0.1414686877318103 0.8344020165767766 0.13835849954624369
0 0.785437956679291 0.16583168723366476 0.8414312062529743 0.1586432254675663 0.8465021588475571 0.1836681635692866 0.7905089092738737 0.19085657909663037
0 0.8943991104358344 0.18319040934244793 0.8421929064135866 0.18638687904434975 0.8398147040817339 0.16177838258068972 0.8920209081039816 0.15858197453046086
0 0.7891438285711453 0.18656418925583965 0.8464616494735485 0.18656418925583965 0.8464616494735485 0.20937553945213858 0.7891438285711453 0.20937553945213858
0 0.8331725609484057 0.20789303249782987 0.836327025127895 0.23551242712772255 0.7886152703144829 0.23896485916291824 0.7854607286792116 0.21134547994594383
0 0.7906268744299254 0.2358719796845407 0.838729006384835 0.23176978525489267 0.8424075363856282 0.259097382516572 0.7943053269749365 0.26319956153330176
0 0.8467576854725174 0.29988508128156566 0.7898779544733503 0.3015020197088068 0.7883145869685914 0.26666022406684026 0.8451943179677586 0.2650433164654356
0 0.8372378276689404 0.20837332985617898 0.8952690937797431 0.2060045955157039 0.8985148783262611 0.2563829055940262 0.8404836122154584 0.2587517015861742
0 0.8626885583558058 0.1659274631076389 0.8797658542691148 0.15535523385712594 0.8923316607015387 0.1682148480656171 0.8752544422440117 0.1787870310773753
0 0.8995191699962326 0.24011047055022885 0.7890295038368497 0.24639225198764994 0.7818284397802983 0.1661472975605666 0.8923179510281171 0.1598654698843908
0 0.7113552964883407 0.0 0.7512731406894432 0.0 0.7512731406894432 0.029328868365046955 0.7113552964883407 0.029328868365046955
0 0.7021435577857312 0.059472428909455886 0.7543437202569797 0.059472428909455886 0.7543437202569797 0.08309846357865767 0.7021435577857312 0.08309846357865767
0 0.6452319537322533 0.05079615043871331 0.7064686886550207 0.04774971008300781 0.7102282374038309 0.095629505196003 0.6489915412089546 0.09867584536773989
0 0.6427786192918187 0.0 0.6970258993545765 0.0 0.6970258993545765 0.01955257955223623 0.6427786192918187 0.01955257955223623
0 0.6417550798600096 0.0 0.6990729007624128 0.0 0.6990729007624128 0.035031705914121684 0.6417550798600096 0.035031705914121684
0 0.6622257910404109 0.017108506867379854 0.7041906366493497 0.017108506867379854 0.7041906366493497 0.03421701373475971 0.6622257910404109 0.03421701373475971
0 0.7133132237468274 0.14897722957110165 0.6628294814056551 0.15009344852331913 0.6617767024161246 0.11992791686395202 0.712260444757297 0.1188116902052754
0 0.7148211329116434 0.12779348354146938 0.7111323787476206 0.0984323906176018 0.7604848793920527 0.09450413097034802 0.7641736335560755 0.12386522389421559
0 0.7104194757296954 0.1265782057636916 0.7627350473161881 0.12397561121468592 0.7648060600164578 0.1503500273733428 0.7124904109741831 0.1529526219223485
0 0.7135428801405853 0.11820852876913668 0.7116861875892291 0.18175794813368057 0.6574445230706694 0.1807539044004498 0.6593012156220257 0.11720448503590593
0 0.7127859822384597 0.1788718637793955 0.7111517426931313 0.15415657120521623 0.7654640468849143 0.15188136245265152 0.7670982864302427 0.17659660878807606
0 0.7153008940256187 0.17913147897431345 0.7674624835174095 0.17576511267459755 0.7692785117831932 0.19359314273102116 0.7171169222914023 0.19695950903073706
0 0.7115579982699477 0.17677179201684817 0.7158649270304569 0.2110532972547743 0.6686406014534423 0.2148121997563526 0.664333595237151 0.18053063286675347
0 0.720690577163309 0.2324845285126657 0.6685465701340418 0.2369714910333807 0.6657264825656329 0.2162083635426531 0.7178704895949001 0.2117213547831834
0 0.7650848233760311 0.2264079546687579 0.7191413066108819 0.22869350548946496 0.7166601655446938 0.19709495775627367 0.762603682309843 0.19480936069681187
0 0.6919082409234216 0.23218687423551926 0.7215906908064325 0.23218687423551926 0.7215906908064325 0.25581290505149146 0.6919082409234216 0.25581290505149146
0 0.7173093224539975 0.23084559585108902 0.7668507377508328 0.226464150168679 0.7704580858879283 0.2523057725694444 0.720916670591093 0.2566872182518545
0 0.7174672547935834 0.2909802985913826 0.6647688192764515 0.2837895557133838 0.6720106250743576 0.2501649644639757 0.7247091380472716 0.25735572275489266
0 0.7266764374553855 0.2554071599786932 0.7796293926723112 0.25277289188269414 0.7813777245845891 0.27503899468315973 0.7284248468234454 0.27767327819207704
0 0.7239652527165292 0.3130367702907986 0.6742420486992385 0.31869075274226644 0.6702502875158629 0.2964496959339489 0.7199734915331536 0.29079574430831756
0 0.7248548323732947 0.3078845399798769 0.7222860888176158 0.2547262789023043 0.7786938042810121 0.2529993847163037 0.7812624703809089 0.3061576457938763
0 0.8299592303745638 0.4114313915522412 0.8236448026550602 0.37122328016493056 0.8626964588455742 0.36733783760456123 0.8690108865650777 0.40754594899187185
0 0.7963085658659185 0.3095824887054135 0.830085173476166 0.3095824887054135 0.830085173476166 0.3437995062934028 0.7963085658659185 0.3437995062934028
0 0.7984730676951142 0.31142556546914457 0.8023742056134994 0.345582503501815 0.7742270842421478 0.3476192281703756 0.7703259463237627 0.31346229013770516
0 0.7711297049740244 0.3170776675445865 0.7751922607421875 0.34294723356613005 0.7396678634101365 0.3464817239780619 0.7356052301861913 0.3206121579565183
0 0.7504986603247937 0.3508469706833965 0.7945196471238499 0.3485110504458649 0.796530476681472 0.3725191675051294 0.752509489882416 0.37485508774266096
0 0.7591080254104536 0.36475380020912246 0.8090845098350253 0.36056651105784404 0.8150069338416085 0.4053499472261679 0.7650305268728188 0.4095372672032828
0 0.6714375297430203 0.3234322596077967 0.7062376380571859 0.3234322596077967 0.7062376380571859 0.3657961758700284 0.6714375297430203 0.3657961758700284
0 0.7805309779752935 0.3579659201882102 0.674400910508209 0.36922928010574496 0.666981421146296 0.3249371152935606 0.7731114886133804 0.3136737553760259
0 0.6063093388746232 0.3356150000986427 0.6716894934020067 0.3291100087791982 0.6776889084559407 0.367312714547822 0.6123088313843393 0.3738177058672664
0 0.7027336159333359 0.43267748283617424 0.6372756570728902 0.4442556978476168 0.6252822488697652 0.4012975211095328 0.6907402077302109 0.3897193060980903
0 0.6860032444677983 0.36592151372119636 0.6927742740224461 0.3928689667672822 0.6701384413665926 0.3964724145754419 0.6633673343561628 0.36952493070351955
0 0.6306622113068092 0.40487929835464015 0.6382695696680679 0.44121010520241477 0.5821689276525817 0.4486524177320076 0.574561569291323 0.41232161088423297
0 0.5580791725119963 0.41874291005760733 0.5481163450909144 0.38067882807567865 0.6191130507415926 0.36890579377761995 0.6290758781626745 0.4069699374112216
0 0.5795038291040411 0.33667913880011047 0.5864434024404148 0.3753443245935922 0.5529124458429172 0.3791571106573548 0.5459728725065435 0.34049186321220015
0 0.541826974316902 0.3392772944286616 0.6104988446695551 0.32994504986387313 0.6192829112716133 0.3708966804273201 0.5506109634631782 0.3802289249921086
0 0.7129614970405694 0.4134994352706755 0.7150557464754521 0.4268353086529356 0.7018286225759438 0.4281513252643624 0.6997342956852792 0.41481551353377527
0 0.7357658734781488 0.40973368943339644 0.6885585881731837 0.41112532182173295 0.6865661930916879 0.36830721768465907 0.733773478396653 0.36691552364464963
0 0.7553672209608978 0.42038044014362375 0.737967166803815 0.42038044014362375 0.737967166803815 0.4073453960996686 0.7553672209608978 0.4073453960996686
0 0.5720725277353664 0.0051567578556561714 0.626034034690276 2.5856884836096955e-06 0.6304509893891775 0.029300624192363085 0.5764895211621589 0.03445469634701507
0 0.521065997593294 0.0074411146568529535 0.5726014732709391 0.0030461400446265634 0.5770504946636065 0.03609810260811237 0.5255150964417433 0.04049307697951192
0 0.5862097183459907 0.10149852097636522 0.5803681194479695 0.059651238027245104 0.6364252313139475 0.05469357654301807 0.6422668689398596 0.09654085563890862
0 0.5308793740829235 0.057228546913224036 0.5796402674641101 0.05385362644388218 0.5847291123443449 0.10043470594618055 0.5359682576910494 0.10380962641552241
0 0.53940179505324 0.10102166069878472 0.5844372589576062 0.10102166069878472 0.5844372589576062 0.13035053291706122 0.53940179505324 0.13035053291706122
0 0.5835489185933534 0.10099092733980429 0.6391182913998057 0.09740458016443734 0.6421554875252816 0.12722005362462516 0.5865860759909383 0.13080630832248263
0 0.5908429683162476 0.13785668575402463 0.6065754769417235 0.13003009834674872 0.6117506075631544 0.1366209242078993 0.5960181763934606 0.1444474037247475
0 0.644443376415272 0.14421926170888574 0.649636670417592 0.2103582517065183 0.5912037186211135 0.21326511267459755 0.5860104246187936 0.1471261689157197
0 0.5404253344850491 0.16130878178760258 0.5864843378212247 0.16130878178760258 0.5864843378212247 0.19471110334300032 0.5404253344850491 0.19471110334300032
0 0.5935388555381503 0.2135618113508128 0.5464247882668742 0.21824941924124053 0.5428661210887928 0.19558843747533933 0.5899801109042869 0.19090084499782986
0 0.5486136112116315 0.22241058349609374 0.5916019962523794 0.22241058349609374 0.5916019962523794 0.23788971563782355 0.5486136112116315 0.23788971563782355
0 0.6570082146504204 0.251180999447601 0.6457882024309962 0.279957626805161 0.6283392736754442 0.27564737339212436 0.6395592858948683 0.24687074603456438
0 0.5267108588049254 0.22592905988596906 0.6324711523685359 0.21000290687638098 0.6582399164964705 0.3184176974826389 0.5524796616607511 0.3343438042534722
0 0.6038843919783075 0.2810683125197285 0.6591551340170924 0.2810683125197285 0.6591551340170924 0.3136559688683712 0.6038843919783075 0.3136559688683712
0 0.654355973761699 0.23546498616536457 0.5995033767622739 0.236970504606613 0.5984591566366593 0.21286745938387783 0.6533117923639753 0.21136194094262942
0 0.5936490363881067 0.2338162508877841 0.620260906703581 0.2338162508877841 0.620260906703581 0.2492953830295139 0.5936490363881067 0.2492953830295139
0 0.594672575819916 0.23463094692037564 0.6478962777229735 0.23463094692037564 0.6478962777229735 0.2492953830295139 0.594672575819916 0.2492953830295139
0 0.6307608125173501 0.37074905549636994 0.6405069961160572 0.4431527494180082 0.5603487431095336 0.4499887793955177 0.5506025595108265 0.37758502382220643
0 0.551888945138999 0.3793200252032039 0.56347846016666 0.4531184957485006 0.5049008596972161 0.45894664417613634 0.49331134466955506 0.38514820445667614
0 0.4084961014955782 0.43641058411261047 0.5014068293692496 0.42503313777422663 0.5093584786816902 0.46617265181107953 0.4164477120801277 0.47755006732362687
0 0.41064139429082724 0.4078342013888889 0.4935317838252498 0.3995870262685448 0.49794087676227394 0.42766255080097854 0.41505044849996037 0.4359096950954861
0 0.4074490542339189 0.36048969307331125 0.4897742876546637 0.3495683766374684 0.49987130721813533 0.3977892943102904 0.41754607379739056 0.40871054909446025
0 0.4921775856598985 0.39014917238794194 0.48616236962642767 0.35184619017321656 0.5168998447166482 0.34878789728338067 0.522915060750119 0.38709094114977904
0 0.48256125667978667 0.3533900713679766 0.5423132804444599 0.34087419606218433 0.5544976171503212 0.3777273775351168 0.494745554657757 0.3902431911892361
0 0.5387805996812539 0.2961848711726641 0.5460104385608344 0.33358995842211175 0.5021700399176119 0.3389584628018466 0.49494027849381345 0.3015533447265625
0 0.3958723968660771 0.2931113811454388 0.4758404184719028 0.2865267666903409 0.48171791812490083 0.3317497484611742 0.40174989651907517 0.3383343629162721
0 0.4740703214848707 0.27391342008956754 0.5182146566168306 0.27121057992029673 0.5206892139415451 0.2968158143939394 0.4765448400816942 0.29951865456321025
0 0.3939228348320511 0.24260893542357165 0.46671848974857233 0.23617092864681977 0.47293458735277205 0.2807007144195865 0.4001389324362508 0.28713878284801136
0 0.4720164265124326 0.2491351195056029 0.5206510282409977 0.24561590329565183 0.5236041848429569 0.27147232209793243 0.47496958311439164 0.27499152289496526
0 0.5230252803279664 0.2826977045849116 0.5353076760538944 0.2826977045849116 0.5353076760538944 0.2924739953243371 0.5230252803279664 0.2924739953243371
0 0.5302656531939046 0.21968194210168088 0.5407228421438769 0.2929284914575442 0.47667194502002697 0.2987218991674558 0.46621479479794575 0.22547531898575598
0 0.38550373987498016 0.22047072901870265 0.46516790244785056 0.20879001810093117 0.4710465252096883 0.234191139298256 0.3913823626368179 0.24587183480310923
0 0.44434108830950586 0.2125572281654435 0.3772948986382654 0.21832654548413827 0.3737831309362111 0.19247055824356848 0.4408293206074516 0.18670124092487372
0 0.36923527596565675 0.1533288512567077 0.44075674453967717 0.1481534861555003 0.44526196010221686 0.1875992591934975 0.3737405302560874 0.19277451640427715
0 0.45345596855667036 0.17587346548985952 0.5172843739466013 0.17180910977450284 0.5198944788898914 0.1977781815962358 0.45606607349996037 0.20184258355034723
0 0.47276825106083437 0.22336564497514205 0.4709447870399746 0.19724039405283303 0.512440366793405 0.19540545530993528 0.5142638308142647 0.22153070623224433
0 0.46973860687410773 0.1543901693941367 0.5043812475833797 0.15094345555160985 0.5077510388369487 0.17240108913845487 0.47310839812767685 0.17584784921973642
0 0.45035444540420766 0.15886470910274622 0.45035444540420766 0.11813016178632023 0.5005075677397287 0.11813016178632023 0.5005075677397287 0.15886470910274622
0 0.44357110038021497 0.1446399418994634 0.38517645046795684 0.14953255701546717 0.37293890163983184 0.056997129652235246 0.43133359027998097 0.052104506829772336
0 0.4942425568091688 0.0895948082509667 0.5078838755031527 0.13182018549755367 0.4506648107228545 0.14353156812263257 0.4370234533009795 0.1013060829856179
0 0.43613561639931 0.1004931825580019 0.4259113757138325 0.04895185605444089 0.48330665239827886 0.0417385833431976 0.49353093181164737 0.09327990599352905
0 0.41673286554171957 0.0012581364072934546 0.47211673175017843 -0.0020072899683557374 0.47457715339467005 0.024430679552482838 0.4191932871862111 0.027696106650612572
0 0.48947263611149666 0.04612709199539339 0.42690718597567023 0.05285674586440578 0.4226853036638444 0.02798938173236269 0.48525075379967086 0.02125972978996508
0 0.39074389462543624 0.03284828879616477 0.4226986260583558 0.029214799283730865 0.42646518455544097 0.050201242620294746 0.3945104918504124 0.05383473020611387
0 0.4128433459906409 0.031861052850280146 0.35292521830137613 0.03980975680881076 0.347586229973033 0.01431218349572384 0.40750439639018876 0.006363379353224629
0 0.34697762116562897 0.035846394240254105 0.3817777682076856 0.035846394240254105 0.3817777682076856 0.05865773673009391 0.34697762116562897 0.05865773673009391
0 0.36468474877062185 0.12309975672249843 0.36048827195530614 0.0997181747898911 0.38155256552139516 0.09732293023003472 0.3857490810646018 0.12070461234661063
0 0.3272641564383725 0.4825725825145991 0.20330063098578283 0.4954425542041509 0.19303297633447017 0.43278552739307136 0.3169965017870598 0.41991558652935607
0 0.2399281342017469 0.3801730377505524 0.3114550440444559 0.3659399167455808 0.32704886809218353 0.4155881631253946 0.25552197761342005 0.4298212841303662
0 0.24711403628896336 0.38501845851089017 0.25270196750079316 0.41170512498027145 0.21452695585144352 0.416769378353851 0.20893900527566822 0.3900827427103062
0 0.1791022634748275 0.42649101488517993 0.1775724730515843 0.3875257395734691 0.21281795211249802 0.3866490527836963 0.2143477425357412 0.4256143280954072
0 0.1524638645540034 0.42983620383522725 0.15005887220353645 0.3886791498974116 0.18518763508288388 0.38737866950757577 0.1875926371153236 0.4285357234453914
0 0.1462712070058445 0.5052064837831439 0.13671138201873315 0.448898161300505 0.19368046794445987 0.442770416568024 0.20324029293157123 0.49907876987649935
0 0.11844791857724263 0.5178415009469697 0.06937203189443211 0.5007517188486427 0.09286295702009636 0.45801379271227904 0.14193884370290688 0.47510360563644255
0 0.033412066813047765 0.5094363434146149 0.16439612141720533 0.4897650208136048 0.17317830971654902 0.5268134223090277 0.042194255112391436 0.5464847449100378
0 0.10825828126239292 0.4707659172289299 0.09818042232300424 0.43065805146188446 0.12770541428309407 0.4259579436947601 0.13778327322248274 0.46606577863596904
0 0.05448859839269957 0.40145399305555557 0.12099588461938848 0.3943957087969539 0.12583197191887097 0.4232656767874053 0.05932467601020929 0.43032396104600695
0 0.06659687836158094 0.44761611476089014 0.05279038521238995 0.41739523531210543 0.0760477424273031 0.41066364326862376 0.0898542355764941 0.44088452271740847
0 0.07160924533902085 0.49944482668481693 0.006980189817205903 0.5061546556877368 0.000399520251956688 0.4659970678464331 0.06502858273268956 0.45928726966934974
0 0.02941421566880899 0.45040600709240847 2.1176542708565135e-05 0.4523556795987216 -0.004185896537025568 0.41217173566721904 0.025207144354805727 0.4102220631609059
0 0.1236261667939007 0.3875506160235164 0.07632235222056433 0.3938259240352746 0.06896398515265605 0.35868413135258836 0.11626779972599242 0.3524088233408302
0 0.17631534634507853 0.3772770120639994 0.1212650240980429 0.38275426999487056 0.11611586052754204 0.34996609157986114 0.17116618277457765 0.3444888644748264
0 0.24275763264767408 0.36704052241161617 0.1906314985401134 0.3727633389559659 0.18520450107942377 0.34144573789654353 0.23733063518698447 0.33572298300386677
0 0.23154189986020782 0.3158047762784091 0.3109215673456337 0.3073803525982481 0.3193422501462365 0.3576492463699495 0.2399625826608106 0.3660736700501105
0 0.18539674633045486 0.3415243437795928 0.18131509771201818 0.3122848973129735 0.2279357716516795 0.30816175672743057 0.2320174202701162 0.33740123401988636
0 0.17928726661023756 0.29455184165877524 0.22642611973176752 0.28329563333530616 0.23360962068974064 0.30235490895280936 0.18647078693215616 0.3136111172762784
0 0.17751904792592005 0.26840287025528725 0.22318236839952807 0.26301827478890466 0.2273369416367584 0.2853397253787879 0.1816736405270959 0.29072432084517047
0 0.22754363239114053 0.2755414558179451 0.2878010551336453 0.26682104245580807 0.2926976353989035 0.2882571441958649 0.23244021265639872 0.29697761920967486
0 0.29662768368793624 0.26562053025370896 0.22872022444826698 0.27643084285235164 0.21986272976483184 0.2411798034051452 0.28777018900450113 0.2303694908065025
0 0.1745088451404862 0.2409073030105745 0.22024108189616712 0.23821093626696654 0.22277409897237865 0.26542913263494317 0.17704186221669774 0.2681254993785511
0 0.22851153920749723 0.19995144930752842 0.2803362735031825 0.19445138025765468 0.2858517254669654 0.22737699566465436 0.23402699117128015 0.23287704930160985
0 0.2898066951538706 0.2276715211193971 0.223287224164469 0.23955753210819128 0.2043810810534482 0.1725232056897096 0.2709005714067953 0.1606371947009154
0 0.20684554976255157 0.14774008086233428 0.28016335346977117 0.1389313360657355 0.2851709472346427 0.165337379532631 0.21185314352742307 0.17414617056798454
0 0.2057301090453482 0.1034657333836411 0.27737740453729776 0.1034657333836411 0.27737740453729776 0.14664434567846432 0.2057301090453482 0.14664434567846432
0 0.16710196170710065 0.22063456833964645 0.21367271539523516 0.21533907495363794 0.2182376687296756 0.24077370383522728 0.17166693440548658 0.2460691972212358
0 0.16547531282841252 0.19718495378590595 0.2128823565952669 0.19299231635199654 0.21615265589680163 0.21641964382595485 0.16874563149389277 0.2206122966727825
0 0.16120836093341034 0.17028474133424085 0.20833475335600413 0.16626574583727904 0.2119126102040867 0.19284543124112216 0.16478620809952016 0.19686442673808396
0 0.2072145297442596 0.15666687319977116 0.21740420578700032 0.2161442149769176 0.16702477702029467 0.2216124101118608 0.15683512034149943 0.16213500668304134
0 0.2063851719580326 0.15599698153409092 0.15637535250126408 0.1616835006559738 0.15072543729985427 0.1302038327612058 0.2007352567566228 0.12451731363932292
0 0.26628103110995993 0.045277296894728536 0.27898366318136303 0.10016440189245976 0.20309688355111835 0.11129121876726247 0.19039425147971525 0.05640410991630169
0 0.19281145279782677 0.06132199065853851 0.20312978289454117 0.11059974130958018 0.17723714760717402 0.11403473362778173 0.16691885623835065 0.06475688279277146
0 0.14636519959735386 0.06517526645853061 0.17195352079904624 0.06517526645853061 0.17195352079904624 0.09531881929648042 0.14636519959735386 0.09531881929648042
0 0.14462519418164557 0.09931082677359533 0.17164644735113618 0.09214150785195707 0.18044885160959312 0.11316057455660117 0.15342756939418425 0.12032979329427083
0 0.18014177816168306 0.0 0.2814715429005889 0.0 0.2814715429005889 0.03666108641961608 0.18014177816168306 0.03666108641961608
0 0.1351063336212623 0.0 0.18116531759349222 0.0 0.18116531759349222 0.021996652237092604 0.1351063336212623 0.021996652237092604
0 0.06857670140145394 0.008961598560063526 0.12691807625862547 0.008961598560063526 0.12691807625862547 0.04480799280031763 0.06857670140145394 0.04480799280031763
0 0.017400058998069182 0.0 0.06243550353848994 0.0 0.06243550353848994 0.03910515910447246 0.017400058998069182 0.03910515910447246
0 0.12019595034836512 0.06973313610963147 0.13018231464521535 0.11742556793521149 0.08337643424871609 0.1236348007664536 0.07339007479285226 0.07594236894087358
0 0.07521718407645443 0.08015764024522569 0.0816205019878252 0.12602865045720882 0.04050443862295393 0.12966502796519885 0.03410112071158317 0.08379390986278804
0 0.13262239446494786 0.14595884072660195 0.08274389160466074 0.1503700179283065 0.07968577757704681 0.12846287428730666 0.12956427559634756 0.1240515891951744
0 0.0849808823638761 0.15492331764914774 0.09034752240640863 0.1805531049015546 0.04055402968740705 0.18715869633838383 0.03518740174734048 0.1615289553247317
0 0.028210247833716687 0.1345579359266493 0.07341394569668068 0.1210653208722972 0.08523364962660117 0.14615325927734374 0.04002994934314399 0.159645882038155
0 0.09964230338934109 0.1573234326911695 0.13001632690429688 0.1532939409968829 0.13433176611885805 0.1739034633443813 0.10395774260390228 0.17793286256115845
0 0.15057438884289737 0.1993066652856692 0.08371452873733443 0.20544717191445708 0.07998946717547886 0.17975050800978534 0.14684931759906905 0.17360998596807922
0 0.07742724926943706 0.179711220481179 0.08423073279676098 0.20137238165344853 0.050514356739024824 0.2080815941396386 0.043710873211700904 0.18642043296736902
0 0.04512517706391775 0.20598062842783302 0.09590082120169238 0.2017263701467803 0.09990522704148655 0.23200608070450598 0.049129578062725554 0.23626032357264046
0 0.09928268587528752 0.2036726980498343 0.14943579852883584 0.2036726980498343 0.14943579852883584 0.22974280155066287 0.09928268587528752 0.22974280155066287
0 0.14652897016651134 0.22250834763652147 0.15117579426257138 0.24839924513691602 0.11105331188531091 0.2529614843503393 0.10640647810727812 0.22707058684994477
0 0.06038843919783074 0.23544564295296716 0.10747095291989708 0.23544564295296716 0.10747095291989708 0.25988636980153096 0.06038843919783074 0.25988636980153096
0 0.06038843919783074 0.2590716737689394 0.10440035398841509 0.2590716737689394 0.10440035398841509 0.28351240061750316 0.06038843919783074 0.28351240061750316
0 0.10176279097039083 0.2607950229837437 0.148805928109261 0.2533061788539694 0.15274259886765842 0.2689733331853693 0.10569945204681551 0.2764621619022254
0 0.11258861135105191 0.3014355900311711 0.06658984440837415 0.3105888906151357 0.059364904607007954 0.2875858499546244 0.10536368123165847 0.2784325493706597
0 0.11518838562941189 0.28088912193221277 0.16390855663318923 0.27534916424992106 0.16769562154857034 0.2964496959339489 0.11897546022676575 0.30198959196456754
0 0.11424163392352574 0.30011208274147727 0.1642328639926039 0.29852042150015784 0.16539047938312976 0.3215555826822917 0.1153992493140516 0.3231472130977746
0 0.11710713962613023 0.3240283388080019 0.16608692304737072 0.31969656896109533 0.16933228158708757 0.34294510658341226 0.12035248848387432 0.3472768764303188
0 0.11905756335573148 0.3514475196298927 0.07510315948331417 0.3595212069424716 0.06808218496099946 0.3353047688802083 0.11203659367440316 0.3272310815676294
0 0.1169376082831833 0.3289606576014047 0.06713677420833994 0.3357559974747475 0.06136083360855955 0.3089377355093908 0.11116167252438927 0.302142395636048
0 0.0 0.08880129727450284 0.01944712454897498 0.08880129727450284 0.01944712454897498 0.12383300318862453 0.0 0.12383300318862453
0 0.0 0.12138893050376814 0.02558832120169238 0.12138893050376814 0.02558832120169238 0.17597321789674084 0.0 0.17597321789674084
0 0.0 0.1873788852884312 0.014329460066587186 0.1873788852884312 0.014329460066587186 0.21426368482185132 0.0 0.21426368482185132
0 0.0 0.3356526076191603 0.02763538796284477 0.3356526076191603 0.02763538796284477 0.3600933344677241 0.0 0.3600933344677241
0 0.0 0.3600933344677241 0.03275305123498597 0.3600933344677241 0.03275305123498597 0.39105156792534723 0.0 0.39105156792534723
0 0.5417509127389356 0.13788304184422348 0.5810646018401016 0.13503838741418087 0.5838667583949675 0.15957259361190027 0.5445530305659105 0.16241724804194288
0 0.43296031661445117 0.5169519289575442 0.4831844271742148 0.5108017430160985 0.4887931165356321 0.5398197674992109 0.4385690059758685 0.5459699534406566
0 0.9877092390496114 0.8961599022451073 0.9999915573197573 0.8961599022451073 0.9999915573197573 0.9898492986505681 0.9877092390496114 0.9898492986505681
0 0.0 0.7071515940656565 0.029682452303503977 0.7071515940656565 0.029682452303503977 0.7307776248816288 0.0 0.7307776248816288
0 0.0 0.6802668407709912 0.024564789031362777 0.6802668407709912 0.024564789031362777 0.6998194222498422 0.0 0.6998194222498422
1 0.0051251196014094474 0.23406592475043403 0.007501862980992661 0.1990677804657907 0.03891746888911059 0.2004194625700363 0.03654072369415748 0.23541754520300662
1 0.020470749908292354 0.2931209679805871 -0.01053630640058953 0.28078083076862376 0.014750876402491845 0.24052547878689237 0.04575793271137373 0.25286561599885576
1 0.03688559798419778 0.33422087081755053 0.004827416790318368 0.3112555918067393 0.02503528207691793 0.2933837582366635 0.0570934605477425 0.31634903724747476
1 0.04064026943923253 0.28317695386482006 0.05343443004007872 0.2933605772076231 0.039135080908760805 0.30474227751144256 0.026340920307914618 0.2945586541686395
1 0.3302671558360763 0.03725897663771504 0.3639122435284145 0.07227914212930082 0.3254459594106916 0.09569265192205256 0.2918008523544079 0.06067248643046678
1 0.2890515787347319 0.14548238118489584 0.2553730107806056 0.1093516494288589 0.30250380850080305 0.08151840826477667 0.33618237645492943 0.11764922479186395
1 0.34920521072929883 0.18433582036182133 0.29080368661638445 0.16109307799676453 0.32015512921483386 0.11436818440755209 0.37855665332774824 0.13761094218552714
1 0.3599617662768679 0.2619558006826073 0.29135495878113105 0.2632257943201547 0.2900194080953066 0.2175146854285038 0.3586262349549889 0.21624470720387468
1 0.3700270289697018 0.31891294537168563 0.2985318179057939 0.32074880888967805 0.29614629600253806 0.2618918678977273 0.36764154579433694 0.26005597355389837
1 0.3551845647356837 0.38374427255958016 0.346180639896296 0.34671578455452967 0.40451866963188055 0.33772841944839016 0.41352259447126827 0.37475696910511364
1 0.35580215841380475 0.4233433887211963 0.29455634180059287 0.36850043402777777 0.3319734679865958 0.342027174824416 0.39321926523586215 0.39687012951783457
1 0.46389836345227237 0.3449456108940972 0.4529076203476959 0.3755643594144571 0.4159309271023358 0.3671552561750316 0.42692163147902124 0.3365365076546717
1 0.3721317349351602 0.2981548887310606 0.38041028637571384 0.2813818421026673 0.40339234637730015 0.28856826936355745 0.39511379493674653 0.30534131599195075
1 0.10982000283178339 0.07682925908252446 0.0895591290469097 0.07051868631382181 0.09413397735750614 0.061212894169971194 0.11439485114237984 0.06752346308544428
1 0.22714041695376944 0.3827075996784249 0.2421923603503232 0.3701278532394255 0.24760464121242465 0.3742306179470486 0.23255269781587087 0.3868103952118845
1 0.30433466954884797 0.3166073577572601 0.23894092153171598 0.3256955541745581 0.23136473912272962 0.2911580403645833 0.2967584871398616 0.28206984394728535
1 0.2536516915723152 0.32107469963304924 0.2506412951474262 0.33724870778093435 0.23405787666436983 0.3352932091915246 0.2370682730892588 0.319119170217803
1 0.5214866986734613 0.16404135347616794 0.5305178492202371 0.1394807911882497 0.5456333450859573 0.14300219603259154 0.5366021558112904 0.16756271208175505
1 0.5141217381821066 0.11051958642824732 0.49035927244854455 0.062184220130997475 0.5266245730637293 0.050888836022579306 0.5503870387972915 0.09922430635702731
1 0.39116029690970017 0.417480592053346 0.3791062408292354 0.45346016932015465 0.32416036770428497 0.4417975531684028 0.33621444314869525 0.40581800672743057
1 0.33188373546309885 0.439889557193024 0.40937541826122303 0.44891591698232325 0.4012568517384795 0.49307340371488323 0.32376520766824635 0.48404707475142045
1 0.3015870999563769 0.4710132637409249 0.3600307406507773 0.468687331074416 0.36245932796884917 0.5073483862058081 0.3040156485465577 0.509674318872317
1 0.4496195836720733 0.5224888657078598 0.4049329418821383 0.5529762961647727 0.3609989379263166 0.5121783015703915 0.4056855797162516 0.48169084028764203
1 0.11407626582886361 0.5293879345209912 0.13114538047519433 0.557919157394255 0.10193179948680897 0.5689919828164457 0.08486269452245103 0.5404606982915089
1 0.16792293490492147 0.5338063249684344 0.17003259804043067 0.4985430784899779 0.2071840121661346 0.499951233526673 0.2050743490306254 0.53521438752762
1 0.3042776620932642 0.5567467275291982 0.2712229617356044 0.5423185714567551 0.28949303796448683 0.5158003990096275 0.3225476995942556 0.5302285550820707
1 0.3642572703095257 0.6144445554174558 0.3800618128123017 0.60186477815262 0.39812415263374445 0.616241701684817 0.38231964885885944 0.6288214789496528
1 0.30133511693344506 0.6495473534169823 0.3069886338287199 0.6277975679648043 0.3323229484751745 0.6319696599786931 0.3266694509438452 0.6537194454308712
1 0.04198368188693439 0.6643104630287248 0.07362024433116622 0.6677443379103535 0.07077164335299264 0.6843716091579861 0.039135080908760805 0.6809376726246843
1 0.15143305396065493 0.6639698991871843 0.14446356332846705 0.6798196811868686 0.12267342194687897 0.6737492725102588 0.12964292226103963 0.6578994905105745
1 0.504789400826856 0.515434280549637 0.49887487731004126 0.5366190592447917 0.4795110092550365 0.533193938900726 0.4854254940439602 0.5120091910314079
1 0.48917625156150857 0.46510296445904353 0.5656483451727078 0.4463741418087121 0.5851751801931313 0.4968875461154514 0.5087031253098231 0.5156163687657829
1 0.6292029056452253 0.42874197911734535 0.6746587608066307 0.46202848800505053 0.6264795603485882 0.5037119855784407 0.5810236277314007 0.470425507516572
1 0.6918992560527046 0.49699990628945706 0.7199113719959549 0.45154924489030934 0.763312789994448 0.46849618006234217 0.7353007515069797 0.5139468722873264
1 0.5834856372194241 0.606664854107481 0.6040962335421954 0.6281966392440025 0.5787681540861953 0.6435567836568813 0.558157557763424 0.6220249985203599
1 0.76666980104398 0.634246702868529 0.7480323907687579 0.6075443152225379 0.7767234066416164 0.5948572023950441 0.7953608943726206 0.6215595283893623
1 0.6834024342183534 0.44850716639046717 0.704755056933098 0.4465076485065499 0.7069692079185834 0.46148767952967173 0.6856165077480568 0.4634871665877525
1 0.7647145072820828 0.45947361185093116 0.7078535205821701 0.4629551126499369 0.7037496808821779 0.4204903959023832 0.7606106675820907 0.417008925929214
1 0.7713468909868734 0.4389517119436553 0.8346064223855885 0.4688482727667298 0.8042008453214229 0.5096087214922664 0.7409413913784898 0.4797121914950284
1 0.8071632966172272 0.48371600526751896 0.7945473762938213 0.4184451633029514 0.8834495738073049 0.40755846428148673 0.8960654941307107 0.4728293370718908
1 0.9049271326984851 0.40325030702533143 0.9634682127666957 0.4132352578519571 0.9565406450765387 0.4389675872494476 0.897999487552546 0.428982574771149
1 0.8529901649746193 0.37002631293402777 0.826241817571185 0.35856221516927084 0.8379864378023874 0.3412011348839962 0.8647347852058217 0.35266523264875316
1 0.49426246294515386 0.013458707597520617 0.5126821450170527 0.04359600182735559 0.4937013732600333 0.05094572125059186 0.4752816524602435 0.02080852816803287
1 0.7139221036494686 0.044197872431591304 0.762734660037278 0.04015067129424124 0.7645329509289737 0.05389171561809501 0.7157203945411643 0.057938916755445075
1 0.6670144947652284 0.049846206048522336 0.6289444357005473 0.05850398901737097 0.6262180696284105 0.050908626209605824 0.6642882061488737 0.04225084709398674
1 0.8241227822860485 0.03929331615717724 0.768567312792473 0.013089053799407651 0.7808165574436865 -0.003364179591939907 0.8363721818488261 0.022840083729137074
1 0.8888930887135152 0.017384082139140427 0.8559293795358106 0.026130073239104917 0.8481776048689325 0.007619725814973465 0.8811413140466371 -0.0011262662482984138
1 0.9137030277155378 0.044576772054036456 0.8798816506632694 0.02460342368694267 0.8957276320094385 0.0076037146828391335 0.9295490090617069 0.027576964792579112
1 0.9996188400965657 0.03120896310517282 0.9003969763741275 0.02997489312682489 0.9009576787803378 0.0014152666535040344 1.000179542502776 0.0026494356116863213
1 0.8652557527958439 0.10613834111377446 0.8757920628271733 0.09355856384893861 0.8888178016933693 0.10047051015526358 0.87828149166204 0.1130502797136403
1 0.9896659270155853 0.40957382664535985 1.0045660958072256 0.41624503087515785 0.9986971162902523 0.42454978865806503 0.983797024954394 0.41787855360243054
1 0.9959216432523001 0.5988869406960228 0.9112610018192814 0.6092541627209596 0.906232030258566 0.5832358620383523 0.9908926716915847 0.5728685783617424
1 0.604335920459728 0.9385237876815026 0.6338940150846685 0.9480617947048611 0.6294322909437461 0.9568218192668876 0.5998741575909144 0.947283935546875
1 0.7313743630036484 1.0023811725654987 0.7066892052664975 0.9630843345565026 0.7401045591092957 0.9497856371330492 0.7647897943022287 0.9890825367937184
1 0.7603582391884122 0.9499674479166667 0.8080775846684645 0.9485065498737374 0.8096617103228109 0.981289888632418 0.7619422873869766 0.9827507866753472
1 0.8559293795358106 0.9625452523279672 0.8406515363509279 0.999026643386995 0.8083651005314086 0.9904603283814709 0.8236428662605092 0.9539789373224432
1 0.8611675591638246 0.9463994806463069 0.8847245734355171 0.9642124368686869 0.8668926258377617 0.9791527950402462 0.8433356890218512 0.9613399004695391
1 0.8717972034125159 0.9731772066366793 0.9044411751219463 0.9782062569049874 0.8988839551276967 1.0010603471235795 0.8662399834182661 0.9960314201586175
1 0.967491653364927 0.9668819543087122 0.9291837275935914 0.9563271262428977 0.9423368037654664 0.9260824800741793 0.980644729536802 0.9366372464883207
1 0.9786332028771415 0.8674910728377525 0.9764236217827966 0.9272901746961806 0.944510135553815 0.9265430180713384 0.9467197166481599 0.8667439162129104
1 0.951570462454394 0.8453892563328599 0.9558935794733503 0.8772195835306187 0.9372356434158867 0.8788249930950126 0.9329124489411484 0.8469947892005998
1 0.9827229456248017 0.8686959931344697 0.9518400860316862 0.864013795178346 0.9561350091459787 0.846066253353851 0.9870178687390943 0.8507483896583018
1 0.38564606487448444 0.9754611545138889 0.42121565765535773 0.9748833550347222 0.42174634594602634 0.995580993035827 0.3861767918930441 0.9961587925149937
1 0.13469099635400142 0.9237927985913825 0.21463740779663706 0.9221612487176452 0.2158879701256147 0.9609812726878156 0.1359415296370608 0.962612945864899
1 0.100197283749653 0.9464732776988637 0.05564260724837405 0.9390850028606377 0.06452624325824872 0.9051441539417614 0.10908091975952768 0.9125323671283144
1 0.037368241905560956 0.8900700732915089 0.04424667842497075 0.9393446797072286 0.007119051090956945 0.9426282478101325 0.00024061232124488366 0.8933535797427399
1 0.46678672829255236 0.6887008512863005 0.46602684834281805 0.70321686099274 0.4507487340626983 0.7027101458925189 0.4515086527403236 0.6881941361860795