0 0.9990120234451895 0.05703713809742647 0.9540207029327633 0.05703713809742647 0.9540207029327633 0.0 0.9990120234451895 0.0
0 0.9489080474132628 0.04807415831322764 0.8711957556056226 0.04807415831322764 0.8711957556056226 0.0 0.9489080474132628 0.0
0 0.827226954182302 0.03992599487304688 0.7720103226308748 0.03992599487304688 0.7720103226308748 0.0 0.827226954182302 0.0
0 0.7720103226308748 0.026888936360677084 0.70350082277313 0.026888936360677084 0.70350082277313 0.0 0.7720103226308748 0.0
0 0.7597399734136626 0.05133342668121936 0.7188387292576587 0.05133342668121936 0.7188387292576587 0.026074120016659007 0.7597399734136626 0.026074120016659007
0 0.7186582670437069 0.04131597780713848 0.6948393573911171 0.036570871390548404 0.7002527432178888 0.01931593801461014 0.7240717129444513 0.024061044431200215
0 0.70350082277313 0.011407427320293352 0.6595320213498093 0.011407427320293352 0.6595320213498093 0.0 0.70350082277313 0.0
0 0.5767070740226685 0.010592610976275276 0.5419410044752707 0.010592610976275276 0.5419410044752707 0.0 0.5767070740226685 0.0
0 0.7720103226308748 0.05622231876148897 0.6043153897983822 0.05622231876148897 0.6043153897983822 0.0 0.7720103226308748 0.0
0 0.9990120234451895 0.13607431449142157 0.9775388822780819 0.13607431449142157 0.9775388822780819 0.10592610677083333 0.9990120234451895 0.10592610677083333
0 0.9589070597971519 0.13642829446231616 0.9329080056017778 0.13454486921721814 0.9361684003214198 0.1059661865234375 0.9621674545167938 0.10784961176853554
0 0.9489080474132628 0.13444467581954656 0.9527861827940453 0.10663162530637255 0.9801700622078002 0.10905619303385417 0.9762919268270177 0.13686926748238357
0 0.9389194278266486 0.10328951966528799 0.9343202846256766 0.13077623554304535 0.9105430663101316 0.12824994255514705 0.9151422095111036 0.10076323864506741
0 0.882480651374877 0.09619898178998161 0.9130824532095841 0.10261618221507353 0.9073737437330832 0.11990253523284314 0.8767720019723487 0.11348533480775122
0 0.8817240797628568 0.09986996519799327 0.8781033613550382 0.1267989693435968 0.8656111589566929 0.125732421875 0.8692319374384843 0.09880340576171875
0 0.8710665364903728 0.0952581667432598 0.8694381713867188 0.12510196461397058 0.8421481875922736 0.12415647020526961 0.8437765526959277 0.09431267233455883
0 0.8459864939291646 0.09473806343826593 0.8394186665692668 0.12090619255514706 0.8134621447465551 0.1167694331150429 0.8200299120324803 0.09060129801432291
0 0.7903765580785556 0.11391758339077819 0.7985882496270608 0.08992437624463848 0.8220356618325542 0.09502011168236826 0.813823970284049 0.11901331284466912
0 0.7818423293706939 0.1116925048828125 0.785586379644439 0.08782465317670037 0.8010659405565638 0.08936653885186888 0.7973218902828186 0.11323439654181985
0 0.7420025923120694 0.10473212747012868 0.7400385338490404 0.08908119949640013 0.7466192170390933 0.08855681176279105 0.7485832755021223 0.1042077397365196
0 0.7863257701002707 0.11488909553079044 0.7536047988050566 0.11488909553079044 0.7536047988050566 0.08637052049823836 0.7863257701002707 0.08637052049823836
0 0.7385803583100086 0.11340126187193628 0.7405661034771777 0.08333634918811275 0.7859698318121001 0.08524058024088542 0.7839841467189038 0.1153054989085478
0 0.7004165048674336 0.10089027554381128 0.7220404317059855 0.08021264768114277 0.7446702371432087 0.09523999980851716 0.7230461901567113 0.11591763365502451
0 0.707057922843873 0.07741942760991115 0.700053477850486 0.10756007774203431 0.6685639028474102 0.1029132439108456 0.6755683478407972 0.07277259976256127
0 0.65949447511688 0.07027341954848346 0.7070459080493356 0.07595721076516544 0.7009857057586429 0.10815141266467525 0.65343433290016 0.1024676274318321
0 0.6204466932401882 0.09630284926470588 0.533690264844519 0.06667444565716912 0.5512495866910679 0.03402560364966299 0.6380059550127645 0.06365400725719976
0 0.46661809485728345 -0.006882057937921262 0.5778436735859067 0.022287822050206803 0.5573306947242557 0.07195462694355086 0.44610508595864606 0.04278474396350337
0 0.6104505644069882 0.08474088781020221 0.5905112319105253 0.06885197059780944 0.6058491383950542 0.056629728429457724 0.6257885309654897 0.0725186456418505
0 0.45298088253952384 0.052148240033318013 0.2730155704528328 0.052148240033318013 0.2730155704528328 0.0 0.45298088253952384 0.0
0 0.4427556015375092 0.08474088781020221 0.38447138268177905 0.08474088781020221 0.38447138268177905 0.05622231876148897 0.4427556015375092 0.05622231876148897
0 0.34512755626768576 0.050368179620481006 0.37432470847302535 0.053276444977405024 0.3707537012776052 0.07604115804036458 0.3415565490722656 0.07313289268344056
0 0.34292320191390874 0.05093481924019608 0.3416514659491111 0.0853909122242647 0.29841181236927905 0.08437749526079963 0.2996835483340766 0.04992140526865043
0 0.30204547671821175 0.050935950185738356 0.2971687917634258 0.09562549067478554 0.24545519370732344 0.09204213460286459 0.2503319237175889 0.047352594113817405
0 0.2454072546771192 0.06925938026577819 0.19223569134088953 0.06925938026577819 0.19223569134088953 0.04644452562519148 0.2454072546771192 0.04644452562519148
0 0.19530327864519254 0.06681493422564339 0.16652807100551334 0.0685787664675245 0.16388754957304227 0.04122490677179075 0.19266275721272147 0.039461071537990194
0 0.23211435633381522 0.11733354157092525 0.170762550173782 0.11733354157092525 0.170762550173782 0.08718533983417585 0.23211435633381522 0.08718533983417585
0 0.16769496286947896 0.09859276865042892 0.14213170029046968 0.09859276865042892 0.14213170029046968 0.06762974757774204 0.16769496286947896 0.06762974757774204
0 0.13943639139490804 0.052377851897594974 0.14120858860766794 0.08062210382199755 0.1085692578413355 0.08192255955116422 0.10679705311932902 0.053678307626761644
0 0.11043326310285433 0.09451868393841911 0.06339687437523069 0.09451868393841911 0.06339687437523069 0.05703713809742647 0.11043326310285433 0.05703713809742647
0 0.4342561856968196 0.10831429275811887 0.3864910396065299 0.1063110112208946 0.38783273171252153 0.08599687763288909 0.4355978778028113 0.08800015318627451
0 0.4437781206266148 0.14177802590762867 0.4161698048509012 0.14177802590762867 0.4161698048509012 0.11814836090686275 0.4437781206266148 0.11814836090686275
0 0.4161698048509012 0.14177802590762867 0.3885614890751876 0.14177802590762867 0.3885614890751876 0.11814836090686275 0.4161698048509012 0.11814836090686275
0 0.38230598629928947 0.12423550474877451 0.3688928198626661 0.1669893990310968 0.3275104432594119 0.15874538047640932 0.34092357965904896 0.11599148619408702
0 0.34452615572711615 0.08999138925589767 0.3906029228150375 0.09252358829273898 0.38910482812115527 0.1098333740234375 0.34302806103323386 0.10730118097043505
0 0.3424565172570897 0.10665218577665442 0.28859647615688055 0.10236028933057598 0.2909756457711768 0.08340168672449448 0.3448356568343996 0.08769358915441176
0 0.3357601916696143 0.13040942622166055 0.2917197520338644 0.12579175762101716 0.29585443331500677 0.10075155819163603 0.33989487295075665 0.1053692267922794
0 0.2834296639510027 0.11287085439644608 0.2408923652228408 0.10863380581724877 0.2434880113977147 0.09208676805683211 0.2860253101258766 0.09632381663602942
0 0.28319949052465243 0.12773303462009805 0.23909477173812746 0.1223260498046875 0.2420736748402513 0.10689635033700981 0.28617840864526944 0.11230333515242034
0 0.32997437724916956 0.15983413995481005 0.2849632022887703 0.15647153368183211 0.2884703508512242 0.1266617240157782 0.3334814657376507 0.13002433028875612
0 0.28779412817767286 0.14512836531096815 0.23939240823580524 0.14216147030101103 0.24128105884461892 0.12259629193474264 0.2896827938049797 0.12556318694469976
0 0.28733098788524236 0.1662225102443321 0.23824954596091444 0.1662225102443321 0.23824954596091444 0.14340766457950369 0.28733098788524236 0.14340766457950369
0 0.3261871337890625 0.1743706796683517 0.2893760561004398 0.1743706796683517 0.2893760561004398 0.1613336181640625 0.3261871337890625 0.1613336181640625
0 0.333171243742695 0.1434845329733456 0.368689679724025 0.15157120050168504 0.3584258011945589 0.18019738290824142 0.32290736521322894 0.17211071537990197
0 0.4299799701360267 0.16303933536305146 0.3780974741057148 0.16562328862208947 0.3764423460472287 0.14452050302542893 0.42832478200356794 0.14193654976639092
0 0.42657834150659757 0.1472085631127451 0.4556997404323788 0.14363844927619485 0.46009721530704045 0.16641562069163604 0.43097584641824555 0.16998574649586398
0 0.4739018838236651 0.1843277276731005 0.43682491873192975 0.18854847627527574 0.4336550554891271 0.17086696250765931 0.4707319905438761 0.16664622587316177
0 0.4120796984574926 0.18088921042049633 0.37833617803618663 0.18088921042049633 0.37833617803618663 0.1621484375 0.4120796984574926 0.1621484375
0 0.3773136589470811 0.18333365646063113 0.357885585995171 0.18333365646063113 0.357885585995171 0.1662225102443321 0.3773136589470811 0.1662225102443321
0 0.23513939624696267 0.19498039694393382 0.1687393939401221 0.19627093146829044 0.16718250184547245 0.1454049742455576 0.233582504152313 0.14411443972120097
0 0.20597074914166308 0.1201083194508272 0.23498847540907972 0.12396217495787377 0.23017982422836183 0.14695320877374388 0.2011620979609452 0.14309935326669732
0 0.1609557144285187 0.1137759339575674 0.18870556448388287 0.11500441607306985 0.1878435029758243 0.12736957624846815 0.16009363790196696 0.126141082165288
0 0.11230045979417215 0.09558018104702819 0.15295651953990066 0.09438027774586397 0.15394260376457156 0.11559675628063726 0.11328653650959646 0.11679664761412377
0 0.11554591862235482 0.11896316827512254 0.062374344022255244 0.11896316827512254 0.062374344022255244 0.09451868393841911 0.11554591862235482 0.09451868393841911
0 0.06646446167953371 0.18496328316482843 0.06646446167953371 0.3968155206418505 0.0 0.3968155206418505 0.0 0.18496328316482843
0 0.10123049368069867 0.1474817373238358 0.06646446167953371 0.1474817373238358 0.06646446167953371 0.12140762628293505 0.10123049368069867 0.12140762628293505
0 0.10788442957119679 0.12485766840916054 0.15214250219149852 0.11186433679917279 0.16577708627295307 0.1413547171798407 0.12151902116189792 0.15434806075750612
0 0.13260040883942853 0.15665118049172794 0.16427574758454572 0.1554492426853554 0.16500444487323912 0.16764382755055146 0.13332916620209462 0.1688457773246017
0 0.11159827765517348 0.17149210611979165 0.06955720495989942 0.16844655953201593 0.07192911313274714 0.14765540029488358 0.11397024590199388 0.15070093491498163
0 0.1073656757985513 0.20044480267693016 0.07362217790498508 0.20044480267693016 0.07362217790498508 0.17274104099647672 0.1073656757985513 0.17274104099647672
0 0.13190640426996186 0.19148181391697303 0.10838820239690346 0.19148181391697303 0.10838820239690346 0.17762994504442403 0.13190640426996186 0.17762994504442403
0 0.16974001606618325 0.20207442938112746 0.13190640426996186 0.20207442938112746 0.13190640426996186 0.18659292183670342 0.16974001606618325 0.18659292183670342
0 0.17792025888998678 0.21674112955729166 0.16974001606618325 0.21674112955729166 0.16974001606618325 0.20533370672487744 0.17792025888998678 0.20533370672487744
0 0.22904676902951218 0.22407446767769607 0.19223569134088953 0.22407446767769607 0.19223569134088953 0.20370406805300245 0.22904676902951218 0.20370406805300245
0 0.22244843910998247 0.23702047909007354 0.16771300007977824 0.23366534064797795 0.16902423468161756 0.22008188285079658 0.22375968873031496 0.22343699735753678
0 0.28426340058093935 0.18496328316482843 0.24131713326521745 0.18496328316482843 0.24131713326521745 0.1662225102443321 0.28426340058093935 0.1662225102443321
0 0.27915074506143883 0.22163002163756126 0.2351819586566114 0.22163002163756126 0.2351819586566114 0.19637071796492034 0.27915074506143883 0.19637071796492034
0 0.31157095601239543 0.21362565582873774 0.27884998471718137 0.20710712507659312 0.28558668001430243 0.18563431085324755 0.3183076513095165 0.19215284160539214
0 0.35584051777997355 0.21592629825367646 0.31289426548274485 0.21592629825367646 0.31289426548274485 0.19311145258884804 0.35584051777997355 0.19311145258884804
0 0.37523035364826834 0.24024033490349264 0.3535756388987143 0.19354816511565565 0.3965244743767686 0.18090005313648896 0.4181791590893362 0.22759224685968138
0 0.4383587274025744 0.21828926834405638 0.4074374221441314 0.22180927351409313 0.40463563213198206 0.20618109011182598 0.43555699746439774 0.2026611088771446
0 0.48558386855238067 0.22115993125765931 0.4197093332846334 0.23165850471047794 0.4147933599517101 0.21207160500919117 0.48066786518247107 0.20157300762101715
0 0.48036425132451094 0.20326406441482844 0.43999475193774606 0.20785962871476715 0.4366817624550166 0.1893795955882353 0.4770512618417815 0.18478403128829657
0 0.47827827273391366 0.06422381831150428 0.4505063755305733 0.06106232886220895 0.4533489858071635 0.045206005620021444 0.48112091304749016 0.048367492077397364
0 0.45324001162070926 0.08950142654718138 0.4512453755055826 0.046586282767501534 0.492506582905927 0.045368520699295346 0.49450121902105376 0.08828366747089461
0 0.4908145093542384 0.08962978587431066 0.4540034316656158 0.08962978587431066 0.4540034316656158 0.07822235705805759 0.4908145093542384 0.07822235705805759
0 0.4979722330889364 0.09044460521024816 0.4979722330889364 0.11244463752297794 0.4540034316656158 0.11244463752297794 0.4540034316656158 0.09044460521024816
0 0.4928595775694359 0.13037060307521445 0.4540034316656158 0.13037060307521445 0.4540034316656158 0.11162983015471814 0.4928595775694359 0.11162983015471814
0 0.46045141145000307 0.1600107350068934 0.45284856961468073 0.13274794634650736 0.4905257938415047 0.1260760378370098 0.498128635676827 0.15333882649739583
0 0.4978655717504306 0.1507177614698223 0.5214277853177288 0.19820957557827817 0.4886876504252276 0.20852397843903187 0.4651254969319021 0.161032164330576
0 0.5234710212767594 0.20210961435355393 0.5301765381820559 0.24084903492647058 0.49633641881266916 0.2445684934129902 0.4896309019073727 0.20582904890471815
0 0.5266030979907419 0.25992637484681375 0.49899475217804196 0.25992637484681375 0.49899475217804196 0.2428152525658701 0.5266030979907419 0.2428152525658701
0 0.53568790465828 0.2749377920113358 0.5059951421782727 0.27967000325520835 0.5017083836352731 0.26259021235447305 0.5314010860413079 0.2578580011106005
0 0.5395351019431287 0.3003316722196691 0.5142725546528973 0.3053643679151348 0.5063329381266917 0.2800571336933211 0.5315954253429503 0.2750244619332108
0 0.54340404600609 0.30754925896139707 0.5471637755867065 0.3315174057904412 0.5211128775529036 0.3341122616038603 0.5173530878983145 0.31014413871017155
0 0.49727480430302656 0.05494593003216912 0.5318516408364604 0.05918486352060355 0.5279033991295522 0.0796353328929228 0.49332650252214566 0.0753964053883272
0 0.495851531742126 0.07675792619293811 0.5263509074534019 0.07931622673483456 0.5240762064776082 0.09653675154143689 0.4935767406553734 0.09397844501570159
0 0.5276256170798475 0.11081501081878063 0.49388209665854144 0.11081501081878063 0.49388209665854144 0.09288905125038296 0.5276256170798475 0.09288905125038296
0 0.4921016843300166 0.11355662626378676 0.5199386116087906 0.11185029871323529 0.5212017269585076 0.12493529076669731 0.49336482971671997 0.12664160634957108
0 0.4909526794914186 0.1285868087469363 0.5186438973494402 0.12490912942325368 0.5234802125945804 0.14803228640088847 0.4957889947365588 0.15170997769224878
0 0.5433243879183071 0.14129872041590075 0.5599255299004983 0.1942138432521446 0.5166183832123523 0.20284131816789217 0.5000172712671476 0.14992619533164828
0 0.5220479289377769 0.20286333869485293 0.552448783333846 0.19922954484528185 0.5557489470234067 0.21676104377297795 0.5253479724793922 0.22039483762254902
0 0.5542114137664554 0.2346670831418505 0.5235354806494525 0.2346670831418505 0.5235354806494525 0.21755593692555147 0.5542114137664554 0.21755593692555147
0 0.5535428505244218 0.23200326956954656 0.5586160975178396 0.25221696442248775 0.5291200772983822 0.2569178203507966 0.5240467702309917 0.23670412549785538
0 0.5339574138010581 0.25582098268995096 0.5614870326725516 0.25143351236979167 0.5658918365718811 0.26898339365042895 0.5383621576264148 0.27337086397058824
0 0.5816624558816744 0.28537372663909316 0.5419410044752707 0.291704221239277 0.5375756091020238 0.2743110207950368 0.5772969403604823 0.26798052619485296
0 0.588682940625769 0.30996912339154414 0.5508002333753691 0.3154577397365196 0.5454994261734128 0.2922257008272059 0.5833821334238127 0.2867370844822304
0 0.5620599581500677 0.30722976983762257 0.5664264348548228 0.328106689453125 0.5254699827179196 0.333546142578125 0.5211035060131644 0.31266922296262256
0 0.5797746312899852 0.3291857670802696 0.5797746312899852 0.35444505878523286 0.5460311409056656 0.35444505878523286 0.5460311409056656 0.3291857670802696
0 0.5490810364250123 0.3295013068704044 0.5532302255705586 0.35099269492953433 0.5294874296413632 0.3539034256280637 0.5253381804218442 0.3324120615042892
0 0.5889774232398807 0.3300005744485294 0.565459243894562 0.3300005744485294 0.565459243894562 0.3177783442478554 0.5889774232398807 0.3177783442478554
0 0.5318835401159572 0.11579484528186275 0.5220744215597318 0.07475805544385723 0.5578786294291339 0.06932356890510111 0.5676877479853593 0.11036035874310662
0 0.5884323120117188 0.13401349235983456 0.5496000154750553 0.13594749301087622 0.5474992887241634 0.1091631840724571 0.5863315852608267 0.10722919538909313
0 0.5387421255036602 0.11589825798483457 0.5467628418929934 0.13720309388403798 0.524623660590705 0.142495667700674 0.5166028841273991 0.12119083180147058
0 0.5442900770292507 0.1391574036841299 0.5796088271253691 0.13446669634650735 0.5841135340412771 0.15600427964154412 0.548794723871186 0.16069497501148897
0 0.5485389288954847 0.1623659620098039 0.5731536384642594 0.1553607536764706 0.5831476046344427 0.17765943340226717 0.5585328349916954 0.1846646417356005
0 0.5601893147145669 0.19818839278875613 0.5561384666623093 0.18204875871246937 0.5815051221472072 0.17800600538066788 0.5855558500515194 0.19414563945695465
0 0.5818197295421691 0.21429668351715686 0.5569722333292323 0.22089669021905636 0.5494054959514948 0.20280776079963236 0.5742529320904589 0.19620775409773283
0 0.5930675596702756 0.2420004212622549 0.565459243894562 0.2420004212622549 0.565459243894562 0.22733374502144607 0.5930675596702756 0.22733374502144607
0 0.5765103918360913 0.2672910682827819 0.5706111877921998 0.24378676470588234 0.6036468265563484 0.23852180032169118 0.6095459705262672 0.2620261038985907
0 0.5824211901567113 0.2895473584941789 0.5759250911202017 0.26884140912224264 0.6055183711014395 0.2629459874770221 0.6120144100639764 0.2836519129136029
0 0.6139114259734867 0.28769282322303924 0.6180330411655697 0.3139675245098039 0.5893392487773745 0.3168256452971814 0.5852176936592642 0.29055094401041665
0 0.6506608978031189 0.34462323357077207 0.6146788709745632 0.34940202301623774 0.6096490574633981 0.3253539321001838 0.6456310842919537 0.32057514265471815
0 0.6404742744025282 0.3215484978170956 0.6753397663747231 0.31716172162224265 0.6807785034179688 0.3446099973192402 0.6459130114457738 0.3489967974494485
0 0.6504622932494156 0.31493544634650733 0.6142305989903728 0.3283401549096201 0.6059173223540539 0.3140719065946691 0.6421490166130968 0.3006671980315564
0 0.6200125386395793 0.3097182569316789 0.6169449813722625 0.2950515567555147 0.6421490166130968 0.291704221239277 0.6452165738804134 0.3063709214154412
0 0.6441940547913079 0.29414866727941175 0.6124956025851993 0.29414866727941175 0.6124956025851993 0.27866715973498773 0.6441940547913079 0.27866715973498773
0 0.6358171598179134 0.26158734489889707 0.6428962166853777 0.2897925283394608 0.6169396948626661 0.29392929974724263 0.6098606379952017 0.2657241163066789
0 0.6278335691437008 0.2648152908624387 0.6094280453178826 0.2648152908624387 0.6094280453178826 0.2525930367264093 0.6278335691437008 0.2525930367264093
0 0.5859700000192237 0.19493280148973652 0.5797746312899852 0.1751854990042892 0.6047965823196051 0.17020073385799633 0.6109918909748708 0.18994804831112133
0 0.6216983945350948 0.22244482900582108 0.5879549041507751 0.22244482900582108 0.5879549041507751 0.19311145258884804 0.6216983945350948 0.19311145258884804
0 0.6371385469211368 0.14642247817095588 0.5472582118717704 0.12254836138556985 0.5658682275006152 0.07805939917470894 0.6557486226239543 0.10193350997625612
0 0.5957020436684917 0.13810655780867034 0.6258847694697343 0.13625645057827818 0.627544853630967 0.15345385981541054 0.5973621879036971 0.1553039790134804
0 0.6022702915461984 0.1580743527879902 0.5439861027274545 0.1580743527879902 0.5439861027274545 0.13770394119561888 0.6022702915461984 0.13770394119561888
0 0.6502077598271407 0.19703224331724878 0.6104202270507812 0.20020278033088235 0.6064616526205708 0.16865889006969975 0.646249245470903 0.16548837699142158
0 0.6189453845887672 0.22940209482230392 0.6124956025851993 0.20370406805300245 0.6488740575595164 0.19790632659313726 0.6553238996370571 0.22360437729779412
0 0.6508295254444513 0.22688960056678922 0.659332275390625 0.25534696691176473 0.6154183815783403 0.26367874444699757 0.6069155715581939 0.23522137810202207
0 0.6374397578201895 0.27783739276960784 0.6309386726439469 0.26056927849264705 0.6567364790308194 0.25440207088694855 0.6632375041330894 0.2716702090992647
0 0.6442963006928211 0.29357828776041667 0.6381610660102424 0.27891158758425244 0.6630086222971519 0.27231160481770833 0.6691437969057579 0.28697830499387256
0 0.6384217870517039 0.29312909294577205 0.6693255206731361 0.28664857153799017 0.6777097446711984 0.31203663545496324 0.6468060711237389 0.3185171568627451
0 0.6819254357045091 0.34360801547181374 0.6711888951579417 0.3179413200827206 0.7003309595303273 0.3102005543428309 0.7110675601508674 0.3358672736672794
0 0.7004332054318405 0.3145190669041054 0.6738474087452325 0.3145190669041054 0.6738474087452325 0.2957783059512868 0.7004332054318405 0.2957783059512868
0 0.69907901793953 0.2958223470052083 0.6742066511019008 0.2991256414675245 0.6711943618894562 0.28472323548560047 0.6960667287270854 0.2814199170879289
0 0.6968543585829847 0.28233384076286766 0.6667683518777682 0.28712871476715685 0.6588634581077756 0.2556329226026348 0.6889494047390194 0.2508380485983456
0 0.6856221476877769 0.24840865789675246 0.6564867515263595 0.2515042413449755 0.6528163519431287 0.22956825405943626 0.6819517481045461 0.22647267061121323
0 0.6839940829539862 0.20727670706954657 0.6869987427718997 0.22643116670496324 0.6561655359944021 0.22950238396139705 0.6531608761764887 0.2103479482613358
0 0.6525547898660494 0.2099829340916054 0.6456375722810039 0.18793497721354166 0.6776368148683563 0.18156023810891544 0.6845539123054565 0.20360820695465687
0 0.6840727197842336 0.18496328316482843 0.646239092969519 0.18496328316482843 0.646239092969519 0.1670373295802696 0.6840727197842336 0.1670373295802696
0 0.6766744298259104 0.1719741641773897 0.6262997604730561 0.1478891529756434 0.6394723606860544 0.1303945743336397 0.6898470300389087 0.15447958553538602
0 0.6894370852492926 0.15076607498468136 0.655331769327479 0.14736891802619484 0.6597365131528359 0.11928909600949755 0.6938418290746493 0.12268625296798406
0 0.6513517484890194 0.1580743527879902 0.6235389409102793 0.14699284572227328 0.6427624920221764 0.11635575836780024 0.6705752996009166 0.12743725346583945
0 0.6947070745032603 0.12776319316789217 0.6638738076517902 0.12469195197610294 0.6670987587275468 0.10413351619944852 0.6979319054310716 0.10720474542356005
0 0.6977397287924458 0.11790988099341299 0.7286026721864235 0.12064248477711396 0.7262957715612697 0.13718723671109068 0.6954327680933194 0.134454620959712
0 0.7442909901536355 0.12801094803155638 0.7302023219311331 0.15944589652267158 0.6886810543030266 0.14762922698376227 0.702769722525529 0.11619426652496936
0 0.7208838275098425 0.1792595717486213 0.6850952388733391 0.1792595717486213 0.6850952388733391 0.15237064137178308 0.7208838275098425 0.15237064137178308
0 0.7127659114327017 0.1805215513939951 0.7167687603807825 0.20922892252604167 0.6879259244663509 0.21178268133425246 0.6839230755182701 0.1830752982345282
0 0.7159155297467089 0.21090320063572304 0.717780165784941 0.2302191281786152 0.6874410674327941 0.23207883348651961 0.685576431394562 0.21276290594362746
0 0.7207658422274852 0.24560441559436275 0.6855671800027682 0.25121409696691177 0.681477103646346 0.23491778205422795 0.716675765871063 0.22930807674632353
0 0.7297162634181226 0.27424512676164214 0.6972384715643455 0.2822082998238358 0.6898983332115834 0.2631988645067402 0.7223761851393332 0.25523569144454655
0 0.6989408478023499 0.2943468759574142 0.6959009245624692 0.2798122989430147 0.7290640402966597 0.27540788239123776 0.7321040236105131 0.28994243547028187
0 0.7372443131574495 0.3104449821920956 0.699410686342735 0.3104449821920956 0.699410686342735 0.29088938993566177 0.7372443131574495 0.29088938993566177
0 0.750635702778974 0.33231059953278186 0.7046442707692544 0.3365393305759804 0.7010303407203494 0.31158097809436275 0.7470217727300689 0.3073522470511642
0 0.7914384256197712 0.11407427619485294 0.7914384256197712 0.13525949515548408 0.7464470450333723 0.13525949515548408 0.7464470450333723 0.11407427619485294
0 0.8156723863496556 0.12132613836550245 0.8072876216858391 0.14137062222349878 0.7861212182232714 0.13574838675704656 0.7945059828870878 0.11570390289905025
0 0.8425649207408034 0.13607431449142157 0.8129115667868787 0.13607431449142157 0.8129115667868787 0.12140762628293505 0.8425649207408034 0.12140762628293505
0 0.8701130423958846 0.14359937480851714 0.8494218841312439 0.13947737151501224 0.854414271557425 0.12356448902803309 0.8751054298220657 0.12768650428921569
0 0.8896012794314407 0.1588891721239277 0.8742633729469119 0.1588891721239277 0.8742633729469119 0.13770394119561888 0.8896012794314407 0.13770394119561888
0 0.9090293824203372 0.1597039794921875 0.8855112030750184 0.1597039794921875 0.8855112030750184 0.14340766457950369 0.9090293824203372 0.14340766457950369
0 0.9356151791069451 0.1580743527879902 0.9090293824203372 0.1580743527879902 0.9090293824203372 0.12874096440333946 0.9356151791069451 0.12874096440333946
0 0.9280641210360789 0.10843323950674019 0.9664090374323326 0.1023221124387255 0.9776568675604392 0.14713700836780025 0.9393119511641855 0.15324813543581495
0 0.7633188202625184 0.14462988759957107 0.7428681981845164 0.1609262144799326 0.7254851934478039 0.14707433363970587 0.7459358155258059 0.13077800675934437
0 0.7464470450333723 0.1597039794921875 0.7464470450333723 0.18007439108455883 0.7188387292576587 0.18007439108455883 0.7188387292576587 0.1597039794921875
0 0.7433660912701464 0.17961082308900123 0.7483869537593811 0.20061596440333945 0.7163887324295645 0.20547277113970588 0.7113678098663571 0.18446761785768995
0 0.745726577878937 0.20559192133884804 0.7474097905196543 0.22973556219362745 0.717054832638718 0.2310793887867647 0.7153716199980007 0.2069357479319853
0 0.7536047988050566 0.2420004212622549 0.7191219179649052 0.24543519263174018 0.7170454010250061 0.2321975767846201 0.7515282818651575 0.2287628054151348
0 0.7275993767685778 0.24640483781403186 0.7556222029558317 0.24268310546875 0.7579712755098118 0.25391436408547796 0.7299483892485852 0.25763607249540443
0 0.7631756639856053 0.28642420151654413 0.7329701100747417 0.289862730736826 0.7302092905119648 0.2744626991421569 0.7604148444228285 0.271024169921875
0 0.7606627697081078 0.32521103802849266 0.7432448019192913 0.29513837028952206 0.7711922953447957 0.2848597627527574 0.7886102030596395 0.31493245442708334
0 0.7901458740234375 0.3300396848192402 0.7595518217312069 0.3344722972196691 0.7549217404343012 0.3141801183363971 0.7855159128744771 0.30974752987132353
0 0.8192401795875369 0.32766623104319853 0.7946994811531127 0.3309255083869485 0.7895038634773315 0.30608463062959557 0.8140446219857284 0.3028253532858456
0 0.8047312939260888 0.3022968367034314 0.7781454972394808 0.3022968367034314 0.7781454972394808 0.28192641314338235 0.8047312939260888 0.28192641314338235
0 0.7985961193174828 0.27866715973498773 0.7663864376038079 0.28233384076286766 0.761887257493387 0.2572375009574142 0.794096939207062 0.25357081992953434
0 0.7883708082784818 0.2525930367264093 0.7587174543245571 0.2525930367264093 0.7587174543245571 0.2371115291819853 0.7883708082784818 0.2371115291819853
0 0.8077989112673782 0.2509633980545343 0.7730328417199803 0.2509633980545343 0.7730328417199803 0.22407446767769607 0.8077989112673782 0.22407446767769607
0 0.7621178814745325 0.19896008061427697 0.7675530741533895 0.22350298713235295 0.7483033908633735 0.2262099561504289 0.7428681981845164 0.20166702569699754
0 0.8104255255751722 0.21611320944393383 0.7624886580339567 0.2275729549632353 0.7512313962921383 0.19767142501531862 0.7991683839812992 0.18621166752833945
0 0.7961160254290723 0.15732705508961398 0.7939466942013718 0.19017180798100491 0.7457521693913016 0.18815052705652574 0.7479215606929749 0.1553057741651348
0 0.75658374696266 0.1410150146484375 0.802225188007505 0.1466104066138174 0.7996600293737697 0.15989710190716913 0.754018528254952 0.1543017099417892
0 0.8287607628529466 0.17803734872855392 0.783086221049151 0.1756109260110294 0.7844345212921383 0.1594948682598039 0.8301090630959338 0.16192129097732844
0 0.8364297461321973 0.1597039794921875 0.8190467413954847 0.1597039794921875 0.8190467413954847 0.14177802590762867 0.8364297461321973 0.14177802590762867
0 0.8681281983383059 0.18088921042049633 0.8313170906126969 0.18088921042049633 0.8313170906126969 0.160518798828125 0.8681281983383059 0.160518798828125
0 0.8276926476185716 0.1813409902535233 0.849763104296106 0.1795822801776961 0.8516056931863619 0.19426511278339462 0.8295352965828002 0.19602382285922182
0 0.8059429258812131 0.21609114104626226 0.7997131948395977 0.18382348154105393 0.8275284053772454 0.1804135071997549 0.8337581364188608 0.21268116670496323
0 0.8252371840589628 0.20967203776041668 0.8859257134865588 0.20161197437959558 0.8904303603284941 0.22314953373927696 0.8297418309008981 0.23120959712009803
0 0.8487000953494095 0.25177822935814953 0.8282494732714075 0.25177822935814953 0.8282494732714075 0.2354818905101103 0.8487000953494095 0.2354818905101103
0 0.8337110384242741 0.2501773609834559 0.8426130399929257 0.2820989631204044 0.8246405293622355 0.28528155158547797 0.8157385277935839 0.2533599015778186
0 0.8007434033972072 0.27320788813572305 0.7931767260934425 0.2551189826516544 0.8143431295560101 0.24949673521752452 0.8219098068597749 0.26758564070159313
0 0.8052032350555179 0.2886956428079044 0.8368623388095164 0.28365006989123775 0.8413851279912032 0.30167004155177696 0.8097259641632321 0.306715638403799
0 0.8467305100808932 0.30295802696078433 0.8498064176304134 0.32992043887867645 0.817538103719396 0.3322580135569853 0.8144620760219303 0.3052956255744485
0 0.8855112030750184 0.3234820436963848 0.85381275086891 0.3234820436963848 0.85381275086891 0.3006671980315564 0.8855112030750184 0.3006671980315564
0 0.8834661048228346 0.3006671980315564 0.8558577890471211 0.3006671980315564 0.8558577890471211 0.290074582567402 0.8834661048228346 0.290074582567402
0 0.8814210666446235 0.28437088311887254 0.849722614438515 0.28437088311887254 0.849722614438515 0.2688893516390931 0.8814210666446235 0.2688893516390931
0 0.8785894198680487 0.2687640021829044 0.8418412696658157 0.27242441214767155 0.8394344059501108 0.25708079618566176 0.8761826162263164 0.25342038622089463
0 0.8472176499254122 0.2518814146752451 0.8440295241949126 0.23282753140318627 0.8769826213205894 0.22932629155177697 0.8801708071250615 0.2483801748238358
0 0.9080068633312316 0.27133382161458336 0.876308411125123 0.27133382161458336 0.876308411125123 0.2485189520143995 0.9080068633312316 0.2485189520143995
0 0.8821018249031127 0.2956354118795956 0.8790146234467273 0.2722646915211397 0.9078107818843811 0.2698492790670956 0.9108979232667938 0.2932199994255515
0 0.8878879096564345 0.3193639418658088 0.8839359433632198 0.30046898935355393 0.9079792293037955 0.29727579752604166 0.9119311355230376 0.31617072610294117
0 0.9120969997616265 0.2460745059742647 0.8783534493033341 0.2460745059742647 0.8783534493033341 0.20451887542126226 0.9120969997616265 0.20451887542126226
0 0.8865462175504429 0.19971941779641544 0.8815582155242679 0.16394699994255515 0.9026572760634535 0.1620788693895527 0.9076452180156558 0.19785129921109068
0 0.8853538693405512 0.1778179811963848 0.8911350881020854 0.20085219439338237 0.8559364258773684 0.20646189970128676 0.8501552671898068 0.18342767453661152
0 0.9153391319935716 0.31740074008118874 0.9111492727685162 0.2873519119561887 0.9304526621901145 0.28564278396905635 0.9346425214151698 0.3156916120940564
0 0.9325475617656558 0.2851856904871323 0.9110744205985483 0.2851856904871323 0.9110744205985483 0.2688893516390931 0.9325475617656558 0.2688893516390931
0 0.93970531553734 0.2688893516390931 0.9100519015094427 0.2688893516390931 0.9100519015094427 0.2477041446461397 0.93970531553734 0.2477041446461397
0 0.9122641856276145 0.28519844803155636 0.9736496332123523 0.2829232728247549 0.9755346343273253 0.31521867340686277 0.9141491867425874 0.3174938486136642
0 0.9570883202740527 0.28355605181525734 0.9305025235874447 0.28355605181525734 0.9305025235874447 0.2697041829427083 0.9570883202740527 0.2697041829427083
0 0.9990120234451895 0.2183707442938113 0.9990120234451895 0.26644490559895834 0.9448179109828678 0.26644490559895834 0.9448179109828678 0.2183707442938113
0 0.9399916280911663 0.19878257601868873 0.9468016737089382 0.23676930147058822 0.917025588628814 0.24015893075980393 0.9102155430110421 0.20217220530790442
0 0.9443632711575726 0.1666534304151348 0.936246856929749 0.20707646388633577 0.9037045456293061 0.20292738970588237 0.9118210199311023 0.16250435623468137
0 0.9785614614411602 0.18985218721277575 0.9785614614411602 0.20614851409313725 0.9560657411109744 0.20614851409313725 0.9560657411109744 0.18985218721277575
0 0.9448179109828678 0.19718553730085783 0.984130859375 0.19494789273131127 0.9863420020876907 0.2196157418045343 0.9470290536955586 0.2218533624387255
0 0.9990120234451895 0.2680745442708333 0.9448179109828678 0.2680745442708333 0.9448179109828678 0.21918557559742646 0.9990120234451895 0.21918557559742646
0 0.9877641933170829 0.18007439108455883 0.9458404901459461 0.18007439108455883 0.9458404901459461 0.1637780642041973 0.9877641933170829 0.1637780642041973
0 0.9546405461829478 0.14185374540441176 0.9851807121216781 0.1402313232421875 0.9870765265517347 0.16289113961014093 0.9565363606130044 0.1645135617723652
0 0.4703639173132228 0.2542226753982843 0.4468457079309178 0.2542226753982843 0.4468457079309178 0.2289633597579657 0.4703639173132228 0.2289633597579657
0 0.499623997004952 0.2656927849264706 0.45793620432455706 0.2723366651348039 0.45294156412440023 0.25243633195465687 0.49462935680479514 0.24579245174632353
0 0.5052872304841289 0.292330992455576 0.4779542036882536 0.29668713139552694 0.47441470529150775 0.2825845396752451 0.5017477320873831 0.2782284246706495
0 0.46711589783195434 0.29846241670496326 0.5058516855314961 0.2907456102558211 0.5113252654789001 0.30819225834865194 0.47258938766839936 0.3159090408624387
0 0.5181676909679503 0.3361647661994485 0.48157423124538634 0.34123609355851714 0.47594560037447714 0.31544601141237744 0.5125390600970411 0.31037470798866423
0 0.4796571806659849 0.33841552734375 0.5262139988696481 0.33594223920036764 0.5283269206369956 0.36119794060202204 0.4817701024333323 0.3636712287454044
0 0.4692627313568836 0.22620552810968136 0.4779542036882536 0.2608352242264093 0.42958065843957616 0.2685446346507353 0.42088915607121985 0.23391496246936275
0 0.4632061935785248 0.27051899031096815 0.4632061935785248 0.3063709214154412 0.4325302904985082 0.3063709214154412 0.4325302904985082 0.27051899031096815
0 0.4300905362827571 0.2737720444623162 0.32305316474494034 0.28908124138327207 0.31333325603815515 0.24592814127604168 0.4203706576129583 0.23061896829044118
0 0.4358023996428242 0.30425237917432596 0.4035926878921629 0.3079190602022059 0.3976415498988835 0.274723450903799 0.4298512616495448 0.2710567698759191
0 0.40630541823980376 0.31241014667585787 0.43974817831685226 0.30574781230851716 0.44726673636849473 0.32971301508884804 0.41382397629144624 0.33637530158547796
0 0.4730224609375 0.3309783815870098 0.44625262763556534 0.33402578316482845 0.4418352983129306 0.30938574697457105 0.46860519168883796 0.30633832146139706
0 0.4427556015375092 0.3332598517922794 0.4427556015375092 0.3642228668811274 0.41514728576179566 0.3642228668811274 0.41514728576179566 0.3332598517922794
0 0.4725379042738066 0.33068797392003674 0.477408161313515 0.36690980200674017 0.4494632510688361 0.3692957021675858 0.44459308414008675 0.33307387408088235
0 0.3754888519527405 0.27599707509957105 0.4306110472191037 0.27050647212009804 0.43610126765694207 0.3055059694776348 0.3809790123166062 0.31099654852175246
0 0.3784160163458877 0.3159022910922181 0.4090719448299859 0.31066755706188726 0.4172721622497078 0.3411615827971814 0.3866161736916369 0.3463962689568015
0 0.34780189934677963 0.316236452588848 0.34306674867164433 0.2860506424249387 0.3747809102216105 0.28289165422028184 0.37951606089674583 0.31307748831954657
0 0.4413231376587875 0.30891606349571077 0.4475926376703217 0.3655363673789828 0.3856105954628291 0.3698943972120098 0.37934118556225394 0.31327411726409315
0 0.3547999464620755 0.2727765251608456 0.3174234225055364 0.27506759344362747 0.31598594245009537 0.26017561370251224 0.3533624063326618 0.2578845454197304
0 0.34357016856276146 0.3006671980315564 0.31800689096525897 0.3006671980315564 0.31800689096525897 0.2851856904871323 0.34357016856276146 0.2851856904871323
0 0.29192346287524606 0.3192657351026348 0.2898783946600486 0.2866730813419118 0.3148679057444174 0.28567741842830885 0.31691297395961493 0.31827007218903186
0 0.28017329418753073 0.2493337833180147 0.23313689044141395 0.2493337833180147 0.23313689044141395 0.2444448673023897 0.28017329418753073 0.2444448673023897
0 0.30675906083715243 0.3177783442478554 0.2893760561004398 0.3177783442478554 0.2893760561004398 0.31288942823223037 0.30675906083715243 0.31288942823223037
0 0.3181464428038109 0.2888577569699755 0.24806124769796536 0.289873166551777 0.2474344058299628 0.2624007161458333 0.31751960093580833 0.26138530656403186
0 0.37586635679710567 0.25627850700827204 0.37991873673566684 0.314403746361826 0.3182459853765533 0.3171340044806985 0.31419363547497847 0.2590087651271446
0 0.27915074506143883 0.2436300599341299 0.22597918172520914 0.2436300599341299 0.22597918172520914 0.22325966030943628 0.27915074506143883 0.22325966030943628
0 0.22495664761761042 0.2591115674785539 0.17280760337048628 0.2591115674785539 0.17280760337048628 0.2371115291819853 0.22495664761761042 0.2371115291819853
0 0.13148108054333785 0.20226911956188726 0.16778993982029713 0.204197998046875 0.16612495963029036 0.2240997194776348 0.1298160853348379 0.22217084099264706
0 0.13088387016236314 0.22733374502144607 0.10532061509260042 0.22733374502144607 0.10532061509260042 0.20125962201286765 0.13088387016236314 0.20125962201286765
0 0.10532061509260042 0.22081521426930148 0.0715771171990342 0.22081521426930148 0.0715771171990342 0.20125962201286765 0.10532061509260042 0.20125962201286765
0 0.10429808098500169 0.2428152525658701 0.07055458309143547 0.2428152525658701 0.07055458309143547 0.22081521426930148 0.10429808098500169 0.22081521426930148
0 0.13258891969215214 0.23869806027879903 0.10655433925118034 0.24524943033854166 0.10075916830948957 0.23062583773743872 0.12679374875046137 0.22407446767769607
0 0.16974001606618325 0.2354818905101103 0.16974001606618325 0.2534078440946691 0.12986133605476438 0.2534078440946691 0.12986133605476438 0.2354818905101103
0 0.10941073650450218 0.2794819671032476 0.0715771171990342 0.2794819671032476 0.0715771171990342 0.2460745059742647 0.10941073650450218 0.2460745059742647
0 0.12986133605476438 0.27540788239123776 0.1073656757985513 0.27540788239123776 0.1073656757985513 0.2468893133425245 0.12986133605476438 0.2468893133425245
0 0.170762550173782 0.2745930750229779 0.12986133605476438 0.2745930750229779 0.12986133605476438 0.2534078440946691 0.170762550173782 0.2534078440946691
0 0.13190640426996186 0.3006671980315564 0.11247832380880521 0.3006671980315564 0.11247832380880521 0.27785235236672795 0.13190640426996186 0.27785235236672795
0 0.11417139609028974 0.30002601773131127 0.11155639858696405 0.2771043246400123 0.15820722504863588 0.27372482000612747 0.160822215042715 0.29664656096813724
0 0.10838820239690346 0.29822275199142156 0.06850952238548459 0.29822275199142156 0.06850952238548459 0.2794819671032476 0.10838820239690346 0.2794819671032476
0 0.1073656757985513 0.3137042595358456 0.06748699578713244 0.3137042595358456 0.06748699578713244 0.29740792068780636 0.1073656757985513 0.29740792068780636
0 0.11043326310285433 0.3503709980085784 0.06748699578713244 0.3503709980085784 0.06748699578713244 0.3137042595358456 0.11043326310285433 0.3137042595358456
0 0.11350085791640395 0.37725992838541667 0.06953205649308332 0.37725992838541667 0.06953205649308332 0.34466727462469365 0.11350085791640395 0.34466727462469365
0 0.1218920429860513 0.39348101447610295 0.08710991866945282 0.3997802495021446 0.08038008682371124 0.37618417777267155 0.11516221864955632 0.3698849427466299
0 0.17109258156123125 0.3908804620481005 0.11574943422332523 0.398440611596201 0.11030026683657188 0.37311090207567404 0.1656434066652313 0.3655507525275735
0 0.155491430928388 0.37000129250919117 0.11389591187004029 0.3710370950137868 0.11276759500578633 0.3422665345435049 0.1543631816473533 0.3412307320389093
0 0.15337953041857622 0.336519105200674 0.11350085791640395 0.336519105200674 0.11350085791640395 0.3251116823682598 0.15337953041857622 0.3251116823682598
0 0.18800269900344488 0.3218132707184436 0.1510308483454186 0.32574146943933824 0.148432078323965 0.3102101524203431 0.18540394400048443 0.30628195369944855
0 0.15711323295052596 0.3163989018458946 0.18995303056371493 0.32337723077512254 0.18294379467100608 0.34432241402420344 0.15010405713178981 0.3373440850949755
0 0.06979792136845626 0.2682211961933211 0.07409256462037093 0.24426561542585784 0.08024814936119741 0.24496637082567402 0.075953573692502 0.26892195159313725
0 0.11297236465093657 0.2758748133042279 0.14255221809927873 0.27362994025735293 0.14347596055879366 0.28135881012561276 0.11389609960120493 0.28360368317248774
0 0.173830137478085 0.3862229051776961 0.15746965183047798 0.3862229051776961 0.15746965183047798 0.3756302897135417 0.173830137478085 0.3756302897135417
0 0.06953205649308332 0.29822275199142156 0.19019062312569204 0.29822275199142156 0.19019062312569204 0.3927414359298407 0.06953205649308332 0.3927414359298407
0 0.2116637642927996 0.3894821585860907 0.1758752056932825 0.3894821585860907 0.1758752056932825 0.36503767424938727 0.2116637642927996 0.36503767424938727
0 0.22910693311315822 0.3668590351179534 0.2565347566379337 0.3613949764476103 0.26188806849201834 0.37845818014705884 0.23446018489327017 0.38392226275275737
0 0.22495664761761042 0.3691117589613971 0.1912131572332908 0.3691117589613971 0.1912131572332908 0.35118580537683824 0.22495664761761042 0.35118580537683824
0 0.23620447774571696 0.34955616670496326 0.18916808901809332 0.34955616670496326 0.18916808901809332 0.3259264897365196 0.23620447774571696 0.3259264897365196
0 0.22979144599494034 0.3281680118336397 0.18794684522733915 0.32961777630974265 0.18655005026990035 0.30401716643688725 0.22839465103750153 0.3025674019607843
0 0.22393412852850486 0.2949634746476716 0.18303291440948727 0.2949634746476716 0.18303291440948727 0.28355605181525734 0.22393412852850486 0.28355605181525734
0 0.2270017158328079 0.28437088311887254 0.184055448517086 0.28437088311887254 0.184055448517086 0.25992637484681375 0.2270017158328079 0.25992637484681375
0 0.2546100165900283 0.30311164407169117 0.22393412852850486 0.30311164407169117 0.22393412852850486 0.28600049785539217 0.2546100165900283 0.28600049785539217
0 0.231249351201095 0.3267215025658701 0.2234311591921829 0.28726457184436277 0.2525207940049059 0.2836044969745711 0.2603389709953248 0.32306142769607843
0 0.3172097994586614 0.31953527113970587 0.2562617805060439 0.32084786209405636 0.2551152987742987 0.28704666436887255 0.3160633177269162 0.28573407341452206
0 0.28733098788524236 0.34955616670496326 0.26279025941383183 0.34955616670496326 0.26279025941383183 0.3218524289598652 0.28733098788524236 0.3218524289598652
0 0.28964422631451464 0.33316636029411767 0.336387303870494 0.32978020163143384 0.3391196183332308 0.3537304448146446 0.29237663088821053 0.35711660347732843
0 0.2917287931667538 0.35812255859375 0.29352046936515747 0.3795385263480392 0.2702420452448327 0.3807751704197304 0.26845039908341534 0.3593592026654412
0 0.36606582881897454 0.37725992838541667 0.3323223384346549 0.37725992838541667 0.3323223384346549 0.35200061274509803 0.36606582881897454 0.35200061274509803
0 0.315837259367695 0.35631457758884805 0.3175968560646838 0.37594463273590684 0.2935440784364235 0.37731368719362746 0.29178448173943466 0.35768365598192403
0 0.9393082265778789 0.33769026214001224 0.9987069077379122 0.33366194182751224 1.0023815725732037 0.3680684168198529 0.9429828914131705 0.3720967371323529
0 0.9556607824610913 0.42047746246936274 0.9508924108790601 0.3824795831418505 0.9792397566667692 0.3802206839767157 0.9840081883227731 0.41821858723958333
0 0.9427728728046567 0.38214882046568627 0.9192546934593381 0.38214882046568627 0.9192546934593381 0.3593339748008578 0.9427728728046567 0.3593339748008578
0 0.9199646476685531 0.37294744753370096 0.8864756907065083 0.37650560566023283 0.8836179117518147 0.35942646101409315 0.9171068687138595 0.3558683268229167
0 0.8769189429095411 0.3483404900045956 0.9152645201194943 0.34481478821997547 0.9173379732867865 0.35913411458333333 0.8789923960768332 0.36265984030330883
0 0.9188127893162524 0.372035582299326 0.9270482701579417 0.42891094132965685 0.8947572482852485 0.4318799785539216 0.8865217674435593 0.3750046195235907
0 0.8833832628144993 0.3516042193244485 0.8876944113904097 0.37221689261642155 0.8530389380267286 0.37681949391084557 0.8487277293768455 0.35620684455422796
0 0.8876813152643639 0.387383363013174 0.8420907568743848 0.3886808507582721 0.8415097814845288 0.37571851543351714 0.8871003398745079 0.37442105162377454
0 0.8626039760319266 0.38979020660998775 0.8918957447442483 0.38719671511182596 0.8948137178195743 0.4081235638786765 0.8655219491072527 0.4107170553768382
0 0.8481587687815269 0.35271958295036765 0.8521887110912894 0.36556492225796566 0.8286103376253383 0.3702620921415441 0.8245803953155758 0.3574167528339461
0 0.8333318515086737 0.3943131989123774 0.823227589524637 0.3749890376072304 0.8502369077186885 0.36602124980851714 0.8603412297766978 0.3853453871783088
0 0.8640050812969058 0.38692756204044115 0.8739013071135273 0.4200482536764706 0.833305118590828 0.4277505553002451 0.8234089528481792 0.3946298397288603
0 0.8058356337659941 0.3923829082414216 0.7992300799512487 0.35553691789215686 0.8244252242441252 0.3526687681908701 0.8310307179848979 0.3895147585401348
0 0.8053447693351685 0.44097857306985294 0.788575360155481 0.4142525945925245 0.8221142986628014 0.4008896053538603 0.8388838279904343 0.42761555989583333
0 0.8002670167937992 0.35234961416207106 0.80888528898945 0.39257376876531863 0.775346290408157 0.3971367331112132 0.7667280182125061 0.35691260244332107
0 0.7325746431125431 0.3876688878676471 0.7263007577010027 0.3614218319163603 0.7663338728777067 0.3553454829197304 0.7726076982152743 0.3815925388710172
0 0.7759014940637303 0.39418167413449756 0.7007095457062008 0.40364233877144606 0.6929659505528728 0.3645620069316789 0.7681578388364296 0.3551013422947304
0 0.7351489329901267 0.40452287262561276 0.7699065921813484 0.4020049689797794 0.7718762375238374 0.4192697323069853 0.7371185783326156 0.42178763595281865
0 0.7721100454255352 0.4407162415747549 0.7685436939629983 0.4151389208026961 0.7876226470226378 0.41344970703125 0.7911889984851747 0.43902697993259804
0 0.7341766958161602 0.4155563055300245 0.7065683800404466 0.4155563055300245 0.7065683800404466 0.39925996668198527 0.7341766958161602 0.39925996668198527
0 0.6926620363250492 0.44994154986213236 0.6863223098394439 0.4347859221813726 0.7200658002237635 0.42582294538909315 0.7264055267093689 0.44097857306985294
0 0.6439580842265933 0.3722456868489583 0.6730608602208416 0.3676074697457108 0.6770329512949065 0.38343374214920345 0.6479301753006582 0.3880719113817402
0 0.6507033100278359 0.3986836272594976 0.6874021995724655 0.3954342830882353 0.6895969420906127 0.41117417279411766 0.652898052545983 0.4144234930300245
0 0.9249650850070743 0.4152930166207108 0.9200255026028851 0.38380351945465685 0.9498519296721211 0.3808325674019608 0.9547915120763103 0.4123220645680147
0 0.598180215189776 0.44651932061887256 0.5450086218165601 0.44651932061887256 0.5450086218165601 0.37481548234528184 0.598180215189776 0.37481548234528184
0 0.6503292293999139 0.4033340513939951 0.6206758754459891 0.4033340513939951 0.6206758754459891 0.37237103630514706 0.6503292293999139 0.37237103630514706
0 0.6314494816337045 0.4208019301470588 0.5924423698365219 0.42898174211090684 0.5864687942144439 0.4108932674632353 0.6254759660855992 0.40271345549938725
0 0.6275929728830894 0.448196901807598 0.5975185003806287 0.4541881606158088 0.5905412688968689 0.4319484815410539 0.6206156813253568 0.42595717486213236
0 0.6215347530334954 0.4496807981004902 0.64801830381859 0.4466659486060049 0.6514539943905328 0.46583046109068627 0.6249705036794106 0.4688453105851716
0 0.6620129562738374 0.45736572265625 0.638461135503814 0.43484470741421566 0.6594816793606976 0.4208859432444853 0.683033500130721 0.4434069584865196
0 0.6871403371255229 0.4318525965073529 0.652374267578125 0.4318525965073529 0.652374267578125 0.4114822208180147 0.6871403371255229 0.4114822208180147
0 0.49067633921705833 0.38311777152267157 0.5410842895507812 0.3764230765548407 0.5481590811661848 0.41024897556678924 0.49775113083246186 0.4169436944699755
0 0.5665160652220719 0.4542792107077206 0.5088837991549274 0.46238362630208335 0.5046324241818405 0.44318622663909313 0.562264690248985 0.43508181104473037
0 0.4982994560181625 0.42471483417585787 0.47324743796521285 0.42756668390012254 0.466069259042815 0.38752661611519607 0.4911212470587783 0.3846747663909314
0 0.46347787812000185 0.38741072112438724 0.4692660354253814 0.4300753484987745 0.4282090494951864 0.43361222809436273 0.42242089218980683 0.39094764859068626
0 0.4213637104184609 0.3872912118949142 0.43105199017862633 0.43140692018995097 0.402155748502476 0.43543653301164215 0.3924674387053242 0.3913208247166054
0 0.28385312538447344 0.40055687997855394 0.39529530082161973 0.3873307531020221 0.4033787044014518 0.4305795228247549 0.29193643885334647 0.44380567363664214
0 0.3951778562050166 0.4912383195465686 0.3797797255628691 0.44215762867647057 0.43222953015425075 0.43170884076286764 0.44762766079639826 0.48078953163296567
0 0.4594016788512703 0.48567095588235293 0.3457011725958877 0.49191951976102943 0.3408462644562008 0.4358235198376226 0.4545467707115834 0.42957495595894607
0 0.5100603479100024 0.4597338388480392 0.47999188280481053 0.4621298636642157 0.47652945931502216 0.4345391007965686 0.5065979244202141 0.43214302810968136
0 0.290723124826987 0.4417917049632353 0.23661626980999323 0.44686413334865194 0.23061370849609375 0.40620677274816175 0.2847205635130875 0.4011343204273897
0 0.29029747069351314 0.5101066080729166 0.2732304550531342 0.40538588579963236 0.3354452238308163 0.3989473709405637 0.35251223947119525 0.5036680932138481
0 0.23883477158433808 0.4498841050091912 0.15313264140932578 0.4587368834252451 0.14551864083357682 0.4119320618872549 0.23122083108256183 0.403079283471201
0 0.20006673917995663 0.4733486040900735 0.1392386729323019 0.47873434627757355 0.13644544346126045 0.4587017941942402 0.19727350970891516 0.453316099877451
0 0.24128362700695127 0.4669265567555147 0.2000474554347241 0.4721841490502451 0.19635295116995263 0.45378403607536766 0.2375891227421798 0.4485264437806373
0 0.2459073554812454 0.5070861098345588 0.19580785496028388 0.5017631261488971 0.2002283832219642 0.4753438553155637 0.2503279287984052 0.48066688687193626
0 0.09845741902749369 0.46247663909313724 0.08906647539514256 0.4213186944699755 0.12280997328870878 0.4164297545189951 0.13220091692105992 0.45758774701286764
0 0.19275418979915107 0.49572227328431373 0.14269795755701742 0.5011615827971814 0.1401156628225732 0.48607177734375 0.19017197015717274 0.48063251570159315
0 0.23175257585180087 0.4018423043045343 0.24282733286459615 0.4724429859834559 0.04964776301947166 0.4916851926317402 0.0385729947428065 0.4210845109528186
0 0.17028137267105223 0.514244935278799 0.14814656175027682 0.5186544979319853 0.1428534740538109 0.5017830403645833 0.1649882849745863 0.4973734298406863
0 0.09108382698119157 0.538092160692402 0.0783022032009335 0.4871661017922794 0.13926076513575755 0.4774509803921569 0.15204238891601562 0.5283769914215686
0 0.021747491491122508 0.4867831361060049 0.06259877287496732 0.4831661209405637 0.06650185021828478 0.5111580882352941 0.02565056695712833 0.5147751034007353
0 0.07264427124984621 0.540490052466299 0.03620826916431817 0.5443613089767156 0.031323352197962485 0.515166685814951 0.06775935616080217 0.5112954293045343
0 0.06366430117389349 0.5085205556832108 0.05988879091157688 0.4844521197150735 0.08568802030067744 0.4818823720894608 0.08946353431761735 0.5059507601868872
0 0.29557508934201215 0.5050685029871324 0.004610872644139087 0.5549072744332108 -0.02704780871473898 0.43754408892463237 0.26391646617979514 0.3877053174785539
0 0.2855740344430518 0.3995644962086397 0.30521047396922674 0.46709616268382353 0.28038166076179566 0.47168050130208333 0.2607452212356207 0.4041488587622549
0 0.3036914735328494 0.4945934819240196 0.2914211243156373 0.4945934819240196 0.2914211243156373 0.4774823357077206 0.3036914735328494 0.4774823357077206
0 0.3290692427026944 0.43732919730392156 0.36015232716958356 0.43898044960171567 0.35755529929333785 0.47002278645833334 0.3264721847894623 0.4683715341605392
0 0.37424607164277807 0.4220748123468137 0.37424607164277807 0.4318525965073529 0.35686306690606545 0.4318525965073529 0.35686306690606545 0.4220748123468137
0 0.4093592185673751 0.4010540651807598 0.3978768596498985 0.4315536439185049 0.37817674171267535 0.4268441233915441 0.3896590405561793 0.3963445685891544
0 0.33943236343503935 0.47752427045036766 0.42058590265709583 0.47434383616727943 0.42205302921805793 0.4981164311427696 0.3408994899960015 0.5012968175551471
0 0.44516811220664676 0.42783715341605394 0.4789494491937592 0.4723122032015931 0.44913281418207124 0.4866930912990196 0.4153514771949588 0.44221808938419116
0 0.09774569263608437 0.45976495481004903 0.05095469482301727 0.4665442133884804 0.041874686564047504 0.4267486213235294 0.08866561679389533 0.41996936274509805
0 0.04004169449092835 0.6565823184742647 0.03184279118935893 0.5928819125306373 0.09771916246789647 0.5874978936887255 0.1059180056954932 0.6511982517616421
0 0.0460138621292715 0.6689641256893383 0.0 0.6689641256893383 0.0 0.5923714192708334 0.0460138621292715 0.5923714192708334
0 0.08967703721654696 0.6952532839307598 0.08591207369106023 0.6577510340073529 0.13309637955793246 0.6547430300245098 0.13686133557417263 0.6922453278186275
0 0.04112800838440422 0.6653371055453431 0.078305131807102 0.6634855143229167 0.08037403437096304 0.6898639993106618 0.043196910948265256 0.6917155905330883
0 0.038856149658443424 0.7773347024356617 0.0 0.7773347024356617 0.0 0.7292605411305148 0.038856149658443424 0.7292605411305148
0 0.03864532756054495 0.717416321997549 0.08090008713128999 0.715885799632353 0.08242439660500353 0.7426084271599265 0.04016963703425851 0.7441389016544118
0 0.04033489677849717 0.7753540517769608 0.03553685616320512 0.7447671089920344 0.07807408730814776 0.7405300723805147 0.0828721279234398 0.7711170151654412
0 0.0465128290371632 0.7962254423253676 0.04122842578437385 0.773065065870098 0.08199058742973749 0.767159304151348 0.08727498692790354 0.790319584865196
0 0.14417676850566713 0.7439272173713235 0.10020795957309993 0.7439272173713235 0.10020795957309993 0.7088901175704657 0.14417676850566713 0.7088901175704657
0 0.04294627107034518 0.8074828622855392 0.0 0.8074828622855392 0.0 0.7781495098039216 0.04294627107034518 0.7781495098039216
0 0.04961986616840513 0.844881472120098 0.04538045717975286 0.794207883348652 0.08426824704868587 0.7921419749540441 0.08850765228271484 0.8428156594669117
0 0.0409012103643943 0.8188903569240196 0.0409012103643943 0.8482237094056373 0.0 0.8482237094056373 0.0 0.8188903569240196
0 0.09707802299439437 0.8689617800245099 0.05521663155142716 0.8726682176776961 0.051525562766968735 0.8461965762867647 0.09338695796455924 0.8424901386335785
0 0.10020795957309993 0.8946682559742647 0.05930675296332893 0.8946682559742647 0.05930675296332893 0.8702237477022059 0.10020795957309993 0.8702237477022059
0 0.11113700716514287 0.9239584290747549 0.05241372266153651 0.9275581150428922 0.04939425085473249 0.8962787224264706 0.10811753160371555 0.8926791321997549
0 0.10634314169095258 0.9631128408394608 0.05521663155142716 0.9631128408394608 0.05521663155142716 0.9223719937193627 0.10634314169095258 0.9223719937193627
0 0.05839000912163201 0.9690131931678921 0.009562442621846837 0.9722555721507353 0.005084441872093622 0.929435604319853 0.053912008841206706 0.9261932253370098
0 0.03374349789356622 0.9223719937193627 0.0 0.9223719937193627 0.0 0.8889645565257352 0.03374349789356622 0.8889645565257352
0 0.04908144943357453 0.8897793160232843 0.0 0.8897793160232843 0.0 0.8522977941176471 0.04908144943357453 0.8522977941176471
0 0.17314612020657758 0.9003494561887255 0.1792389877199188 0.9586116536458333 0.12364153223713552 0.9623035386029412 0.11754866472379429 0.9040414368872549
0 0.17529609259657972 0.9130052274816176 0.22639995484840214 0.9102903837316176 0.23033622681625246 0.9573405905330883 0.17923237958292323 0.9600554342830883
0 0.22197637783260796 0.9107757927389706 0.1747279730368787 0.9149592141544117 0.17108676940437376 0.8888452627144607 0.21833517420010304 0.8846618412990196
0 0.17037848224790078 0.8610498046875 0.21783008725624384 0.8583489391850491 0.22031632370836152 0.8860858034620098 0.17286471870001846 0.8887866689644608
0 0.1698281445841151 0.8836401845894608 0.11743938265823003 0.8860958563112745 0.11598665883221965 0.866416685814951 0.16837548083207737 0.8639609183517157
0 0.16667242876188024 0.866149662990196 0.10941073650450218 0.866149662990196 0.10941073650450218 0.8408903952205883 0.16667242876188024 0.8408903952205883
0 0.16308757451575573 0.8371614583333333 0.21383513803557147 0.8340507238051471 0.21617489912378507 0.8582891007965686 0.1654273356039693 0.8613997395833334
0 0.21434346897395576 0.8339223345588235 0.15840506365918738 0.8411118451286764 0.15333910063495787 0.8160831227022058 0.20927750594972624 0.8088936121323529
0 0.1054890625120148 0.8165608723958333 0.15764409162866788 0.8133639705882353 0.1600199872114527 0.8379762178308824 0.10786489802082692 0.8411731196384804
0 0.21064123018520084 0.8131866574754902 0.15337953041857622 0.8131866574754902 0.15337953041857622 0.790371763939951 0.21064123018520084 0.790371763939951
0 0.1666556380865142 0.7918544634650735 0.16350423257181965 0.7642308612898284 0.21116928040511965 0.7607778990502451 0.21432068591981424 0.7884015012254902
0 0.2091596708523007 0.7638712565104167 0.1611046227883166 0.7679740636488971 0.1574297176571343 0.7406422813265932 0.20548476572111835 0.736539426317402
0 0.1530838313065176 0.6998482977175245 0.20990784712663785 0.698231081495098 0.21146966528704786 0.7330782781862745 0.1546456494669276 0.7346953986672794
0 0.16259435218150223 0.7913741287530637 0.10461993480291892 0.7937432023590686 0.10137734450693206 0.743357172947304 0.15935176939476192 0.7409880035998775
0 0.13716852383350764 0.8338264973958334 0.12010798116368572 0.8444003714767156 0.10755446576696681 0.831538756127451 0.12461494085356944 0.8209649777879902
0 0.10037403407059317 0.7596321135876225 0.21075544582577202 0.7533493221507352 0.21794946925846612 0.8336066750919118 0.10756813259575311 0.8398894186580882
0 0.28835353701133426 0.9997795075061274 0.24847484198142225 0.9997795075061274 0.24847484198142225 0.9704461550245098 0.28835353701133426 0.9704461550245098
0 0.29755629892424335 0.9402979473039216 0.2454072546771192 0.9402979473039216 0.2454072546771192 0.9166682942708333 0.29755629892424335 0.9166682942708333
0 0.35441213893139456 0.9489755667892157 0.2932353883277713 0.9520224417892157 0.28947953351839323 0.9041352634803922 0.3506562240480438 0.9010884842218138
0 0.35686306690606545 0.9997795075061274 0.30266895444374387 0.9997795075061274 0.30266895444374387 0.980223939185049 0.35686306690606545 0.980223939185049
0 0.357885585995171 0.9997795075061274 0.30062388622854636 0.9997795075061274 0.30062388622854636 0.9647424555759804 0.357885585995171 0.9647424555759804
0 0.33743496391716904 0.9826684091605392 0.2955112307090459 0.9826684091605392 0.2955112307090459 0.9655572150735294 0.33743496391716904 0.9655572150735294
0 0.2863975284606453 0.8507793351715687 0.33683185126837784 0.8496629901960784 0.3378835963451956 0.8798331227022059 0.2874492735374631 0.8809495634191177
0 0.2848911135215459 0.8719663373161765 0.28857626126507135 0.9013319546568628 0.23927208006851317 0.9052608953737745 0.2355869323249877 0.8758952780330882
0 0.2892884982852485 0.8731818704044118 0.23702411201056534 0.875784792432598 0.2349551493727316 0.8494063074448529 0.28721958070289433 0.8468033854166667
0 0.28616810595895364 0.8815528301164216 0.28802301001361036 0.8179936427696078 0.34221153559647205 0.8189977787990196 0.3403566615788017 0.8825569661458333
0 0.286924257053165 0.8208801508884804 0.28855691744586615 0.845599245557598 0.2342978500005767 0.8478748276654412 0.23266518960787555 0.8231557329963235
0 0.2844118133304626 0.8206205001531863 0.2323013515922967 0.8239873429840686 0.23048707256166953 0.806156556372549 0.28259754931832864 0.8027897135416666
0 0.2881510576863927 0.822980526194853 0.28384831946665845 0.7886937519148284 0.3310264527328371 0.7849342735140932 0.33532919095257135 0.8192211435355392
0 0.2790274432324988 0.7672592103247549 0.3311203783891332 0.7627715705422794 0.3339376975232222 0.7835378848805147 0.28184476236658773 0.788025572533701
0 0.23467667647234097 0.7733367321537991 0.2805751590278205 0.7710508099724265 0.2830539012518455 0.802654239430147 0.23715537364088643 0.8049401616115196
0 0.30778160996324433 0.7675569182751225 0.2781282259723333 0.7675569182751225 0.2781282259723333 0.7439272173713235 0.30778160996324433 0.7439272173713235
0 0.28240540271668924 0.7688983992034314 0.23291246909794844 0.7732805319393382 0.22930864649494803 0.7474348958333333 0.2788015650951956 0.7430528109681372
0 0.2822475583534541 0.7087544041053921 0.3348944356122355 0.7159462603400736 0.3276597270815391 0.7495760569852942 0.2750127597117987 0.7423842007506127
0 0.2730474096583569 0.744333065257353 0.22014637443962998 0.7469677255667893 0.21839970866526207 0.7246981751685049 0.27130072886549583 0.7220635148590686
0 0.2757559348279097 0.6866945274203431 0.3254304720660833 0.6810397039675246 0.32941830252099225 0.7032842179840686 0.2797438253567913 0.7089390414368872
0 0.27486729058693715 0.6918475700827206 0.27743347047820804 0.7450140261182598 0.2210810353436808 0.7467412013633579 0.21851485545240987 0.6935747453278186
0 0.1698658410019762 0.588284792432598 0.17617408872589352 0.6284991096047794 0.13716065414308562 0.6323851581648284 0.1308524214376615 0.592170840992647
0 0.20348352146899606 0.6901493566176471 0.16974001606618325 0.6901493566176471 0.16974001606618325 0.655927064185049 0.20348352146899606 0.655927064185049
0 0.20132112878514088 0.6883060470281863 0.19742378475159172 0.6541438323376225 0.22554337509035124 0.6521067899816176 0.22944070410540723 0.6862690046721813
0 0.22863774036797951 0.6826530426623775 0.22457912775475208 0.6567794979319853 0.26006875826617865 0.6532444852941176 0.2641274159348856 0.6791180300245098
0 0.2492485496941514 0.6488785328584559 0.2052706921194482 0.6512148150275735 0.20326183349128782 0.6272030101102941 0.24723969106599103 0.6248667279411765
0 0.24064759382112758 0.6349696020986519 0.19072011512095535 0.6391575233609068 0.18480342955101192 0.5943671970741422 0.23473090825118417 0.5901792279411765
0 0.32823220200425995 0.676297487745098 0.2934661925308348 0.676297487745098 0.2934661925308348 0.6339270258884804 0.32823220200425995 0.6339270258884804
0 0.2192456703486405 0.6417585305606618 0.32527178666723056 0.630493403416054 0.33268398375023067 0.6747923847273284 0.22665789746862697 0.6860574640012255
0 0.39329660971333663 0.664112859987745 0.3279804920587014 0.6706188246783088 0.321986941840705 0.6324102424172794 0.3873029994213675 0.6259042777267156
0 0.2969668230672521 0.5670354147518383 0.36236064640555793 0.5554554419424019 0.3743423101470226 0.5984202186734069 0.3089484868087168 0.610000239353554
0 0.3136808140071358 0.6338016524969363 0.30691639457161973 0.6068500593596814 0.3295300401101901 0.6032460650275735 0.33629448958269254 0.6301977060355393
0 0.36896758192167506 0.5948379097732843 0.36136771374800075 0.5585015031403187 0.41741339615949496 0.5510580384497549 0.4250132943701556 0.5873944450827205
0 0.4414795402466781 0.5809721583946078 0.451432626078448 0.6190420592064951 0.38050544918991447 0.6308169136795343 0.3705523633581447 0.5927469649969362
0 0.42007587462898316 0.6630485504748774 0.4131430978850117 0.62437744140625 0.4466411860909049 0.6205640127144608 0.4535739928718627 0.6592352175245098
0 0.45771585299274115 0.6604499846813725 0.38911119596226007 0.6697836722579656 0.38033574021707367 0.6288257314644607 0.44894045732152743 0.6194920438878676
0 0.2867489612008643 0.5862164426317402 0.2846567048801212 0.5728784658394608 0.2978709063192052 0.5715622606464461 0.2999631626399483 0.584900141697304
0 0.2639668982798659 0.5899827665441176 0.31112791046382876 0.5885909256280637 0.3131183714378537 0.6314155847886029 0.2659573292169045 0.6328075214460784
0 0.24438472056952049 0.5793343577665441 0.2617677403247263 0.5793343577665441 0.2617677403247263 0.5923714192708334 0.24438472056952049 0.5923714192708334
0 0.4274999062846026 0.9946220128676471 0.37359126534048964 0.9997769224877451 0.3691785917507382 0.9704743987438725 0.42308723269485116 0.9653194891237745
0 0.4784564521369033 0.9923372395833333 0.42697146558386134 0.9967329197303921 0.42252680260365405 0.9636758961397058 0.4740117290827233 0.959280215992647
0 0.4133765753798597 0.8982653569240197 0.4192124314195528 0.9401191023284313 0.36321024256428397 0.9450775505514706 0.35737432645061823 0.9032238051470588
0 0.46865268016424705 0.9425422219669117 0.4199395667849563 0.9459175857843137 0.4148556866983729 0.8993293313419117 0.46356880007766366 0.8959539675245098
0 0.4601386062742218 0.8987423406862745 0.41514728576179566 0.8987423406862745 0.41514728576179566 0.8694088924632353 0.4601386062742218 0.8694088924632353
0 0.4160347585603008 0.8987730736825981 0.36051979966050995 0.9023599303002451 0.35748558344803455 0.8725399241727941 0.4130005423478254 0.868953067555147
0 0.40874784574733947 0.8619016161151961 0.39303075234721024 0.8697294347426471 0.38786069614680735 0.8631375421262255 0.40357772947296383 0.8553099149816177
0 0.355199949009212 0.8555380667892157 0.35001172043207124 0.7893888825061275 0.40838743194820376 0.7864815984987745 0.4135756605253445 0.8526306870404412
0 0.45911608718511626 0.8384459252450981 0.4131022175465982 0.8384459252450981 0.4131022175465982 0.8050384880514706 0.45911608718511626 0.8050384880514706
0 0.40605460940383553 0.7861848479626226 0.4531225069301335 0.7814965341605392 0.456677714670737 0.8041610179227942 0.40960984718142535 0.8088492838541667
0 0.45093584436131273 0.7773347024356617 0.4079895620270977 0.7773347024356617 0.4079895620270977 0.7618531709558823 0.45093584436131273 0.7618531709558823
0 0.342647432342289 0.7485598575367647 0.3538564246470534 0.7197787894454657 0.37128826952356053 0.7240896905637255 0.3600792471818098 0.7528707586550245
0 0.4728171280988558 0.7738156786151961 0.3671604366753045 0.7897442746629902 0.34141693715974103 0.681312806372549 0.4470735685093196 0.6653842581954656
0 0.3957192128098856 0.7186679496017156 0.3405025812584584 0.7186679496017156 0.3405025812584584 0.6860752719056372 0.3957192128098856 0.6860752719056372
0 0.34529705498162216 0.7642783011642157 0.4000959020899975 0.7627725279564951 0.4011390866257074 0.7868793083639706 0.34634023951733206 0.7883850337009803
0 0.40594449381190023 0.7659272556678921 0.37935872716227853 0.7659272556678921 0.37935872716227853 0.7504457720588236 0.40594449381190023 0.7504457720588236
0 0.4049219747227947 0.7651124482996323 0.351750411386565 0.7651124482996323 0.351750411386565 0.7504457720588236 0.4049219747227947 0.7504457720588236
0 0.3688691206804411 0.6289734126072304 0.35913248137226256 0.5565585267310049 0.4392121983325388 0.5497214882046568 0.4489488076037309 0.6221363740808824
0 0.4476637352169968 0.6204011086856618 0.4360855583130844 0.5465912702971814 0.49460574773352917 0.5407622453278186 0.5061838946004552 0.6145720358455883
0 0.5909161304864358 0.5633017386642157 0.49809634591650775 0.5746809417126225 0.49015252421221395 0.5335351083792892 0.582972308782142 0.5221559053308824
0 0.5887728713628814 0.591882563572304 0.5059637234905573 0.6001309742647059 0.5015589496282142 0.5720511163449755 0.5843681876114973 0.5638027056525735
0 0.5919621384988619 0.6392343558517157 0.5097175057478777 0.6501573031556372 0.49963036484605683 0.6019289981617647 0.5818749975970411 0.5910060508578432
0 0.5073165893554688 0.6095702646292892 0.5133259089912955 0.6478791839001226 0.48261855718657726 0.6509379308363971 0.4766092075137641 0.612628963694853
0 0.5169234989196296 0.646335018382353 0.4572299747016486 0.6588528262867647 0.445057606133889 0.6219940065870098 0.50475113035187 0.6094762465533088
0 0.460759200449065 0.7035490866268382 0.4535364766759197 0.6661381740196078 0.49733388705516424 0.6607688993566176 0.5045566108283095 0.6981797640931372
0 0.6035273994986466 0.7066230564491421 0.5236377265509657 0.713208678002451 0.5177659763125922 0.6679787071078431 0.5976557093342458 0.6613930855545344
0 0.5254061240849532 0.7258239506740196 0.4813049796998031 0.7285272097120098 0.4788328456127737 0.7029180070465686 0.5229340200349102 0.7002147480085784
0 0.6054750577671322 0.7571332146139705 0.5327507079116941 0.7635722560508579 0.5265407412070927 0.7190355966605392 0.5992650910625308 0.712596555223652
0 0.527457950622078 0.7506060431985294 0.4788710226224163 0.7541258329503676 0.47592075978677106 0.7282654047947303 0.5245077178234191 0.724745662913603
0 0.4764990919218289 0.7170382869944852 0.46422871266763044 0.7170382869944852 0.46422871266763044 0.707260502833946 0.4764990919218289 0.707260502833946
0 0.4692657951294906 0.7800637637867647 0.4588188712052473 0.706805970435049 0.5228070236566499 0.7010116038602942 0.5332539475808932 0.7742694929534314
0 0.6138859546090675 0.7792748544730392 0.5342997753714013 0.7909573663449755 0.5284269438015194 0.7655523322610294 0.6080130629652128 0.753869868259804
0 0.5551062155896285 0.7871896063112745 0.6220867126945435 0.7814193665747549 0.6255950326994648 0.8072793160232843 0.5586145355945497 0.813049555759804
0 0.6301384272537832 0.846427121629902 0.5586871049535556 0.8516031901041666 0.5541862427718997 0.8121514054840686 0.6256376251460999 0.806975337009804
0 0.5460002628837045 0.8238789636948529 0.48223438413124387 0.8279439529718138 0.47962684330977795 0.8019709329044118 0.5433926920252522 0.7979058957567402
0 0.526706905815545 0.7763794902726716 0.5285285288893332 0.8025087603400736 0.4870736430010458 0.8043439797794117 0.48525195985328495 0.7782147097120098
0 0.5297335527074618 0.8453656364889706 0.49512487696850394 0.848812806372549 0.49175836157611036 0.8273518880208334 0.5263671274260273 0.8239046223958333
0 0.549098758246955 0.8408903952205883 0.549098758246955 0.8816311465992647 0.49899475217804196 0.8816311465992647 0.49899475217804196 0.8408903952205883
0 0.5558755228838582 0.8551172832414216 0.6142128771684301 0.850223939185049 0.6264384712759904 0.9427736289828431 0.5681009968434731 0.9476669730392157
0 0.5052536491333969 0.9101708984375 0.49162565817044473 0.8679390701593137 0.5487886563999447 0.8562258731617647 0.5624167374738558 0.8984578929227941
0 0.5633036095326341 0.8992708333333334 0.5735178669606606 0.9508201210171568 0.5161788219542015 0.9580345243566176 0.505964564526175 0.9064852366727941
0 0.5826873779296875 0.998521178002451 0.5273577472356361 1.001787109375 0.5248997605691744 0.9753450520833333 0.5802293912632259 0.9720792164522059
0 0.5100188968688484 0.9536453546262255 0.5725230419729638 0.9469146369485294 0.576740775521346 0.9717858647365196 0.5142366304172306 0.9785165824142157
0 0.6086508683332308 0.9669262216605392 0.5767274991733822 0.9705602787990196 0.5729645856722133 0.9495705997242647 0.604887954832062 0.9459365425857843
0 0.5865731427050013 0.9679136029411765 0.6464325912355438 0.9599636182598039 0.6517663189745325 0.9854651118259804 0.5919068103700172 0.9934151922487745
0 0.652374267578125 0.9639276003370097 0.6176082581046998 0.9639276003370097 0.6176082581046998 0.9411128025428922 0.652374267578125 0.9411128025428922
0 0.6346845251368726 0.876660826439951 0.6388769074687808 0.9000460516237745 0.6178331750584399 0.9024415977328432 0.6136408528005044 0.8790563725490196
0 0.6720684982660249 0.5171326401654411 0.7959105123685101 0.5042606847426471 0.8061681432048167 0.566927370557598 0.6823260690283588 0.5797993259803922
0 0.7593189750130721 0.6195479568780637 0.6878620658333846 0.633783270143995 0.6722835630882443 0.5841273648131128 0.7437403521199865 0.5698920515471814
0 0.752140075203002 0.6147017654718138 0.7465575811431164 0.5880110198376225 0.7846952423335999 0.5829459635416666 0.7902776763195128 0.6096367091758579
0 0.820085240161325 0.5732228477328432 0.8216135220264825 0.6121941061580882 0.7864026047113374 0.6130709539675245 0.7848742627722072 0.5740996476715686
0 0.8466975294698881 0.5698771158854167 0.8491001279335323 0.6110405177696079 0.8140058141993726 0.6123412128523285 0.8116031556617557 0.5711778588388481
0 0.8528840673251414 0.4944952512254902 0.862434627502922 0.5508122702205882 0.805521266666923 0.55694091796875 0.7959708266370878 0.500623898973652
0 0.880680114265502 0.4818582931219363 0.9297079852246862 0.49895072189031864 0.9062400877945066 0.5416951976102942 0.8572122168353223 0.5246027688419118
0 0.9656327014832985 0.490264772901348 0.8347769909956324 0.5099391084558823 0.826003367506613 0.47288502412683825 0.9568591380682517 0.4532106407015931
0 0.8908598291592336 0.528941099877451 0.9009277463897946 0.56905517578125 0.8714317261703372 0.5737560317095588 0.8613637488658034 0.5336420036764706
0 0.9445767740565022 0.5982637293198529 0.8781346598948081 0.6053230794270833 0.8733033307894008 0.5764486634497549 0.9397455050250677 0.5693893133425245
0 0.9324803990641917 0.552094487208946 0.946273323119156 0.5823200539981618 0.9230388130728654 0.5890526865042892 0.9092458289439284 0.5588271197150735
0 0.9274729330708661 0.5002577837775736 0.9920386967696543 0.4935469324448529 0.9986129520446296 0.5337106981464461 0.9340471883458416 0.5404215494791667
0 0.9696266594834215 0.5493041513480392 0.9989908774068036 0.547354185814951 1.0031938327579049 0.5875443282781863 0.9738296148345227 0.5894942938112745
0 0.8755069642555057 0.6121692612591911 0.9227644552396038 0.6058929802389705 0.9301156472033403 0.6410401826746324 0.8828580961452694 0.647316463694853
0 0.8228694284994771 0.6224444221047795 0.877865768793061 0.6169663373161764 0.8830099030742495 0.6497595454197304 0.8280135027066929 0.6552376302083334
0 0.756492194228285 0.6326824831495098 0.808567257378045 0.6269587737438725 0.8139889934870201 0.6582812021292892 0.7619139303372601 0.6640048636642157
0 0.7676969513179749 0.6839261642156863 0.6883950421190638 0.6923518880208334 0.6799825833538385 0.6420751953125 0.7592844925527498 0.633649471507353
0 0.8137968769223671 0.6582025984221813 0.8178745179664432 0.6874465762867648 0.7712995273860421 0.6915703029258579 0.7672218863419661 0.6623263729319853
0 0.8199003925473671 0.7051823395373774 0.7728076844703494 0.7164402860753677 0.7656312476931595 0.6973780732996323 0.8127239557701772 0.6861201267616421
0 0.8216668677142286 0.7313353534773285 0.7760482547790046 0.7367207605698529 0.771897804080032 0.7143958716299019 0.8175163569412832 0.7090104645373775
0 0.771691269761934 0.7241956284466912 0.7114929439514641 0.7329174325980392 0.706601120355561 0.7114780081954657 0.7667995062400037 0.7027562040441176
0 0.7026749257966289 0.7341181257659314 0.77051586241234 0.7233061427696078 0.7793646985151637 0.7585625861672795 0.7115237618994525 0.7693745691636029
0 0.8246741107129675 0.7588351141237745 0.7789866530050443 0.7615319106158088 0.7764562171275221 0.734309512867647 0.8221436147614727 0.7316127163756128
0 0.7707243791715367 0.7997973154105392 0.7189503466989112 0.8052982345281863 0.7134403018500861 0.7723675417432598 0.7652142742487389 0.7668666226256128
0 0.7094891765924889 0.7720729453890931 0.7759435458446112 0.760185116038603 0.7948311633012426 0.8272297219669118 0.7283767940491204 0.8391176470588235
0 0.792369151678611 0.8520166973039216 0.719123119444359 0.8608268229166667 0.7141203992948757 0.834416743259804 0.7873664315291277 0.8256065219056372
0 0.7934834637979823 0.8962978707107843 0.721906346598948 0.8962978707107843 0.721906346598948 0.8531126493566177 0.7934834637979823 0.8531126493566177
0 0.8320737222986897 0.7791109930300245 0.7855485931156189 0.7844073127297794 0.78098819762703 0.7589687691482843 0.8275133268101009 0.7536724494485294
0 0.8336988434078186 0.8025641946231618 0.7863382054126169 0.8067575252757353 0.7830711424820066 0.7833265835631128 0.8304317204032358 0.7791332529105393
0 0.8379615723617434 0.8294685393688725 0.7908812995970719 0.8334881472120098 0.7873070183701403 0.8069043926164216 0.8343872310608391 0.8028847847732843
0 0.7920004777082308 0.8430885225183824 0.7818207628144993 0.7836020316329657 0.8321508572796198 0.778132994408701 0.8423305721733514 0.8376195810355392
0 0.79282901793953 0.8437585209865196 0.8427898376945435 0.8380710975796568 0.8484342079462968 0.8695556640625 0.7984733881912832 0.8752430874693627
0 0.7329918568528543 0.9544952512254902 0.7203016506405328 0.8995997051164216 0.7961141030619464 0.8884712009803921 0.8088043092742679 0.9433667470894608
0 0.8063894557201956 0.9384481272977941 0.7960812425988866 0.8891627412683824 0.8219484944981853 0.8857272518382353 0.8322567076194943 0.9350127336090687
0 0.8527902317798044 0.9345942478553921 0.827226954182302 0.9345942478553921 0.827226954182302 0.9044460401348039 0.8527902317798044 0.9044460401348039
0 0.8545285322534757 0.9004534313725491 0.8275336918868418 0.9076237936580882 0.8187399436169722 0.8866015625 0.8457347239096333 0.8794312002144608
0 0.8190467413954847 0.9997795075061274 0.7178162101685531 0.9997795075061274 0.7178162101685531 0.9631128408394608 0.8190467413954847 0.9631128408394608
0 0.8640380619079109 0.9997795075061274 0.8180241622324065 0.9997795075061274 0.8180241622324065 0.9777794692095588 0.8640380619079109 0.9777794692095588
0 0.9305025235874447 0.9908165785845588 0.8722182746947281 0.9908165785845588 0.8722182746947281 0.9549646714154412 0.9305025235874447 0.9549646714154412
0 0.9816290187084769 0.9997795075061274 0.9366376981960507 0.9997795075061274 0.9366376981960507 0.9606683708639706 0.9816290187084769 0.9606683708639706
0 0.8789338239534633 0.9300357115502451 0.8689572191613866 0.8823358992034314 0.9157172375776637 0.8761257276348039 0.9256938423697404 0.9238254442401961
0 0.9238685547836184 0.9196095664828431 0.9174715177280697 0.8737315219056373 0.9585472767747293 0.8700945925245098 0.964944313830278 0.9159727328431373
0 0.8665195374976932 0.8537982536764706 0.9163492157703309 0.8493863932291666 0.9194043377253014 0.8712969132965687 0.8695746594526637 0.8757088694852941
0 0.9141144039124016 0.8448323567708333 0.9087530421459769 0.8191986443014706 0.9584977157472625 0.8125920075061275 0.96385913758766 0.8382257199754902
0 0.9708294004905881 0.865200865502451 0.9256700530765564 0.878695618872549 0.9138618529312253 0.8536038028492647 0.9590212604192299 0.8401090494791666
0 0.8994673481137734 0.8424318321078431 0.8691230233260027 0.8464619715073529 0.8648118747500922 0.8258493221507353 0.8951561394638903 0.821819278492647
0 0.8485851137656865 0.8004421817555147 0.9153795017032172 0.7943007046568628 0.9191009040892594 0.8200013403799019 0.8523065161517286 0.8261427696078432
0 0.9216606560654528 0.8200406901041667 0.914863826721672 0.7983761297487745 0.9485471229853593 0.7916659007352941 0.9553440124031127 0.8133303653492647
0 0.9539310725655142 0.7937671855851716 0.903205150694359 0.7980221258425245 0.8992047047051858 0.7677377259497549 0.9499305665023684 0.7634828335631128
0 0.8998265904704417 0.7960754633884803 0.849722614438515 0.7960754633884803 0.849722614438515 0.770001340379902 0.8998265904704417 0.770001340379902
0 0.852626590278205 0.7772369504442402 0.8479843139648438 0.7513420553768382 0.8880675308347687 0.746779114966299 0.8927097470741573 0.7726739621629902
0 0.9386827363742618 0.7642976409313725 0.8916463776836245 0.7642976409313725 0.8916463776836245 0.7398531326593137 0.9386827363742618 0.7398531326593137
0 0.9386827363742618 0.7406679878982844 0.8947139349509412 0.7406679878982844 0.8947139349509412 0.7162234796262255 0.9386827363742618 0.7162234796262255
0 0.8973488995409388 0.7389443550857843 0.8503518292284388 0.7464343501072304 0.8464190866064838 0.7307647824754901 0.8934161569189838 0.7232747874540442
0 0.886533722164124 0.6982975260416666 0.9324874277189961 0.689142827052696 0.93970531553734 0.7121493949142157 0.893751609982468 0.7213040939031863
0 0.883936484028974 0.7188471775428922 0.8352640106922059 0.7243879729626226 0.8314807321142963 0.7032842179840686 0.8801531453770916 0.697743470435049
0 0.8848823487289309 0.6996212469362745 0.834940031757505 0.701213139552696 0.8337835477093073 0.6781744504442402 0.8837258046067605 0.6765825578278186
0 0.8820196437084769 0.6757013059129902 0.8330877709576464 0.6800337488511029 0.8298456387257013 0.6567816521139705 0.878777451402559 0.6524492091758578
0 0.8800711444043737 0.6482778990502451 0.9239824550358329 0.6402029718137255 0.9309965719388226 0.6644231100643382 0.8870852012333907 0.6724980851715686
0 0.8821889321635089 0.6707682291666667 0.9319409948634351 0.6639718328737745 0.9377113402359128 0.6907942229626225 0.8879592775359867 0.6975906192555147
0 0.9990120234451895 0.910964594822304 0.9795839805302657 0.910964594822304 0.9795839805302657 0.8759274471507353 0.9990120234451895 0.8759274471507353
0 0.9990120234451895 0.8783719171262255 0.9734488059216597 0.8783719171262255 0.9734488059216597 0.8237792011335784 0.9990120234451895 0.8237792011335784
0 0.9990120234451895 0.8123718022365196 0.9846966360497662 0.8123718022365196 0.9846966360497662 0.7854828718596814 0.9990120234451895 0.7854828718596814
0 0.9990120234451895 0.6640752336090686 0.9714037076694759 0.6640752336090686 0.9714037076694759 0.6396307732077205 0.9990120234451895 0.6396307732077205
0 0.9990120234451895 0.6396307732077205 0.9662910521499753 0.6396307732077205 0.9662910521499753 0.6086677581188725 0.9990120234451895 0.6086677581188725
0 0.45779178649421753 0.8618752872242647 0.4185166246309055 0.8647203393075981 0.4157172075406773 0.8401823874080883 0.454992429477962 0.8373372395833333
0 0.5664758757343442 0.4827479702818627 0.5163009523406742 0.4888991651348039 0.5106977327602116 0.45987663717830884 0.5608725960799089 0.45372549019607844
0 0.012270362358393632 0.10348166073069853 0.0 0.10348166073069853 0.0 0.009777794632257199 0.012270362358393632 0.009777794632257199
0 0.9990120234451895 0.29251902860753676 0.9693586694912648 0.29251902860753676 0.9693586694912648 0.2688893516390931 0.9990120234451895 0.2688893516390931
0 0.9990120234451895 0.319407958984375 0.9744713250107653 0.319407958984375 0.9744713250107653 0.29985239066329655 0.9990120234451895 0.29985239066329655
1 0.9938919788270485 0.7656775620404411 0.9915174949826218 0.8006811044730392 0.9601326889879122 0.7993292356004902 0.9625071127583661 0.764325741038603
1 0.9785614013671875 0.7066134344362746 1.0095380647914616 0.718955508961397 0.984275577575203 0.7592170266544118 0.9532989141509289 0.746875
1 0.9621625885250061 0.6655071901807598 0.9941893449918492 0.6884760359221813 0.9740013062484622 0.7063506242340686 0.9419745497816191 0.683381778492647
1 0.9584115696704294 0.716558957567402 0.9456299308716781 0.7063737936580883 0.9599152812807579 0.6949903301164215 0.9726969200795091 0.705175541896446
1 0.6690684040700356 0.9625148399203431 0.6354562353900098 0.9274892769607843 0.6738848949041892 0.9040721698835784 0.707497063584215 0.9390977328431372
1 0.7102435855414924 0.8542747587316176 0.7438892154243049 0.8904110179227941 0.6968045572596272 0.9182486021752451 0.6631589874507874 0.8821121515012255
1 0.6501488873339075 0.8154153262867647 0.7084932702732837 0.8386616306678921 0.6791705033910556 0.8853937844669117 0.6208261805256521 0.8621473843443628
1 0.6394028550996556 0.7377833946078431 0.7079424520177166 0.7365132410386029 0.7092767550250677 0.7822313495710784 0.6407371581070066 0.7835015031403186
1 0.6293474933293861 0.6808174881280638 0.7007726834514948 0.6789813591452206 0.7031558179479884 0.7378473498774509 0.631730567751907 0.7396835267310049
1 0.6441753717858022 0.6159761795343137 0.6531705480860913 0.6530103975183823 0.5948896633358453 0.6619991287530638 0.5858945471095288 0.6249648628982843
1 0.6435584120863066 0.576370969286152 0.7047442939337782 0.6312223307291667 0.6673637450210691 0.6576997166053922 0.6061779232475701 0.6028483072916667
1 0.5355680570827694 0.6547808000153186 0.5465480173666646 0.6241573318780638 0.5834885845034141 0.6325677370557597 0.5725085641455463 0.6631912051930147
1 0.6272448442113681 0.7015787281709559 0.618974400317575 0.7183543485753676 0.5960147887703002 0.7111668485753676 0.604285292738066 0.694391180300245
1 0.8892995879406066 0.9229384957107843 0.9095406720018763 0.9292499617034313 0.9049703042338214 0.9385571767769608 0.8847292201725516 0.9322457107843137
1 0.7720941258227731 0.6170130112591912 0.7570569496455155 0.6295946786917892 0.7516499917338214 0.6254912971047795 0.7666871679110789 0.6129095818014706
1 0.6949754850132259 0.6831234202665442 0.760305149348702 0.6740338254442402 0.7678739893154836 0.70857666015625 0.7025442649060347 0.717666254978554
1 0.7456088328924705 0.6786554074754902 0.7486162561131274 0.6624788890165442 0.7651834563007505 0.6644346947763481 0.7621759730061208 0.6806112132352942
1 0.478036174623985 0.835712890625 0.4690138448880413 0.8602772671568627 0.45391317052165353 0.8567553232230393 0.46293553029458356 0.832191042432598
1 0.485393884613758 0.8892429725796569 0.5091331061415785 0.9375857843137255 0.4729033342496617 0.9488828890931372 0.4491641427588275 0.900539981617647
1 0.6082348560723733 0.5822346526501225 0.6202771644892655 0.5462495691636029 0.6751692163662648 0.557913938036152 0.6631269680233453 0.5938990215226716
1 0.6674533753883182 0.559822208180147 0.5900376687838337 0.5507945101868873 0.5981482558363066 0.506630189185049 0.6755639624407911 0.5156579350490196
1 0.6977203849732406 0.5286937519148285 0.6393339502529836 0.5310200291053921 0.6369077427180734 0.4923530369178922 0.6952942375123031 0.49002671185661767
1 0.5498329222671628 0.47721023858762257 0.5944757536640317 0.446718079810049 0.63836669921875 0.4875223556219363 0.5937238678218811 0.5180145143995099
1 0.8850475521538201 0.4703101064644608 0.8679951344888042 0.44177447150735294 0.8971800916776882 0.43069996553308826 0.9142324492687316 0.45923560049019607
1 0.8312535924235667 0.4658910175398284 0.8291460172397884 0.50115966796875 0.7920309952863558 0.4997513116574755 0.7941385704701341 0.4644827090992647
1 0.6950324952133059 0.4429470645680147 0.7280547374815453 0.4573774509803922 0.7098026425819698 0.48389969171262254 0.6767803402397576 0.4694693531709559
1 0.6351115910087045 0.38524033490349263 0.6193225289892963 0.39782205020680145 0.6012778695174089 0.38344293332567403 0.6170669315368171 0.3708612180223652
1 0.6979720949187992 0.3501321470971201 0.6923241202286848 0.37188529220281863 0.6670145950918123 0.3677125459558824 0.6726626298558993 0.3459594247855392
1 0.9570694570466289 0.335366761450674 0.9254638792022946 0.331932373046875 0.9283097034364235 0.31530256682751223 0.9599152812807579 0.3187369552313113
1 0.8477273175096888 0.3357074094286152 0.8546900110920583 0.3198551432291667 0.8764587762787586 0.3259264897365196 0.869496082696389 0.3417787559359681
1 0.49471712487889086 0.48426585477941175 0.5006258506474532 0.46307784734987745 0.5199707511841781 0.46650347541360293 0.5140620554526021 0.48769148284313724
1 0.51031494140625 0.5346049708946078 0.4339177890086737 0.5533366842830882 0.414410088005967 0.5028154679840686 0.49080721036655695 0.4840837545955882
1 0.37042548712782974 0.5709715360753677 0.325014129398376 0.5376798981311275 0.3731461472398653 0.4959900141697304 0.4185575650432917 0.5292816042432598
1 0.30779053094818837 0.502703067555147 0.279805881770577 0.5481607594209559 0.2364469513179749 0.5312112247242647 0.2644316004955862 0.4857535328584559
1 0.4160979864165539 0.3930212881050858 0.39550757220410926 0.371486146216299 0.420810819610836 0.3561236691942402 0.4414012338232806 0.37765881108302696
1 0.23309320164477731 0.3654351447610294 0.25171237855445683 0.39214163985906864 0.2230495242621955 0.4048307291666667 0.20443028727854332 0.37812425800398286
1 0.3162790733998216 0.5512032781862745 0.2949472862904466 0.553203125 0.292735362616111 0.5382207892922795 0.31406711968849965 0.5362209903492647
1 0.23504658195916123 0.5402351409313726 0.29185194481076215 0.5367531211703431 0.2959517231137734 0.5792243987438725 0.23914645037313145 0.582706418504902
1 0.22842073816014088 0.5607602347579657 0.16522320424477885 0.5308590399050245 0.19559897775725116 0.49009234260110296 0.2587964515986405 0.5199934417126225
1 0.19263941847433255 0.5159890567555147 0.20524298299954633 0.581269962086397 0.11642790216160571 0.5921582988664216 0.10382433012714536 0.5268773935355392
1 0.09497136393869955 0.5964671415441176 0.03648761689193605 0.5864806410845588 0.04340841638760304 0.5607443895526961 0.10189217094361312 0.5707308900122549
1 0.14685740433339997 0.6296962603400735 0.1735795689380075 0.641162109375 0.16184649129552164 0.6585258693321079 0.1351243417094073 0.6470599724264706
1 0.5052337646484375 0.9863187423406863 0.48683211559385764 0.9561768535539216 0.5057942548136073 0.9488260186887255 0.5241959339051735 0.9789678117340687
1 0.28578927948718935 0.955574831495098 0.23702456256536047 0.959622683057598 0.23522802037516916 0.9458794806985295 0.28399273729699803 0.9418317248774509
1 0.3326509130282665 0.9499256089154412 0.3706836850624385 0.9412665632659314 0.3734074089470811 0.9488630706188725 0.3353745768389364 0.9575222120098039
1 0.17569651566152497 0.9604801432291666 0.2311976124921183 0.9866884957107843 0.2189603339968704 1.0031442440257352 0.16345917709230437 0.9769358915441176
1 0.11098965321938822 0.9823927696078432 0.14392112371489757 0.973645450367647 0.1516653045894593 0.9921586818321079 0.11873383409394993 1.0009060010723039
1 0.08620403319831908 0.9551958869485294 0.11999227869229054 0.9751723345588236 0.10416184072419414 0.9921746706495098 0.07037359523022269 0.9721983187806372
1 0.0003724022233110713 0.9685657935049019 0.09949704418032188 0.9697999961703432 0.09893691445898822 0.9983640663296569 -0.00018773016732508743 0.9971296721813725
1 0.1346038307730607 0.8936248659620099 0.12407784199151467 0.9062065333946079 0.11106485832394578 0.8992935240502451 0.12159085461473841 0.8867118566176471
1 0.01031554777791181 0.5901426547181372 -0.0045699937137093135 0.5834703871783088 0.0012932037274668536 0.5751643880208334 0.01617874498442402 0.5818366555606618
1 0.004065968389586201 0.40080039828431374 0.08864371232160433 0.39043157839307596 0.09366773620365172 0.4164538813572304 0.009089996495584804 0.4268227251838235
1 0.3952680873119925 0.06111121682559743 0.3657389963705709 0.05157175101485907 0.3701963349590151 0.04281033085841759 0.3997255160113958 0.05234979966107537
1 0.2683541005051981 -0.0027560063904406976 0.29301506703294167 0.03654690611596201 0.2596324410025529 0.04984757965686275 0.23497144443782295 0.010544666963465073
1 0.23939864091047153 0.04966580858417586 0.1917260387751061 0.05112690645105698 0.1901434350201464 0.01833849738625919 0.23781611224797766 0.016877401015337776
1 0.14392112371489757 0.03708609786688113 0.1591839377335676 0.0005991185412687414 0.19143876503771684 0.00916669583788105 0.17617595101904682 0.045653674555759804
1 0.1386880348986528 0.053234342687270224 0.11515410115399699 0.0354186892041973 0.13296855716254768 0.020475900687423408 0.1565024909072035 0.038291551178576896
1 0.12806878878375677 0.026452442243987438 0.09545679167499692 0.021422645718443628 0.10100862548107237 -0.0014350183337342504 0.1336206300990788 0.003594777350332223
1 0.03246808239794153 0.03274873322131587 0.07073850706806332 0.04330511055740656 0.05759833553644616 0.07355443617876838 0.019327905234389417 0.06299805285883885
1 0.02133745471323569 0.13215493594898897 0.02354490663122943 0.07234658633961397 0.05542714201559232 0.07309380624808517 0.05321969009759858 0.13290216184129902
1 0.048373717961348886 0.15426007439108455 0.04405480106984536 0.12242489085477941 0.06269444818571797 0.12081913966758578 0.06701342515119417 0.15265432320389094
1 0.01725170368284691 0.13094979080499386 0.04810435753169022 0.13563273111979166 0.043813649124986545 0.15358301499310661 0.012960995276143231 0.1489000986136642
1 0.6137436994417446 0.024168152154660692 0.5782090434877891 0.024746035407571233 0.5776787705308809 0.004045187258252911 0.6132136067067544 0.003467303257362515
1 0.8644529327632874 0.07584440941904105 0.7845848864457738 0.07747630399816176 0.7833355280358022 0.038650255390242035 0.8632036945012611 0.0370183578192019
1 0.898912925419845 0.053160514083563114 0.9434239545206385 0.06054992077397365 0.9345489862396961 0.09449602912454044 0.8900380172128752 0.08710662243412991
1 0.9616803747462476 0.10957241881127451 0.9548086932324987 0.060290198232613355 0.9918999258927473 0.05700612984451593 0.9987716074064961 0.10628835640701594
1 0.5326825840266671 0.3109726371017157 0.5334417388195128 0.296454407935049 0.5487047931340736 0.29696119121476716 0.5479456383412279 0.3114793964460784