0 0.05702379892563679 0.0 0.05702379892563679 0.04499577811833544 0.0 0.04499577811833544 0.0 0.0
0 0.04806291704347148 0.05010893528618631 0.04806291704347148 0.12782891148644238 0.0 0.12782891148644238 0.0 0.05010893528618631
0 0.039916659247945754 0.17180206383835306 0.039916659247945754 0.22702414566649257 0.0 0.22702414566649257 0.0 0.17180206383835306
0 0.026882648468017578 0.22702414566649257 0.026882648468017578 0.2955404439233693 0.0 0.2955404439233693 0.0 0.22702414566649257
0 0.05132141903307311 0.23929572570290739 0.05132141903307311 0.2802009830457144 0.026068021559856346 0.2802009830457144 0.026068021559856346 0.23929572570290739
0 0.04130631508911855 0.2803814532918408 0.03656231863258858 0.3042027323801648 0.019311421016264246 0.29878882334646295 0.02405541606203339 0.2749675159224118
0 0.011404759785127358 0.2955404439233693 0.011404759785127358 0.33951358210741645 0.0 0.33951358210741645 0.0 0.2955404439233693
0 0.010590133582346539 0.4223467331853528 0.010590133582346539 0.45711620050995244 0.0 0.45711620050995244 0.0 0.4223467331853528
0 0.05620916919595391 0.22702414566649257 0.05620916919595391 0.3947356922712831 0.0 0.3947356922712831 0.0 0.22702414566649257
0 0.1360424876918454 0.0 0.1360424876918454 0.021475257979794132 0.10590133441270456 0.021475257979794132 0.10590133441270456 0.0
0 0.13639638550888153 0.040108938403116294 0.13451340353700536 0.06611059502306754 0.1059414000200802 0.06284991081046527 0.10782439327804294 0.036848257732479905
0 0.13441323951856624 0.05010893528618631 0.10660669225207448 0.046230418879120244 0.10903069535656089 0.018843851824435463 0.13683725390913923 0.022722370002484477
0 0.1032653673160711 0.060098568377056495 0.13074564510548609 0.06469817945220012 0.12821995436087164 0.08847770584658991 0.10073967657145663 0.0838780947714463
0 0.09617648604353504 0.11654287637552954 0.10259218610955413 0.08593812338599698 0.11987449149408284 0.09164736861970099 0.11345879142806375 0.12225212869316533
0 0.09984660854001016 0.11729955363295758 0.12676930850779516 0.12092067537865599 0.1257030103333603 0.1334140533192244 0.09878029907948872 0.129792931573526
0 0.09523589230148044 0.1279581790736348 0.12507270496977857 0.12958667581570624 0.12412742750179133 0.15687936483540796 0.0942906148334932 0.15525086809333652
0 0.09471590843426406 0.15304069554462627 0.1208779148801544 0.15960914378046656 0.11674212845119498 0.1855682401382602 0.09058010507617477 0.17899982023814706
0 0.11389093568339151 0.2086561197689981 0.08990334618021045 0.20044360430902536 0.09499789130758252 0.17699387744276637 0.11898547516772028 0.1852063929027391
0 0.11166638030102972 0.21719115247522777 0.08780411150328507 0.2134467561486261 0.08934563856858474 0.19796568747461118 0.11320791300937269 0.20171009796907644
0 0.10470762760681514 0.25703482596876454 0.08906036580102683 0.25899911524525593 0.08853609886395156 0.2524178025892961 0.10418336631278315 0.2504535416485318
0 0.11486221629486987 0.2127073070132965 0.11486221629486987 0.2454315157211148 0.08635032247509476 0.2454315157211148 0.08635032247509476 0.2127073070132965
0 0.11337473265518098 0.2604574134422876 0.08331685376590525 0.2584714756702646 0.08522064728144357 0.2130632604175734 0.11527853745680589 0.2150491981895964
0 0.10086667890379415 0.2986250995150737 0.08019388639009915 0.27699898920794164 0.0952177217020791 0.2543669605874971 0.11589052550186067 0.2759930992303563
0 0.07740132484210313 0.2919829217172267 0.10753491644323225 0.29898808017968026 0.10288916819194364 0.33048080401832347 0.07275557659081454 0.3234756455558699
0 0.07025698374008991 0.33955109861014393 0.07593944368983162 0.2919949927369864 0.10812611551679803 0.298055778085466 0.10244366121009962 0.34561185562289637
0 0.09628032932620077 0.37860280269810526 0.06665884954689523 0.4653677626019179 0.034017644690338675 0.4478067240453807 0.06363912164812258 0.36104173580584087
0 -0.006880448414729192 0.5324465610854805 0.02228260886739697 0.42120996048412834 0.07193779239993124 0.4417249702588208 0.0427747365285659 0.552961570860173
0 0.08472106865877231 0.38859990225307567 0.06883586793256229 0.4085411985604544 0.05661648406079535 0.3932017376827994 0.07250168478700536 0.3732604130396936
0 0.05213604311971269 0.5460851132703691 0.05213604311971269 0.7260682115758472 0.0 0.7260682115758472 0.0 0.5460851132703691
0 0.08472106865877231 0.556311420522139 0.08472106865877231 0.6146014115272458 0.05620916919595391 0.6146014115272458 0.05620916919595391 0.556311420522139
0 0.050356396556605953 0.6539491389565923 0.053263985899073135 0.6247490588004875 0.07602337267271866 0.6283204371771994 0.07311578897329477 0.65752046066185
0 0.05092290731576773 0.6561536585277391 0.08537093845344859 0.6574255359759459 0.08435775824552456 0.7006694825578865 0.04990972710784371 0.6993976051096796
0 0.05092404156746949 0.697035482224205 0.09560313027285965 0.7019126275787778 0.0920206047374116 0.7536313367753308 0.04734151603202143 0.7487541347493036
0 0.06924318279740373 0.7536792808256442 0.06924318279740373 0.8068560898691388 0.046433663227149015 0.8068560898691388 0.046433663227149015 0.7536792808256442
0 0.06679930489444168 0.8037881806921715 0.06856272770808293 0.8325662285283194 0.041215267407118214 0.8352070049544452 0.03945184177195532 0.8064289571182973
0 0.11730609419783192 0.7669734972543814 0.11730609419783192 0.8283313407650011 0.08716494656173435 0.8283313407650011 0.08716494656173435 0.7669734972543814
0 0.098569711989905 0.8313992499419685 0.098569711989905 0.8569650464071205 0.06761392898108126 0.8569650464071205 0.06761392898108126 0.8313992499419685
0 0.052365602120845275 0.8596606241295265 0.08060324967965572 0.857888224397197 0.08190339556812534 0.8905308120430014 0.0536657536523582 0.8923031551038765
0 0.0944965802706205 0.8886666045547528 0.0944965802706205 0.9357076519157672 0.05702379892563679 0.9357076519157672 0.05702379892563679 0.8886666045547528
0 0.10828895117404193 0.5648116852911734 0.10628615610698271 0.6125815275541144 0.08597676429522813 0.6112397175313371 0.08797957064837393 0.5634698185969418
0 0.1417448619413658 0.5552887841298166 0.1417448619413658 0.5828998533796135 0.1181207239275148 0.5828998533796135 0.1181207239275148 0.5552887841298166
0 0.1417448619413658 0.5828998533796135 0.1417448619413658 0.6105108659579561 0.1181207239275148 0.6105108659579561 0.1181207239275148 0.5828998533796135
0 0.12420645268005732 0.6167669978093082 0.16695034997703057 0.6301814710640088 0.15870825637727093 0.6715679540607591 0.1159643590802977 0.6581534808060585
0 0.08997034603322046 0.6545505931007718 0.09250194504416201 0.6084692201463846 0.10980768598748382 0.6099675000544046 0.10727608133349899 0.6560488163373375
0 0.1066272329296586 0.6566204046251161 0.10233634181276581 0.7104857718380049 0.08338218327810074 0.7081063641589774 0.08767308003803682 0.6542410536175429
0 0.1303789262940898 0.6633173837192433 0.125762341290536 0.7073622112929434 0.10072799547184148 0.7032271219605966 0.10534458047539524 0.6591822943868965
0 0.11284445587699936 0.7156530750384459 0.10860840385482157 0.7581945789446959 0.09206522992376745 0.7555986863103529 0.09630128758898854 0.7130571824041029
0 0.1277031644561587 0.7158832744856952 0.12229744499251688 0.7599923674885387 0.10687135098248544 0.75701320580896 0.11227707044612727 0.7129041128061165
0 0.15979675428401788 0.6691037658861421 0.1564349451008633 0.7141193754715065 0.1266321035531851 0.7106119224952124 0.12999391273633967 0.6655963695813022
0 0.145094425720576 0.7112881829590297 0.14212821644438794 0.7596947290107068 0.12256761133318117 0.7578058694398503 0.1255338206093692 0.7093993233881731
0 0.16618364097098626 0.7117513587547876 0.16618364097098626 0.7608376789004468 0.14337412140073155 0.7608376789004468 0.14337412140073155 0.7117513587547876
0 0.1743298931234687 0.6728914025323526 0.1743298931234687 0.709706142641597 0.16129588516506219 0.709706142641597 0.16129588516506219 0.6728914025323526
0 0.1434509796503733 0.6659066457934366 0.15153575648922893 0.6303846382275708 0.1801552292863293 0.6406495387396994 0.17207045244747365 0.676171489634111
0 0.16300121284800873 0.5690883399162895 0.16558455292289778 0.6209759300465704 0.14448669253016364 0.6226312465543756 0.1419033524552746 0.5707436564240947
0 0.14717413546770988 0.5724902706447307 0.14360484286878236 0.5433660168944405 0.16637670076810396 0.5389680853571843 0.16994598208094489 0.5680923391074745
0 0.18428461650419517 0.5251620690249246 0.18850437141734466 0.5622426549261549 0.1708269965719189 0.5654128560780814 0.16660724165876942 0.5283322701768512
0 0.18084689710267196 0.586990342277449 0.18084689710267196 0.6207371732097261 0.16211050360865847 0.6207371732097261 0.16211050360865847 0.586990342277449
0 0.183290775005634 0.6217598096020485 0.183290775005634 0.6411898443847203 0.16618364097098626 0.6411898443847203 0.16618364097098626 0.6217598096020485
0 0.19493479982635678 0.7639481483395717 0.19622502524471847 0.8303546816968431 0.14537096870016064 0.8319117299029422 0.14408074328179896 0.7655051965456708
0 0.12008023685252173 0.793119666082724 0.12393318266558224 0.7640990644222957 0.1469188441891642 0.7689082040317433 0.1430658870900171 0.7979288056921715
0 0.11374931786892682 0.8381391859984332 0.11497752624150565 0.810386551455867 0.12733977504030486 0.8112486942896936 0.12611157795381264 0.8390013288322598
0 0.09555782792130871 0.886799223465065 0.09435820720604891 0.846139155169162 0.11556971849069088 0.845152958521936 0.11676933920595067 0.8858130268178389
0 0.11893535365719766 0.8835534225931406 0.11893535365719766 0.9367302883080896 0.0944965802706205 0.9367302883080896 0.0944965802706205 0.8835534225931406
0 0.18492002317891318 0.9326397427387999 0.3967226920043223 0.9326397427387999 0.3967226920043223 0.999110824882486 0.18492002317891318 0.999110824882486
0 0.14744724747697277 0.8978702754142003 0.14744724747697277 0.9326397427387999 0.12137922027407314 0.9326397427387999 0.12137922027407314 0.8978702754142003
0 0.1248284740560859 0.8912156865678679 0.11183817711102187 0.8469532406097667 0.1413216562666131 0.8333172953117746 0.15431196449776374 0.8775797412698758
0 0.15661454059668548 0.866497298358432 0.15541287709975385 0.834818805492688 0.16760461570243157 0.8340900105907614 0.1688062904854498 0.865768446785051
0 0.17145198618871926 0.8875014961263927 0.16840716931946884 0.9295466714361362 0.14762086134690505 0.9271745743747098 0.15066568950224205 0.8851292857220578
0 0.20039792032636836 0.8917345137317201 0.20039792032636836 0.9254813446639972 0.17270064495018952 0.9254813446639972 0.17270064495018952 0.8917345137317201
0 0.19143703844420304 0.8671913536588904 0.19143703844420304 0.8907118773393976 0.17758840075611362 0.8907118773393976 0.17758840075611362 0.8671913536588904
0 0.20202715721356093 0.8293539771573236 0.20202715721356093 0.8671913536588904 0.18654928263827894 0.8671913536588904 0.18654928263827894 0.8293539771573236
0 0.2166904246313332 0.8211729426901985 0.2166904246313332 0.8293539771573236 0.20528567613229243 0.8293539771573236 0.20528567613229243 0.8211729426901985
0 0.22402206962630594 0.7700413497598944 0.22402206962630594 0.8068560898691388 0.2036564166729267 0.8068560898691388 0.2036564166729267 0.7700413497598944
0 0.23696502143814718 0.7766403439095868 0.23361068364431167 0.8313812284195102 0.22003040652303302 0.8300698509676764 0.22338474431686853 0.7753289664577531
0 0.18492002317891318 0.7148192679317549 0.18492002317891318 0.7577697697234795 0.16618364097098626 0.7577697697234795 0.16618364097098626 0.7148192679317549
0 0.2215781804372573 0.719932449893367 0.2215781804372573 0.7639055880774142 0.19632479425012714 0.7639055880774142 0.19632479425012714 0.719932449893367
0 0.21357569045569064 0.6875090107612291 0.2070586751904008 0.7202332053011838 0.18559090202376688 0.7134958761316156 0.19210790600297015 0.6807716815916609
0 0.21587579490165032 0.6432350604979109 0.21587579490165032 0.6861856189610899 0.19306627533139561 0.6861856189610899 0.19306627533139561 0.6432350604979109
0 0.24018415191469814 0.6238433356183264 0.19350288887701092 0.6455001618536734 0.18085774303187985 0.6025471098465065 0.22753901735565366 0.5808902836111595
0 0.21823822111773067 0.5607087286733984 0.22175740349222217 0.5916330944971564 0.20613287750785872 0.5944351578821379 0.20261369513336724 0.5635107353869255
0 0.22110820521969768 0.5134789086982068 0.23160433345997827 0.5793599276600221 0.21202200263209597 0.5842764596753134 0.2015258518196422 0.5183953840420439
0 0.20321653016220184 0.5186990296940286 0.20781100572213618 0.5590725671171367 0.18933529825605586 0.562385863691098 0.1847408114100349 0.5220123829394441
0 0.06420879815457135 0.5207852192686572 0.06104805060392301 0.5485598423354805 0.045195432809682995 0.5457169755034239 0.04835618036033134 0.5179422957651463
0 0.08948049601718519 0.5458259547099872 0.046575385437914604 0.5478207899003308 0.04535791013367783 0.5065555271442664 0.0882630207129484 0.504560691953923
0 0.0896088244646964 0.5082477367688022 0.0896088244646964 0.5450624768780467 0.07820406467956904 0.5450624768780467 0.07820406467956904 0.5082477367688022
0 0.09042344855133598 0.5010893386939995 0.11241833839190782 0.5010893386939995 0.11241833839190782 0.5450624768780467 0.09042344855133598 0.5450624768780467
0 0.13034010215623845 0.5062025206556117 0.13034010215623845 0.5450624768780467 0.11160371994831153 0.5450624768780467 0.11160371994831153 0.5062025206556117
0 0.15997331382254876 0.5386138887679898 0.1327168955605411 0.5462174411160922 0.12604655880899823 0.5085364778283136 0.15330296578491934 0.5009329254802113
0 0.15068250577125322 0.5011959943709378 0.19816320746608035 0.4776314936419162 0.20847521448981832 0.5103748431334145 0.16099450150890462 0.5339392871909819
0 0.20206232465935883 0.4755879776723538 0.24079272027551776 0.46888181780263466 0.24451128265561436 0.5027253302358984 0.2057809096116286 0.5094314901056175
0 0.25986559715496715 0.47245566138760736 0.25986559715496715 0.5000667023016772 0.24275844054814627 0.5000667023016772 0.24275844054814627 0.47245566138760736
0 0.27487349651268955 0.4633699804959523 0.27960460143681815 0.4930656241839311 0.2625287750063563 0.49735281969954154 0.2577976926544009 0.46765714767583566
0 0.3002614354240824 0.4595223854511229 0.3052929534009222 0.484787398172731 0.2799916239179803 0.4927278056450209 0.2749601285133136 0.46746282125913996
0 0.30747733031504254 0.45565305690358054 0.3314398590629623 0.4518929059126915 0.3340341240696653 0.4779464169133008 0.31007159532174555 0.4817065112327356
0 0.05493307960103955 0.5017868509531686 0.059171022042720275 0.46720655294292596 0.07961670463607157 0.4711552215264479 0.07537877348047742 0.5057355478724176
0 0.07673997145432693 0.5032102678700964 0.07929767518353885 0.4727078210233867 0.09651417704023553 0.47498281154791955 0.09395646766798031 0.5054852867303563
0 0.11078909021862865 0.47143302499528494 0.11078909021862865 0.5051798842632892 0.09286732645429803 0.5051798842632892 0.09286732645429803 0.47143302499528494
0 0.11353006306484606 0.5069604446850337 0.11182413721931052 0.47912081946016133 0.12490606590135563 0.47785755607300373 0.12661199174689117 0.505697181297876
0 0.12855673118455876 0.5081095717632892 0.12487991603873891 0.4804155921758937 0.14799766991970806 0.47557879689676186 0.1516744963516145 0.5032727764841574
0 0.14126566599106646 0.4557326236253772 0.19416842940291004 0.4391299276962918 0.2027938662196052 0.48244136998026926 0.14989112537993482 0.4990440659093547
0 0.20281589666061853 0.47701122457491874 0.19918295053335336 0.44660735772291377 0.2167103332880686 0.4433069255690721 0.22034330198750693 0.4737108207568042
0 0.23461218839566383 0.4448446204735376 0.23461218839566383 0.4755235422288475 0.21750505436101608 0.4755235422288475 0.21750505436101608 0.4448446204735376
0 0.2319489879721015 0.44551325862675545 0.2521579674715121 0.44043946332586176 0.25685771964710846 0.46993840039606544 0.23664876271987104 0.47501225236841343
0 0.25576114090236685 0.4651005566950296 0.2513746904903615 0.4375682040952153 0.2689204695662098 0.43316301861181233 0.27330691997821516 0.4606953995473538
0 0.2853069869724251 0.41739089951652447 0.2916359986073872 0.45711620050995244 0.2742468704133344 0.4614820276683641 0.2679178587783723 0.4217567266749362
0 0.3098966384075097 0.41036967469678504 0.3153839562771588 0.44825610034202357 0.29215737066325353 0.4535574315318158 0.2866700302214312 0.41567097755085014
0 0.30715791149252264 0.4369952273568071 0.32802994857878376 0.4326283234407643 0.33346812682744315 0.4735888354514856 0.312596089741182 0.4779557677032556
0 0.32910876302324105 0.41927882400838556 0.35436217178254437 0.41927882400838556 0.35436217178254437 0.4530256549406627 0.32910876302324105 0.4530256549406627
0 0.32942425428762945 0.44997551226460947 0.3509105930666952 0.44582585836851496 0.353820665348211 0.4695710276937529 0.33233430399697206 0.4737206532541202
0 0.3299233927529239 0.410075153148938 0.3299233927529239 0.4335956768294452 0.3177040145242003 0.4335956768294452 0.3177040145242003 0.410075153148938
0 0.11576775545199242 0.4671746752498984 0.07474056785628641 0.47698475900577414 0.06930735548572427 0.44117701396747333 0.11033454308143029 0.43136690187587046
0 0.13398214486929086 0.4106203042032991 0.13591569979515303 0.44945640174348594 0.10913765359912399 0.4515573825676793 0.10720410995934843 0.41272125669176535
0 0.11587115857728134 0.460315445782193 0.13717100606162166 0.4522938564516597 0.14246234103772767 0.47443525195675196 0.12116249355338735 0.482456784615831
0 0.1391248533711631 0.45476688537314297 0.1344352473874064 0.41944467301931 0.15596779140494985 0.4149395474262999 0.16065739738870655 0.45026181645158714
0 0.16232798649714544 0.45051768806762127 0.15532441675310305 0.4259005150755136 0.17761788001427284 0.41590554070007835 0.18462144975831524 0.44052271369218604
0 0.19814203476764747 0.43886615041238686 0.1820061813444781 0.44291733765668523 0.17796437415850938 0.4175482194735811 0.19410023886776534 0.41349703222928275
0 0.21424655801445774 0.4172335795594678 0.22084503625271587 0.44208350221426707 0.20276032397027552 0.44965098318172586 0.19616186830419055 0.4248010321911995
0 0.24194383339063655 0.4059846359153755 0.24194383339063655 0.4335956768294452 0.22728056597286428 0.4335956768294452 0.22728056597286428 0.4059846359153755
0 0.26722854975412585 0.42254341146740076 0.2437297437317978 0.4284431932142961 0.23846600323739137 0.3954043304245009 0.26196483183189256 0.3895045203418785
0 0.2894796337601701 0.41663204040810703 0.2687785357413207 0.42312874258284006 0.2628844898833326 0.3935325856328343 0.2835855653300088 0.3870358551223741
0 0.28762553288386417 0.38513869318346683 0.313894079987114 0.38101669495705665 0.316751536532972 0.4097133059134169 0.29048298942972217 0.41383527580409996
0 0.3445426218608427 0.34838561161646936 0.3493202931782198 0.384371191678273 0.32527783636510726 0.38940140663083217 0.3205001650477302 0.3534158549047557
0 0.3214732965774085 0.3585732406006993 0.3170875459027714 0.3237042582023996 0.34452941713953866 0.3182649603571843 0.34891519038634894 0.35313391441975683
0 0.3148617941952316 0.3485841883922354 0.3282633674215283 0.3848194912172847 0.3139984537158492 0.39313361859476553 0.3005968804895525 0.3568983157697162
0 0.3096458164192516 0.3790369060378221 0.2949825490014793 0.38210481521478934 0.2916359986073872 0.3568983157697162 0.3062992434529863 0.3538304349284761
0 0.29407986522426266 0.3548530713207985 0.29407986522426266 0.38655462946843083 0.27860199064898067 0.38655462946843083 0.27860199064898067 0.3548530713207985
0 0.2615261642185189 0.36323078406997156 0.2897247449886164 0.3561510176379701 0.293860553989749 0.3821101139957637 0.26566197321965146 0.3891898804277652
0 0.26475335296089125 0.37121516859077586 0.26475335296089125 0.3896225386453981 0.25253395215999447 0.3896225386453981 0.25253395215999447 0.37121516859077586
0 0.19488721768531572 0.41308287724146936 0.17514452285315157 0.41927882400838556 0.1701609255999503 0.3942544382816127 0.18990362043211445 0.3880584915146965
0 0.22239281016694018 0.37735095860898327 0.22239281016694018 0.41109778954126047 0.19306627533139561 0.41109778954126047 0.19306627533139561 0.37735095860898327
0 0.14638822882838504 0.361909205756369 0.12251970189562916 0.4517984912698758 0.07804114437667575 0.43318662227251625 0.10190967130943163 0.3432973367590094
0 0.13807425414316754 0.40334983832767524 0.1362245774128028 0.3731641849103412 0.15341797100721732 0.37150390965028723 0.15526765902366865 0.40168956306762127
0 0.15803737753241726 0.3967809367202008 0.15803737753241726 0.45507092772530755 0.13767173586512457 0.45507092772530755 0.13767173586512457 0.3967809367202008
0 0.19698615892398993 0.3488387565648213 0.20015594662999261 0.38863024981683786 0.16861944932204026 0.3925891759335829 0.16544967290212417 0.35279768268156625
0 0.22934844790125739 0.38010419953611013 0.2036564166729267 0.38655462946843083 0.19786004060824242 0.3501725475768193 0.22355207183657314 0.3437221176444986
0 0.22683652618227626 0.3482169573685585 0.25528723812667575 0.3397132923122679 0.26361706976354476 0.38363157252858054 0.23516635781914524 0.3921352375848712
0 0.27777241814065967 0.36160805364837223 0.2605083397859652 0.3681097429110811 0.2543425701073641 0.34230941163242806 0.2716066710342317 0.3358077507054463
0 0.29350962441348466 0.35475077934583915 0.27884635699571236 0.36088656936404656 0.2722479013296274 0.3360366467092473 0.2869111687473997 0.3299008566910399
0 0.2930605510282799 0.36062590901012653 0.2865815247304341 0.32971911133719245 0.31196364002114924 0.3213340879704184 0.318442666318995 0.35224082897189823
0 0.3435276640942816 0.3171179584584639 0.31786694047013686 0.32785561224212223 0.31012800318249584 0.29871061673956883 0.33578870423446744 0.28797299129163767
0 0.31444551817764194 0.29860835310033657 0.31444551817764194 0.3251967576220839 0.2957091246836284 0.3251967576220839 0.2957091246836284 0.29860835310033657
0 0.29575314042130874 0.29996263084305363 0.2990556750777205 0.32483746060200497 0.28465663751906894 0.3278500867753308 0.28135410286265716 0.3029752570163794
0 0.2822678018603805 0.3021875521377379 0.28706154456505406 0.33227649571835827 0.2555731372720391 0.34018222026063427 0.2507793945673655 0.3100932766800139
0 0.24835056101782083 0.3134208544604515 0.25144543168107436 0.34255916273140086 0.22951457909578402 0.34622991450317725 0.22641968586035735 0.31709163456795497
0 0.20722823735524917 0.31504911034884225 0.22637819820607202 0.31204413482184307 0.22944871349447576 0.34288040486993676 0.21029875264365291 0.34588538039693595
0 0.20993382832002358 0.3464915382718199 0.18789101775581316 0.35340933768751454 0.18151776466143907 0.32140702413206534 0.2035605752256495 0.31448919638064354
0 0.18492002317891318 0.31497045037031396 0.18492002317891318 0.3528077985361537 0.16699825941458257 0.3528077985361537 0.16699825941458257 0.31497045037031396
0 0.17193393594414524 0.3223694754399518 0.1478545623418142 0.3727491231792595 0.13036407380414433 0.35957522024793986 0.15444344740647536 0.3091955725086322
0 0.1507308102218357 0.30960556214455665 0.1473344543276454 0.3437142403123549 0.11926119426298423 0.33930905482895196 0.12265756144326113 0.3052004049968808
0 0.15803737753241726 0.3476946449102687 0.14695846963916304 0.3755102131028029 0.11632854980829904 0.35628473393432275 0.12740744641546667 0.3284691940775157
0 0.1277333095934264 0.304335088561615 0.12466278301893606 0.33517133027398155 0.10410916029348881 0.33194612947568475 0.10717967558189256 0.3011098594275911
0 0.11788229406232664 0.3013021173362059 0.12061427189753605 0.2704360947746199 0.13715514910997018 0.27274324634945163 0.13442317127476078 0.3036092689110376
0 0.1279810053357006 0.2547462342952066 0.15940860319419725 0.2688363446277275 0.14759468891211516 0.31036167268744197 0.11616709105361848 0.2962715623549211
0 0.1792176489293928 0.2781557102610695 0.1792176489293928 0.31394781397799154 0.15233500328289687 0.31394781397799154 0.15233500328289687 0.2781557102610695
0 0.18047932054869523 0.2862744061284964 0.20917998545268585 0.2822711629345114 0.21173314653204742 0.31111687648705894 0.18303248162805683 0.3151200913453169
0 0.21085387009840745 0.2831244933571988 0.23016528970391087 0.2812597191544075 0.2320245596078726 0.3116017574498027 0.21271314000236918 0.3134665883240483
0 0.24554696167714496 0.278273700228862 0.25115535668367467 0.31347582577109445 0.2348628298065366 0.317566343004657 0.22925445737218011 0.28236424579815167
0 0.274180982239853 0.2693223873552838 0.28214230057755874 0.301803376349234 0.2631372982228296 0.3091441998353354 0.25517600245729705 0.27666321084138523
0 0.29427802633251665 0.3001008525200209 0.27974685127213156 0.3031410776915767 0.27534347173024915 0.2699746757939444 0.28987462421846105 0.2669344222866614
0 0.3103723921014007 0.26179361299109216 0.3103723921014007 0.2996309611569319 0.2908213688777043 0.2996309611569319 0.2908213688777043 0.26179361299109216
0 0.33223288722292205 0.24840087323910456 0.33646061011320033 0.2943968706476323 0.311508110994418 0.29801117765095464 0.3072803655319665 0.25201518024242686
0 0.11404759785127358 0.2075941533874115 0.13522785796216252 0.2075941533874115 0.13522785796216252 0.2525899421316446 0.11404759785127358 0.2525899421316446
0 0.12129775730110484 0.18335779840014219 0.14133755836261094 0.19174337431359534 0.13571664708605885 0.21291183429176097 0.11567684602455275 0.2045262583783078
0 0.1360424876918454 0.15646258879283456 0.1360424876918454 0.18611890249154917 0.12137922027407314 0.18611890249154917 0.12137922027407314 0.15646258879283456
0 0.14356579300919933 0.1289117046274736 0.13944474620931951 0.1496049461258487 0.1235355964073768 0.14461209182951776 0.12765664320725661 0.12391885033114264
0 0.15885200726210014 0.10942154851575195 0.15885200726210014 0.12476101647733867 0.13767173586512457 0.12476101647733867 0.13767173586512457 0.10942154851575195
0 0.15966663699178302 0.08999155623667088 0.15966663699178302 0.11351207283324628 0.14337412140073155 0.11351207283324628 0.14337412140073155 0.08999155623667088
0 0.15803737753241726 0.06340313754705998 0.15803737753241726 0.08999155623667088 0.12871085398295928 0.08999155623667088 0.12871085398295928 0.06340313754705998
0 0.1084078726683848 0.07095487801809497 0.10229818355402298 0.032606204572162255 0.14710259296484954 0.02135726092806987 0.15321228207921136 0.05970593437400258
0 0.14459605470916928 0.23571651249764247 0.16088857030022075 0.256169141169046 0.14703993261213133 0.27355387483134574 0.1307474170210799 0.25310126032780583
0 0.15966663699178302 0.2525899421316446 0.18003227865907567 0.2525899421316446 0.18003227865907567 0.2802009830457144 0.15966663699178302 0.2802009830457144
0 0.1795688155134754 0.255671254107547 0.2005690399711654 0.25064985156612696 0.2054247207190158 0.2826512583783078 0.18442447368915266 0.2876726609197278
0 0.20554383407683063 0.2533104913369748 0.22968183889896912 0.2516270657878511 0.23102533464601055 0.28198508543335077 0.20688735239604522 0.2836684826467473
0 0.24194383339063655 0.2454315157211148 0.24537778323924048 0.27991779578872156 0.23214326666657037 0.2819945212304869 0.22870929424579328 0.24750824116288012
0 0.24634719036034577 0.2714395195439444 0.24262634819075907 0.24341389860615426 0.2538549660225592 0.24106461180507197 0.25757583076431906 0.2690902327428621
0 0.2863572024734768 0.23585967875899488 0.289794921875 0.26606819910812735 0.2743985102726863 0.26882931736739785 0.2709607908711631 0.23862079701826544
0 0.32513497708111827 0.23837285940582928 0.2950693390073156 0.2557925310196872 0.2847931314502242 0.2278422547803505 0.31485879209620005 0.21042259733435614
0 0.32996251032902646 0.20888677258788155 0.33439405994302424 0.23948390326681465 0.31410664214185 0.24411435778094534 0.30967506995567906 0.2135172412698758
0 0.3275896106245955 0.17978963612846013 0.33084810697115385 0.2043327820334262 0.3060130282971986 0.2095288601647734 0.3027545319506403 0.18498571425980734
0 0.3022261173767451 0.19429995112653783 0.3022261173767451 0.22088835564828516 0.281860486995539 0.22088835564828516 0.281860486995539 0.19429995112653783
0 0.27860199064898067 0.20043574114474524 0.2822678018603805 0.23264861748853877 0.25717734161918687 0.23714818927903028 0.25351153040778707 0.20493531293523676
0 0.25253395215999447 0.2106620483965152 0.25253395215999447 0.2403183620952298 0.23705607758471248 0.2403183620952298 0.23705607758471248 0.2106620483965152
0 0.2509047152728019 0.19123205611743413 0.2509047152728019 0.22600152344203372 0.22402206962630594 0.22600152344203372 0.22402206962630594 0.19123205611743413
0 0.19891355164657684 0.2369175931316011 0.22345072277904263 0.2314818514201413 0.22615703605335846 0.25073341362544976 0.20161986492089265 0.256169141169046
0 0.21606264735114644 0.18860512169401406 0.22751971814759384 0.2365468059741687 0.1976251997185882 0.24780514291180653 0.18616811763605423 0.19986344446378831
0 0.157290261172684 0.2029160381802388 0.19012733324039618 0.2050856056319638 0.18810652557914778 0.25328487583964426 0.15526945351143562 0.25111532255578284
0 0.14098203534910664 0.24245226903435468 0.14657610831176035 0.1968062745274054 0.1598596967889007 0.19937172042294132 0.154265623826247 0.24501772909775418
0 0.17799570433486847 0.17026810924986943 0.17556986159826876 0.21594714321465877 0.15945757352388823 0.2145987309674588 0.16188341626048794 0.16891968283480588
0 0.15966663699178302 0.16259837881104194 0.15966663699178302 0.17998311247334176 0.1417448619413658 0.17998311247334176 0.1417448619413658 0.16259837881104194
0 0.18084689710267196 0.13089680649554608 0.18084689710267196 0.16771153243692694 0.1604812554353793 0.16771153243692694 0.1604812554353793 0.13089680649554608
0 0.18129857757387782 0.17133630949142584 0.17954027300050274 0.149263670628228 0.19421966823600453 0.147420913285421 0.19597797280937962 0.16949353798075528
0 0.21604059433795997 0.19308815958772196 0.18378048958863027 0.1993185200952443 0.18037131270007975 0.17150058586949427 0.21263142873549604 0.16527022536197192
0 0.20962298692330805 0.17379205361935643 0.20156481139053253 0.11309749989345766 0.223097355408076 0.10859238846831114 0.2311555309408515 0.1692869421942099
0 0.2517193224303116 0.15032679877462715 0.2517193224303116 0.17077942744603064 0.23542681812534672 0.17077942744603064 0.23542681812534672 0.15032679877462715
0 0.25011884249173677 0.16531737601192548 0.2820329835428994 0.1564144605602948 0.28521482478937454 0.17438871902564995 0.2533006611660387 0.18329162030941706
0 0.2731439714601054 0.19828820472086814 0.25505930432201135 0.20585568568832696 0.2494383817593727 0.18468722571016133 0.2675230714696399 0.17711974474270253
0 0.28862812109952846 0.19382796291964077 0.28358373698398204 0.16216572059340906 0.30159949127739 0.15764254514221362 0.30664389796510955 0.18930478746844534
0 0.3028871660401835 0.15229661351791 0.3298432615381726 0.14922034530143774 0.3321802940594374 0.18149190493612902 0.30522422113362147 0.18456818732046484
0 0.32340640005980725 0.11351207283324628 0.32340640005980725 0.14521364514874216 0.3005968804895525 0.14521364514874216 0.3005968804895525 0.11351207283324628
0 0.3005968804895525 0.11555733853395934 0.3005968804895525 0.1431683865319609 0.29000673914802144 0.1431683865319609 0.29000673914802144 0.11555733853395934
0 0.28430435361241446 0.11760259715074063 0.28430435361241446 0.14930417655016828 0.26882647903713247 0.14930417655016828 0.26882647903713247 0.11760259715074063
0 0.2687011583316961 0.1204345051403276 0.2723606944789548 0.15718629743174037 0.2570206681652182 0.15959341745190633 0.2533611094457863 0.12284162516049356
0 0.2518224998338688 0.15180939485767758 0.23277307544234235 0.1549978583857431 0.22927265054375462 0.12204145256191243 0.24832207493528108 0.11885297486598334
0 0.2712703456540079 0.09101418554506151 0.2712703456540079 0.1227157578605574 0.24846082608375322 0.1227157578605574 0.24846082608375322 0.09101418554506151
0 0.2955662653996394 0.11692177463485448 0.2722010189259546 0.12000928505106778 0.2697861575516018 0.09121030419649852 0.2931514040252866 0.088122800864217
0 0.31928923567371253 0.11113514453034326 0.30039871938129853 0.11508748259052924 0.2972062692134338 0.09104181996295047 0.3160967855058478 0.08708949607062805
0 0.24601695946687777 0.08692366122756717 0.24601695946687777 0.12067049924377611 0.20447104640260955 0.12067049924377611 0.20447104640260955 0.08692366122756717
0 0.19967269897460938 0.112476975804916 0.16390864806767752 0.11746541681174559 0.1620409587431236 0.09636428960518585 0.19780503222222864 0.09137584859835625
0 0.17777639310035478 0.1136693998742347 0.20080523519120977 0.1078876010112001 0.2064136076255663 0.14308972655343258 0.1833847768207979 0.1488715183325354
0 0.3173265175001156 0.08368117563571771 0.28728469306900656 0.08787146296452458 0.28557597956008457 0.0685661833044989 0.3156177814190204 0.06437588889176024
0 0.28511898334209734 0.06647103255616368 0.28511898334209734 0.08794629053595782 0.26882647903713247 0.08794629053595782 0.26882647903713247 0.06647103255616368
0 0.26882647903713247 0.059312616771531525 0.26882647903713247 0.08896891984434845 0.24764619635407037 0.08896891984434845 0.24764619635407037 0.059312616771531525
0 0.28513173661993807 0.08675643793387665 0.2828571161574866 0.0253648997017268 0.3151449621076415 0.02347967950082423 0.3174195825700929 0.08487121950395703
0 0.2834897238827316 0.041927883109231734 0.2834897238827316 0.06851629825687675 0.26964110876681535 0.06851629825687675 0.26964110876681535 0.041927883109231734
0 0.21831968409069896 0.0 0.2663825898480839 0.0 0.2663825898480839 0.05419945960368065 0.21831968409069896 0.05419945960368065
0 0.19873608922111918 0.059026280706860786 0.23671392858381102 0.05221555492007965 0.24010275665824934 0.0819945764851548 0.2021249172955575 0.08880529518800415
0 0.16661445346809703 0.054654138223263767 0.20702802217923677 0.06277137125877727 0.20287991134372688 0.09531689487127873 0.16246635391867373 0.08719965829379933
0 0.18980777898483728 0.0204526251294376 0.2061003058619753 0.0204526251294376 0.2061003058619753 0.042950515959588265 0.18980777898483728 0.042950515959588265
0 0.19713942397981 0.05419945960368065 0.19490229589699287 0.014882660620502553 0.21956435886360484 0.012671284688880517 0.22180148694642196 0.05198808278656714
0 0.2680118493074496 0.0 0.2680118493074496 0.05419945960368065 0.21913431382038184 0.05419945960368065 0.21913431382038184 0.0
0 0.18003227865907567 0.01124894452958386 0.18003227865907567 0.05317682675332412 0.16373976306802424 0.05317682675332412 0.16373976306802424 0.01124894452958386
0 0.1418205690101759 0.04437586324792719 0.14019852136013775 0.013832671396579583 0.16285303781723834 0.011936731435905039 0.1644750854672765 0.04247992328725264
0 0.25416321161936023 0.5287004079437965 0.25416321161936023 0.5522208749528493 0.22890982543223004 0.5522208749528493 0.22890982543223004 0.5287004079437965
0 0.26563064304329237 0.49943736580199627 0.2722729790140186 0.5411293079372679 0.2523772787060258 0.5461244432596333 0.2457349653074727 0.504432557795816
0 0.2922626247067423 0.4937736206621402 0.2966177449423886 0.5211093233156338 0.28251844327125325 0.5246491923637709 0.27816334560778017 0.49731343303882314
0 0.29839259491869685 0.5319487023597087 0.29067760670678855 0.49320905963469125 0.3081201858069064 0.4877349371808264 0.31583515144664154 0.5264746932487523
0 0.33608613776032037 0.4808919157490425 0.341156276725453 0.5174889241309772 0.31537224131928393 0.5231181563551822 0.3103021249263244 0.4865210346303389
0 0.3383363802757489 0.5194061761004236 0.33586366642156296 0.47284479592836004 0.3611134636331592 0.47073165907722553 0.3635861774873451 0.5172930675850163
0 0.22615261190741726 0.5298016476431929 0.26077421741372736 0.5211093233156338 0.26848182452500924 0.5694876469830839 0.23386024159087232 0.5781800279820972
0 0.27045571592432505 0.5358588060185991 0.3062992434529863 0.5358588060185991 0.3062992434529863 0.566537727773909 0.27045571592432505 0.566537727773909
0 0.27370800492326186 0.5689777172375522 0.28901360867291515 0.6760256739822713 0.2458706240682207 0.6857465852048514 0.2305650203185674 0.578698571788678
0 0.30418122872798403 0.5632652913184772 0.3078470399393838 0.5954781959979979 0.27465919630061947 0.6014298887970055 0.27099338508921966 0.5692170407889392
0 0.3123370740540634 0.5927652201391307 0.3056762966178578 0.5593191446146704 0.3296358909832655 0.5517998627190692 0.33629664584729796 0.5852458815720752
0 0.33090094842854334 0.5260415533237581 0.3339476500742534 0.5528140550647052 0.30931337345281296 0.5572318216109564 0.30626667180710293 0.530459263198555
0 0.3331819116716554 0.556311420522139 0.36413768339439256 0.556311420522139 0.36413768339439256 0.583922489771936 0.3331819116716554 0.583922489771936
0 0.330610647709412 0.5265261509292305 0.36682399772328034 0.5216554094489902 0.36920931212295444 0.5496031071371577 0.33299596210908605 0.5544737352744893
0 0.27593251516127726 0.6235848004439415 0.27044318836821607 0.568457189930072 0.3054345034988674 0.5629664060686513 0.3109238077197555 0.6180941299254294
0 0.3158284023668639 0.6206573798021123 0.31059490858450445 0.5899984063987059 0.34108178855399407 0.581797366908223 0.34631525976418037 0.6124563969830839
0 0.3161624931019439 0.6512745296722667 0.28598372329621624 0.6560101097340704 0.2828254925428763 0.6242927969221507 0.3130042623486039 0.619557216860347
0 0.3088438045343704 0.5577440182146588 0.36545088728504066 0.5514738885141016 0.36980788101106 0.6134620886105792 0.31320084340473603 0.6197321049682277
0 0.27271273009170444 0.6442757750841458 0.2750032639362403 0.6816559829641075 0.26011477137458394 0.6830936244160574 0.2578242375300481 0.6457134732075499
0 0.3005968804895525 0.6555066405343257 0.3005968804895525 0.6810724369994777 0.28511898334209734 0.6810724369994777 0.28511898334209734 0.6555066405343257
0 0.31919106929259894 0.7071584774148387 0.286606038110496 0.7092037501994836 0.28561060527372645 0.6842117522088266 0.3181956364558293 0.6821664794241817
0 0.2492754558134361 0.7189098135010445 0.2492754558134361 0.765950860862059 0.24438770000751203 0.765950860862059 0.24438770000751203 0.7189098135010445
0 0.3177040145242003 0.6923213806435701 0.3177040145242003 0.709706142641597 0.3128162587182762 0.709706142641597 0.3128162587182762 0.6923213806435701
0 0.28879018930288464 0.6809328552076079 0.2898053727911774 0.7510250165934018 0.2623393493291189 0.7516519162205489 0.2613241658408261 0.6815598115062094
0 0.25621856599164433 0.6232072552155873 0.31433019694491954 0.6191545095062965 0.31705982727411935 0.6808333401339078 0.2589481963208441 0.6848860858431987
0 0.24357307027782915 0.719932449893367 0.24357307027782915 0.7731092589368617 0.22320743989662306 0.7731092589368617 0.22320743989662306 0.719932449893367
0 0.25905096742528433 0.774131895329184 0.25905096742528433 0.8262860679803563 0.23705607758471248 0.8262860679803563 0.23705607758471248 0.774131895329184
0 0.20222181963497365 0.8676167295946495 0.20415025067752635 0.83130426858461 0.22404728274373614 0.8329693892540042 0.2221188742733566 0.8692818502640436
0 0.22728056597286428 0.8682139900512129 0.22728056597286428 0.8937797298449106 0.2012125500560512 0.8937797298449106 0.2012125500560512 0.8682139900512129
0 0.22076355070757442 0.8937797298449106 0.22076355070757442 0.9275266174486421 0.2012125500560512 0.9275266174486421 0.2012125500560512 0.8937797298449106
0 0.24275844054814627 0.8948023662372331 0.24275844054814627 0.9285491971695102 0.22076355070757442 0.9285491971695102 0.22076355070757442 0.8948023662372331
0 0.23864224676549786 0.8665087459921947 0.24519205939840283 0.892545935613974 0.23057190483138407 0.8983416685708275 0.22402206962630594 0.8723044789490483
0 0.23542681812534672 0.8293539771573236 0.25334858188967735 0.8293539771573236 0.25334858188967735 0.8692366264435353 0.23542681812534672 0.8692366264435353
0 0.27941659780649036 0.8896892409470752 0.27941659780649036 0.9275266174486421 0.24601695946687777 0.9275266174486421 0.24601695946687777 0.8896892409470752
0 0.27534347173024915 0.8692366264435353 0.27534347173024915 0.8917345137317201 0.24683158919656065 0.8917345137317201 0.24683158919656065 0.8692366264435353
0 0.27452884200056626 0.8283313407650011 0.27452884200056626 0.8692366264435353 0.25334858188967735 0.8692366264435353 0.25334858188967735 0.8283313407650011
0 0.3005968804895525 0.8671913536588904 0.3005968804895525 0.8866213317701079 0.2777873609192978 0.8866213317701079 0.2777873609192978 0.8671913536588904
0 0.29995585334371533 0.8849281020593953 0.27703949967784997 0.8875433763310991 0.2736608065091647 0.8408879215449454 0.29657716017503005 0.8382726472732417
0 0.2981529913005039 0.8907118773393976 0.2981529913005039 0.9305944699541551 0.27941659780649036 0.9305944699541551 0.27941659780649036 0.8907118773393976
0 0.31363088844795906 0.8917345137317201 0.31363088844795906 0.9316171063464774 0.297338361570821 0.9316171063464774 0.297338361570821 0.8917345137317201
0 0.35028904570630315 0.8886666045547528 0.35028904570630315 0.9316171063464774 0.31363088844795906 0.9316171063464774 0.31363088844795906 0.8886666045547528
0 0.3771716913527991 0.8855986953777855 0.3771716913527991 0.9295718335618326 0.34458666017069617 0.9295718335618326 0.34458666017069617 0.8855986953777855
0 0.39338896260459044 0.877206673086409 0.3996867343518861 0.9119922351040216 0.37609619501779773 0.9187227636990773 0.3697984458426752 0.8839372016814647
0 0.39078905455459506 0.8280012862153261 0.3983474370290542 0.8833499154008531 0.37302362566163555 0.8887996124579272 0.3654652431871764 0.8334509832724002
0 0.369914760251017 0.8436039576623433 0.37095032641168174 0.8852035819986073 0.34218649328107664 0.8863320239960538 0.3411509271204119 0.8447323429883357
0 0.33644040801821373 0.8457161027630281 0.33644040801821373 0.8855986953777855 0.32503563694699983 0.8855986953777855 0.32503563694699983 0.8457161027630281
0 0.3217380004521658 0.811089504174646 0.32566528771755965 0.8480650211996577 0.31013759635609284 0.8506640307639856 0.30621033166287215 0.813688513738974
0 0.3163248998878976 0.8419820206411037 0.3233015974597818 0.8091389860615424 0.34424187022553393 0.8161489049261549 0.3372651726536497 0.8489918828342619
0 0.2681584781443579 0.9293059310983925 0.24420847695254716 0.9250109149220926 0.24490907206337834 0.9188546948446205 0.2688590732551891 0.9231497110209204
0 0.27581028684356507 0.8861272700317723 0.27356593566533377 0.8565444875449745 0.28129299998988766 0.8556206294974467 0.283537351168119 0.8852034119842445
0 0.38613255066279123 0.8252634315880338 0.38613255066279123 0.8416255571937384 0.37554243189343334 0.8416255571937384 0.37554243189343334 0.8252634315880338
0 0.2981529913005039 0.9295718335618326 0.2981529913005039 0.8089013626537837 0.3926495885002543 0.8089013626537837 0.3926495885002543 0.9295718335618326
0 0.38939106958152275 0.7874261117579213 0.38939106958152275 0.8232182154748433 0.36495231312407544 0.8232182154748433 0.36495231312407544 0.7874261117579213
0 0.36677323290582237 0.7699812213469127 0.36131045098840836 0.7425506506789693 0.37836966429941754 0.7371968417225221 0.38383244621683155 0.7646274123904654
0 0.36902543920031666 0.774131895329184 0.36902543920031666 0.8078787262614613 0.35110367543598603 0.8078787262614613 0.35110367543598603 0.774131895329184
0 0.34947441597662027 0.7628829516850917 0.34947441597662027 0.8099239990461061 0.3258502666766827 0.8099239990461061 0.3258502666766827 0.7628829516850917
0 0.32809125460111177 0.7692966301793176 0.3295406815568371 0.8111453822285574 0.3039460718279054 0.8125422769048862 0.30249662230000696 0.7706935815271008
0 0.29489449495394554 0.7751545317215065 0.29489449495394554 0.8160597607285863 0.2834897238827316 0.8160597607285863 0.2834897238827316 0.7751545317215065
0 0.28430435361241446 0.7720866225445392 0.28430435361241446 0.815037124336264 0.25986559715496715 0.815037124336264 0.25986559715496715 0.7720866225445392
0 0.303040747106428 0.7444756099661967 0.303040747106428 0.7751545317215065 0.2859336130717802 0.7751545317215065 0.2859336130717802 0.7444756099661967
0 0.3266450780383229 0.7678385870038301 0.2871973839031874 0.775657547549617 0.2835381637663531 0.7465650298137186 0.3229858804736617 0.7387460692679317
0 0.31946051332372183 0.6818696343467097 0.32077283689961633 0.7428236937456476 0.28697953985992974 0.743970270608461 0.28566723885620837 0.6830162112095229
0 0.34947441597662027 0.7117513587547876 0.34947441597662027 0.7362945188276172 0.3217771406004415 0.7362945188276172 0.3217771406004415 0.7117513587547876
0 0.33308841773038783 0.7094379166485318 0.3297030657706176 0.6626902574062791 0.353647694785214 0.6599576165527797 0.35703306931715745 0.7067052757950325
0 0.3580387950648923 0.7073531438602599 0.3794497427855723 0.7055613058191156 0.3806861109987518 0.7288419959051474 0.35927516327807185 0.7306338906177461
0 0.3771716913527991 0.6330087532461409 0.3771716913527991 0.6667555841784181 0.3519182825934957 0.6667555841784181 0.3519182825934957 0.6330087532461409
0 0.3562312380096616 0.6832422736406105 0.3758567042604706 0.6814825116425836 0.37722543569711536 0.7055376738226845 0.3575999920184796 0.7072974924921658
0 0.3376112717848558 0.05970971719357518 0.3335838995036289 0.000305180734467927 0.36798233393381335 -0.003369857341798235 0.3720097062150402 0.05603467964306958
0 0.4203790969397189 0.04335551496557096 0.3823901294956546 0.048124421384451894 0.3801317835700582 0.0197742465700169 0.4181207510141226 0.015005341922118914
0 0.3820594471587232 0.05624472176242782 0.3820594471587232 0.07976524190096913 0.35924992758846847 0.07976524190096913 0.35924992758846847 0.05624472176242782
0 0.3728602257000624 0.07905520525040623 0.37641755504721014 0.11254749634582463 0.35934240578194343 0.11540550862403523 0.35578509900696886 0.08191321044468504
0 0.34825901731231507 0.12210516544437675 0.34473412417801175 0.08375574110167494 0.3590501187115731 0.08168211133809918 0.36257503441804967 0.12003154276473277
0 0.3719485581979244 0.0802071375656482 0.42881061621671596 0.07197085551454054 0.43177894727718197 0.10426509789880382 0.37491688925839034 0.11250138703384328
0 0.351521982949161 0.11564024887155801 0.3721298127484745 0.11132862087522487 0.37673135339861086 0.14598753636040507 0.35612352359929733 0.15029917144066998
0 0.3872927603636973 0.11134175448475221 0.38858993801139513 0.15693678718644818 0.3756306439461793 0.15751778293563573 0.3743334662984814 0.11192276440180333
0 0.3896990443122457 0.13642150822234797 0.3871061336359329 0.10712686466085988 0.40802810036924464 0.10420861771069087 0.4106210110455575 0.13350326835611073
0 0.35263707087590146 0.15086819534514276 0.3654794185119268 0.146837834860289 0.37017549142329653 0.17041850112164142 0.35733316635944434 0.17444887577435875
0 0.3942209729076137 0.16569652220886288 0.37490133703107664 0.17580180757003686 0.3659356247038531 0.1487898264312036 0.38525526058039017 0.1386845410700296
0 0.3868370733317539 0.13502024984404015 0.41995004507211536 0.12512311873440402 0.42765049680450257 0.16572334197459668 0.39453757020848745 0.17562045891636927
0 0.39229114239032453 0.19319550948997505 0.3554537620770155 0.19980171508222347 0.35258628348627036 0.17460407055188024 0.3894236637995793 0.1679978649596318
0 0.4408754427757489 0.1936863551232808 0.4141556779308432 0.21045752111805072 0.4007958406527367 0.17691521746423805 0.427515560353296 0.16014406563733172
0 0.352267203246348 0.19876464163692548 0.3924819223979521 0.1901455793318753 0.3970438488841762 0.22368789715355153 0.35682910716039895 0.23230695945860172
0 0.3875782080655973 0.26646370918748546 0.3613373118744799 0.27273820259002146 0.35526237262071236 0.23270120859810237 0.3815032688118297 0.22642668685983924
0 0.3940894674267289 0.2231326160767395 0.40354793029424 0.2983319664178563 0.3644767400075698 0.30607631899409526 0.35501827714005874 0.23087698282084204
0 0.4044282450478458 0.26388918169140263 0.4019109511516503 0.2291280875741716 0.41917166625254254 0.22715827283088874 0.42168896014873797 0.26191933861239264
0 0.4406131541235207 0.22692437557124825 0.41504181630512665 0.23049112105657352 0.41335301145294007 0.211410309942984 0.4389242589826415 0.20784356445765872
0 0.4154590854983358 0.26486149383233226 0.4154590854983358 0.29247256308212916 0.39916658119337095 0.29247256308212916 0.39916658119337095 0.26486149383233226
0 0.4498363246579142 0.30638033301053275 0.43468425683015904 0.31272065030720464 0.4257233749479937 0.27897381937492743 0.4408754427757489 0.2726335020782556
0 0.3721586148414386 0.35508905125638346 0.3675215004463873 0.32598338574309427 0.38334407467813886 0.3220108584773242 0.3879811213566707 0.3511165239906134
0 0.3985904039010494 0.34834313636149317 0.3953418167385124 0.3116406340674327 0.41107800726354476 0.3094457486435121 0.4143265492817354 0.3461482226018454
0 0.41519589395918083 0.07405423985218271 0.38371376173030697 0.07899433302458725 0.3807434894629484 0.04916496595632399 0.4122256668361686 0.044224872783919456
0 0.4464148797932461 0.4008714822894905 0.4464148797932461 0.45404829133298513 0.37472780216375046 0.45404829133298513 0.37472780216375046 0.4008714822894905
0 0.4032397298417853 0.3487172813025911 0.4032397298417853 0.3783735950013057 0.372283935546875 0.3783735950013057 0.372283935546875 0.3487172813025911
0 0.42070350421250924 0.36759887808655406 0.42888140255177515 0.40660986373462166 0.4107971642849713 0.41258405510097496 0.4026192208013591 0.37357304111718026
0 0.44809203740407727 0.37145576724988394 0.45408192470934267 0.40153317818956014 0.4318474763949242 0.4085111060182364 0.4258575439453125 0.37843375175001454
0 0.4495756160578079 0.377514569097464 0.4465615086301544 0.35102842821494895 0.46572149152586445 0.3475923812710364 0.4687356440978643 0.37407852215355153
0 0.457258732361201 0.33703244916797237 0.4347429896247457 0.3605865223494081 0.4207875178410457 0.3395639063588092 0.4433032605775009 0.31600983317737347
0 0.43175158980330064 0.3119025411933467 0.43175158980330064 0.3466720085179463 0.41138598199426774 0.3466720085179463 0.41138598199426774 0.3119025411933467
0 0.38302815454246025 0.5083859584457695 0.37633503118210293 0.4579729878913504 0.4101529996070636 0.4508974718184192 0.4168461455395941 0.5013104707085655
0 0.4541729357115616 0.4325386975358345 0.4622754429924418 0.490176683459552 0.44308259501259706 0.4944285159876973 0.43498004258737055 0.43679055839970693
0 0.42461548754449424 0.5007620610455839 0.42746666902621117 0.5258165676503017 0.3874359582302838 0.5329954241200964 0.38458477674856695 0.5079409741868326
0 0.3873201178375786 0.5355871230668233 0.42997475347575353 0.5297983606988451 0.4335108198357757 0.5708593795337163 0.39085622934194714 0.5766481419016946
0 0.3872006207528199 0.5777054045525766 0.43130601510493716 0.568016172672934 0.43533469657220786 0.5969152707354051 0.3912293022200906 0.6066045592865018
0 0.4004632171089127 0.7152296259321321 0.38724016720021265 0.6037764270325557 0.43047879010262574 0.5956922440807799 0.4437018400113258 0.7071454996518106
0 0.49112340261244913 0.6038938502858054 0.44205420680300017 0.6192935245836235 0.43160785020455805 0.5668385398531801 0.4806770911583534 0.5514388655553621
0 0.48555737557495837 0.5396637274583623 0.49180445022131564 0.6533754538250058 0.435721583620331 0.6582308373411386 0.42947450897397377 0.5445191109744951
0 0.45962632760493716 0.48900001405452065 0.4620217769103643 0.5190714744914984 0.4344374978330714 0.5225342136903726 0.43204195823895153 0.49246280992484914
0 0.44168835702027087 0.7083589488306639 0.44675964716623523 0.7624711202269034 0.4061117680115107 0.7684742707063893 0.40104052300989274 0.7143620993101497
0 0.5099872837405233 0.7087846081236943 0.40529104379507214 0.7258533134212511 0.3988540468836677 0.6636324203335364 0.5035502868291188 0.6465637150359795
0 0.4497789010493713 0.7602524327921889 0.4586295855821237 0.8459630202892874 0.41183570997249447 0.8535777369138812 0.4029850254397421 0.7678670927453285
0 0.47323788975822856 0.7990242649032323 0.4786223462347448 0.8598583508334784 0.4585945084250185 0.8626518568288649 0.4532100519485022 0.8018177708986188
0 0.4668173705332378 0.757803319224408 0.47207370735484466 0.7990435331976845 0.45367788280961074 0.8027383986732533 0.4484215459880039 0.7614981846999768
0 0.5069674881252312 0.7531790985702472 0.5016457822901257 0.8032835780633415 0.47523268298989924 0.7988625812441968 0.4805544791136973 0.7487581017511026
0 0.46236848549024595 0.9006436063718662 0.42122013611201 0.9100354831309483 0.4163323577339127 0.876288652198671 0.457480752256495 0.8668967754395891
0 0.49560632649258046 0.806337546062558 0.5010443693082008 0.8563987285645891 0.4859580767930612 0.8589812467357242 0.4805201242661335 0.8089200075622388
0 0.4017482960717918 0.7673352878184483 0.47233247474805845 0.7562594187956999 0.49157019620816383 0.9494581302228412 0.4209860175318972 0.9605339992455896
0 0.5141246727937777 0.8288125947546715 0.5185331987911428 0.8509495982220578 0.5016656909468611 0.8562431654226149 0.49725707466080343 0.8341061619552287
0 0.5379663049822023 0.908017922687442 0.48705219517092735 0.9208008492557451 0.477339298767451 0.8598362489663127 0.5282534085787259 0.8470533790694638
0 0.486669280825282 0.9773611141335887 0.48305312839485487 0.9365058126777217 0.511038560133714 0.932602339578981 0.5146546674197947 0.9734576977063022
0 0.5403636052058294 0.926459323950354 0.5442340105948363 0.9628988990323236 0.5150462043355908 0.9677843184192201 0.5111757989465837 0.9313447433372505
0 0.5084015885753744 0.9354401626516075 0.4843387942342363 0.9392160683067838 0.48176962948409763 0.9134142919060468 0.5058324238252357 0.9096383862508705
0 0.5049503935864691 0.703506455558699 0.5547774726822532 0.9944994686484447 0.437441763793223 1.0261612434351788 0.38761463955309267 0.7351682303454329
0 0.3994710346650795 0.7135085138659181 0.46698688755373985 0.6938701548173456 0.47157016731578216 0.7187013758922354 0.40405431442712186 0.738339791612262
0 0.49447776297845786 0.6953892898205374 0.49447776297845786 0.7076608698569522 0.4773706289438101 0.7076608698569522 0.4773706289438101 0.6953892898205374
0 0.43722692184899686 0.6700089790252147 0.4388778054502589 0.6389228728709668 0.46991287321734004 0.6415201256202124 0.468261989616078 0.6726063451173688
0 0.4219760781914525 0.6248277187790158 0.43175158980330064 0.6248277187790158 0.43175158980330064 0.6422124807770427 0.4219760781914525 0.6422124807770427
0 0.4009602563621024 0.5897110821255513 0.4314526890861918 0.6011945889188719 0.42674426919609837 0.620896646682045 0.3962518816163554 0.609413253231633
0 0.4774125680415588 0.6596449034681117 0.4742329162958811 0.5784833336053563 0.4979999248798077 0.5770160529828227 0.501179531481139 0.6581775661741237
0 0.42773708366078034 0.553898633356546 0.4722017367210614 0.52011400256427 0.48657921785433617 0.5499336150584668 0.4421146550827478 0.5837182458507428
0 0.4596573869152182 0.9013554565089659 0.4664350882084412 0.948151059801532 0.4266487889035919 0.9572319802910283 0.4198711327547152 0.9104363769984621
0 0.6564287264671551 0.9590650751508821 0.5927432359322994 0.9672648678693709 0.587360494940944 0.9013819787495647 0.6510459854757997 0.8931822993739844
0 0.6688076673880131 0.9530923572423399 0.6688076673880131 0.999110824882486 0.5922328790969397 0.999110824882486 0.5922328790969397 0.9530923572423399
0 0.6950907058264377 0.9094249048826312 0.6575971975834412 0.9131902129758589 0.6545899069520849 0.8660012531191968 0.6920834151950813 0.8622358883545148
0 0.6651814929126988 0.9579786833725047 0.663330348991078 0.920797902340123 0.6897026378022143 0.9187288275446843 0.6915537817238351 0.955909608577066
0 0.7771528797036797 0.9602507553171425 0.7771528797036797 0.999110824882486 0.7290899965184681 0.999110824882486 0.7290899965184681 0.9602507553171425
0 0.7172484990407729 0.9604616864699397 0.715718376565967 0.9182026897632312 0.7424347555848974 0.916678227643338 0.7439648329153569 0.9589372243500465
0 0.7751726680958765 0.9587718570464833 0.7445929262059681 0.9635704557654364 0.740356851611617 0.9210289518591864 0.7709366837902182 0.9162304664831419
0 0.7960391975718842 0.9525933084160283 0.7728843011799649 0.9578782615555362 0.7669798721223188 0.9171121042972377 0.7901347685142381 0.9118271511577298
0 0.7437532413640672 0.8549197736224756 0.7437532413640672 0.8988929118065228 0.7087243435650887 0.8988929118065228 0.7087243435650887 0.8549197736224756
0 0.8072940442689072 0.9561602097478529 0.8072940442689072 0.999110824882486 0.7779675545777089 0.999110824882486 0.7779675545777089 0.9561602097478529
0 0.8446838559483635 0.9494860125783426 0.7940221481774685 0.9537258307581824 0.7919567040437777 0.9148341951928098 0.8426185021033654 0.9105943770129701
0 0.8186987701957747 0.9582054825324977 0.8480253501756657 0.9582054825324977 0.8480253501756657 0.999110824882486 0.8186987701957747 0.999110824882486
0 0.8687585232525887 0.9020231595831882 0.8724640614887667 0.9438886863828923 0.8459987301798262 0.9475801515712048 0.8422931016549556 0.9057145681000465
0 0.894459019045858 0.8988929118065228 0.894459019045858 0.9397981408136026 0.8700202174440643 0.9397981408136026 0.8700202174440643 0.8988929118065228
0 0.9237423507419563 0.8879628017641596 0.9273411677433894 0.9466918831969592 0.8960690470136834 0.949711621637796 0.8924703203009431 0.8909825402049966
0 0.962887555184449 0.8927571501240424 0.962887555184449 0.9438886863828923 0.9221562492776905 0.9438886863828923 0.9221562492776905 0.8927571501240424
0 0.9687865669205344 0.9407150282722551 0.9720282018537352 0.9895474036313254 0.9292181793754622 0.9940258086336468 0.9259766347309542 0.9451934332745764
0 0.9221562492776905 0.9653639939502089 0.9221562492776905 0.999110824882486 0.8887565657937315 0.999110824882486 0.8887565657937315 0.9653639939502089
0 0.8895712406677607 0.9500245047368269 0.8895712406677607 0.999110824882486 0.8520984536797337 0.999110824882486 0.8520984536797337 0.9500245047368269
0 0.9001389001248151 0.8259475693839949 0.9583873861640163 0.8198540846064009 0.9620784782093658 0.8754570552786967 0.9038299921701646 0.8815504833848363
0 0.912791686650564 0.82379734106604 0.9100775182599852 0.7726884733888986 0.9571166631032729 0.768751790817955 0.9598309217825444 0.8198607151665506
0 0.9105627296944342 0.7771124737951195 0.9147451728053347 0.8243655290665622 0.8886373847193972 0.8280071233751161 0.8844549416084967 0.7807540114322191
0 0.8608484211758044 0.8287154598820509 0.8581481572438979 0.781259180775592 0.8858786137146357 0.7787726640479921 0.8885787873578495 0.8262289998259053
0 0.883433505628236 0.829265853045932 0.8858886357595229 0.8816598026201253 0.866214007315551 0.8831126320218199 0.863758877184264 0.8307186824476265
0 0.8659471139399963 0.8324218863342908 0.8659471139399963 0.8896892409470752 0.8406937277528661 0.8896892409470752 0.8406937277528661 0.8324218863342908
0 0.8369656173435188 0.8360070925458449 0.8338556233242419 0.7852545183017061 0.8580882958406527 0.7829144972833971 0.8611982898599297 0.8336670715275359
0 0.8337272328032544 0.7847461186854399 0.8409151156273114 0.840690081498085 0.8158922364725869 0.8457565095099234 0.80870435364853 0.7898126033687326
0 0.8163699539455437 0.8936113022828168 0.8131737342247596 0.8414511224574919 0.8377802922175481 0.8390750017228122 0.8409764216496394 0.8912352382195915
0 0.812996407232341 0.7884487481502437 0.812996407232341 0.8457161027630281 0.7901868650899131 0.8457161027630281 0.7901868650899131 0.7884487481502437
0 0.7916693151349852 0.8324386610847551 0.764052080684865 0.8355903873425894 0.760599982809033 0.7879206268678911 0.7882171269704604 0.7847689006100569
0 0.7636925511106232 0.7899304233221622 0.7677944567076553 0.8379902534166086 0.7404690353122688 0.8416655105689995 0.736367174859583 0.7936056804745532
0 0.6996845945098696 0.8460118144114148 0.6980677948900934 0.7891821901114207 0.7329068155683709 0.7876202114887999 0.7345235700438009 0.8444498357887941
0 0.7911890695786336 0.8365003608838208 0.7935576128536428 0.8944805290484273 0.7431832939915403 0.8977234396761838 0.7408147055721848 0.8397432715115773
0 0.8336315267890163 0.8619286724009111 0.8442028880824705 0.8789909171526811 0.8313443336261095 0.8915456844460887 0.8207729723326553 0.8744834963657729
0 0.7594543998763406 0.8987268077740541 0.753173150959805 0.7883344984984332 0.8334116738223465 0.7811397740214426 0.8396930581719212 0.8915320266256094
0 0.9995456672984467 0.7107287790339194 0.9995456672984467 0.7506113716486769 0.9702191776072485 0.7506113716486769 0.9702191776072485 0.7107287790339194
0 0.9400780130420211 0.7015250515030177 0.9400780130420211 0.7536792808256442 0.9164538863142566 0.7536792808256442 0.9164538863142566 0.7015250515030177
0 0.9487535826553254 0.6446636345171773 0.9517998328575721 0.7058464199055536 0.9039238021218565 0.709602660566098 0.9008777324969952 0.6484198751777217
0 0.9995456672984467 0.6422124807770427 0.9995456672984467 0.6964119262128597 0.9799946440747503 0.6964119262128597 0.9799946440747503 0.6422124807770427
0 0.9995456672984467 0.6411898443847203 0.9995456672984467 0.6984571989975047 0.9645168146438147 0.6984571989975047 0.9645168146438147 0.6411898443847203
0 0.9824385784081453 0.6616424588882602 0.9824385784081453 0.7035703242876625 0.9653313992291512 0.7035703242876625 0.9653313992291512 0.6616424588882602
0 0.850580339601054 0.7126849642924501 0.8494642810708672 0.6622456698475221 0.8796273857884153 0.6611937909847957 0.8807435346072947 0.7116330854297238
0 0.8717624280579697 0.7141915182327936 0.9011211508124538 0.7105060035471796 0.905049160387389 0.7598150425081244 0.8756903473442122 0.7635005571937384
0 0.8729776235727164 0.7097937000384459 0.8755800145617604 0.7620632557705141 0.8492076806062777 0.7641323872374072 0.8466052896172337 0.7118627748338846
0 0.8813466630743806 0.7129143703393396 0.8178022937661797 0.7110592869552287 0.818806213740061 0.6568653953219301 0.8823505830482619 0.6587204787060411
0 0.8206881009615384 0.7121581464535457 0.8454014704777644 0.7105253285130861 0.8476764746671598 0.7647897761069522 0.8229631954396265 0.7664225940474118
0 0.8204285209700906 0.7146708453930188 0.8237946640104937 0.7667864814552867 0.8059680645282452 0.7686009314066853 0.802601921487842 0.7164852953444174
0 0.8227880353758321 0.7109312094685759 0.7885093011799649 0.7152343863342908 0.7847506731924926 0.6680516036661444 0.8190294976770525 0.6637484268004294
0 0.7670797314164202 0.720055766977861 0.762593105699889 0.6679576990664171 0.7833546294263128 0.6651401077029654 0.787841255142844 0.7172381756144093
0 0.7731557992788461 0.7644109274351497 0.7708705021784856 0.7185078995473537 0.8024664884488258 0.716028920123172 0.8047518758378791 0.761931948010968
0 0.7673774132361779 0.6912987442512477 0.7673774132361779 0.7209550862856894 0.7437532413640672 0.7209550862856894 0.7437532413640672 0.6912987442512477
0 0.7687185614772097 0.7166774682458508 0.7730996397120007 0.7661752798209726 0.7472600993320081 0.7697794709697076 0.742879021097217 0.7202816593945857
0 0.7085886396599944 0.7168353549174501 0.7157788248457146 0.6641832101975975 0.749400708802353 0.6714186814502089 0.7422105687609791 0.7240708261700615
0 0.7441589536046135 0.7260364188900011 0.7467930359247874 0.7789426217393512 0.7245287020530926 0.7806895193172586 0.7218946197329188 0.7277832597964543
0 0.686533956132697 0.7233275800472957 0.6808804393520017 0.6736481364612349 0.7031197181114783 0.6696598828669046 0.7087731897478273 0.7193392697815112
0 0.6916857837925295 0.7242163017931755 0.7448397754917483 0.7216498783150533 0.7465665467392059 0.7780078827726032 0.6934125098956407 0.7805743062507254
0 0.5881472254645895 0.8292281665288417 0.6283521031486917 0.8229192735535631 0.6322372255946053 0.8619365497330548 0.592032347910503 0.8682454427083334
0 0.6899879500710753 0.7956071462250465 0.6899879500710753 0.8293539771573236 0.6557736820017798 0.8293539771573236 0.6557736820017798 0.7956071462250465
0 0.6881450224204881 0.7977697855914868 0.6539908414761696 0.8016674782018919 0.6519542445797892 0.7735451190916609 0.6861084706684542 0.7696473698098015
0 0.6824934017023391 0.7704504609882776 0.6566258718276164 0.7745094405575383 0.6530916563857941 0.7390163354333508 0.6789591862605169 0.7349572425211816
0 0.6487267849713387 0.749837579612059 0.6510625083065598 0.7938197852287895 0.6270563249757304 0.7958288449541551 0.6247206016405095 0.7518466393374246
0 0.634821062257304 0.7584393996271471 0.6390080198028384 0.8083718245850743 0.5942281689164202 0.8142890611398851 0.5900411662265393 0.7643566928534122
0 0.6761392898108127 0.6708461297477077 0.6761392898108127 0.7056155970723074 0.6337787695890348 0.7056155970723074 0.6337787695890348 0.6708461297477077
0 0.6416084244406435 0.7798434145049907 0.6303459483490893 0.6738068732046484 0.6746345384586492 0.6663939069572598 0.6858970145502034 0.7724305049290564
0 0.6639574942504161 0.6057752858961525 0.6704619819595969 0.6710978643475801 0.6322623258511696 0.6770920040658368 0.6257578832863351 0.6117695389573178
0 0.56690279266538 0.7021146046418001 0.5553255250468057 0.6367143296265668 0.5982802351550943 0.6247314906496634 0.6098575479180149 0.6901317656648968
0 0.6336534488835984 0.6853989625043524 0.6067081428843842 0.6921640606865135 0.6031049468813563 0.6695481834305362 0.6300502980249167 0.6627830285769208
0 0.5946987535826553 0.6301067214158252 0.5583708723621256 0.6377073835197598 0.5509291428786057 0.5816561416441794 0.5872570692434819 0.5740554795402449
0 0.5808362791524131 0.5575876050008705 0.6188972969732341 0.547633547415419 0.6306693624462602 0.6185677332687732 0.5926082994810928 0.6285217908542247
0 0.6628934871515578 0.5789933766937965 0.6242313723592363 0.585926845766597 0.6204188871665819 0.5524254589027681 0.6590810471032498 0.5454919898299675
0 0.6602955203084551 0.5413497032229283 0.6696270372740616 0.609961096180072 0.6286786773501063 0.6187374642743152 0.6193471603844998 0.550125957974263
0 0.58607929839185 0.7123334879330606 0.5727445162259616 0.714425911367659 0.5714286036745331 0.7012104115889044 0.5847633406960753 0.6991179881543059
0 0.5898447883199658 0.7351177927511316 0.5884532589884199 0.687952124862175 0.6312679313343658 0.6859614833594475 0.632659505810258 0.7331271512484041
0 0.5791988485663601 0.7547019172179665 0.5791988485663601 0.7373171552199397 0.5922328790969397 0.7373171552199397 0.5922328790969397 0.7547019172179665
0 0.9943893703483265 0.5715686227839194 0.9995431392150518 0.6254826141045728 0.9702474379680566 0.6298956769201195 0.9650937593900241 0.5759817422709204
0 0.9921051567122781 0.5206070442164288 0.9964997782509708 0.5720970840949977 0.9634505051832932 0.5765422229536618 0.9590558836446006 0.5250521830750928
0 0.8980553079638961 0.585693359375 0.9398992414305196 0.5798569363139798 0.9448564518132859 0.6358646545126799 0.9030125183466624 0.6417011342451544
0 0.9423216870550574 0.5304117725198758 0.9456964075212648 0.5791297282127728 0.8991189990523298 0.5842140644041609 0.8957443688748151 0.5354961653827182
0 0.898532122549926 0.5389267151955663 0.898532122549926 0.583922489771936 0.8692056328587278 0.583922489771936 0.8692056328587278 0.5389267151955663
0 0.8985628207054364 0.5830349014551416 0.9021489070012019 0.6385553584900185 0.8723358515451646 0.6415898315089659 0.8687498555380917 0.5860694311455432
0 0.8617000241251387 0.5903225104456824 0.8695259771403476 0.6060411883595926 0.8629357151731232 0.6112117785043814 0.8551098524466069 0.5954931572619255
0 0.8553379216843103 0.6438757312884459 0.7892042532475037 0.6490644562986014 0.7862976796528292 0.590682997566301 0.8524312578009431 0.5854942158846913
0 0.8382497934194711 0.5399493515878888 0.8382497934194711 0.5859677625565808 0.8048502002242048 0.5859677625565808 0.8048502002242048 0.5399493515878888
0 0.7860009910086908 0.5930160479957347 0.7813137438170303 0.5459434913061455 0.8039728649974575 0.5423879242651752 0.8086601121891179 0.5894604242833101
0 0.7771528797036797 0.548130386055014 0.7771528797036797 0.5910808878467386 0.7616749599840514 0.5910808878467386 0.7616749599840514 0.548130386055014
0 0.7483847804323456 0.6564294784956767 0.7196104512412167 0.6452193547977599 0.7239203368418315 0.6277858553490598 0.7526946660329604 0.6389959223755223
0 0.7736346905048077 0.5262469306740367 0.7895595392531897 0.6319140307639856 0.6811534723586584 0.6576600991251741 0.6652286236102765 0.5519929990352251
0 0.7184998551769369 0.6033524678831534 0.7184998551769369 0.6585745497112929 0.6859148014226609 0.6585745497112929 0.6859148014226609 0.6033524678831534
0 0.7640995725372134 0.6537795779654132 0.7625940988755086 0.5989753347696146 0.7866952207666882 0.5979320132964833 0.7882006944283931 0.652736313163736
0 0.7657481537768122 0.5931261606313835 0.7657481537768122 0.6197145934888579 0.7502702340571838 0.6197145934888579 0.7502702340571838 0.5931261606313835
0 0.764933478902783 0.5941487970237059 0.764933478902783 0.6473256060672006 0.7502702340571838 0.6473256060672006 0.7502702340571838 0.5941487970237059
0 0.628826299362634 0.6302052164033484 0.5564283562835152 0.6399427890334842 0.5495929153713249 0.5598551999006209 0.6219908584504438 0.5501175705990309
0 0.6202560063649917 0.5514028225104457 0.5464634189944295 0.5629821040614844 0.5406357353255593 0.5044561331207927 0.6144282775517751 0.49287685156975397
0 0.5631700323883598 0.4081362810196872 0.5745465430987657 0.5009651715376915 0.5334103375496949 0.5089098293690517 0.5220337816949426 0.4160808821795932
0 0.59174410125913 0.4102796804274025 0.5999906190048309 0.49309707684105153 0.5719173363679965 0.4975022623244545 0.563670863766642 0.4146848659108055
0 0.6390848103359607 0.40709018264529656 0.6500052728596524 0.48934287635286094 0.6017882217316938 0.4994310185991179 0.5908678494966947 0.4171782965558264
0 0.6094277285965237 0.49174404587032844 0.6477276502981694 0.48573415148778437 0.6507856831748104 0.5164445259002147 0.6124856711844721 0.5224544769542131
0 0.6461838490864229 0.48213619419901926 0.6586987647784532 0.5418356042718488 0.6218485183264377 0.554009199363829 0.6093336929231 0.49430973261954503
0 0.7033845348471015 0.538306049428389 0.6659823987610947 0.545529506332695 0.6606143296822994 0.5017277426263638 0.6980164657683062 0.4945042857220578
0 0.7064577813684587 0.39552370884292304 0.7130418585602348 0.4754213069253424 0.6678224823178625 0.4812936030169162 0.66123835998174 0.40139600493449684
0 0.7256541506073179 0.4736527325161763 0.7283568071895803 0.5177582268816736 0.7027535974626711 0.5202305757457056 0.700050986024755 0.47612510971593547
0 0.7569561568943001 0.39357585428817027 0.7633936955378606 0.46630740364946033 0.7188674204448271 0.47251802832303275 0.7124298818012667 0.3997864789617427
0 0.7504304964866864 0.47160068749274603 0.7539494531394462 0.5201924358569812 0.7280950602695081 0.523142978452153 0.724576193905441 0.47455123008791783
0 0.7168705957175712 0.5225645895898618 0.7168705957175712 0.5348361696262767 0.707095084105723 0.5348361696262767 0.707095084105723 0.5225645895898618
0 0.7798813137077015 0.5297985873846622 0.7066406159711307 0.5402465366940866 0.700847648304595 0.47625205377350277 0.7740883911855122 0.4658041327998056
0 0.7790926419771634 0.38516416700216166 0.7907723872619268 0.4647581761040506 0.7653732751248151 0.470631633960437 0.7536935298400518 0.39103762485854804
0 0.7870054527147282 0.4439497215391423 0.7812366372734837 0.37696256079713614 0.8070905335556121 0.3734538893845752 0.8128593489968565 0.4404410217908542
0 0.8462291469235392 0.36891005718829795 0.8514040433443509 0.44036851066511434 0.8119614279481786 0.444869782599234 0.8067866218160595 0.3734113291224176
0 0.8236863175792807 0.45305656921896764 0.8277503019253883 0.516828758360173 0.8017833642000277 0.5194365519999129 0.7977192895652274 0.45566436285870765
0 0.7761978962012297 0.47235183928338265 0.8023210333649223 0.47052996537147457 0.8041558801775148 0.511989016165419 0.7780327430138221 0.513810890077327
0 0.8451678936298077 0.46932484689639914 0.8486143033180011 0.5039369659282149 0.8271583692561946 0.5073038170264624 0.8237118692793084 0.47269166965891946
0 0.8406937277528661 0.44995777409942256 0.8814249433709319 0.44995777409942256 0.8814249433709319 0.5000667023016772 0.8406937277528661 0.5000667023016772
0 0.8549173569538184 0.44318037821168466 0.8500250641410872 0.3848371727110173 0.9425530969743898 0.3726104197949309 0.9474453897871209 0.43095365363132543
0 0.9099580663195729 0.493807226834523 0.8677360038080159 0.5074365415723654 0.8560255603677422 0.450267851961467 0.8982477131679919 0.4366385088878975
0 0.8990605822681675 0.4357514872856459 0.9505977292032637 0.4255362309674588 0.9578104414178069 0.4828809704510504 0.9062732944827108 0.4930962267692375
0 0.9982876749433709 0.41636579791594125 1.0015528752253606 0.4717008826238974 0.975116978030233 0.4741591202958159 0.9718517777482434 0.4188240355878598
0 0.9534223206649871 0.48904149755904713 0.9466931946884246 0.42653115501864264 0.9715585200744268 0.42231298533433437 0.9782876460509893 0.48482332787473886
0 0.9666999952327571 0.3903997309692723 0.9703332122261003 0.42232627479036094 0.9493484948513776 0.42608957104696205 0.9457152778580344 0.3941629988901462
0 0.9676872117984929 0.4124797229536618 0.9597390981820914 0.3526143505269992 0.9852346386429827 0.3472800648865483 0.9931828425480769 0.4071454373132109
0 0.9637021397697855 0.3466720085179463 0.9637021397697855 0.38144147584254584 0.9408926879160503 0.38144147584254584 0.9408926879160503 0.3466720085179463
0 0.8764558148807322 0.3643635330979428 0.8998355301174187 0.360170752225148 0.9022305279793824 0.3812164901690895 0.8788507224540033 0.3854092993776114
0 0.5170116988864876 0.32697590125747156 0.5041427612304688 0.20312155720915304 0.5667947622445914 0.19286294722844852 0.5796636999006102 0.31671729127676707
0 0.6194030490852672 0.23971679460814183 0.6336350299902922 0.31118068854456826 0.5839907403528337 0.32676077641705836 0.5697587594478088 0.2552969108163591
0 0.6145580224031527 0.2468963594711148 0.5878735152927376 0.25247937612436167 0.5828096288195729 0.21433798560635736 0.609494135929988 0.2087549689531105
0 0.5730887418667946 0.17894450889877844 0.6120509311292298 0.17741606560922266 0.6129275440464358 0.21263048885703198 0.5739653999283469 0.21415894631445132
0 0.569743861813517 0.15232956796856864 0.6108976285133136 0.14992669830747302 0.6121980114096015 0.18502452003811948 0.571044244709805 0.18742738969921513
0 0.494379574025171 0.14614237694133733 0.5506834222014839 0.1365909700384822 0.5568106837526581 0.19350986604681697 0.5005068355763452 0.20306127294967213
0 0.4817455675474991 0.11834358349926735 0.49883401182276255 0.06931093122080287 0.5415685078096107 0.09278115898564444 0.5244800635343473 0.1418138254319725
0 0.49015009050538555 0.033382635373369676 0.5098198433599529 0.1642513151177678 0.47277439275436856 0.17302577055042945 0.4531046398998012 0.042157087264065404
0 0.528817396897536 0.10816293218784456 0.5689220541327663 0.09809394489313124 0.5736218063083626 0.12759291738299386 0.5335171490731324 0.13766190467770717
0 0.5981237648506842 0.054440603725536066 0.6051814965242465 0.12088930772871692 0.5763138539692354 0.12572113008773647 0.5692561222956731 0.05927242254258973
0 0.5519653862044656 0.06653821656520209 0.582183837890625 0.05274388872038577 0.5889149050740801 0.07598075760440241 0.5586964082435744 0.08977508544921875
0 0.5001408052162306 0.07154617380409631 0.4934314976077108 0.006974041406601363 0.5335859039126063 0.0003991683490207711 0.5402951663767798 0.06497130044212802
0 0.5491756913224621 0.029388307307534674 0.5472261778701691 2.11578882891709e-05 0.5874069033289803 -0.004182209432844554 0.5893564167812732 0.025184941269671794
0 0.6120260565943972 0.12351727640617746 0.6057512633193879 0.07625512536632428 0.6408902230347402 0.06890323677877641 0.6471650614540958 0.11616538781862959
0 0.6222988331811667 0.17616004200034818 0.6168220565163878 0.1211582137792334 0.6496075963127542 0.1160135862444326 0.6550843729775333 0.17101542154947916
0 0.6325345011152459 0.24254379343300256 0.626812139206384 0.19046357702965414 0.6581272373538045 0.18504136562790158 0.66384955411832 0.23712158203125
0 0.683766201403014 0.23133794842988337 0.6921899107080944 0.3106476935171483 0.6419250217415172 0.31906096760387653 0.6335012672920904 0.23975122251661155
0 0.6580486410468288 0.18523343935428999 0.6872857900766226 0.18115540400853064 0.6914085523616633 0.2277350040531424 0.6621714484762158 0.23181305356676532
0 0.7050174058541744 0.1791293428468837 0.7162727039946607 0.2262266791298529 0.697214973043408 0.23340386379174646 0.6859596749029216 0.18630654167664085
0 0.7311642889440413 0.17736269526716283 0.7365484294101331 0.2229857945065866 0.7142287937141735 0.22713669517467502 0.7088446081037352 0.18151362427097842
0 0.7240262454783423 0.227343205954039 0.7327460114067122 0.28754755868442433 0.7113116111981093 0.29243980698156047 0.7025918001253929 0.23223546841903872
0 0.7339463995758598 0.2963664020336438 0.7231369469998151 0.22851875609784847 0.7583852011776535 0.21966906930964195 0.7691946537536982 0.2875167294133008
0 0.7586576924521542 0.1743551411889943 0.7613538031041975 0.22004709624535748 0.7341377664599898 0.22257785921087947 0.7314416106636003 0.1768859041545163
0 0.7996102056559726 0.22831026181758501 0.8051098705043455 0.28008934028080024 0.7721869113177238 0.2855999308154886 0.7666872464693509 0.2338208523522734
0 0.7718923896022097 0.28955143297172414 0.7600073278302977 0.2230905375219432 0.8270362989436946 0.20420104923797297 0.8389213607156065 0.27066195885561745
0 0.8518174752681213 0.20666335308673545 0.8606254983935836 0.27991657735245473 0.8342215633956638 0.28491976002132663 0.8254134499815089 0.2116665357556073
0 0.8960882785052238 0.20554889477063024 0.8960882785052238 0.2771330738687471 0.8529130382650703 0.2771330738687471 0.8529130382650703 0.20554889477063024
0 0.7789287679999538 0.16695478434018104 0.7842238386707193 0.21348449933717067 0.7587912294286243 0.21804544631263784 0.7534961587578587 0.17151571714778466
0 0.8023764706222263 0.1653295462067302 0.8065688454893214 0.21269483929335684 0.7831433538854475 0.2159622603250856 0.7789510693070452 0.16859699557418611
0 0.8292745556351702 0.1610663652198671 0.8332932150575536 0.2081512479507602 0.806715654903615 0.21172595577541056 0.8026969954812315 0.1646410588766539
0 0.8428913545326369 0.20703201506463267 0.7834187343981139 0.21721270179571436 0.777951031746949 0.16687766865878162 0.8374236518814719 0.15669698192769993
0 0.8435612063436113 0.20620337922814386 0.8378750953448595 0.1562376031193782 0.8693522616956361 0.15059267290234013 0.8750383726943879 0.20055844901110578
0 0.9542720275517751 0.2660464939411415 0.8993893233982063 0.2787379244465239 0.8882634089543269 0.20291799334541116 0.9431461131078958 0.1902265345043016
0 0.9382286297499075 0.19264161686379266 0.8889548397628513 0.20295084862102483 0.8855200773160133 0.17708103813943535 0.9347939575917622 0.16677182055006673
0 0.9343756500785872 0.14623628154106458 0.9343756500785872 0.17180206383835306 0.9042344855133598 0.17180206383835306 0.9042344855133598 0.14623628154106458
0 0.9002428224100869 0.14449779967411647 0.9074115640312962 0.17149527292065633 0.8863941621498244 0.18028990339103848 0.8792255108173077 0.15329243014449861
0 0.9995456672984467 0.17998311247334176 0.9995456672984467 0.2812236194380368 0.962887555184449 0.2812236194380368 0.962887555184449 0.17998311247334176
0 0.9995456672984467 0.1349873378969722 0.9995456672984467 0.1810057346978006 0.9775508000300481 0.1810057346978006 0.9775508000300481 0.1349873378969722
0 0.9905847854162815 0.06851629825687675 0.9905847854162815 0.12680627509411996 0.9547412578876202 0.12680627509411996 0.9547412578876202 0.06851629825687675
0 0.9995456672984467 0.017384731891316844 0.9995456672984467 0.062380508238669335 0.9604437111397467 0.062380508238669335 0.9604437111397467 0.017384731891316844
0 0.9298181477383044 0.12009008437699484 0.8821295563285872 0.13006764644810526 0.8759207640879253 0.08330299285350293 0.9236094457863351 0.0733254307823925
0 0.9193944987460706 0.07515093166737392 0.8735271205563517 0.08154861464363176 0.8698910143248428 0.040468763176113115 0.9157584828032544 0.034071083741821176
0 0.853598510019878 0.13250558157153117 0.849187726805196 0.08267100696333493 0.8710931179791512 0.07961558675810265 0.8755039914825259 0.1294501542823671
0 0.844634738899547 0.08490602994474307 0.8190070157925758 0.09026794291915115 0.8124019464797522 0.04051830819500965 0.8380296695867234 0.03515640584649925
0 0.8649985409347263 0.028185399019175807 0.8784900191267566 0.07334928238070886 0.8534041184645432 0.08515857211283875 0.8399125499838203 0.03999468875130571
0 0.8422348654481786 0.0995545382840609 0.8462639983589128 0.12990181160504438 0.825656145987426 0.1342134466853093 0.8216271033653846 0.10386617336432581
0 0.8002549572103828 0.15044175681961613 0.7941149649535411 0.08364079014061775 0.8198095919817863 0.07991901280820203 0.825949584238628 0.14671997240326862
0 0.8198488675631009 0.07735904987586685 0.7981894227879993 0.08415654287807567 0.7914807020559819 0.050469861610575525 0.8131401468310836 0.043672372150332595
0 0.7935815393572023 0.04508543235899235 0.7978354911127034 0.0958163545656337 0.7675581711989182 0.09981722464247113 0.7633042194434172 0.04908630243582978
0 0.7958893183420396 0.0991952341800502 0.7958893183420396 0.14930417655016828 0.7698212572808801 0.14930417655016828 0.7698212572808801 0.0991952341800502
0 0.77705509704951 0.1463999061974089 0.7511663041876618 0.15104264424925284 0.746604422845784 0.1109554960203038 0.7724932608519786 0.10631275088452806
0 0.7641188943174464 0.060335249621888055 0.7641188943174464 0.10737628989897066 0.7396800927156527 0.10737628989897066 0.7396800927156527 0.060335249621888055
0 0.7404947224453357 0.060335249621888055 0.7404947224453357 0.10430839488986696 0.7160559659878883 0.10430839488986696 0.7160559659878883 0.060335249621888055
0 0.7387715176012389 0.10167315101446436 0.7462597457614876 0.14867485421835103 0.730593890128051 0.15260806566272053 0.723105616823456 0.10560634829097029
0 0.6981342022235577 0.11248944352485564 0.688981637446838 0.06653118930487248 0.7119828173394739 0.059312616771531525 0.7211353821161937 0.1052708674495488
0 0.7186790330875554 0.11508693004385011 0.7242185152493991 0.1637641814647168 0.7031197181114783 0.16754790778058265 0.6975802810939812 0.11887065635971593
0 0.6994576087364783 0.11414100554881543 0.701049127522305 0.16408821467237553 0.6780158048550758 0.1652448082147313 0.6764243312135956 0.11529759909117122
0 0.6755432490061021 0.11700398366320654 0.6798746684599205 0.16594063449813573 0.6566280387562408 0.1691831200899852 0.652296574158076 0.120246469255056
0 0.6481262748763406 0.11895270245763695 0.6400532468536196 0.07503700787642541 0.664267726198456 0.06802221526674573 0.6723407993655233 0.11193790984795729
0 0.6706113646016318 0.11683461393818549 0.6638165536011464 0.06707763671875 0.690632656481139 0.06130678961425328 0.6974274674816244 0.11106375974975699
0 0.9107515233508229 0.0 0.9107515233508229 0.019429994050064014 0.8757225804074982 0.019429994050064014 0.8757225804074982 0.0
0 0.8781665147408931 0.0 0.8781665147408931 0.025565782297288474 0.823586548573872 0.025565782297288474 0.823586548573872 0.0
0 0.8121818226470044 0.0 0.8121818226470044 0.01431683865319609 0.7852991770005086 0.01431683865319609 0.7852991770005086 0.0
0 0.6639199341542622 0.0 0.6639199341542622 0.027611044456035645 0.6394811325524685 0.027611044456035645 0.6394811325524685 0.0
0 0.6394811325524685 0.0 0.6394811325524685 0.03272420162388652 0.6085253834019045 0.03272420162388652 0.6085253834019045 0.0
0 0.8616736598268768 0.541273763474205 0.8645181148009893 0.580552805100975 0.8399858644022744 0.583352488284877 0.837141409428162 0.5440733899866528
0 0.4826350917477579 0.43257893426836697 0.4887847900390625 0.4827587867956418 0.4597690740280603 0.48836257353687906 0.45361937573675576 0.4381827210096042
0 0.10345745650974252 0.986839188174617 0.10345745650974252 0.999110824882486 0.00977550808494613 0.999110824882486 0.00977550808494613 0.986839188174617
0 0.2924506057648969 0.0 0.2924506057648969 0.029656308385765762 0.26882647903713247 0.029656308385765762 0.26882647903713247 0.0
0 0.31933327398356603 0.0 0.31933327398356603 0.02454315121791489 0.29978225075986964 0.02454315121791489 0.29978225075986964 0.0
1 0.7654985055415588 0.005120605036630161 0.8004938610912075 0.007495254969973197 0.799142239361825 0.038883187976720274 0.7641469741008691 0.036508540699851655
1 0.7064481656226886 0.02045271722055079 0.7187873343744221 -0.01052702546894495 0.7590394330447947 0.014737883650160766 0.7467003094374075 0.04571762722514798
1 0.6653515516653569 0.03685311022575187 0.6883149908844536 0.004823164908888169 0.7061853803826507 0.02501323030519618 0.683221941163554 0.05704317296558547
1 0.7163913884811853 0.040604473599263 0.7062085845766688 0.05338736120594134 0.6948277851533607 0.03910060801103144 0.7050105890578772 0.0263177168623872
1 0.9622896634615384 0.3299762297252205 0.9272723677595691 0.36359169622649723 0.903860690325675 0.3251592977908107 0.9388780763163369 0.291543831289534
1 0.8540749634511372 0.28879696590101267 0.8902028100730399 0.255148063241716 0.9180338481474205 0.30223736634604226 0.881905911236825 0.3358862690053389
1 0.8152246418789294 0.34889763820580894 0.8384654931062777 0.29054754712344766 0.8851866411739553 0.319873126215036 0.8619457899466069 0.3782232172973973
1 0.7376108113125232 0.3596446994508763 0.7363409459943602 0.2910983369875087 0.7820484229093473 0.2897639509252408 0.7833182430831638 0.3583103417243355
1 0.6806582388793223 0.3697011056827414 0.6788225343241494 0.29826886275352543 0.7376747808512851 0.2958854597369719 0.7395105305508044 0.36731773100191506
1 0.6158320861455251 0.35487171622925373 0.6528576280943741 0.3458756895782556 0.6618442873982988 0.4041623369675604 0.6248187003051036 0.41315833528283136
1 0.5762361605491864 0.35548878335908485 0.6310747135320359 0.29429690220229804 0.6575458684616541 0.3316810487483316 0.6027073154788045 0.3928729299051184
1 0.6546276476256241 0.4634897556145543 0.6240113839595276 0.45250869793480153 0.6324197893311991 0.415564548559729 0.663036098141642 0.4265456062394818
1 0.7014146161502635 0.37180392832919856 0.7181863728359607 0.3800752120872505 0.7110005215074889 0.4030370402358258 0.6942287648217917 0.3947657564777739
1 0.9227225399581638 0.10972326733829141 0.92903263611201 0.08948023804050967 0.938337698490662 0.09405106001688356 0.9320276023368158 0.11429408931466531
1 0.6168686906261557 0.22694034275348915 0.629447440423909 0.24197903405546367 0.6253449930947208 0.24738653921483286 0.6127661981526211 0.23234784791285834
1 0.6829636252138036 0.3040666075470056 0.6738761585845044 0.23873045628228007 0.7084109515128051 0.2311609351424675 0.7174984181421042 0.2964971147429202
1 0.6784966824322762 0.2534282546189502 0.6623239460781482 0.2504205305264189 0.6642793282954651 0.23385170995912402 0.6804520646495932 0.23685944821951893
1 0.8355174770016642 0.5210273763927576 0.8600760916986409 0.5300505486703516 0.8565549229729105 0.5451527545047006 0.8319963985646265 0.5361295255556523
1 0.8890349258332563 0.5136689280843779 0.93736646302353 0.48992738573221334 0.9486609464566383 0.5261607333920904 0.900329318977672 0.5499022757442549
1 0.5820984699316984 0.3908157844508037 0.5461218117256842 0.3787723353535573 0.5577834541275657 0.3238748392797557 0.5937601574779262 0.3359182883770021
1 0.5596912993481878 0.3315914228434018 0.5506656804733728 0.4090148302395253 0.506511710804595 0.4009034166539723 0.5155373296794101 0.32348000925784876
1 0.5285700961682923 0.3013214706378395 0.5308958426029724 0.35971361193927 0.49223788109051403 0.3621400569253424 0.48991213465583394 0.30374785895245765
1 0.47709863425711907 0.4492235387378859 0.4466136052058293 0.40457626526955665 0.4874083389191938 0.36068099366367806 0.5178933679704836 0.4053282671320073
1 0.4702001266930936 0.11397578700781975 0.4416711570243158 0.13102985690231111 0.43059923521865756 0.10184201069639696 0.45912815974308896 0.08478794080190562
1 0.46578207523865106 0.16777503280143774 0.5010424732456545 0.1698828283680072 0.49963442108334877 0.2070015258222348 0.46437406822069155 0.20489371608780177
1 0.44284346541004066 0.3040096527354631 0.4572704698912491 0.2709840510659674 0.48378649830112797 0.28923803982960483 0.4693595389642659 0.3222635848276462
1 0.3851502548308062 0.36393642868282844 0.39772900462855953 0.3797270510079358 0.38335323898044565 0.39777348057030526 0.3707744891826923 0.381982886580925
1 0.3500502546863443 0.30106970770224 0.37179831781330897 0.3067182365566243 0.3676265287681444 0.33203022991382314 0.34587851078552606 0.3263817010594388
1 0.33528832429964867 0.04194670157401564 0.33185473560581547 0.07355539645989294 0.31522881773096567 0.07070930643887462 0.3186624064247989 0.03910060801103144
1 0.33562889324842826 0.15129967763009952 0.31978033844535875 0.14433631436517091 0.3258502666766827 0.1225653659887854 0.3416988214797522 0.12952872925371403
1 0.4841526189499353 0.50434477371315 0.46296958246174647 0.4984354711619371 0.4663943680080436 0.4790886300741353 0.48757744964057875 0.4849979326253482
1 0.5344798974031527 0.4887453892104805 0.5532072620278985 0.5651500705446263 0.5026978712815505 0.5846597287205489 0.48397055180115106 0.5082550473864033
1 0.5708379801913831 0.6286486782403378 0.5375541371001294 0.6740645016357648 0.4958739873220229 0.6259277683778726 0.5291577852689303 0.5805118316395369
1 0.5025855070035133 0.6912898468329272 0.5480325461844721 0.7192772712105385 0.5310869837653708 0.7626404545322656 0.48563989944006564 0.7346530301546541
1 0.3929293480145155 0.582971656112175 0.3713992417916744 0.6035641357648561 0.35604036771334135 0.5782583479319 0.3775704739361825 0.5576659249506731
1 0.3653496736605492 0.765994554553302 0.39204993614783656 0.7473735047803505 0.40473603920118345 0.776039229794133 0.37803579928606923 0.7946602795670845
1 0.5510743722407776 0.6828004629831128 0.5530737701957747 0.7041343186005687 0.5380949212249214 0.706346488818042 0.5360955684142705 0.6850126332005861
1 0.5401088105150934 0.7640409761816678 0.5366275945358728 0.7072299967901289 0.5790889220830251 0.703129817073613 0.5825701380622458 0.7599406831222435
1 0.5606290828546828 0.7706674559866817 0.5307349030082747 0.8338712587772749 0.48997768424671784 0.8034924690437848 0.5198718189487795 0.7402887795961003
1 0.5158683731711122 0.8064523057574571 0.5811340061165172 0.793847497569928 0.5920197977822208 0.8826713880788649 0.5267541648368158 0.8952761962663939
1 0.5963276067429041 0.9041300342386258 0.5863434831066244 0.9626195087627669 0.5606132371891179 0.9556981107097261 0.5705974059697438 0.8972085228426764
1 0.6295489700588249 0.8522388738067258 0.6410121579142012 0.825514089430275 0.6583718294222679 0.8372483107372911 0.6469086415668917 0.8639730951137419
1 0.9860880473661705 0.4938270618435179 0.9559532030094304 0.5122305499035226 0.9486040645802515 0.4932665244893222 0.9787388186482988 0.47486303642931754
1 0.9553513385840422 0.7132932756825964 0.9593982583672337 0.76206280239888 0.9456583056929548 0.7638595141850917 0.9416113859097633 0.715089987468808
1 0.9497035099909856 0.6664270030865541 0.9410463592709875 0.6283904830946785 0.948641173232942 0.6256664563022284 0.9572982336642474 0.6637030896370125
1 0.9602555495042068 0.8233969005701601 0.9864576892739922 0.7678903280415796 1.0029096434102256 0.7801288119487001 0.9767074133517474 0.8356354411487349
1 0.9821630173180935 0.8881101475452646 0.9734177448340422 0.8551754185526926 0.991926565678162 0.8474304709261838 1.0006718381622133 0.8803651999187558
1 0.9549724872295673 0.912898241643454 0.9749442557611409 0.8791066402623027 0.9919426370654586 0.8949386610847551 0.9719709588225777 0.9287302057944522
1 0.96833927673701 0.9987383800850163 0.9695731620111409 0.8996039118718082 0.9981305726181121 0.9001641091972783 0.9968965067665958 0.999298520739032
1 0.893415823490662 0.8644936224212222 0.9059945732884153 0.875020685080809 0.8990832447300295 0.8880349445254468 0.8865044949322762 0.8775079385373143
1 0.5900046444503513 0.9887942400040622 0.5833339352579512 1.0036812643265436 0.5750298584706685 0.9978174689531105 0.5817005676630687 0.9829304446306291
1 0.4007066354243713 0.9950444213527159 0.3903402746076415 0.9104583088512651 0.4163564648148576 0.905433761044133 0.42672291592028017 0.990019930217038
1 0.06109692500187801 0.6038036293306058 0.05155969089304907 0.6333356341943768 0.04280031926533174 0.6288778576014101 0.052337556195682325 0.5993457393947307
1 -0.002755361724887374 0.7307301754185527 0.03653835827076929 0.7060667585197598 0.049835921744623125 0.7394527056312384 0.01054220086724095 0.7641161225300314
1 0.04965419317843646 0.759688495150737 0.05111494572204951 0.8073657929288532 0.018334208155524803 0.8089485699751915 0.016873452790390105 0.7612711588541666
1 0.03707742408887874 0.8551754185526926 0.0005989784496070365 0.8399111323591284 0.009164552011433437 0.8076531172020079 0.04564299668080708 0.8229174033955722
1 0.05322188879611224 0.8604090273546309 0.035410404205322266 0.8839453056994255 0.020471111557187414 0.8661291039200325 0.03828259755873821 0.842592825575238
1 0.02644625500109069 0.8710293145564937 0.021417634726981438 0.9036445298898851 -0.0014346826535004836 0.898092200829126 0.0035939368270558013 0.8654769288242804
1 0.03274107261522282 0.9666394417000348 0.043294982797295385 0.9283652983004004 0.07353723401854025 0.9415067284884227 0.06298332101494603 0.9797809852309657
1 0.13212402614616078 0.9777711887766946 0.07232966225528152 0.9755634956041086 0.07307671089849528 0.943678151930275 0.1328710860754611 0.945885845102861
1 0.15422398945283608 0.9507322745292189 0.12239625468056582 0.9550516027594012 0.12079087658041328 0.936410151262912 0.1526186226387701 0.9320907096898212
1 0.13091916868672568 0.9818574273154597 0.13560099855682553 0.9510016339513695 0.15354709512383274 0.9552927964687791 0.14886527653981949 0.9861484764899605
1 0.02416249845154892 0.38530638401665507 0.0247402473314274 0.4208446562898967 0.0040442411010787336 0.4213748744160573 0.0034664922212002546 0.38583663047854283
1 0.07582667311267739 0.1345723611730719 0.0774581841463168 0.21444835326355038 0.03864121578148836 0.2156978029837294 0.03700969910480567 0.13582179672538736
1 0.053148077789848376 0.10010902596051315 0.06053575820471408 0.055593598630545644 0.09447392909484502 0.06446940387523938 0.08708624867997931 0.10898483828913867
1 0.10954679680999214 0.03733532763014486 0.060276099210660135 0.04420770841720709 0.05699279604578865 0.007112780653334594 0.10626349364512065 0.00024040039203293144
1 0.31089990378836907 0.46637557940894847 0.29638507098135863 0.4656163519360782 0.2968917259803185 0.4503517257137883 0.311406558787329 0.45111095318665856