0 0.8787577174437032 0.9234435148955212 0.8243590481065691 1.0394955332536575 0.6903485688266113 0.9597020350027011 0.7447472381637456 0.8436500166445647
0 0.8565484367619645 0.8993477598293204 0.7797476752445546 0.8488550238748351 0.8179858008732933 0.7749751092146705 0.8947865623907031 0.8254678451691557
0 0.7470176216383425 0.8289478440744682 0.7861364280550147 0.7442965878737974 0.8189121194172544 0.7635362400337395 0.7797933130005822 0.8481874962344103
0 0.8447007431265446 0.6739848946003834 0.8642383794254415 0.7711322418720619 0.8133877387532599 0.7841228855424486 0.7938501024543627 0.6869755382707701
0 0.8905015530322319 0.6407032042085127 0.9257348473275966 0.7945794356767097 0.8748232258940543 0.8093872788139647 0.8395899315986897 0.6555110473457676
0 0.8882546731509526 0.610386489856058 0.8933873958672731 0.647988212626091 0.8423497894216031 0.6568378102686162 0.8372170667052826 0.6192360874985833
0 0.8397732069315628 0.6810157505625202 0.767052260515418 0.688466730954677 0.7621182563856852 0.6272966891674702 0.8348392028018299 0.6198457087753134
0 0.7570005261639257 0.726989956958393 0.7310114228490928 0.7904543280726924 0.6770405825143847 0.7623797226207556 0.7030296858292174 0.6989153515064561
0 0.7082549207687364 0.649884971476667 0.7657757229168256 0.675423797499922 0.7499477249569354 0.7207076280432682 0.692426922808846 0.6951688020200131
0 0.6652292458103745 0.7562970106075216 0.7339744686676478 0.7866152362584377 0.7153290667031726 0.840318868531019 0.6465838438458993 0.8100006428801029
0 0.6731943826505585 0.8199344262295083 0.7159063166660963 0.8409951783992288 0.6982100687908552 0.886583092253295 0.6554981347753175 0.8655223400835745
0 0.6070076983089534 0.9282716642639756 0.6324491363521297 0.8694899699428064 0.6840145305121695 0.897839839443706 0.6585730924689933 0.9566215337648752
0 0.7878095705923287 0.741277970011534 0.7515777276062182 0.8336949693904709 0.7196774325596624 0.8178085351787773 0.7559092755457729 0.7253915357998401
0 0.5895615866388308 0.7785098039215685 0.6062630480167015 0.7408627450980392 0.662212943632568 0.7723921568627451 0.6455114822546973 0.8100392156862745
0 0.5730287772729132 0.8442740484429064 0.5946686315444757 0.7863492502883506 0.6499521061034016 0.8125840830449826 0.6283122518318391 0.8705088811995385
0 0.5743159606111553 0.8420544855110185 0.6298643314180845 0.8676661461044594 0.6089690296278504 0.925233385389554 0.5534206588209212 0.8996217247961131
0 0.5923505165676357 0.9617556561085974 0.5388255446710561 0.9453031674208145 0.5486376532305551 0.9047541478129714 0.6021626251271346 0.9212066365007543
0 0.6367905687802909 0.9523633832231118 0.6218020778001508 0.9933890242487527 0.5891815213318347 0.9782503770739066 0.6041700123119749 0.9372247360482655
0 0.5225021687114518 0.9783830244426538 0.5488412884529223 0.8992210582863284 0.6075633216079924 0.9240397528874564 0.5812242018665219 1.003201719043782
0 0.6976294028003722 0.6438192189878759 0.7201222794864836 0.5796966195271374 0.7587512441794536 0.5969089675159118 0.7362583674933423 0.6610315669766504
0 0.6944615006754268 0.6633448673587083 0.7012157681444185 0.6937946943483275 0.6789471529739244 0.700069204152249 0.6721928855049326 0.66961937716263
0 0.6284569362906501 0.7315099355178313 0.6592276041155838 0.6674846690353995 0.6907025729404567 0.6866998289248586 0.6599319051155231 0.7507250954072904
0 0.6125813762072662 0.714534615252076 0.5779701169077835 0.6891788138805609 0.6112311701907777 0.6315062545228987 0.6458424294902603 0.6568620558944137
0 0.5331646028159884 0.7123556271823798 0.5483217509842614 0.6747730325006714 0.6179493045824159 0.7104431909750201 0.602792156414143 0.7480257856567283
0 0.6027835768963118 0.7471372549019607 0.5813500347947111 0.7954509803921569 0.51009046624913 0.7552941176470588 0.5315240083507307 0.7069803921568626
0 0.5693233452044701 0.7038985005767012 0.5580315954870787 0.6923289858929996 0.5632271858478416 0.6858876763375032 0.5745189355652329 0.6974571910212048
0 0.5477858850603223 0.6794641817122888 0.5619793712147834 0.6810638710929917 0.5611112259451415 0.6908483789555426 0.5469177397906805 0.6892486895748399
0 0.5159469731494782 0.7559316782846195 0.5685810268273733 0.7784330031388854 0.5576796484938447 0.8108246708246708 0.5050455948159497 0.7883233459704047
0 0.5578983994432846 0.808549019607843 0.5504523312456506 0.8337254901960784 0.49993041057759213 0.8147450980392157 0.5073764787752261 0.7895686274509803
0 0.5522352427248577 0.8323171604408185 0.540166303480995 0.8697237727207671 0.49177879706810107 0.849892657793044 0.5038477363119638 0.8124860455130957
0 0.5530271398747391 0.8320784313725491 0.5330549756437022 0.899607843137255 0.48274182324286713 0.8807058823529412 0.5027139874739041 0.8131764705882353
0 0.49243019684521827 0.9742202191312458 0.4257319069799937 0.9377076695935972 0.45783129207425194 0.8632237677105189 0.5245295819394765 0.8997363172481676
0 0.5048016701461379 0.9488627450980394 0.5161464433015939 0.9211592539454806 0.5390057199110614 0.9330502152080346 0.5276609467556054 0.9607537063605931
0 0.5757444868380007 0.8471670047329277 0.5592829889856743 0.8935496957403654 0.5337268735152259 0.8820283975659232 0.5501883713675523 0.8356457065584856
0 0.5212247738343772 0.9576470588235294 0.5212247738343772 0.9992156862745099 0.4850382741823243 0.9992156862745099 0.4850382741823243 0.9576470588235294
0 0.4871259568545581 0.9670588235294117 0.4871259568545581 0.9992156862745099 0.4453723034098817 0.9992156862745099 0.4453723034098817 0.9670588235294117
0 0.4536534446764091 0.948470588235294 0.44418928322894907 0.9804705882352941 0.41057759220598455 0.967843137254902 0.4200417536534446 0.9358431372549019
0 0.4453723034098817 0.9694117647058823 0.4453723034098817 0.9992156862745099 0.4022268615170494 0.9992156862745099 0.4022268615170494 0.9694117647058823
0 0.36420264841765715 0.9066256105330219 0.41915316958464915 0.9200891909110215 0.41079992664219733 0.9633963332625469 0.3558494054752053 0.9499327528845473
0 0.40501043841336115 0.9545098039215686 0.40501043841336115 0.9992156862745099 0.34933890048712596 0.9992156862745099 0.34933890048712596 0.9545098039215686
0 0.4073939550900821 0.8886760997893862 0.4231858058634089 0.8145163299813118 0.46353398458925915 0.8254302749844264 0.4477421338159323 0.8995900447925009
0 0.46313324419632035 0.826459572593082 0.4480034090997944 0.9003525005507821 0.37334334169970207 0.8809341264595726 0.38847317679622806 0.8070411985018726
0 0.37464454923618384 0.8744271126981144 0.4326229876317586 0.8991522896698616 0.4201475829348061 0.9363122220134061 0.3621691445392313 0.9115870450416589
0 0.4825003070121578 0.9124798154555941 0.4464693601866635 0.9034555940023069 0.4620573908060093 0.8243967704728952 0.4980883376315036 0.8334209919261824
0 0.3789141642165892 0.767539724540335 0.44175461662007304 0.7795665920347377 0.4349259438516902 0.8248893412036095 0.3720854914482064 0.8128624737092067
0 0.3705492363316562 0.696365150282389 0.46698352566255585 0.7048563312731061 0.4633199912797918 0.7577077712909963 0.3668857019488921 0.7492165903002791
0 0.4604773015678088 0.7601384083044982 0.47189815383355854 0.7086505190311418 0.5192189610708585 0.7219838523644752 0.5077981088051087 0.7734717416378316
0 0.5530418960298165 0.640971078279185 0.5338381537133334 0.7260000852250246 0.4879709249732694 0.7128413414418857 0.5071746672897525 0.6278123344960462
0 0.4611793695882817 0.7038919961427196 0.47641146742416474 0.6309302475088396 0.5075578675975679 0.6391899710703954 0.4923257697616849 0.7121517197042754
0 0.4662491301322199 0.643921568627451 0.4662491301322199 0.7019607843137254 0.4196242171189979 0.7019607843137254 0.4196242171189979 0.643921568627451
0 0.36718959796949036 0.6962297616141891 0.3703419121787264 0.638199983727931 0.47480314278536717 0.6454081848507037 0.47165082857613105 0.7034379627369619
0 0.3630500755601125 0.5755349808562479 0.4914199124573302 0.585512936535561 0.48768596640766226 0.6465344007425456 0.35931612951044456 0.6365564450632325
0 0.3626955901972474 0.5027803661980657 0.6372632692859675 0.5262238453929848 0.6323446742965647 0.5993986510376806 0.3577769952078446 0.5759551718427613
0 0.6174869638992958 0.5938221864088103 0.6563527404269687 0.6240318528700766 0.6378478980461693 0.654273119400863 0.5989821215184964 0.6240634529395968
0 0.6538123186407742 0.6228634850166482 0.7072123527789813 0.6400591934887163 0.6986252806554536 0.6739326674065853 0.6452252465172464 0.6567369589345172
0 0.6230652940753005 0.5867748478701825 0.6402466825042593 0.5383637592968221 0.6778009742519137 0.5552941176470587 0.6606195858229549 0.6037052062204191
0 0.7157967988865692 0.5923137254901959 0.7031315240083507 0.6351372549019607 0.6728601252609603 0.6237647058823529 0.6855254001391787 0.5809411764705881
0 0.6809529657374433 0.5802998846597464 0.6909820295550372 0.5350865051903114 0.7281509681116707 0.5455594002306804 0.7181219042940767 0.5907727797001153
0 0.7255660831861249 0.5552880844645551 0.766018949735025 0.5677224736048267 0.7592259515015258 0.5957948717948718 0.7187730849526258 0.5833604826546004
0 0.714076799441836 0.5513494209479108 0.7289627796176021 0.48214274781898875 0.7745930406956288 0.49461013893848954 0.7597070605198626 0.5638168120674115
0 0.7330587372341028 0.46319024907260203 0.7231093306249884 0.530471648118707 0.6855310425247795 0.5234128245892952 0.6954804491338938 0.4561314255431903
0 0.6770937408841058 0.5546388395042643 0.6204113731611612 0.5351486949576152 0.6311104039387065 0.4956238179897452 0.687792771661651 0.5151139625363944
0 0.6346555323590815 0.45725490196078433 0.6917564746374768 0.4679809220985691 0.6792679945080781 0.5524324324324323 0.6221670522296827 0.5417064122946476
0 0.6931106471816284 0.42274509803921567 0.6931106471816284 0.47215686274509805 0.6151704940848991 0.47215686274509805 0.6151704940848991 0.42274509803921567
0 0.5384859497861858 0.446538992999646 0.6290328529352998 0.46147338609293453 0.6201690167788732 0.5297388285541358 0.5296221136297592 0.5148044354608472
0 0.5095147684002561 0.4917248106621072 0.5139900412051844 0.44935608676114375 0.5406362939373182 0.4529313122677802 0.5361610211323898 0.49530003616874363
0 0.4460957578012499 0.4334148708988546 0.5160985827183973 0.44130460104834013 0.5130256240655382 0.4759386526887984 0.4430227991483909 0.4680489225393129
0 0.5184411969380655 0.4980392156862745 0.5365344467640919 0.4980392156862745 0.5365344467640919 0.5137254901960784 0.5184411969380655 0.5137254901960784
0 0.494686409640157 0.5478563352646422 0.41418376697520526 0.49866471336122514 0.4449509727920504 0.434705926346307 0.5254536154570021 0.483897548249724
0 0.4453723034098817 0.43607843137254904 0.4453723034098817 0.48470588235294115 0.35977731384829503 0.48470588235294115 0.35977731384829503 0.43607843137254904
0 0.37892048407317264 0.4296105220261493 0.3922649199070521 0.3125136582744384 0.49754264692993794 0.3277536461301421 0.4841982110960585 0.44485050988185293
0 0.666750173973556 0.3692862745098039 0.7077661795407098 0.36268235294117646 0.7142519137091161 0.41385098039215673 0.6732359081419623 0.42045490196078417
0 0.7592781897151633 0.4125436105476674 0.7123989153648647 0.41694658553076414 0.7085307033330934 0.36463015551048006 0.7554099776833922 0.3602271805273834
0 0.9206025625281429 0.4208442906574394 0.946047730156781 0.5498961937716264 0.8722911293953908 0.5683690888119957 0.8468459617667526 0.43931718569780864
0 0.8152196160301282 0.39833910034602066 0.8892300135085347 0.37748558246828134 0.9009783454091448 0.4304498269896193 0.826967947930738 0.4513033448673587
0 0.9759688330652431 0.3444230151076824 0.9822375851329614 0.4221407907425264 0.9211243825364772 0.42840244294439084 0.9148556304687588 0.3506846673095468
0 0.8975828363815084 0.4402882970431333 0.8237770925417168 0.4421788291981739 0.8223332108243346 0.3705758854910059 0.8961389546641262 0.36868535333596525
0 0.7630121925609318 0.5543501566306996 0.8209534162641599 0.5495718760877132 0.8254969055354476 0.6195558649495302 0.7675556818322196 0.6243341454925166
0 0.9709641403942907 0.34948010992019635 0.9000609042402284 0.35473748609942174 0.8971560466922115 0.3049735170744734 0.9680592828462736 0.299716140895248
0 0.8161185073639299 0.3077531340405014 0.8801179597750324 0.30119575699132106 0.884641272231539 0.3572741883638702 0.8206418198204365 0.3638315654130505
0 0.7585489443920925 0.38308204559036974 0.7520237997844647 0.29237997666410537 0.8145628743966478 0.2866649591621845 0.8210880190042755 0.3773670280884488
0 0.7528316429399062 0.2699036387171005 0.8066996408232989 0.2607967783690493 0.8105483272166103 0.28971475142624287 0.7566803293332176 0.29882161177429406
0 0.7323751405171031 0.34675716440422333 0.6827257641453883 0.357948717948718 0.6763288903163642 0.32190045248868776 0.7259782666880789 0.31070889894419307
0 0.7427187788767581 0.26757312761170043 0.7464092998847781 0.3133269045323047 0.6644021584129048 0.32172934747669557 0.660711637404885 0.2759755705560913
0 0.6735296234972284 0.4193373901284652 0.6126978836203198 0.42082784554539815 0.6109566688329128 0.3305550770142729 0.6717884087098214 0.3290646215973399
0 0.6096033402922756 0.2917647058823529 0.6096033402922756 0.33725490196078434 0.5671537926235213 0.33725490196078434 0.5671537926235213 0.2917647058823529
0 0.6102992345163535 0.37098039215686274 0.6102992345163535 0.44 0.5685455810716771 0.44 0.5685455810716771 0.37098039215686274
0 0.592901878914405 0.3349019607843137 0.592901878914405 0.37176470588235294 0.5615866388308977 0.37176470588235294 0.5615866388308977 0.3349019607843137
0 0.5119681189902434 0.3815670939545388 0.5663017984153007 0.38387793368324935 0.5655828973789798 0.4053493932233398 0.5112492179539225 0.4030385534946293
0 0.5109469514479952 0.44090497737556567 0.5145822902792078 0.3548629225445834 0.570491565824981 0.3578635436074882 0.5668562269937684 0.44390559843847044
0 0.8082925752226171 0.22761561961895235 0.8787072138406068 0.2181998555796256 0.8837150894707065 0.2657721490862634 0.8133004508527168 0.27518791312559016
0 0.8150825113559595 0.27019827565618204 0.8843566199374967 0.26653846337560594 0.8858828405707181 0.3032347925772014 0.8166087319891809 0.3068946048577775
0 0.920353040091849 0.24383868373847967 0.9263987583666461 0.3006210181233377 0.8950066845360007 0.30486670377930347 0.8889609662612038 0.24808436939444548
0 0.9638135003479471 0.2698039215686274 0.9638135003479471 0.3003921568627451 0.9241475295755045 0.3003921568627451 0.9241475295755045 0.2698039215686274
0 0.9199469734898938 0.2339135835329607 0.953109009783454 0.23213379469434836 0.9545921146682537 0.26723627007364026 0.9214300783746935 0.2690160589122526
0 0.9993041057759221 0.2776470588235294 0.9993041057759221 0.3458823529411765 0.977731384829506 0.3458823529411765 0.977731384829506 0.2776470588235294
0 0.9993041057759221 0.21019607843137256 0.9993041057759221 0.2752941176470588 0.9707724425887265 0.2752941176470588 0.9707724425887265 0.21019607843137256
0 0.9993041057759221 0.13411764705882354 0.9993041057759221 0.21019607843137256 0.9672929714683368 0.21019607843137256 0.9672929714683368 0.13411764705882354
0 0.8874898797483949 0.245621423666743 0.8844978053608223 0.19166552224002442 0.9593186193675214 0.18639505607690546 0.9623106937550939 0.24035095750362406
0 0.9363718580741562 0.19065728788230143 0.8848738565982386 0.1921455257530082 0.8840613703720976 0.1564324547164464 0.9355593718480153 0.15494421684573964
0 0.958587094761596 0.1492738336713996 0.9605643942120795 0.18715889114266393 0.9362104960046072 0.18877349560513856 0.9342331965541236 0.15088843813387423
0 0.8895488252547789 0.1240831507388055 0.9587587958836559 0.12011686049778073 0.9602608506658848 0.1534106410472498 0.8910508800370078 0.15737693128827457
0 0.9993041057759221 0.10196078431372549 0.9993041057759221 0.12862745098039216 0.9679888656924147 0.12862745098039216 0.9679888656924147 0.10196078431372549
0 0.9993041057759221 0.07764705882352942 0.9993041057759221 0.12941176470588237 0.9659011830201809 0.12941176470588237 0.9659011830201809 0.07764705882352942
0 0.9561586638830898 0.0596078431372549 0.9561586638830898 0.11450980392156863 0.9025748086290883 0.11450980392156863 0.9025748086290883 0.0596078431372549
0 0.9568545581071677 0.0 0.9568545581071677 0.0611764705882353 0.9130132219902575 0.0611764705882353 0.9130132219902575 0.0
0 0.9613969304414631 0.07009368801499011 0.96015344731975 1.9756803161089585e-05 0.9942525425459603 -0.0007488769198203094 0.9954960256676734 0.0693250542920087
0 0.8704743518111836 0.11332465473648888 0.8746560826678809 0.05865319748436409 0.907002741071702 0.06179600668830532 0.9028210102150046 0.11646746394043012
0 0.9116214335421016 0.0 0.9116214335421016 0.0611764705882353 0.872651356993737 0.0611764705882353 0.872651356993737 0.0
0 0.8705636743215032 0.0 0.8705636743215032 0.12705882352941175 0.7627000695894224 0.12705882352941175 0.7627000695894224 0.0
0 0.7621995564126592 0.04528494239983689 0.7652146960317145 0.12684269548373941 0.7202336371388013 0.12895504128861252 0.7172184975197461 0.04739728820470997
0 0.6757494122391426 0.13178377264177682 0.674298641954649 0.06801473808971684 0.7190740857586757 0.06672077503800469 0.7205248560431692 0.13048980959006468
0 0.6771050800278358 0.01803921568627451 0.7244258872651357 0.01803921568627451 0.7244258872651357 0.06980392156862746 0.6771050800278358 0.06980392156862746
0 0.7821851078636047 0.0 0.7821851078636047 0.03215686274509804 0.7258176757132916 0.03215686274509804 0.7258176757132916 0.0
0 0.7265135699373695 0.0 0.7265135699373695 0.0196078431372549 0.6764091858037579 0.0196078431372549 0.6764091858037579 0.0
0 0.6764091858037579 0.0 0.6764091858037579 0.13176470588235295 0.6242171189979123 0.13176470588235295 0.6242171189979123 0.0
0 0.6274399078225357 0.0031822565091610445 0.6236581219982432 0.050067502410800394 0.5868270645812657 0.0462937962070074 0.5906088504055581 -0.0005914496946319465
0 0.5380772147571223 0.05149870421984253 0.5404703273132407 -0.0024448682216028513 0.590067975503135 0.00035010512933353663 0.5876748629470164 0.054293677570778916
0 0.5612623258623181 0.07159304476507584 0.6230196557293103 0.06856677765445801 0.6256811228844159 0.13755826859045506 0.5639237930174236 0.1405845357010729
0 0.5894224077940153 0.06431372549019608 0.5894224077940153 0.1223529411764706 0.5560194850382741 0.1223529411764706 0.5560194850382741 0.06431372549019608
0 0.5614679274632608 0.05271972318339099 0.555773875312129 0.13614763552479814 0.5155430021695524 0.13265974625144175 0.5212370543206843 0.04923183391003459
0 0.47830415930624703 0.04267873303167422 0.5222418500080296 0.048868778280543 0.5163213960708742 0.10225037707390651 0.47238370536909163 0.09606033182503773
0 0.4906054279749478 0.0 0.5434933890048712 0.0 0.5434933890048712 0.04156862745098039 0.4906054279749478 0.04156862745098039
0 0.4732080723729993 0.0 0.4732080723729993 0.03529411764705882 0.4349338900487126 0.03529411764705882 0.4349338900487126 0.0
0 0.49478079331941544 0.0 0.49478079331941544 0.03686274509803922 0.4718162839248434 0.03686274509803922 0.4718162839248434 0.0
0 0.43157722379139535 0.03506343713956169 0.46329362642760646 0.037813148788927324 0.459081419624217 0.09952941176470587 0.4273650169880059 0.09677970011534023
0 0.4258644489316313 0.10145933783349405 0.3738492077073137 0.09612986178077788 0.3774541679500781 0.05143683702989392 0.42946940917439563 0.0567663130826101
0 0.43266383509706513 0.036976335361730894 0.43061454658891835 0.06469235970250167 0.4090754205360784 0.06266937119675454 0.41112470904422516 0.034953346855983766
0 0.4349338900487126 0.0 0.4349338900487126 0.034509803921568626 0.3980514961725818 0.034509803921568626 0.3980514961725818 0.0
0 0.37218926578670547 0.1015762884586197 0.4250218220424303 0.10501159992194445 0.4230888110315009 0.1427742965966335 0.3702562547757761 0.13933898513330875
0 0.37071510014515996 0.13828424685017254 0.4185466728566127 0.14227750581815266 0.416566269921515 0.172409918947115 0.3687346972100623 0.16841665997913488
0 0.4175365344467641 0.17019607843137255 0.4175365344467641 0.20470588235294118 0.36673625608907445 0.20470588235294118 0.36673625608907445 0.17019607843137255
0 0.41614474599860823 0.2054901960784314 0.41614474599860823 0.2407843137254902 0.36464857341684065 0.2407843137254902 0.36464857341684065 0.2054901960784314
0 0.41684064022268613 0.2384313725490196 0.41684064022268613 0.3137254901960784 0.360473208072373 0.3137254901960784 0.360473208072373 0.2384313725490196
0 0.48120034562377667 0.19808722217026709 0.4866081849994412 0.2742741357274229 0.418401700238861 0.28042395336512976 0.41299386086319645 0.204237039807974
0 0.4761761692754983 0.2046792102745484 0.41990442686817064 0.20749794644323963 0.4177327155685839 0.15242590284018978 0.47400445797591145 0.14960716667149854
0 0.4210160055671538 0.10666666666666667 0.47390396659707723 0.10666666666666667 0.47390396659707723 0.15137254901960784 0.4210160055671538 0.15137254901960784
0 0.5626470097210307 0.17818732243491223 0.566327314922716 0.29847701550929157 0.5184874796893105 0.3003362675236365 0.5148071744876251 0.18004657444925715
0 0.5629784272790536 0.1419607843137255 0.5629784272790536 0.1803921568627451 0.5156576200417536 0.1803921568627451 0.5156576200417536 0.1419607843137255
0 0.6040361864996521 0.1419607843137255 0.6040361864996521 0.19294117647058823 0.5636743215031316 0.19294117647058823 0.5636743215031316 0.1419607843137255
0 0.6325678496868476 0.1419607843137255 0.6325678496868476 0.18980392156862744 0.6033402922755741 0.18980392156862744 0.6033402922755741 0.1419607843137255
0 0.6821322073072041 0.20996362345843306 0.6328355013114928 0.21260935143288076 0.6298881845977509 0.1428515659657528 0.6791848905934623 0.1402058379913051
0 0.7443846889387524 0.2702870275292161 0.6829516327483308 0.27374896093100576 0.6790331061698571 0.18542076182093783 0.7404661623602786 0.18195882841914818
0 0.7091350222874232 0.13816640169581346 0.7155861498241456 0.18179120296767354 0.6831988564765182 0.18787493375728667 0.6767477289397958 0.1442501324854266
0 0.7128822301363132 0.1830219146482122 0.7097507061279625 0.13713956170703573 0.7354005485283882 0.13491580161476355 0.7385320725367389 0.18079815455593998
0 0.7608188991682238 0.19445895066255925 0.7581689478461117 0.13472593027235827 0.8034975192498918 0.1321715319544276 0.8061474705720039 0.19190455234462858
0 0.8057448773925517 0.19297862664847656 0.8096221379807296 0.2519722868683626 0.7460774066025456 0.25727737206751733 0.7422001460143678 0.19828371184763124
0 0.7555563255629958 0.13725815637458302 0.7938882584452973 0.12573753152713363 0.8004718220589808 0.15356276950614264 0.7621398891766791 0.16508339435359207
0 0.8052132015020014 0.22923857868020311 0.7990278675610852 0.1316412859560068 0.8759789324205464 0.12544640191101825 0.8821642663614625 0.22304369463521456
0 0.5995817417083631 0.22852136187232022 0.6011299108810308 0.2878472045689494 0.5662016745969737 0.2890050333011337 0.5646535054243059 0.22967919060450454
0 0.5120969544273348 0.17043456156770315 0.5221798343222249 0.28691554877696523 0.48757867766975094 0.2907201867193549 0.4774957977748609 0.1742391995100928
0 0.5170494084899095 0.1396078431372549 0.5170494084899095 0.17647058823529413 0.4919972164231037 0.17647058823529413 0.4919972164231037 0.1396078431372549
0 0.49269311064718163 0.14431372549019608 0.49269311064718163 0.17490196078431372 0.4725121781489214 0.17490196078431372 0.4725121781489214 0.14431372549019608
0 0.32319793474636255 -0.0010546801431351638 0.3699672996556178 0.005074601879172161 0.3641910805224629 0.061061795048862666 0.3174217156132076 0.054932513026555344
0 0.31169860201051425 0.05481654047757718 0.3645452227895023 0.060772665501844306 0.3608935006235488 0.1019297223840031 0.3080468798445607 0.09597359735973597
0 0.35541464495039193 0.10273277090797026 0.3431237037432 0.16368427135097652 0.2969841393538437 0.15186563426942482 0.30927508056103564 0.09091413382641857
0 0.2818397867675057 0.18299075101738807 0.2892766639093499 0.1382878283388827 0.34015834876117695 0.14904032556418795 0.33272147161933274 0.1937432482426933
0 0.30470289154655167 0.13614229204018324 0.14125198339953923 0.10755661800278891 0.15885396624357506 -0.020291300264663196 0.3223048743905875 0.008294373772731142
0 0.2824996520528879 0.13354039215686275 0.14140570633263744 0.10462745098039214 0.14926652748782185 0.05589960784313725 0.29036047320807234 0.08481254901960784
0 0.20794170290482658 7.192396609298714e-05 0.1996744509219392 0.08259994056703082 0.14904810143145428 0.0761578096432511 0.15731535341434166 -0.006370206957686749
0 0.1550118302018093 0.018716862745098036 0.14110508002783576 0.10492235294117645 0.10558663883089767 0.09764392156862743 0.11949338900487123 0.011438431372549017
0 0.1634278716272681 0.15583834232382907 0.10372683264807504 0.14295367754088534 0.11019773728017794 0.10486754002911207 0.169898776259371 0.11775220481205581
0 0.33197125722283466 0.22435426305353598 0.2945337117746866 0.22033575677461997 0.29588171361997917 0.2043833443489755 0.3333192590681272 0.20840185062789152
0 0.2781489213639527 0.18737254901960781 0.350536363755728 0.1909197188309286 0.3472183926156432 0.276929337772845 0.27483095022386783 0.27338216796152426
0 0.3517539783605995 0.3257474180371568 0.27813024848499796 0.32347404065695284 0.27932760933257705 0.2742174327071913 0.3529513392081786 0.27649081008739523
0 0.35142658315935976 0.3168627450980392 0.35142658315935976 0.3631372549019608 0.3187195546276966 0.3631372549019608 0.3187195546276966 0.3168627450980392
0 0.28175897552665297 0.36265234083120773 0.2827159443906445 0.3205884929530289 0.32021604726594044 0.3216722063332561 0.3192590784019489 0.36373605421143496
0 0.3521224773834377 0.36627450980392157 0.3521224773834377 0.41333333333333333 0.3082811412665275 0.41333333333333333 0.3082811412665275 0.36627450980392157
0 0.3117606123869172 0.3843137254901961 0.3117606123869172 0.4188235294117647 0.2602644398051496 0.4188235294117647 0.2602644398051496 0.3843137254901961
0 0.35142658315935976 0.41333333333333333 0.35142658315935976 0.4674509803921569 0.31315240083507306 0.4674509803921569 0.31315240083507306 0.41333333333333333
0 0.31438044946579885 0.4713264129181084 0.2633121630107118 0.4732449783464994 0.26172574043995034 0.4196052316598115 0.3127940268950373 0.4176866662314204
0 0.35142658315935976 0.47215686274509805 0.35142658315935976 0.52 0.26235212247738343 0.52 0.26235212247738343 0.47215686274509805
0 0.2757920464382097 0.5152772835963654 0.3545034540115757 0.5180495456719273 0.3532800380195869 0.5621731229076996 0.274568630446221 0.5594008608321377
0 0.29110861302928115 0.5629924585218704 0.35273700551362347 0.5591336349924587 0.35466195599807293 0.5981852187028659 0.2930335635137306 0.6020440422322776
0 0.30400648910282835 0.6776510553265893 0.3015260916009556 0.5993755463969027 0.35409846238403614 0.5972593980267267 0.35657885988590887 0.6755349069564133
0 0.2804453723034099 0.5647058823529412 0.2804453723034099 0.6180392156862745 0.25052192066805845 0.6180392156862745 0.25052192066805845 0.5647058823529412
0 0.2929714683368128 0.6172549019607844 0.2929714683368128 0.6666666666666666 0.2477383437717467 0.6666666666666666 0.2477383437717467 0.6172549019607844
0 0.36036235766499775 0.6983446121811555 0.3568520947647816 0.757688703800104 0.31657644675177515 0.7546625021690091 0.32008670965199126 0.6953184105500606
0 0.24034742190885097 0.6692371439141696 0.2901156760021533 0.6716759156492786 0.2888433712792637 0.7046570477247502 0.23907511718596133 0.7022182759896411
0 0.34435335300067127 0.7783110584284092 0.22692441046190195 0.7318479972341583 0.24943772798423808 0.659571017928582 0.3668666705230074 0.706034079122833
0 0.28282943018927537 0.7455703932604938 0.3599444329114883 0.7531280579774123 0.35535649237976247 0.8125931648456757 0.2782414896575495 0.805035500128757
0 0.27496719459141167 0.7255187314010844 0.2736079583678748 0.7730088459500224 0.23227893060878443 0.7715062573886103 0.23363816683232128 0.7240161428396723
0 0.35113146872837925 0.857211743613457 0.28293383476874107 0.8509372338095355 0.2861515897742417 0.8065113939659438 0.3543492237338799 0.8127859037698654
0 0.28096025357902815 0.8613260795647738 0.22422275051186435 0.851488155956024 0.2318494294069613 0.7956160036268841 0.28858693247412515 0.8054539272356339
0 0.25810550516458014 0.18264337817038076 0.26335915029652696 0.13231345780633072 0.2835875841070109 0.13499565013718798 0.27833393897506414 0.18532557050123802
0 0.21814573628805203 0.23894898168775983 0.2683303080719805 0.23248487146671734 0.2725897863363609 0.2744908438798566 0.22240521455243242 0.2809549541008991
0 0.22586585300572776 0.2409773755656109 0.22930464107917137 0.31074027149321265 0.18062630480167013 0.31378823529411765 0.17718751672822655 0.24402533936651588
0 0.11773144780635877 0.2497758850146393 0.17900162795164634 0.24830662762842687 0.17992329419321926 0.29712891491438204 0.11865311404793168 0.2985981723005945
0 0.26599632429589665 0.2296113566457705 0.28706369608870697 0.3576233888714241 0.2344156774621059 0.36862952210120137 0.21334830566929555 0.24061748987554782
0 0.23163845491487794 0.3736640090139741 0.17979194457882755 0.3722031573403877 0.18041785818449413 0.34398549925904154 0.23226436852054455 0.34544635093262793
0 0.2616562282533055 0.3749019607843137 0.2616562282533055 0.4329411764705882 0.23382045929018788 0.4329411764705882 0.23382045929018788 0.3749019607843137
0 0.2619066905844226 0.46020494577279664 0.20934740317116965 0.4563205255342704 0.21087140593537995 0.4301265039063524 0.2634306933486329 0.43401092414487863
0 0.2574665937843693 0.4526764396610378 0.2639206285439565 0.5132937465206902 0.22075652702681933 0.5191315642976433 0.21430249226723214 0.4585142574379909
0 0.2609603340292276 0.45725490196078433 0.2609603340292276 0.5513725490196079 0.19485038274182323 0.5513725490196079 0.19485038274182323 0.45725490196078433
0 0.24843423799582465 0.5607843137254902 0.24843423799582465 0.6305882352941177 0.20946416144746 0.6305882352941177 0.20946416144746 0.5607843137254902
0 0.21549262991599624 0.5617053465808725 0.20727669774751542 0.683240731408444 0.1557021437169361 0.6788119652225576 0.16391807588541693 0.5572765803949861
0 0.24565066109951286 0.6305882352941177 0.24565066109951286 0.6815686274509803 0.21085594989561587 0.6815686274509803 0.21085594989561587 0.6305882352941177
0 0.16682305215307636 0.20532874782068727 0.1823285247974829 0.14336987413723096 0.21244353805846355 0.15294308710085736 0.19693806541405703 0.21490196078431364
0 0.20368823938761305 0.236156862745098 0.16590118302018092 0.25035294117647056 0.15316631871955463 0.2072941176470588 0.19095337508698676 0.19309803921568627
0 0.08117107511439424 0.19285413885790556 0.14843897535470163 0.20503867322496294 0.140661270403902 0.2595822438394071 0.07339337016359461 0.24739770947234974
0 0.09841875133245645 0.25115266916014956 0.09337452383538282 0.28810608636518187 0.06701903853966801 0.28353621217273034 0.07206326603674162 0.24658279496769803
0 0.10786360473208072 0.28784313725490196 0.10786360473208072 0.3349019607843137 0.06332637439109255 0.3349019607843137 0.06332637439109255 0.28784313725490196
0 0.10956846050842813 0.29542547581379736 0.14689833648952838 0.301736420729661 0.141589803533237 0.34162328011889354 0.10425992755213674 0.33531233520302983
0 0.1838959892730451 0.3036288857006217 0.17355941409100933 0.35799521759923475 0.13477943547702698 0.3486293639406982 0.14511601065906274 0.2942630320420851
0 0.15657620041753653 0.3388235294117647 0.15657620041753653 0.38509803921568625 0.10786360473208072 0.38509803921568625 0.10786360473208072 0.3388235294117647
0 0.10621745494684806 0.38461663286004055 0.058531903150721085 0.38013793103448273 0.06188659323782784 0.3347667342799188 0.10957214503395483 0.33924543610547664
0 0.0502271121956442 0.43527204502814254 0.05418835624039556 0.38392966192105366 0.13502698058938195 0.39185226060405404 0.13106573654463058 0.4431946437111429
0 0.17837536501320211 0.38908681187537925 0.17282075198694244 0.4566988685987825 0.13075760189313518 0.45230927188964665 0.13631221491939483 0.38469721516624333
0 0.03428505595283878 0.007799224957971634 0.02702306295875728 0.06549688461875977 0.0 0.0611764705882353 0.0072619929940814995 0.003478810927447151
0 0.10566232037470608 0.01578255960663341 0.08807551437728339 0.08317520440793505 0.029009580385823498 0.06359556384694792 0.04659638638324619 -0.0037970809543537206
0 0.013152792468118818 0.09885346042359804 0.02325448247510494 0.06596288329430883 0.0835858731943448 0.08950031355315563 0.07348418318735866 0.12239089068244485
0 0.006139582698346846 0.08444022982728248 0.08382813346414487 0.11138048304582968 0.06562731377184183 0.17805186552159927 -0.012061236993956186 0.1511116123030521
0 -0.018418377489849123 0.27836655026093576 0.00501717273444041 0.17931688495710785 0.037432003665466076 0.18905913046057157 0.01399645344117654 0.28810879576439946
0 0.06833014216358231 0.2029826830065394 0.05486122126939222 0.2510535172972869 0.02746537433536663 0.2413029689414828 0.040934295229556716 0.19323213465073527
0 0.05073468782202637 0.2920225136224473 0.0451226378365801 0.3413583793163812 0.0005275327129005589 0.33491462258731625 0.006139582698346839 0.28557875689338236
0 0.013905447608838993 0.360830472564446 0.017272678496042967 0.3380600748545809 0.04766875434933892 0.343769770603554 0.044301523462134944 0.3665401683134192
0 0.035398215611736554 0.4072319006212563 -0.0005189065515515616 0.4009067914760357 0.0038947627705339764 0.3690702071844363 0.03981188493382209 0.37539531632965684
0 -0.007714669313784077 0.4752216954872566 0.0005275327129005738 0.4234661745557598 0.03234034547484732 0.4299016673344346 0.024098143448162666 0.48165718826593135
0 0.039224775659252156 0.4287597952337425 0.09531073781177275 0.4366613147455616 0.09101104446298577 0.4754293871169556 0.03492508231046517 0.46752786760513654
0 0.09040788718557317 0.4470997985178349 0.14360623703812123 0.45361693544541204 0.13858396441221404 0.5056925934436275 0.08538561455966599 0.49917545651605033
0 0.13723707629623913 0.49987349381510393 0.17652142868307477 0.5061986029603245 0.17001145269278445 0.5575584980085785 0.1307271003059488 0.5512333888633578
0 0.0434395045177147 0.47182039504634515 0.09144274791911321 0.48165718826593146 0.08077538473980432 0.5477824323146357 0.03277214133840583 0.5379456390950494
0 0.136426265506242 0.5099868261462136 0.13081421668219453 0.5593226679047919 0.08358587319434475 0.5524984202665442 0.08919792201839223 0.5031625785079658
0 0.03307742315941414 0.5196078431372549 0.056040493661787386 0.5273720713803356 0.05103598258191708 0.5461733111213236 0.02807291207954384 0.5384090828782431
0 0.10614757748718806 0.6137738115934986 0.11071288600940278 0.5597474195311783 0.16103217032690711 0.5651486385569852 0.1564668618046924 0.6191750306193055
0 0.08715027942145918 0.5519342897386528 0.11164612793308543 0.556293466605392 0.10503000818876625 0.6035198317830978 0.08053415967714002 0.5991606549163585
0 0.017445253054645685 0.5976302911686755 0.024098143448162666 0.543643248314951 0.08383652946782995 0.5529944512194255 0.07718363907431297 0.6069814940731499
0 0.05248819516086067 0.6016335343830598 0.1026668455672082 0.6068943876378677 0.1000404723578727 0.6387152829659255 0.04986182195152518 0.6334544297111174
0 0.012874043145441893 0.6030992934283088 0.04991357494080822 0.6030992934283088 0.04991357494080822 0.6334598556219363 0.012874043145441893 0.6334598556219363
0 0.04317911316640026 0.6802656345741421 0.008063529412497775 0.6761714497687752 0.011648620497644828 0.6371120278790112 0.046764204251547314 0.6412062126843782
0 0.04654634670823004 0.635989870557598 0.09793831494362243 0.6399391115289678 0.09480997084243976 0.6916508693321078 0.04341800260704736 0.6877016283607381
0 0.0985330863251979 0.6652705347410205 0.10378925320831703 0.6119544653799021 0.15614558219259442 0.6185109851639288 0.1508894153094753 0.6718270545250472
0 0.1494391069767171 0.7284053453087442 0.10790993930766374 0.7246102989698963 0.1116461279330854 0.672675541896446 0.1531752956021388 0.676470588235294
0 0.048791161990447765 0.7536369293811275 0.048791161990447765 0.6903858379289216 0.10940130203236452 0.6903858379289216 0.10940130203236452 0.7536369293811275
0 0.04797582908689895 0.735556645077725 -0.007025575343702346 0.7189252796484071 0.0040533668237336075 0.6723841055509593 0.0590547712543349 0.6890154709802772
0 0.15654252914396855 0.7308665556066175 0.15883772834508633 0.679129967488772 0.20143893035485164 0.6815306659773284 0.1991437311537339 0.7332672540951739
0 0.15654252914396857 0.8067678653492647 0.15792895694362907 0.7348880960044475 0.20031651209523965 0.735926633348652 0.19893008429557918 0.8078064026934693
0 0.233482007847954 0.7170682889044622 0.2323041072377539 0.7967214826183208 0.20026819881421337 0.7961197055095798 0.20144609942441347 0.7164665117957213
0 0.07460659613771908 0.7536369293811274 0.11572695348348842 0.7589334963933801 0.11164612793308538 0.7991777248008577 0.07052577058731606 0.7938811577886049
0 0.04059002426796665 0.7641077887379862 0.04176112750252354 0.8274631552716207 0.0028210459113638792 0.8283774828020171 0.001649942676806995 0.7650221162683823
0 0.1473853149428716 0.8452584690926439 0.1069785549149271 0.8401983913506097 0.11276853557419428 0.7814674287683824 0.1531752956021388 0.7865275065104167
0 0.11389094321530319 0.7283364928002451 0.1617087642875802 0.7406550380690751 0.15317529560213874 0.7827324601715687 0.10535747452986176 0.7704139149027388
0 0.3273191298943128 0.9159932584332576 0.31385019572699374 0.9817744126918362 0.27327316804486346 0.9712207031250002 0.2867421022121825 0.9054395488664215
0 0.06450490613073297 0.7852624751072304 0.01335969249049814 0.7673289050614378 0.021694119871804474 0.7371358417788209 0.0728393335120393 0.7550694118246135
0 0.08684405766448977 0.9118647217575477 0.10592503003735315 0.8422884732894105 0.14195119795404385 0.854838675704657 0.12287022558118045 0.9244149241727943
0 0.12735986676411903 0.9244149241727939 0.1423324585299244 0.8217588224639377 0.20480616389668146 0.8333333333333334 0.1898335721308761 0.9359894350421896
0 0.2562504342394521 0.8361089373505042 0.24052391590343583 0.9537365222355325 0.18936282144999503 0.9450477902998882 0.20508933978601132 0.8274202054148597
0 0.23623364155874865 0.9471852979473038 0.24993689253347495 0.8828337403707036 0.28674210221218244 0.8927893305759804 0.2730388512374562 0.9571408881525806
0 0.04240361447703826 0.7824180520307978 0.11760508504522332 0.8165736126925626 0.08583069378581405 0.9054395488664215 0.010629223217628986 0.8712839882046569
0 0.27300090492369666 0.9732715617462541 0.29432670319728094 0.8543594715195384 0.36306599170363607 0.8700189568014706 0.34174019343005174 0.9889310470281862
0 0.1711338603338933 0.9307400811887256 0.20050924700702888 0.9422004607969288 0.1947044632711922 0.9611005476409313 0.16532907659805662 0.9496401680327282
0 0.900873080560381 0.8570768511615773 0.9500864091314372 0.8940543619791667 0.9196950307408249 0.945433715033251 0.8704817021697686 0.9084562042156619
0 0.9601404734451456 0.8991596487443673 0.9095132136044268 0.874485179446617 0.935495056704506 0.8067678653492647 0.9861223165452248 0.8314423346470151
0 0.9176746137374197 0.9522687604573258 0.9523009579549734 0.8977589565357571 0.9993041057759219 0.9356862745098038 0.9646777615583682 0.9901960784313724
0 1.0294060672686618 0.8851586349314613 0.9912441012859289 0.9344944766900395 0.9500864091314372 0.8940543619791664 0.9882483751141702 0.8447185202205882
0 0.6324385651582614 0.2619008678127172 0.6314002199965273 0.29349868723393024 0.5975803234920366 0.29208696234400716 0.5986186686537708 0.2604891429227941
0 0.4452226674631394 0.2765127623314951 0.4946086886199548 0.2765127623314951 0.4946086886199548 0.3254269349341299 0.4452226674631394 0.3254269349341299
0 0.5597253931423541 0.34899114599535686 0.49190014878791744 0.33958274512601416 0.4971326680109224 0.29166685582125146 0.5649579123653591 0.3010752566905941
0 0.5956941279345278 0.6984460759519554 0.5403218619017773 0.6731455915003622 0.5619532745085248 0.6130086263020833 0.6173255405412752 0.6383091107536765
0 0.777049551106876 0.6899174063583174 0.8137149877261347 0.7185912440574597 0.7961628807030706 0.7471009976256129 0.7594974440838119 0.7184271599264707
1 0.9080000955734556 0.5459951190776741 0.9511828708474079 0.534407136245056 0.9621364848680339 0.5862576790372802 0.9189537095940816 0.5978456618698983
1 0.9521084031182317 0.7640096937651466 0.9895146724214776 0.7903591099361094 0.9711790324724576 0.8234236615994712 0.9337727631692118 0.7970742454285085
1 0.9297215734099507 0.8532556785090273 0.8866036916844087 0.8717685886235681 0.8751717342924272 0.8379468064453504 0.9182896160179694 0.8194338963308095
1 0.44192066805845504 0.7338980392156862 0.47106471816283924 0.7776941176470589 0.4386638830897703 0.8050823529411765 0.4095198329853861 0.7612862745098039
1 0.24282403919964984 0.5108712350919749 0.2823680491286974 0.5280129371336162 0.2660468186155292 0.5758399029714978 0.22650280868648168 0.5586982009298563
1 0.19554627696590118 0.46588235294117647 0.19554627696590118 0.5184313725490196 0.1419624217118998 0.5184313725490196 0.1419624217118998 0.46588235294117647
1 0.2428561649214714 0.411989065994533 0.19719676839657485 0.43914894624113976 0.17620276938183005 0.3943166838250086 0.22186216590672667 0.3671568035784018
1 0.20910351553571155 0.43307857449549153 0.19672980509882204 0.4714297981966509 0.16722795361382436 0.4593387720051523 0.17960166405071384 0.420987548303993
1 0.2512178148921364 0.15450980392156863 0.2512178148921364 0.2164705882352941 0.19763395963813501 0.2164705882352941 0.19763395963813501 0.15450980392156863
1 0.2323058659789594 0.22768166089965394 0.2511564124606001 0.1922722029988466 0.2790945188096115 0.2111649365628604 0.2602439723279708 0.24657439446366777
1 0.21719984869353798 0.2497534781547474 0.18834189485355904 0.23092343991538525 0.202412818313857 0.20353103897160527 0.23127077215383593 0.2223610772109674
1 0.23298538622129436 0.11654901960784311 0.26816979819067505 0.14629019607843136 0.2497146833681281 0.17402352941176472 0.21453027139874742 0.14428235294117647
1 0.20946416144746 0.11764705882352941 0.20946416144746 0.14901960784313725 0.1684064022268615 0.14901960784313725 0.1684064022268615 0.11764705882352941
1 0.16186739615578427 0.2284381338742393 0.09854102176469175 0.19784989858012167 0.12071365152496819 0.13954022988505746 0.18404002591606072 0.1701284651791751
1 0.09379506273809271 0.15824540125328487 0.07956151489715833 0.1221507984637154 0.10551765203853966 0.10914897917930058 0.11975119987947401 0.14524358196887008
1 0.11237929790876164 0.15521969371690278 0.10471938192402051 0.17896092743666808 0.08203424612305642 0.16966366108487185 0.08969416210779753 0.1459224273651066
1 0.05080027835768963 0.2996078431372549 0.05080027835768963 0.33568627450980393 0.021572720946416143 0.33568627450980393 0.021572720946416143 0.2996078431372549
1 0.2825330549756437 0.2972549019607843 0.2825330549756437 0.32313725490196077 0.26235212247738343 0.32313725490196077 0.26235212247738343 0.2972549019607843
1 0.3862212943632568 0.36392156862745095 0.3862212943632568 0.3968627450980392 0.3569937369519833 0.3968627450980392 0.3569937369519833 0.36392156862745095
1 0.4840279995087805 0.3565748558246828 0.5089541119161652 0.321998615916955 0.5346285152892054 0.34550957324106113 0.5097024028818208 0.3800858131487889
1 0.49529248024888456 0.3689734717416378 0.5202628024069753 0.38585928489042676 0.506570060174383 0.41158016147635523 0.4815997380162921 0.39469434832756634
1 0.6311760612386917 0.20705882352941177 0.6311760612386917 0.24 0.5977731384829506 0.24 0.5977731384829506 0.20705882352941177
1 0.9005771828564412 0.11601384083044984 0.8940112161774941 0.14931487889273357 0.8639485856973271 0.1417854671280277 0.8705145523762742 0.10848442906574399
1 0.3556019485038274 0.16705882352941176 0.3556019485038274 0.19058823529411764 0.3326374391092554 0.19058823529411764 0.3326374391092554 0.16705882352941176
1 0.8271737290526435 0.575601483836778 0.887660102691418 0.5642395336512984 0.8941864620361489 0.6083730789613143 0.8337000883973744 0.6197350291467939
1 0.8076057145196283 0.40382929642445203 0.8284006713332516 0.40968858131487884 0.8210323795488967 0.4429065743944637 0.8002374227352735 0.43704728950403693
1 0.7479256999089986 0.45870286576168945 0.7790161126278037 0.4630829562594269 0.7752047534928539 0.4974479638009051 0.7441143407740487 0.49306787330316754
1 0.9199721642310369 0.37254901960784315 0.9199721642310369 0.4109803921568628 0.8928322894919972 0.4109803921568628 0.8928322894919972 0.37254901960784315
1 0.1966789048064694 0.8356619337390128 0.1533126964701365 0.8315889114266395 0.15531879154368533 0.8044570655848544 0.19868499988001823 0.8085300878972277
1 0.03618649965205289 0.8862745098039215 0.03618649965205289 0.9435294117647058 0.0 0.9435294117647058 0.0 0.8862745098039215
1 0.4764119418204868 0.10663560473694428 0.5077616321131069 0.11016889924286546 0.5046680033347802 0.14503591535624152 0.4733183130421601 0.14150262085032034
1 0.7658929960293092 0.3291349480968857 0.7360104793483154 0.34934256055363305 0.7189406033812271 0.31727797001153385 0.748823120062221 0.2970703575547865
