0 0.1205464298723469 0.9234435317095588 0.17494502163796102 1.0394955384497548 0.3089555436401792 0.9597020526960784 0.25455686692653967 0.8436500459558823
0 0.1427556663730863 0.8993477136948529 0.2195564116051235 0.8488550283394608 0.18131833219163188 0.7749751072303922 0.10451750201156924 0.8254678883272059
0 0.25228646105167013 0.8289478017769608 0.21316764051082984 0.7442965877757353 0.18039197397464335 0.763536257276348 0.21951079451548364 0.8481875191482843
0 0.1546033674756437 0.6739849015778187 0.1350657463737387 0.7711322380514706 0.1859163989104906 0.784122864966299 0.20545402001239563 0.6869755284926471
0 0.10880253525682847 0.6407032207414216 0.07356923739779053 0.7945794558057598 0.12448088261677975 0.8093872549019608 0.15971418047581767 0.6555110677083333
0 0.11104941052866214 0.6103865081188725 0.10591668093793494 0.6479882333792892 0.15695430407859257 0.6568378044577206 0.16208703366931976 0.619236079197304
0 0.15953086263700417 0.6810157686121323 0.23225180905314893 0.6884667490042892 0.23718584521246522 0.627296693091299 0.16446489879632045 0.6198457126991421
0 0.24230353900269658 0.7269899375765931 0.26829270778966596 0.7904543409160539 0.3222635437733777 0.762379700903799 0.296274417460421 0.6989153454350491
0 0.29104917947003306 0.6498849666819853 0.2335284079788622 0.6754237994025736 0.24935634881154314 0.7207076248468137 0.30687716277672666 0.6951687921262255
0 0.3340748446470512 0.7562970090379902 0.26532963571568374 0.7866152535232843 0.2839750477068111 0.8403189146752451 0.3527202566381785 0.810000670189951
0 0.3261097355194198 0.8199344171262255 0.28339782587421714 0.8409951363357843 0.30109402862952334 0.8865830844056373 0.3438059807487387 0.8655223651960784
0 0.39229639487376045 0.9282716758578431 0.36685497095457115 0.8694899854473039 0.3152895657321025 0.8978398820465686 0.3407310321253045 0.9566215724571079
0 0.2114945042025487 0.7412779564950981 0.24772636610016527 0.8336949486825981 0.27962664323460334 0.8178085746017156 0.24339486628501217 0.7253915345435049
0 0.4097425106422886 0.7785097847732844 0.3930410492644181 0.7408627259497549 0.3370911791329593 0.772392147288603 0.35379264051082987 0.8100392539828432
0 0.4262753077157272 0.8442740885416666 0.40463547782924497 0.7863492359834559 0.34935198248303756 0.8125840609681373 0.37099185484353253 0.8705088656556372
0 0.4249881327608516 0.8420545151654412 0.3694397694714466 0.8676661113664216 0.3903350723893093 0.9252334175857844 0.44588343567871436 0.8996217256433824
0 0.4069535820203766 0.961755610447304 0.4604785682927757 0.9453032130821079 0.45066643424886915 0.9047541360294118 0.3971414904504828 0.9212066291360295
0 0.36251353222044624 0.9523633769914216 0.377502016666123 0.9933890548406863 0.41012256810792885 0.9782504212622549 0.3951340836622521 0.9372247434129902
0 0.4768019260095903 0.9783830231311275 0.45046281383198505 0.8992210477941176 0.39174079231363085 0.9240397135416667 0.4180799044912361 1.0032016888786766
0 0.301674690857146 0.6438192210477941 0.27918185537360823 0.5796966433057598 0.2405528451472251 0.5969089882046569 0.2630457231047756 0.6610315659466912
0 0.30484261509438065 0.6633448701746324 0.2980883551208029 0.6937947112438726 0.32035697029129695 0.7000692210477941 0.32711123026487476 0.6696193799785539
0 0.3708471883562761 0.7315099379595589 0.3400765075895964 0.667484681372549 0.3086015227443241 0.6866998410692402 0.33937220351100383 0.75072509765625
0 0.3867227425571938 0.7145346009497549 0.4213340085002392 0.6891788258272059 0.3880729489469163 0.6315062519148285 0.35346168300387093 0.6568620749080882
0 0.466139504705441 0.7123556219362746 0.4509823559553323 0.6747730449601715 0.3813547918841336 0.7104431870404412 0.39651194063424233 0.7480257640165441
0 0.3965205203848078 0.7471372357536765 0.4179540539916058 0.795450989966299 0.4892136395267919 0.7552941176470588 0.4677801059199939 0.7069804113051471
0 0.4299807405836813 0.7038984949448529 0.4412724993340075 0.6923290058210785 0.4360769082044842 0.6858876665900735 0.42478514945415796 0.6974572035845589
0 0.4515182080995564 0.6794641831341912 0.4373247522235995 0.6810638786764706 0.4381928785691762 0.6908483647365196 0.4523863769191458 0.6892486691942402
0 0.4833571527596555 0.7559316597732844 0.4307230589036404 0.7784330001531863 0.4416244390032403 0.8108247166053921 0.49425849038524267 0.7883233283547794
0 0.4414056978378349 0.8085490387561275 0.4488517745302714 0.8337254901960784 0.49937367820872475 0.8147451363357843 0.491927643990301 0.7895686370251226
0 0.4470688428991606 0.8323171338848039 0.45913779113387265 0.8697237859987745 0.5075252907261222 0.8498926738664215 0.49545638496542277 0.812486021752451
0 0.44627695740638046 0.8320784505208333 0.4662491301322199 0.899607843137255 0.5165622740382524 0.8807059015012255 0.496590101312413 0.813176508884804
0 0.5068739092673539 0.9742201861213236 0.5735722105786796 0.9377076631433824 0.5414728152727035 0.8632238051470589 0.4747745139613779 0.899736328125
0 0.4945024186401792 0.9488627833946078 0.4831576523220033 0.9211592371323529 0.4602983935309021 0.933050225949755 0.47164315984907795 0.9607536764705882
0 0.42355960429171013 0.8471670113357843 0.440021129971838 0.8935497089460784 0.4655772337253175 0.882028377757353 0.44911575051920233 0.8356456801470589
0 0.4780793319415449 0.9576470588235294 0.4780793319415449 0.9992156862745099 0.5142658315935977 0.9992156862745099 0.5142658315935977 0.9576470588235294
0 0.5121781489213639 0.9670588235294117 0.5121781489213639 0.9992156862745099 0.5539318023660403 0.9992156862745099 0.5539318023660403 0.9670588235294117
0 0.5456506441099078 0.9484706265318628 0.5551148310417754 0.9804705690870098 0.5887265135699373 0.967843137254902 0.5792623691120825 0.9358430989583333
0 0.5539318023660403 0.9694117647058823 0.5539318023660403 0.9992156862745099 0.5970772442588727 0.9992156862745099 0.5970772442588727 0.9694117647058823
0 0.6351014670184194 0.9066255935968137 0.5801509254577679 0.9200892310049019 0.5885041621134525 0.9633963311887255 0.6434547036741041 0.9499327895220588
0 0.5942936673625608 0.9545098039215686 0.5942936673625608 0.9992156862745099 0.6499652052887961 0.9992156862745099 0.6499652052887961 0.9545098039215686
0 0.5919101531918711 0.888676087622549 0.5761183152699852 0.8145163143382353 0.5357701269055541 0.8254302619485294 0.55156196482744 0.8995900352328431
0 0.5361708692153793 0.8264595779718137 0.5513007071753219 0.9003525199142157 0.6259607621672756 0.8809341490502451 0.610830924207333 0.8070412071078431
0 0.624659570788209 0.8744270833333333 0.5666810993361822 0.8991523054534314 0.5791565238724339 0.9363122319240196 0.637134952850448 0.9115870098039216
0 0.516803781274465 0.912479798560049 0.5528347410920103 0.9034555951286765 0.5372467359570721 0.824396733302696 0.5012157761395268 0.8334210324754902
0 0.6203899556095599 0.767539732689951 0.5575494839237561 0.7795665785845588 0.5643781583675844 0.8248893229166666 0.6272186300533882 0.8128624770220588
0 0.628754872618737 0.6963651290594363 0.532320599964118 0.7048563399969363 0.5359841109815371 0.7577077588848039 0.6324183836361561 0.7492165958180147
0 0.5388268117035273 0.7601383942248775 0.527405931954593 0.7086505246629902 0.480085124717293 0.7219838579963235 0.4915060044662274 0.7734717275582108
0 0.44626221892397355 0.6409710573682598 0.4654659518120433 0.7260000670189951 0.5113331709127088 0.7128413181678922 0.492129438024639 0.6278123563878677
0 0.5381247162735951 0.7038919845281862 0.5228926433650835 0.6309302236519608 0.491746237482059 0.6391899797028187 0.5069783528645834 0.7121517405790441
0 0.5330549756437022 0.643921568627451 0.5330549756437022 0.7019607843137254 0.5796798886569241 0.7019607843137254 0.5796798886569241 0.643921568627451
0 0.6321145245492997 0.6962297506893382 0.6289621882747259 0.6381999655330882 0.5245009643299844 0.6454081935508579 0.5276532581305454 0.7034379787071079
0 0.6362540418270486 0.5755350030637255 0.5078841961334377 0.5855129346660539 0.5116181290639136 0.6465343998927696 0.6399879747575243 0.6365564682904412
0 0.6366085299370433 0.5027803787530637 0.3620408389331072 0.5262238625919118 0.36695941455180064 0.5993986481311274 0.6415271055557368 0.5759551642922794
0 0.38181712151237385 0.5938221890318628 0.3429513611392006 0.624031862745098 0.3614562266223034 0.654273131127451 0.40032198699547666 0.6240634574142156
0 0.3454917743128045 0.6228634823069853 0.292091746585769 0.6400592160692402 0.3006788451553801 0.673932674632353 0.35407887288241563 0.656736940870098
0 0.3762387970544102 0.5867748544730392 0.3590574218070416 0.5383637791053921 0.32150313152400833 0.5552941176470588 0.338684506771377 0.6037051930147059
0 0.2835073238789579 0.5923137350643383 0.2961725647779663 0.6351372453278187 0.32644396352535665 0.6237646963082107 0.3137787226263483 0.5809411860447304
0 0.31835113504153617 0.580299862132353 0.30832208621477036 0.5350865023743873 0.2711531626489649 0.5455594171262255 0.2811822114757307 0.5907727768841912
0 0.2737380461138657 0.5552880859375 0.2332851168341162 0.5677224551930147 0.24007815558128914 0.5957948931525735 0.2805309999130132 0.583360476026348
0 0.2852272665492345 0.551349427466299 0.27034131437021575 0.48214274088541664 0.22471105778640396 0.49461014093137257 0.23959700996542277 0.5638168275122549
0 0.2662453754294972 0.463190247778799 0.2761947430084377 0.5304716701133578 0.3137730735826592 0.523412846583946 0.30382366352970597 0.45613142424938724
0 0.3222103663094772 0.5546388633578432 0.3788927432639614 0.5351486864276961 0.36819370936086465 0.4956238032322304 0.31151133240638046 0.5151139801623774
0 0.36464857341684065 0.45725490196078433 0.3075476150671973 0.4679809091605392 0.3200361215993606 0.5524324544270833 0.3771370374749913 0.5417063993566177
0 0.30619345859429364 0.42274509803921567 0.30619345859429364 0.47215686274509805 0.38413361169102295 0.47215686274509805 0.38413361169102295 0.42274509803921567
0 0.4608181480243128 0.4465389954810049 0.37027124074406315 0.4614733647365196 0.379135099980428 0.5297388174019608 0.4696820072606776 0.5148044481464461
0 0.48978933229492866 0.4917248295802696 0.48531405794678584 0.4493560910692402 0.4586678161833464 0.4529313151041667 0.4631430905314892 0.4953000536151961
0 0.5532083425077201 0.433414857153799 0.48320552053431626 0.4413046204810049 0.4862784728791536 0.47593864889705884 0.5562812948525574 0.46804893344056375
0 0.48086290883785665 0.4980392156862745 0.4627696590118302 0.4980392156862745 0.4627696590118302 0.5137254901960784 0.48086290883785665 0.5137254901960784
0 0.5046176897127261 0.5478563495710784 0.5851203424696634 0.49866469439338235 0.554353144572025 0.43470593022365195 0.47385049181508787 0.48389753753063725
0 0.5539318023660403 0.43607843137254904 0.5539318023660403 0.48470588235294115 0.639526791927627 0.48470588235294115 0.639526791927627 0.43607843137254904
0 0.6203836269816675 0.42961052389705884 0.6070391841455723 0.31251366708792894 0.5017614397806845 0.32775364296109066 0.5151058826167797 0.44485049977022056
0 0.33255393520028703 0.3692862716375613 0.29153792793417277 0.36268236347273286 0.2850521886688848 0.41385095932904414 0.32606819593499914 0.42045491536458335
0 0.24002591254566805 0.4125436102175245 0.28690520242095074 0.41694656671262254 0.2907733957055715 0.3646301508884804 0.2438941058302888 0.36022717045802694
0 0.07870154224839074 0.42084429572610293 0.05325638061608386 0.5498962162990196 0.1270130133579071 0.5683690927542893 0.152458174990214 0.43931717218137256
0 0.1840844947427366 0.39833910175398285 0.11007412224904314 0.37748559091605394 0.09832572538817849 0.43044984106924017 0.17233618282989735 0.4513033279718137
0 0.023335307525443633 0.34442301432291667 0.01706648304301496 0.4221407781862745 0.07817970652835769 0.4284024586397059 0.08444844606276096 0.35068467084099264
0 0.10172126785947286 0.44028827742034315 0.1755270005599774 0.44217883540134806 0.17697086214770355 0.3705758846507353 0.10316512944719902 0.3686853506050858
0 0.23629193714117955 0.554350155101103 0.178350672924278 0.5495718922334559 0.17380722778575156 0.6195558555453431 0.2317484070546277 0.624334166283701
0 0.028339935493867433 0.34948010014552694 0.0992431640625 0.3547374770220588 0.10214804673908316 0.3049735274969363 0.03124481817045059 0.2997161506204044
0 0.18318557473795233 0.30775314031862744 0.11918615714161447 0.3011957624846814 0.11466284468510786 0.3572741938572304 0.17866226228144572 0.36383157169117647
0 0.24075519134372825 0.3830820360370711 0.24728030401878914 0.2923799881280637 0.18474122792710507 0.2866649672564338 0.1782161152520442 0.37736703910079655
0 0.24647244829723383 0.26990363625919117 0.19260444189826897 0.2607967840456495 0.18875578665949025 0.28971476236979166 0.2426237930584551 0.29882161458333334
0 0.26692895218989215 0.3467571662454044 0.31657835469946066 0.35794871610753676 0.32297519585616735 0.3219004432827819 0.27332587829462424 0.3107088934206495
0 0.25658534082506956 0.267573122510723 0.25289477386156056 0.31332689472273284 0.3349019410963596 0.32172935336243874 0.33859246558585593 0.2759755811504289
0 0.32577448813717813 0.4193373736213235 0.3866062363403575 0.42082782820159315 0.3883474160169842 0.3305550848268995 0.3275157102878175 0.3290646302466299
0 0.38970076548364646 0.2917647058823529 0.38970076548364646 0.33725490196078434 0.4321503131524008 0.33725490196078434 0.4321503131524008 0.2917647058823529
0 0.38900487125956856 0.37098039215686274 0.38900487125956856 0.44 0.43075852470424497 0.44 0.43075852470424497 0.37098039215686274
0 0.40640222686151706 0.3349019607843137 0.40640222686151706 0.37176470588235294 0.43771746694502434 0.37176470588235294 0.43771746694502434 0.3349019607843137
0 0.48733599084735996 0.3815670955882353 0.43300229937315154 0.3838779344745711 0.43372121451211293 0.4053494083180147 0.48805490598632134 0.4030385454963235
0 0.48835715106069505 0.44090499578737746 0.48472180031369605 0.35486292221966914 0.42881253533837854 0.3578635541130515 0.43244788608537754 0.443905579810049
0 0.19101149652596555 0.22761560776654413 0.12059688899943459 0.21819984585631128 0.11558903300604557 0.26577215456495096 0.18600364053257654 0.2751879164751838
0 0.18422160085573244 0.27019828048406863 0.11494750551822373 0.2665384689031863 0.11342124434585943 0.30323479147518384 0.18269533968336812 0.3068946030560662
0 0.07895103459899096 0.24383868049172794 0.07290536857928845 0.3006210267310049 0.10429740167775749 0.30486670400582105 0.11034315264548539 0.2480843577665441
0 0.03549060542797495 0.2698039215686274 0.03549060542797495 0.3003921568627451 0.07515657620041753 0.3003921568627451 0.07515657620041753 0.2698039215686274
0 0.07935717110842902 0.23391357421875 0.046195076004697286 0.2321337890625 0.044711968429236255 0.2672362802542892 0.07787406353296798 0.26901606541053924
0 0.0 0.2776470588235294 0.0 0.3458823529411765 0.021572720946416143 0.3458823529411765 0.021572720946416143 0.2776470588235294
0 0.0 0.21019607843137256 0.0 0.2752941176470588 0.028531663187195546 0.2752941176470588 0.028531663187195546 0.21019607843137256
0 0.0 0.13411764705882354 0.0 0.21019607843137256 0.032011134307585246 0.21019607843137256 0.032011134307585246 0.13411764705882354
0 0.1118141976013396 0.24562143363204658 0.1148063219000087 0.19166551776960783 0.03998546029597251 0.18639506022135416 0.03699342094532881 0.2403509641161152
0 0.0629322155532359 0.190657288794424 0.11443025699156228 0.19214552935431986 0.11524269990648921 0.1564324592141544 0.06374474341618824 0.1549442186542586
0 0.04071703269071851 0.14927383722043505 0.03873969750347947 0.18715888528262867 0.06309361680149617 0.1887734925513174 0.06507086704070981 0.15088843252144607
0 0.10975531230971643 0.12408315621170343 0.04054526778335943 0.1201168643727022 0.03904321679823417 0.15341064453125 0.10825326132459116 0.1573769363702512
0 0.0 0.10196078431372549 0.0 0.12862745098039216 0.031315240083507306 0.12862745098039216 0.031315240083507306 0.10196078431372549
0 0.0 0.07764705882352942 0.0 0.12941176470588237 0.033402922755741124 0.12941176470588237 0.033402922755741124 0.07764705882352942
0 0.04314544189283229 0.0596078431372549 0.04314544189283229 0.11450980392156863 0.09672929714683368 0.11450980392156863 0.09672929714683368 0.0596078431372549
0 0.04244954766875435 0.0 0.04244954766875435 0.0611764705882353 0.08629088378566457 0.0611764705882353 0.08629088378566457 0.0
0 0.03790720685455811 0.07009368896484375 0.039150676050365346 1.9756802449039385e-05 0.0050516042264700765 -0.0007488769175959569 0.0038080500826374393 0.06932505289713542
0 0.12882971182911448 0.11332465676700368 0.12464806033076722 0.05865319943895527 0.09230138132285143 0.061796007343367036 0.09648311776922408 0.11646746467141544
0 0.08768267223382047 0.0 0.08768267223382047 0.0611764705882353 0.1266527487821851 0.0611764705882353 0.1266527487821851 0.0
0 0.12874043145441894 0.0 0.12874043145441894 0.12705882352941175 0.23660403618649964 0.12705882352941175 0.23660403618649964 0.0
0 0.23710454995215727 0.045284941430185355 0.23408940473860473 0.1268426992378983 0.27907048851230865 0.1289550422219669 0.28208563372586115 0.047397287406173404
0 0.3235547112854471 0.1317837703929228 0.3250054536632307 0.06801473580154718 0.2802300290590205 0.06672077253753064 0.27877928668123697 0.1304898131127451
0 0.3221990257480863 0.01803921568627451 0.27487821851078637 0.01803921568627451 0.27487821851078637 0.06980392156862746 0.3221990257480863 0.06980392156862746
0 0.21711899791231734 0.0 0.21711899791231734 0.03215686274509804 0.27348643006263046 0.03215686274509804 0.27348643006263046 0.0
0 0.27279053583855256 0.0 0.27279053583855256 0.0196078431372549 0.32289491997216424 0.0196078431372549 0.32289491997216424 0.0
0 0.32289491997216424 0.0 0.32289491997216424 0.13176470588235295 0.3750869867780097 0.13176470588235295 0.3750869867780097 0.0
0 0.37186418611636657 0.0031822563620174634 0.3756459872591554 0.05006750368604473 0.4124770300539318 0.0462937957165288 0.4086952713851557 -0.0005914496908000871
0 0.4612268754485256 0.051498706294041054 0.45883376215096555 -0.0024448682747635186 0.4092361354628784 0.00035010513137368593 0.41162924876043844 0.054293679630055144
0 0.4380417985060021 0.07159304749731923 0.3762844566180628 0.06856677485447304 0.37362299250826375 0.1375582706227022 0.43538029192219035 0.14058453728170955
0 0.40988169798190677 0.06431372549019608 0.40988169798190677 0.1223529411764706 0.44328462073764785 0.1223529411764706 0.44328462073764785 0.06431372549019608
0 0.43783618181052103 0.05271972057866115 0.44353024795309237 0.13614764045266545 0.4837611230944459 0.13265974456188726 0.47806705695187457 0.049231833663641235
0 0.5209999588851557 0.042678734274471504 0.477062249233429 0.048868779201133576 0.48298270186369174 0.1022503781786152 0.5269204115154184 0.0960603302600337
0 0.5086986778009742 0.0 0.4558107167710508 0.0 0.4558107167710508 0.04156862745098039 0.5086986778009742 0.04156862745098039
0 0.5260960334029228 0.0 0.5260960334029228 0.03529411764705882 0.5643702157272095 0.03529411764705882 0.5643702157272095 0.0
0 0.5045233124565066 0.0 0.5045233124565066 0.03686274509803922 0.5274878218510787 0.03686274509803922 0.5274878218510787 0.0
0 0.5677268944768833 0.035063437667547485 0.5360104873434238 0.037813149246515014 0.5402226776569024 0.09952941296147365 0.5719390847903618 0.09677970138250613
0 0.5734396491850426 0.1014593386182598 0.6254548966760177 0.09612986246744791 0.621849957322112 0.05143683938419118 0.5698347098311369 0.05676631553500306
0 0.5666402818099774 0.03697633631089155 0.5686895679747304 0.06469235887714461 0.5902286919771007 0.06266937255859376 0.5881794058123477 0.03495334700042126
0 0.5643702157272095 0.0 0.5643702157272095 0.034509803921568626 0.6012526096033403 0.034509803921568626 0.6012526096033403 0.0
0 0.6271148235663492 0.10157628676470588 0.5742822911229993 0.1050115966796875 0.5762152834409795 0.1427742991727941 0.629047858358342 0.1393389892578125
0 0.6285890115991432 0.138284241919424 0.5807574118851122 0.14227750890395222 0.5827378476752784 0.17240991928998162 0.6305694049152967 0.16841666427313112
0 0.581767571329158 0.17019607843137255 0.581767571329158 0.20470588235294118 0.6325678496868476 0.20470588235294118 0.6325678496868476 0.17019607843137255
0 0.5831593597773138 0.2054901960784314 0.5831593597773138 0.2407843137254902 0.6346555323590815 0.2407843137254902 0.6346555323590815 0.2054901960784314
0 0.5824634655532359 0.2384313725490196 0.5824634655532359 0.3137254901960784 0.6388308977035491 0.3137254901960784 0.6388308977035491 0.2384313725490196
0 0.5181037409071634 0.19808721804151347 0.5126959071361779 0.27427413641237747 0.5809024181644703 0.28042394301470586 0.5863102519354558 0.2042370366115196
0 0.5231279493954419 0.20467921836703432 0.5793996875951418 0.20749794155943627 0.5815713838644964 0.15242590810738357 0.5252996456647965 0.14960716097962623
0 0.5782881002087683 0.10666666666666667 0.5254001391788448 0.10666666666666667 0.5254001391788448 0.15137254901960784 0.5782881002087683 0.15137254901960784
0 0.43665710321796714 0.17818732766544118 0.4329767724915188 0.29847701727175246 0.48081661216401356 0.3003362678079044 0.4844969428904619 0.18004657820159314
0 0.4363256784968685 0.1419607843137255 0.4363256784968685 0.1803921568627451 0.4836464857341684 0.1803921568627451 0.4836464857341684 0.1419607843137255
0 0.39526791927627003 0.1419607843137255 0.39526791927627003 0.19294117647058823 0.43562978427279053 0.19294117647058823 0.43562978427279053 0.1419607843137255
0 0.36673625608907445 0.1419607843137255 0.36673625608907445 0.18980392156862744 0.3959638135003479 0.18980392156862744 0.3959638135003479 0.1419607843137255
0 0.31717188655293144 0.20996361825980392 0.3664685848610386 0.21260936063878677 0.36941594155032187 0.1428515625 0.320119200768202 0.14020583208869486
0 0.25491942509894744 0.2702870327818627 0.3163524778999217 0.27374897077971816 0.32027100288959204 0.18542075961243873 0.25883790761460507 0.18195883358226103
0 0.2901690754528749 0.13816639619715074 0.2837179949819502 0.18179120232077206 0.3161052366719946 0.18787493537454045 0.32255635961693196 0.14425012925091912
0 0.28642189063043666 0.18302191042432597 0.2895534146387874 0.13713955748314952 0.2639035282652662 0.13491580738740808 0.26077200425691544 0.18079816032858456
0 0.23848521020898572 0.194458953259038 0.24113516386134307 0.1347259282130821 0.19580655771572722 0.13217153511795343 0.19315660406336987 0.19190454819623162
0 0.19355925770376653 0.19297862333409926 0.18968197498042796 0.25197229721966913 0.25322666579679887 0.25727737725949756 0.25710394852013746 0.19828371534160538
0 0.24374774038252436 0.13725815716911766 0.20541587834899094 0.12573753207337623 0.19883232143245477 0.15356276568244484 0.23716418346598817 0.16508339077818626
0 0.1940908624467206 0.22923856847426471 0.20027626796820633 0.13164128322227328 0.12332516473121086 0.12544640634574142 0.11713984415775053 0.22304369159773285
0 0.3997223813581898 0.2285213694852941 0.3981742035952723 0.2878472062653186 0.4331024106210856 0.28900503121170346 0.4346505883840031 0.22967919443167892
0 0.48720716716684065 0.1704345583448223 0.4771242612919711 0.2869155464920343 0.5117254184199939 0.2907201909083946 0.5218083242948635 0.1742392027611826
0 0.4822546972860125 0.1396078431372549 0.4822546972860125 0.17647058823529413 0.5073068893528184 0.17647058823529413 0.5073068893528184 0.1396078431372549
0 0.5066109951287404 0.14431372549019608 0.5066109951287404 0.17490196078431372 0.5267919276270007 0.17490196078431372 0.5267919276270007 0.14431372549019608
0 0.6761061761971555 -0.001054680113698922 0.6293368090667406 0.005074602014878217 0.6351130199498739 0.06106179630055147 0.6818823870802888 0.05493251426547181
0 0.687605505447547 0.054816541484757966 0.6347588716319806 0.06077266319125307 0.6384106173478818 0.10192972819010417 0.6912572511634482 0.09597359451593138
0 0.643889467668102 0.10273277133118873 0.6561804275671973 0.16368427351409315 0.7023199475632829 0.15186562930836398 0.6900290301382003 0.09091413310929841
0 0.7174643116355689 0.18299074659160539 0.7100274518038883 0.13828783222273283 0.6591457507638526 0.14904032389322916 0.6665826530695459 0.19374325022977942
0 0.6946012301833246 0.1361422909007353 0.8580521044004437 0.10755661908318015 0.8404501090053061 -0.02029130075492111 0.6769992347881872 0.008294374054553463
0 0.7168044353742606 0.1335403980928309 0.8578984334224948 0.10462744619332108 0.8500375979960421 0.05589961033241422 0.7089436424218206 0.08481255026424632
0 0.7913623828396834 7.192396650127336e-05 0.7996296945676757 0.08259994207643995 0.8502559993693458 0.07615780699486827 0.8419887725893789 -0.006370207094678692
0 0.8442923081941545 0.01871686299641927 0.8581989795363605 0.10492235370710784 0.8937174479166666 0.09764392329197304 0.8798106916264353 0.011438431085324755
0 0.8358762524736865 0.155838347790288 0.8955772999847773 0.14295368269378064 0.8891063841499217 0.10486754174325981 0.8294053366388309 0.11775220683976716
0 0.6673328290818545 0.2243542719822304 0.704770400777988 0.22033576516544118 0.7034224030369259 0.20438335343903186 0.6659848738148052 0.20840186025582108
0 0.7211552183911796 0.18737254423253677 0.648767735448743 0.19091971603094363 0.6520857203728471 0.2769293332567402 0.7244731183672581 0.27338216145833333
0 0.6475501329266702 0.3257474293428309 0.7211739069567675 0.3234740492876838 0.7199764795907272 0.2742174335554534 0.6463527905086552 0.2764908136106005
0 0.6478775226165623 0.3168627450980392 0.6478775226165623 0.3631372549019608 0.6805845511482255 0.3631372549019608 0.6805845511482255 0.3168627450980392
0 0.7175450972077244 0.36265234853707107 0.7165881577015919 0.32058849858302696 0.6790880642587639 0.32167219573376227 0.6800450462389092 0.3637360456878064
0 0.6471816283924844 0.36627450980392157 0.6471816283924844 0.41333333333333333 0.6910229645093946 0.41333333333333333 0.6910229645093946 0.36627450980392157
0 0.6875434933890049 0.3843137254901961 0.6875434933890049 0.4188235294117647 0.7390396659707724 0.4188235294117647 0.7390396659707724 0.3843137254901961
0 0.6478775226165623 0.41333333333333333 0.6478775226165623 0.4674509803921569 0.686151704940849 0.4674509803921569 0.686151704940849 0.41333333333333333
0 0.6849236538116519 0.47132640165441175 0.7359919007154663 0.4732449640012255 0.7375783900378392 0.4196052102481618 0.6865101006600122 0.417686647901348
0 0.6478775226165623 0.47215686274509805 0.6478775226165623 0.52 0.7369519832985386 0.52 0.7369519832985386 0.47215686274509805
0 0.723512016407881 0.5152772671568627 0.6448006201885439 0.5180495557598039 0.6460240416503567 0.5621731387867647 0.7247354378696939 0.5594008501838236
0 0.708195462688109 0.5629924460018383 0.6465671143767397 0.5591336358762254 0.6446421496471599 0.5981852213541666 0.7062705404325418 0.6020440314797794
0 0.695297634095555 0.6776510320925245 0.6977780314892137 0.5993755265778187 0.6452056523736517 0.5972594018075981 0.642725254979993 0.6755349073223039
0 0.7188587334725122 0.5647058823529412 0.7188587334725122 0.6180392156862745 0.7487821851078637 0.6180392156862745 0.7487821851078637 0.5647058823529412
0 0.7063326374391092 0.6172549019607844 0.7063326374391092 0.6666666666666666 0.7515657620041754 0.6666666666666666 0.7515657620041754 0.6172549019607844
0 0.6389417548766962 0.6983446308210784 0.6424520196562935 0.7576887063419118 0.6827276624070329 0.7546625114889706 0.6792173976274356 0.6953183880974265
0 0.7589566649541145 0.6692371323529411 0.7091884201570111 0.671675905713848 0.7104607292074417 0.7046570542279412 0.7602290164785578 0.7022182808670343
0 0.6549507624255175 0.7783110734528186 0.7723797271877174 0.7318480009191176 0.7498663767560456 0.6595710305606618 0.6324374544678584 0.7060340552236519
0 0.7164746671396572 0.7455703795189951 0.6393596566876523 0.7531280637254902 0.6439476145914883 0.8125931564031863 0.7210626250434934 0.805035520067402
0 0.7243368617345164 0.7255187270220588 0.7256962000369693 0.7730088656556372 0.7670251983026705 0.7715062519148285 0.7656659449482429 0.7240161611519608
0 0.6481726320568023 0.8572117225796568 0.7163702660164405 0.8509372127757353 0.7131525197623086 0.8065113740808824 0.6449548858026705 0.8127858838848039
0 0.7183438634905619 0.8613261144301471 0.7750813292395181 0.8514881089154411 0.7674546955190936 0.7956160003063726 0.710717144822112 0.8054539100796568
0 0.741198620036317 0.18264337277879902 0.73594492445742 0.13231345980775122 0.715716506012961 0.13499565573299632 0.720970201591858 0.18532556870404412
0 0.7811583410805932 0.238948974609375 0.7309737660110038 0.23248487285539216 0.7267143021213901 0.274490847120098 0.7768988771909795 0.2809549488740809
0 0.7734382645322286 0.24097737630208332 0.7699994835160056 0.3107402726715686 0.8186777601991997 0.3137882247625613 0.8221166261634482 0.24402532839307597
0 0.881572683569285 0.24977589326746324 0.8203024761330028 0.2483066214767157 0.8193807900574113 0.29712890625 0.8806509974936935 0.29859817804074756
0 0.733307797956898 0.22961136163449755 0.7122404328135873 0.3576233867570466 0.7648884156717554 0.36862953335631127 0.7859557808150661 0.24061748429840688
0 0.7676656214661621 0.373664000268076 0.8195121197046799 0.37220315372242646 0.8188862226535316 0.3439854999617034 0.7670397244150139 0.34544634650735295
0 0.7376478775226165 0.3749019607843137 0.7376478775226165 0.4329411764705882 0.7654836464857342 0.4329411764705882 0.7654836464857342 0.3749019607843137
0 0.737397450743737 0.46020493451286765 0.7899566629153618 0.4563205135569853 0.7884326953396834 0.43012652228860293 0.7358733982200331 0.4340109432444853
0 0.7418375141353514 0.452676451439951 0.7353835029575505 0.5132937442555147 0.7785475484679454 0.5191315774356617 0.7850016445937718 0.45851423674938724
0 0.7383437717466945 0.45725490196078433 0.7383437717466945 0.5513725490196079 0.8044537230340988 0.5513725490196079 0.8044537230340988 0.45725490196078433
0 0.7508698677800975 0.5607843137254902 0.7508698677800975 0.6305882352941177 0.789839944328462 0.6305882352941177 0.789839944328462 0.5607843137254902
0 0.7838115227579158 0.5617053462009803 0.7920273559825156 0.6832407513786765 0.8436019355917276 0.6788119446997549 0.8353860174191023 0.5572765873927696
0 0.7536534446764092 0.6305882352941177 0.7536534446764092 0.6815686274509803 0.7884481558803061 0.6815686274509803 0.7884481558803061 0.6305882352941177
0 0.8324810497944938 0.20532875210631127 0.8169755716662317 0.14336987065333945 0.786860562233603 0.15294309129901962 0.802366040361865 0.21490196078431373
0 0.7956159003675192 0.2361568675321691 0.8334029057661361 0.25035295075061276 0.8461378040459725 0.20729410807291668 0.8083507136993302 0.19309803682215074
0 0.9181330394811239 0.19285413555070466 0.8508651616594902 0.20503867953431373 0.8586428329690762 0.2595822323069853 0.9259107107907099 0.24739770029105393
0 0.9008853622999304 0.2511526788449755 0.9059295760481907 0.2881060910692402 0.9322850407206854 0.28353620940563723 0.9272408269724252 0.24658279718137255
0 0.8914405010438413 0.28784313725490196 0.8914405010438413 0.3349019607843137 0.9359777313848295 0.3349019607843137 0.9359777313848295 0.28784313725490196
0 0.889735679122086 0.29542547487745097 0.8524057790481472 0.30173641429227943 0.8577142661034273 0.3416232718673407 0.895044166177366 0.33531233245251224
0 0.8154081107015484 0.3036288871017157 0.8257446713802628 0.3579952225030637 0.8645246342477818 0.34862936580882353 0.8541880735690675 0.2942630304074755
0 0.8427279053583855 0.3388235294117647 0.8427279053583855 0.38509803921568625 0.8914405010438413 0.38509803921568625 0.8914405010438413 0.3388235294117647
0 0.8930866238800452 0.3846166274126838 0.9407721979384134 0.380137939453125 0.9374175154673364 0.33476672602634805 0.8897319414089684 0.33924543792126227
0 0.9490769717456071 0.4352720492493872 0.9451157603731732 0.3839296587775735 0.8642770957017658 0.39185226141237745 0.8682383920222251 0.44319465188419116
0 0.8209287129762526 0.38908681832107844 0.8264833794091423 0.45669888365502453 0.8685464985103514 0.4523092830882353 0.8629919170254872 0.3846972177542892
0 0.9650190827244259 0.007799224853515625 0.9722810345718076 0.06549688601026347 0.9993041057759221 0.0611764705882353 0.9920421539285403 0.003478810927447151
0 0.8936417592260352 0.01578255896474801 0.9112286338726514 0.08317520440793505 0.9702945249978253 0.06359556310317095 0.9527077352992345 -0.0037970808440563725
0 0.9861513481591423 0.09885346057368259 0.976049583822634 0.06596288344439338 0.9157182219630741 0.08950031355315563 0.9258199013515571 0.12239089068244485
0 0.993164487240127 0.08444022982728247 0.9154759501946329 0.11138048358992034 0.9336768291688413 0.17805186552159927 1.0113653662143354 0.15111161774280024
0 1.0177224516951549 0.27836655560661766 0.9942869054997391 0.17931688495710785 0.9618720981754524 0.1890591251148897 0.9853076443708682 0.2881087957643995
0 0.9309739528966597 0.20298268037683823 0.9444428870639787 0.2510535146675858 0.9718387102035491 0.24130296894148284 0.95836977603623 0.1932321346507353
0 0.9485694072938413 0.29202251359528186 0.9541814985919015 0.3413583792892157 0.9987765785381872 0.3349146225873162 0.993164487240127 0.28557875689338236
0 0.9853986237060717 0.3608304610906863 0.9820314538752609 0.33806006338082106 0.9516353514265832 0.3437697706035539 0.9550026062054193 0.3665401683134191
0 0.9639059237995825 0.40723192401960784 0.9998230532630915 0.40090679093903187 0.9954093237593511 0.3690702071844363 0.959492194295842 0.37539531632965684
0 1.0070187456506612 0.47522168926164216 0.9987765785381872 0.4234661745557598 0.9669637978699113 0.42990167356004905 0.9752059649823852 0.48165718826593135
0 0.9600793550474078 0.4287598134957108 0.9039933557052453 0.4366613051470588 0.9082930849588987 0.47542940027573527 0.9643789993530358 0.46752786075367647
0 0.9088962159392397 0.4470998008578431 0.8556978548245042 0.4536169194240196 0.8607201519822112 0.5056925934436275 0.9139185130969467 0.49917547487745095
0 0.8620670029249304 0.49987347771139706 0.8227827036306107 0.5061985868566177 0.8292926955571504 0.5575584980085785 0.8685769948514701 0.5512333888633578
0 0.9558645738191545 0.4718203795189951 0.9078613790938153 0.48165718826593135 0.9185287273834377 0.5477824371936274 0.9665320070568023 0.5379456284466911
0 0.8628778318273748 0.5099868355545343 0.8684899231254349 0.5593226773131127 0.9157182219630741 0.5524984202665442 0.9101062156130393 0.5031625785079656
0 0.9662267038535143 0.5196078431372549 0.9432636385753741 0.5273720894607843 0.948268096647747 0.5461733111213235 0.9712311619258872 0.5384090647977942
0 0.8931565361049495 0.6137737917432599 0.8885911743758699 0.5597474341299019 0.8382719566860213 0.5651486385569853 0.8428372334670755 0.619175044041054
0 0.9121538028172843 0.5519343118106618 0.887657935368824 0.5562934666053921 0.8942741123271137 0.603519837622549 0.9187699797755741 0.5991606349571078
0 0.9818588394876478 0.5976303040747549 0.9752059649823852 0.543643248314951 0.9154675403401183 0.5529944565716912 0.9221204997934064 0.6069815123314951
0 0.9468159101535316 0.601633540134804 0.8966372814457203 0.6068943876378676 0.8992636195470164 0.6387152937346814 0.9494422482548278 0.6334544462316176
0 0.9864300626304802 0.6030992934283088 0.949390514907359 0.6030992934283088 0.949390514907359 0.6334598556219363 0.9864300626304802 0.6334598556219363
0 0.9561250244650313 0.6802656345741421 0.9912405843608646 0.676171444163603 0.9876555228449025 0.6371120078890932 0.9525398780010439 0.6412061982996323
0 0.9527577696861952 0.635989870557598 0.9013658283315936 0.6399391084558823 0.9044941243149791 0.6916508693321078 0.9558860656695807 0.6877016314338236
0 0.9007710222577419 0.6652705173866421 0.8955148631861082 0.611954465379902 0.8431585068991388 0.6185109815410539 0.8484146659707724 0.6718270335477942
0 0.849864983608429 0.7284053308823529 0.8913941194219729 0.724610284543505 0.887657935368824 0.6726755418964461 0.8461287995552801 0.6764705882352942
0 0.9505129331669712 0.7536369293811275 0.9505129331669712 0.6903858379289216 0.889902771888048 0.6903858379289216 0.889902771888048 0.7536369293811275
0 0.9513282643147617 0.735556640625 1.0063296472686152 0.7189253025428921 0.995250725795929 0.6723841050091912 0.9402493428420755 0.6890154909620098
0 0.8427615447764439 0.7308665556066176 0.840466419026183 0.6791299498314951 0.797865154184064 0.6815306659773285 0.8001603648823504 0.733267271752451
0 0.8427615447764439 0.8067678653492647 0.8413751930019137 0.7348880782781863 0.798987572443676 0.7359266333486519 0.8003740091662317 0.8078063725490197
0 0.7658220794189283 0.717068301930147 0.7669999687391267 0.7967214786305147 0.7990359078701288 0.7961196959252451 0.7978580185499304 0.7164665192248775
0 0.924697483091945 0.7536369293811275 0.8835771171766267 0.7589334884344363 0.887657935368824 0.7991777248008578 0.9287783012841423 0.793881165747549
0 0.9587140703831768 0.764107785692402 0.9575429769050104 0.8274631395526961 0.9964830668004089 0.8283774701286765 0.9976541602785751 0.7650221162683823
0 0.8519187720185282 0.8452585018382353 0.8923255745204853 0.8401983762254902 0.8865356020572372 0.7814674287683824 0.8461287995552801 0.7865275065104167
0 0.8854131837976252 0.7283364928002451 0.8375953456637091 0.7406550149356618 0.8461287995552801 0.7827324601715686 0.8939466376891962 0.770413938036152
0 0.6719850076928932 0.915993221507353 0.6854539418602122 0.9817743757659314 0.7260308952570459 0.971220703125 0.7125620035637396 0.9054395488664215
0 0.9347991624804279 0.7852624751072304 0.9859444147692675 0.7673289100796569 0.9776099941012091 0.7371358475030637 0.9264647418123695 0.7550694125306373
0 0.9124600404488518 0.9118647556678922 0.8933790999314979 0.8422885071997549 0.857352897203375 0.8548386757046569 0.8764339226687543 0.9244149241727941
0 0.8719442496303061 0.9244149241727941 0.8569716504653793 0.8217588656556373 0.7944979843532533 0.8333333333333334 0.8094705835181802 0.9359893918504902
0 0.7430536300669798 0.8361089728860294 0.7587802279053584 0.9537365004595588 0.8099412805269224 0.9450477749693628 0.7942147676365693 0.8274202473958333
0 0.763070442980167 0.9471852979473039 0.7493672221587944 0.8828337545955882 0.7125620035637396 0.8927893305759804 0.726265266859125 0.9571408739276961
0 0.9569005149889092 0.7824180453431373 0.881699001283055 0.8165736060049019 0.91347338544385 0.9054395488664215 0.9886748991497043 0.8712839882046569
0 0.7263032386264787 0.9732715801164216 0.7049773766418754 0.8543594898897059 0.636238114072286 0.8700189568014706 0.6575638911088639 0.9889310470281862
0 0.8281702772975382 0.9307400811887255 0.7987948253740431 0.9422004250919118 0.8045996637417363 0.9611005476409313 0.833975030717206 0.949640203737745
0 0.09843106093967467 0.8570768229166666 0.04921769664448504 0.8940543619791667 0.07960904200374043 0.9454337086397059 0.12882240629893008 0.9084561695772059
0 0.03916367309825156 0.8991596775428922 0.08979091232820112 0.8744851983762255 0.06380904907141614 0.8067678653492647 0.013181809841466597 0.8314423445159314
0 0.08162953078788274 0.9522687844669118 0.04700318657032881 0.8977589805453431 0.0 0.9356862745098039 0.03462634421755393 0.9901960784313726
0 -0.030101927436717118 0.8851586435355392 0.008060038546016005 0.9344944852941176 0.04921769664448504 0.8940543619791667 0.011055730661751913 0.8447185202205882
0 0.36686554698373347 0.2619008741191789 0.36790386669819936 0.29349867876838237 0.4017237993106298 0.29208697150735297 0.40068543712215116 0.2604891429227941
0 0.5540814383127827 0.2765127623314951 0.5046954171559673 0.2765127623314951 0.5046954171559673 0.3254269349341299 0.5540814383127827 0.3254269349341299
0 0.4395787206555541 0.34899114870557596 0.5074039424718381 0.3395827349494485 0.5021714414252784 0.2916668581495098 0.43434617713498175 0.30107524797028185
0 0.40360998526661446 0.6984460688572304 0.458982251299365 0.6731455844056372 0.4373508312673974 0.6130086263020833 0.38197856523464685 0.6383091107536765
0 0.22225453078788274 0.689917423023897 0.18558909416862387 0.7185912607230392 0.20314122507285143 0.7471009976256128 0.2398066616921103 0.7184271599264705
1 0.09130400655662839 0.5459951363357843 0.04812127248064544 0.5344071212469362 0.0371676493454245 0.5862576593137255 0.08035038342140745 0.5978456744025735
1 0.04719567879588552 0.7640096986060049 0.009789410447112038 0.790359126072304 0.02812510193763048 0.8234236174938725 0.06553137028640396 0.7970742378982844
1 0.06958254161773661 0.8532556870404412 0.11270037540231385 0.8717686312806373 0.12413234086856298 0.8379468252144607 0.08101450708398573 0.8194338809742647
1 0.5573834530081115 0.7338980162377451 0.5282393995058063 0.7776941157322304 0.5606402328799147 0.805082337622549 0.5897842863822199 0.7612862859987745
1 0.7564800902215988 0.5108712469362745 0.7169360198656054 0.5280129346660539 0.733257253881785 0.5758398916207108 0.7728013242377784 0.5586982038909314
1 0.8037578288100209 0.46588235294117647 0.8037578288100209 0.5184313725490196 0.8573416840640222 0.5184313725490196 0.8573416840640222 0.46588235294117647
1 0.7564478949199722 0.411989075903799 0.8021072886764962 0.43914895450367647 0.8231013436738865 0.3943166934742647 0.7774419499173626 0.3671568148743872
1 0.790200633644311 0.43307856541053924 0.8025743329201461 0.4714298023897059 0.8320761875054367 0.4593387618719363 0.8197024032815762 0.4209875248927696
1 0.7480862908837856 0.15450980392156863 0.7480862908837856 0.2164705882352941 0.8016701461377871 0.2164705882352941 0.8016701461377871 0.15450980392156863
1 0.7669982697786186 0.22768166934742648 0.74814770830615 0.19227220722273283 0.7202095769724252 0.21116493374693626 0.7390601384448938 0.2465743958716299
1 0.7821042373434238 0.24975348977481618 0.8109621858961813 0.2309234499463848 0.7968913100208769 0.20353103936887254 0.7680333614681193 0.2223610791973039
1 0.7663186855754175 0.11654902439491421 0.7311343177790101 0.14629019942938112 0.7495894461932411 0.17402353324142156 0.7847738139896486 0.14428235820695465
1 0.789839944328462 0.11764705882352941 0.789839944328462 0.14901960784313725 0.8308977035490606 0.14901960784313725 0.8308977035490606 0.11764705882352941
1 0.8374366627522617 0.22843812231924018 0.9007630371433543 0.19784989899280025 0.8785904132415623 0.13954022575827205 0.8152640388504697 0.1701284610523897
1 0.9055090833224599 0.15824540680530025 0.9197426346664057 0.12215079513250612 0.8937864257132916 0.10914897843903186 0.8795528743693458 0.1452435781441483
1 0.8869248339096207 0.15521969065946692 0.8945847672560021 0.1789609303193934 0.9172698825950331 0.16966366038602942 0.9096099492486517 0.14592243269378063
1 0.9485038274182325 0.2996078431372549 0.9485038274182325 0.33568627450980393 0.977731384829506 0.33568627450980393 0.977731384829506 0.2996078431372549
1 0.7167710508002784 0.2972549019607843 0.7167710508002784 0.32313725490196077 0.7369519832985386 0.32313725490196077 0.7369519832985386 0.2972549019607843
1 0.6130828114126653 0.36392156862745095 0.6130828114126653 0.3968627450980392 0.6423103688239388 0.3968627450980392 0.6423103688239388 0.36392156862745095
1 0.5152761184596816 0.35657485064338235 0.49034998926256956 0.3219986261106005 0.46467559538372044 0.34550958371629903 0.48960168210681976 0.3800858082490809
1 0.5040116280255089 0.36897346047794116 0.4790412833811761 0.38585927925857844 0.4927340555954245 0.4115801642922794 0.5177043577657446 0.3946943455116422
1 0.36812804453723036 0.20705882352941177 0.36812804453723036 0.24 0.40153096729297144 0.24 0.40153096729297144 0.20705882352941177
1 0.09872693491214335 0.11601384181602328 0.10529290758742171 0.1493148743872549 0.13535550408837857 0.14178546980315565 0.1287895314131002 0.10848442526424633
1 0.6437021572720947 0.16705882352941176 0.6437021572720947 0.19058823529411764 0.6666666666666666 0.19058823529411764 0.6666666666666666 0.16705882352941176
1 0.17213035376435282 0.5756014954810049 0.11164396175843772 0.5642395258884804 0.10511765981102122 0.6083730660232843 0.16560405181693633 0.6197350356158088
1 0.19169838625935107 0.4038292738970588 0.1709034494334986 0.409688601026348 0.17827175620868127 0.4429065659466912 0.19906669303453375 0.43704728668811277
1 0.2513783666601427 0.45870284734987743 0.2202879839998695 0.46308296951593136 0.22409934705549756 0.49744796453737744 0.2551897297157707 0.4930678902420343
1 0.07933194154488518 0.37254901960784315 0.07933194154488518 0.4109803921568628 0.10647181628392484 0.4109803921568628 0.10647181628392484 0.37254901960784315
1 0.8026252167873609 0.8356619561887255 0.845991438598208 0.8315889246323529 0.8439853060303584 0.8044570503982843 0.8006190842195111 0.8085300819546568
1 0.9631176061238692 0.8862745098039215 0.9631176061238692 0.9435294117647058 0.9993041057759221 0.9435294117647058 0.9993041057759221 0.8862745098039215
1 0.5228921761509439 0.10663561054304534 0.49154248964313674 0.11016889983532475 0.4946360843581463 0.14503591500076593 0.5259858133399661 0.1415026257084865
1 0.23341109475578461 0.32913495232077206 0.26329360144289315 0.3493425675934436 0.28036348240692416 0.31727797564338234 0.2504809757198156 0.2970703603707108