0 0.12057240970799181 0.07579293148833033 0.17498273005251025 -0.040290894547129065 0.30902213675076845 0.0395244674513451 0.25461173636014345 0.15560829630624076
0 0.14278643498655225 0.09989535605916251 0.21960373174948772 0.15040188018956716 0.18135740186347335 0.22430205644718912 0.10454002505443136 0.17379543081707893
0 0.25234082831711063 0.1703145660828945 0.21321359102843238 0.2549889811919692 0.18043084816854507 0.23574405058348347 0.21955810546875 0.15106957908568344
0 0.15463669073386271 0.32531995413837306 0.1350948546362705 0.2281459856280026 0.1859564709272541 0.21515179032849455 0.2054983070248463 0.31232575883886504
0 0.10882598376664959 0.35861075232844836 0.07358509501472849 0.20469233589708055 0.12450770643890881 0.18988048387120057 0.15974860519659323 0.34379885519158815
0 0.11107334824859119 0.38893577423434034 0.10593951115842726 0.3513237501371374 0.15698813516585552 0.3424717578197178 0.16212196225025616 0.3800837819169207
0 0.15956524958376025 0.3182871523206532 0.23230186587474386 0.31083414172209906 0.23723696849385245 0.37202096108762933 0.16450034219710552 0.37947397168618346
0 0.2423557569159836 0.27230038752136454 0.2683505299052254 0.20881856959216788 0.3223330038101947 0.23690092167145926 0.29633827084400616 0.3003826719341856
0 0.2911119004546619 0.34942649508615115 0.2335787413550205 0.32388066575867286 0.24941008020619876 0.2785844147337514 0.3069432993404201 0.3041302440612297
0 0.33414684858478483 0.242985287685352 0.2653868228099385 0.21265870945064208 0.2840362448770492 0.15894033991664935 0.3527962906634221 0.18926688431812408
0 0.3261800196913422 0.1793304240359964 0.2834589123335041 0.15826392332360378 0.30115892754226437 0.11266347768125232 0.34388007492315575 0.13372997839364492
0 0.3923809314164959 0.07096346272245127 0.36693403400358604 0.1297612722415177 0.31535752593493854 0.10140359657214293 0.34080446337090164 0.04260579269194902
0 0.21154008709016395 0.2580084395426252 0.24777976114241804 0.16556611663750692 0.2796868996542008 0.18145684286654656 0.2434473256595799 0.27389923343813516
0 0.409830822553791 0.22076641570526145 0.3931257604380123 0.2584237988930848 0.3371638463755123 0.22688572017334166 0.353868908491291 0.18922829187453807
0 0.4263671875 0.15498407311732032 0.40472268026383196 0.21292481912301367 0.34942727010758196 0.18668279203765936 0.3710718173668033 0.12874210242069128
0 0.42507972592213117 0.1572042551202767 0.3695194031762295 0.13158563922619873 0.390419201460041 0.0740025499883794 0.4459795242059426 0.09962126174329038
0 0.40704129578637294 0.03747034742492089 0.46057781282018445 0.05392725592794369 0.4507635598104508 0.09448744611042302 0.3972270827996926 0.07803044738543977
0 0.3625916527920082 0.046865154528564996 0.3775833680199795 0.00582822904001759 0.41021096151383196 0.02097101345471074 0.39521924628586064 0.062007940705405815
0 0.4769046971055328 0.02083837448537394 0.4505598824923156 0.100022050247136 0.3918252113217213 0.07519658124631895 0.4181700259349385 -0.003987095572731711
0 0.3017397020683914 0.35549389937147774 0.27924202340548154 0.4196340669461382 0.24060468830046106 0.4024170102318921 0.2631024069864242 0.3382768426572316
0 0.3049083071849385 0.33596289748186897 0.29815259589523563 0.30550470796234064 0.3204260053790984 0.29922848494953347 0.32718173668032785 0.3296866744690618
0 0.37092709400614754 0.26777913952790094 0.3401498062884221 0.331821957607227 0.30866803278688526 0.3126015222610056 0.33944536052766394 0.24855872673716972
0 0.3868060803022541 0.284759138041043 0.4214248206967213 0.31012186189977137 0.38815657818903687 0.367810257082063 0.35353787781762297 0.3424474655568644
0 0.4662399542136271 0.2869387201617932 0.45107954181608606 0.32453159464788894 0.381436987704918 0.2888516738338992 0.39659740010245903 0.2512587993478035
0 0.39660596503586065 0.2521475533247875 0.4180441134093238 0.20382056620415281 0.4893190877945697 0.24398844310819706 0.46788093942110653 0.29231538511785154
0 0.43007340227971314 0.29539815672925906 0.4413675877305328 0.30697081481978705 0.43617087442366803 0.31341392590395184 0.42487668897284836 0.3018412227024436
0 0.4516155305455943 0.31983917303994597 0.43741899334016393 0.31823904146023885 0.4382873335040984 0.30845187596717943 0.45248387070952867 0.31005200754688655
0 0.4834613137167008 0.2433507317361881 0.43081586994108606 0.22084321714910154 0.4417196305071721 0.1884426164873776 0.49436499423668034 0.21095017618544437
0 0.4415008244748975 0.190718916549739 0.4489485143442623 0.16553556522614676 0.4994813012295082 0.1845211302538052 0.4920336513831967 0.2097045266883777
0 0.4471652071593238 0.16694431347223185 0.45923676037397543 0.12952740564226486 0.5076346775742828 0.1493639554787105 0.49556316438268444 0.18678086330867746
0 0.4463731509349385 0.16718306333509447 0.46634961737961067 0.09963515592520095 0.5166736039959017 0.11854227295824095 0.4966971375512295 0.18609018036813446
0 0.506983142289959 0.025002351973731695 0.5736958087858607 0.06152488669023986 0.5415895155609631 0.13602916100072754 0.4748768490650615 0.09950663474252817
0 0.4946089747694672 0.05036670828605703 0.48326179879610653 0.07807784774791551 0.4603975890112705 0.06618359911820665 0.47174480500768445 0.03847255551718115
0 0.42365090292008195 0.15209036162405304 0.4401159467853484 0.10569494773261387 0.46567759029200817 0.11721943857400222 0.4492125464267418 0.16361485246544138
0 0.47818235303534834 0.04158002539026411 0.47818235303534834 0.0 0.5143766809682377 0.0 0.5143766809682377 0.04158002539026411
0 0.5122885181864754 0.03216567959330827 0.5122885181864754 0.0 0.5540511734759221 0.0 0.5540511734759221 0.03216567959330827
0 0.5457682425076844 0.05075897081463934 0.5552344550461066 0.018750256286756427 0.5888533795466189 0.03138114889727111 0.57938720703125 0.06338996069570514
0 0.5540511734759221 0.029812093144069313 0.5540511734759221 0.0 0.5972059106045082 0.0 0.5972059106045082 0.029812093144069313
0 0.6352383372822746 0.0926154757638552 0.5802759589523565 0.07914815086483162 0.5886310114626024 0.03582917613095032 0.6435933897925205 0.04929641080801344
0 0.5944217469262295 0.04471813971610397 0.5944217469262295 0.0 0.6501053006531762 0.0 0.6501053006531762 0.04471813971610397
0 0.5920377337346312 0.11056989964430894 0.5762424756659836 0.1847500120897427 0.5358855900998976 0.17383307593008016 0.5516808481685451 0.09965296348464639
0 0.5362864209784836 0.17280347419507575 0.5514195376536886 0.09889027214191265 0.6260956711065574 0.11831396628730137 0.6109625544313525 0.19222715706271942
0 0.6247942014600409 0.12482281534740507 0.5668032386654713 0.10009081065875024 0.5792813460553279 0.06292069936274425 0.6372722688268443 0.08765270405139909
0 0.5169151431224385 0.08675967017016584 0.5529539014472336 0.09578634348077766 0.5373625208119877 0.1748668842639909 0.5013238025102459 0.16584010945367356
0 0.6205236616290983 0.2317394812020741 0.5576696577228484 0.21970933010555246 0.564499791880123 0.17437415958243832 0.627353795786373 0.1864042994012149
0 0.6288904008709016 0.3029335850886918 0.5324353227459017 0.29444004462017276 0.5360996333888319 0.24157414855731477 0.6325546714907787 0.25006762135936345
0 0.5389429511398566 0.23914284716688608 0.5275196112961066 0.2906448352980067 0.48018858862704916 0.2773078416597376 0.49161192847079915 0.22580585352861696
0 0.4463583824282787 0.35834283821686763 0.46556628618084017 0.27329052842641355 0.5114433913934426 0.2864528749047256 0.49223548764088115 0.3715051621396896
0 0.5382407066470287 0.29540467526590214 0.5230053310706967 0.36838643707703944 0.49185222688268443 0.3601244061590563 0.5070876024590164 0.287142644347919
0 0.5331698658427254 0.35539152000184776 0.5331698658427254 0.29733639510578347 0.5798048075691599 0.29733639510578347 0.5798048075691599 0.35539152000184776
0 0.6322507764472336 0.3030690082513396 0.6290977603099385 0.36111470495253606 0.5246140176741804 0.35390450420506514 0.5277669937884222 0.2958588075038687
0 0.6363911613089139 0.4237968630907012 0.5079936443391393 0.413816194047949 0.5117283955558402 0.3527779702512934 0.6401259125256148 0.3627586392940456
0 0.6367457255379099 0.49657143016964617 0.36211886046362707 0.47312147953910294 0.36703849417264345 0.3999266585683435 0.6416653592469262 0.4233765640879065
0 0.3818994140625 0.40550463127367425 0.3430252625512295 0.3752866802793561 0.3615341236552254 0.3450371290433874 0.4004082751664959 0.3752550800377056
0 0.34556624615778686 0.376455392999642 0.2921547011078381 0.3592549371261202 0.3007436483414447 0.3253721926534784 0.35415519339139345 0.3425726485270002
0 0.3763198802510246 0.41255389859917774 0.3591348216572746 0.4609782352151469 0.3215724257172131 0.44404325746027346 0.33875748431096314 0.39561892084430433
0 0.28356841540727457 0.4070135033403779 0.29623639216188524 0.36417825928636594 0.32651431224385247 0.37555391772623337 0.31384635550076845 0.4183891843357354
0 0.3184197497758709 0.4190306624745935 0.3083885317943135 0.46425645014839706 0.2712115978803791 0.45378064298665005 0.2812428158619365 0.4085549004238267
0 0.2737970470991291 0.44404930233162415 0.23333540119108606 0.43161152841775224 0.240129894819416 0.40353138677649203 0.28059146068135243 0.4159692058013442
0 0.2852887463178791 0.4479890697899344 0.2703995701524078 0.5172147109432742 0.22475948146132171 0.5047438706808943 0.23964865762679302 0.43551822952755453
0 0.2663027503842213 0.5361724199406411 0.2762542624551742 0.4688725214223023 0.3138406922387295 0.47593329204776424 0.30388914014472335 0.5432331454551229
0 0.3222798131723873 0.4446987200030026 0.3789744092597336 0.4641942421066611 0.3682730452740779 0.5037299562892646 0.3115784691982582 0.4842344341856061
0 0.3647271628457992 0.5421093858266353 0.30761390560963114 0.5313804158438424 0.32010510053790986 0.44690572959973207 0.3772183177510246 0.45763469958252495
0 0.30625944544057376 0.5766286236748198 0.30625944544057376 0.5272033195185467 0.3842163886398566 0.5272033195185467 0.3842163886398566 0.5766286236748198
0 0.46091744845030735 0.5528282058388766 0.3703510422003074 0.5378897498469836 0.3792168288934426 0.4696055748510255 0.4697832351434426 0.4845440308429185
0 0.48989489946209014 0.507629980973993 0.4854186411372951 0.5500103484588645 0.45876664959016394 0.5464341303902208 0.46324290791495903 0.5040538080163295
0 0.5533275566726434 0.5659559521953529 0.48330966636782785 0.5580640117591694 0.48638327676741805 0.5234204931604536 0.5564011670722336 0.5313123884856569
0 0.4809665567366803 0.5013138572991731 0.4628694127817623 0.5013138572991731 0.4628694127817623 0.4856233110449002 0.4809665567366803 0.4856233110449002
0 0.5047264424308402 0.4514830956526007 0.5852464619620902 0.5006882131143755 0.5544726162269468 0.5646645150533537 0.4739525966956967 0.5154594427025592
0 0.5540511734759221 0.5632916525920408 0.5540511734759221 0.5146508734929324 0.6396646068135245 0.5146508734929324 0.6396646068135245 0.5632916525920408
0 0.6205173379866803 0.5697613340435606 0.6071700099257172 0.6868902799912232 0.5018695968878074 0.6716461519972977 0.5152168849257173 0.5545171609386549
0 0.33262561235271515 0.630102142085874 0.2916007620389344 0.6367078331427846 0.2851136254482582 0.585525230751686 0.3261384757620389 0.578919449472815
0 0.24007764472336066 0.5868329078465678 0.28696703301101434 0.582428767957779 0.2908360615714652 0.634759535017669 0.24394667328381148 0.6391636749064579
0 0.07871850185706968 0.5785299612695168 0.05326785728579662 0.44944263579487714 0.12704038526191086 0.4309647271832271 0.15249103483606558 0.5600520075468866
0 0.18412417552510246 0.601041332845413 0.11009784635950308 0.6219005598813978 0.09834691782466701 0.5689217735905164 0.17237332703637295 0.5480625916655119
0 0.023340336533843493 0.65497218637403 0.01707016116282979 0.57723311080989 0.07819655621638064 0.5709697218709581 0.08446664278624488 0.6487088425460782
0 0.10174319407978996 0.5590806328096128 0.1755648253393955 0.5571895805184082 0.17700899718237706 0.628812148495242 0.10318736592277152 0.6307032007864468
0 0.23634285348360656 0.44498752049842943 0.17838911212858607 0.44976707396468496 0.17384469454405738 0.37976389995611604 0.23179835585297132 0.3749843013788803
0 0.028346042320376536 0.6499137117170177 0.09926455638447745 0.6446548991968081 0.1021700599545338 0.6944324749976903 0.03125155089331455 0.6996913326288803
0 0.18322505763319671 0.6916521048422487 0.11921184602330942 0.698211286478543 0.11468756003457992 0.6421174967808805 0.1787007716444672 0.635558315144586
0 0.2408070848808914 0.6163026030118256 0.24733360415599384 0.707029490671771 0.18478103387551228 0.7127460894193459 0.17825451460040984 0.6220191566484202
0 0.24652555872182377 0.7295119912203206 0.19264594406378074 0.7386213867909276 0.18879646676485656 0.7096954142703714 0.2426760814228996 0.7005861089217249
0 0.2669864842149078 0.6526374224812915 0.31664658843493854 0.6414427718495935 0.3230447938012295 0.6775009256773143 0.27338478963883195 0.6886955763090123
0 0.2566406450115266 0.7318431462346406 0.2529492787845799 0.6860767936847515 0.33497412509605534 0.6776720316253233 0.33866543128842214 0.7234383841752124
0 0.32584470655097336 0.5800372995628926 0.38668957319415986 0.5785464267773004 0.38843109631147543 0.6688439030164449 0.32758628970286885 0.6703348209130173
0 0.3897847560194672 0.707644939775037 0.3897847560194672 0.662142260904587 0.4322434522284836 0.662142260904587 0.4322434522284836 0.707644939775037
0 0.38908871509989756 0.628407548113567 0.38908871509989756 0.5593689821952375 0.43085137038934423 0.5593689821952375 0.43085137038934423 0.628407548113567
0 0.40648981813524593 0.664495836076081 0.40648981813524593 0.6276230230564024 0.4378118196080943 0.6276230230564024 0.4378118196080943 0.664495836076081
0 0.4874410060194672 0.617817925948702 0.43309562307889343 0.615506484432742 0.43381467725409834 0.5940291016346776 0.48816010021772543 0.5963405882616177
0 0.48846239433913935 0.5584637401549797 0.4848262599257172 0.6445294455607908 0.4289049692622951 0.6415279864912463 0.4325411036757172 0.5554623713073956
0 0.19105266633580942 0.7718116100505821 0.12062287877817623 0.7812299707247783 0.11561394363153177 0.7336446081191104 0.18604372118340165 0.724226247444914
0 0.18426129450563525 0.7292172811864838 0.11497227402984118 0.7328780823430571 0.11344568471439549 0.6961716837294438 0.18273471519595286 0.6925108825728705
0 0.07896805059714396 0.7555841077986419 0.07292108254354508 0.698786180810583 0.10431987824987192 0.6945393429098531 0.11036693135245902 0.751337269897912
0 0.035498254494588884 0.7296117315976072 0.035498254494588884 0.6990151190352457 0.07517277451812243 0.6990151190352457 0.07517277451812243 0.7296117315976072
0 0.07937427458215933 0.7655119518835458 0.04620503409964139 0.7672922116073079 0.044721604644275104 0.7321800801459719 0.07789084512679303 0.7303998204222099
0 0.0 0.7217664359149806 0.0 0.6535124401647958 0.021577371065733864 0.6535124401647958 0.021577371065733864 0.7217664359149806
0 0.0 0.7892359066080007 0.0 0.7241200561974547 0.028537812780161372 0.7241200561974547 0.028537812780161372 0.7892359066080007
0 0.0 0.8653352431517923 0.0 0.7892359066080007 0.03201803238665471 0.7892359066080007 0.03201803238665471 0.8653352431517923
0 0.11183829886014345 0.7538008256392046 0.11483106269211066 0.807771557274344 0.03999407908955559 0.8130434970898004 0.0370013928022541 0.7590727203436807
0 0.06294577676741803 0.8087800583483463 0.11445491603163423 0.8072913960007853 0.1152675340996414 0.843014239912463 0.06375847988441342 0.8445029924819845
0 0.0407258080654457 0.8501748862481523 0.03874804637471183 0.8122794073066796 0.06310721475569929 0.8106644342144771 0.0650848888960041 0.8485598229339892
0 0.10977896268250513 0.8753724362527716 0.040554006607806094 0.8793397665200019 0.03905163123959401 0.8460368560317351 0.10827658731429303 0.8420695257645048
0 0.0 0.897500905828483 0.0 0.870826963662925 0.03132198896564421 0.870826963662925 0.03132198896564421 0.897500905828483
0 0.0 0.9218213179335274 0.0 0.8700423934947801 0.033410121730116545 0.8700423934947801 0.033410121730116545 0.9218213179335274
0 0.04315474213146773 0.9398654393592941 0.04315474213146773 0.8849484146918883 0.09675014808529712 0.8849484146918883 0.09675014808529712 0.9398654393592941
0 0.04245869620901639 0.9994896143696878 0.04245869620901639 0.938296389244965 0.08630948426293546 0.938296389244965 0.08630948426293546 0.9994896143696878
0 0.03791537675701204 0.9293766853462213 0.039159113149173926 0.9994699459823079 0.005052692851082223 1.0002387273073725 0.0038088707845719133 0.930145647115207
0 0.1288574819095799 0.8861339312523097 0.12467492275550718 0.9408203485887842 0.09232127705558402 0.9376766545985772 0.09650391625576332 0.8829902372621027
0 0.0877015661020748 0.9994896143696878 0.0877015661020748 0.938296389244965 0.1266800477074795 0.938296389244965 0.1266800477074795 0.9994896143696878
0 0.12876818047195185 0.9994896143696878 0.12876818047195185 0.8723960137772543 0.23665503329918033 0.8723960137772543 0.23665503329918033 0.9994896143696878
0 0.23715564164959016 0.954192325792221 0.2341398645619877 0.8726120953725517 0.27913063924820697 0.8704991872805802 0.28214643634733605 0.9520794177002494
0 0.32362444768186477 0.8676697363786493 0.32507550349001024 0.9314563015347838 0.2802904272861168 0.9327506257795177 0.27883937147797133 0.8689640606233833
0 0.32226846663678277 0.9814454929439209 0.27493746397925206 0.9814454929439209 0.27493746397925206 0.9296665685051737 0.32226846663678277 0.9296665685051737
0 0.2171657874935963 0.9994896143696878 0.2171657874935963 0.967323951692997 0.27354536212858604 0.967323951692997 0.27354536212858604 0.9994896143696878
0 0.2728493212090164 0.9994896143696878 0.2728493212090164 0.9798764428295916 0.3229645075563525 0.9798764428295916 0.3229645075563525 0.9994896143696878
0 0.3229645075563525 0.9994896143696878 0.3229645075563525 0.867688773212306 0.37516781666239757 0.867688773212306 0.37516781666239757 0.9994896143696878
0 0.3719443199282787 0.9963064933827606 0.3757269387167008 0.9494083965608833 0.41256591796875 0.9531831931644955 0.40878333920338117 1.000081289986373
0 0.46132628393954916 0.9479767544923319 0.45893266521516396 1.0019351708298687 0.40932433081454916 0.9991393727191888 0.4117179495389344 0.9451810466036124
0 0.438136206454918 0.927876925697524 0.3763655465548156 0.9309040529148189 0.37370353323514344 0.8618936362481523 0.43547411308913936 0.8588665992528178
0 0.40997002273309424 0.9351582890163064 0.40997002273309424 0.877103164120242 0.44338014696465167 0.877103164120242 0.44338014696465167 0.9351582890163064
0 0.43793052798411886 0.9467554198136087 0.4436258484887295 0.8633046174877587 0.48386538646260246 0.8667935909206393 0.4781701059810451 0.9502443030245288
0 0.5211122406506148 0.9567991991177014 0.47716504706711066 0.9506074464153732 0.48308677798411886 0.8972112031134516 0.527033971567623 0.9034029558157798
0 0.5088083135886271 0.9994896143696878 0.4559089635630123 0.9994896143696878 0.4559089635630123 0.9579096510070214 0.5088083135886271 0.9579096510070214
0 0.5262094166239754 0.9994896143696878 0.5262094166239754 0.9641858514643386 0.5644918673155738 0.9641858514643386 0.5644918673155738 0.9994896143696878
0 0.5046320280481558 0.9994896143696878 0.5046320280481558 0.9626168013500093 0.5276014984631148 0.9626168013500093 0.5276014984631148 0.9994896143696878
0 0.5678492411629098 0.9644165490172303 0.5361260085809426 0.9616661325526608 0.5403391153304303 0.8999329289945953 0.5720623479123975 0.9026833454591648
0 0.5735632524334017 0.8980025399286308 0.6255896996670082 0.9033333946842664 0.6219839827740778 0.9480386467572062 0.5699575355404713 0.9427077017796102
0 0.566762415151127 0.9625032119017923 0.5688121157786885 0.9347795372263027 0.5903558849897541 0.9368031255774205 0.5883061843621926 0.9645267100309497
0 0.5644918673155738 0.9994896143696878 0.5644918673155738 0.9649703314105229 0.6013821961449795 0.9649703314105229 0.6013821961449795 0.9994896143696878
0 0.627249975986168 0.8978855220459164 0.5744060578893443 0.8944492382379434 0.5763394515240778 0.8566761904968127 0.6291834496670082 0.8601124743047857
0 0.6287244652920082 0.8611675299103844 0.5808825883709017 0.8571731330550166 0.5828634493468238 0.8270325022808112 0.6307052862448771 0.8310268089142184
0 0.5818929703509221 0.8292469100782982 0.5818929703509221 0.7947276271191334 0.6327041976178279 0.7947276271191334 0.6327041976178279 0.8292469100782982
0 0.5832850521900614 0.793943147172949 0.5832850521900614 0.7586392940456393 0.6347923203765369 0.7586392940456393 0.6347923203765369 0.793943147172949
0 0.5825890112704918 0.7609929143281134 0.5825890112704918 0.6856781479524667 0.6389685658939549 0.6856781479524667 0.6389685658939549 0.7609929143281134
0 0.5182154120773566 0.8013481145775592 0.5128064164959016 0.7251402861263165 0.5810276319159836 0.718988817529333 0.5864366274974385 0.7951966008695953
0 0.5232407066470287 0.7947543328194291 0.5795245661501025 0.7919348063331486 0.5816967373206967 0.8470219896179786 0.5254128778176229 0.8498414258822986
0 0.5784127257300204 0.8927937554854952 0.5255133757044057 0.8927937554854952 0.5255133757044057 0.8480756016722099 0.5784127257300204 0.8480756016722099
0 0.43675120869620904 0.821253424825619 0.43307008837090166 0.7009307568106754 0.4809202500640369 0.6990710566507299 0.48460137038934425 0.8193937697766537
0 0.4364196977459016 0.8574899023581856 0.4364196977459016 0.8190480392241778 0.48375072041495903 0.8190480392241778 0.48375072041495903 0.8574899023581856
0 0.39535312339907785 0.8574899023581856 0.39535312339907785 0.8064955480875832 0.43572365682633196 0.8064955480875832 0.43572365682633196 0.8574899023581856
0 0.3668152856045082 0.8574899023581856 0.3668152856045082 0.8096336483162417 0.39604916431864756 0.8096336483162417 0.39604916431864756 0.8574899023581856
0 0.3172402503842213 0.789468498822062 0.36654757140112704 0.7868220180559405 0.3694955494364754 0.8565988702766999 0.3201881883965164 0.8592453510428215
0 0.254974365234375 0.7291285027773928 0.3164206582991803 0.7256656486020648 0.32034003586065574 0.8140179844847099 0.2588936827612705 0.8174808837710181
0 0.2902316134093238 0.8612853597907428 0.2837791367827869 0.81764860639551 0.3161733558529713 0.811563225384562 0.3226258725025615 0.8551999787797949
0 0.28648361456198773 0.8164175277450573 0.2896158187115779 0.8623125368105599 0.26396040119108605 0.8645367788017368 0.2608281970414959 0.8186418599581947
0 0.23853661709144466 0.8049773831589523 0.24118712378329918 0.864726786250462 0.1958487488793545 0.8672818721706393 0.1931982421875 0.8075324690791297
0 0.1936009741611168 0.806458105973993 0.18972286036757172 0.7474482974033398 0.25328125 0.7421417123550674 0.2571593637935451 0.8011515209257206
0 0.24380026895491802 0.8621938047105968 0.2054601450435451 0.873717675276007 0.1988751720991291 0.8458848320283628 0.23721529601050204 0.8343609614629527
0 0.19413270043545083 0.7701882463160569 0.20031942398821723 0.8678122870761733 0.12335174060258709 0.8740088215424058 0.11716508709016393 0.7763847807822893
0 0.39980852971311476 0.7709056011236604 0.3982600377817623 0.7115635050726395 0.4331957607581967 0.710405325766237 0.4347442526895492 0.7697475120392184
0 0.4873121718109631 0.8290083632148466 0.4772270827996926 0.7124954077022126 0.5118356973616803 0.7086897551881236 0.5219207863729508 0.8252026204787971
0 0.4823586385758197 0.8598435226406597 0.4823586385758197 0.8229707096209812 0.5074162317494877 0.8229707096209812 0.5074162317494877 0.8598435226406597
0 0.506720190829918 0.8551363722976718 0.506720190829918 0.8245397597353105 0.5269054575435451 0.8245397597353105 0.5269054575435451 0.8551363722976718
0 0.6762519211065574 1.000544579753326 0.6294724561347336 0.9944136366523466 0.6352499039446722 0.9384111515786677 0.6820293288934426 0.9445420946796471
0 0.6877536661116803 0.944658029898836 0.6348956599001024 0.9387003129619365 0.6385482037653688 0.8975319421828807 0.69140625 0.9034897493417405
0 0.6440282402663935 0.8967286960689209 0.6563218413806352 0.8357603942916205 0.7024713434938524 0.8475823582143847 0.6901777824026639 0.9085505697697247
0 0.7176189485143443 0.8164486543214153 0.7101805039702869 0.8611638308100056 0.6592877897669057 0.8504084709037787 0.6667263143570696 0.805693204193228
0 0.6947508965163934 0.8633100308053862 0.8582370645491804 0.8919035354016537 0.8406312435963115 1.0197865781480968 0.6771451556096312 0.9911929833298688
0 0.7169588883196721 0.8659125734767646 0.8580832959784837 0.894833493567535 0.8502207671618852 0.9435747348196138 0.7090964395491803 0.9146538147288433
0 0.7915329629866803 0.9994177074672025 0.7998020459784836 0.9168670496408444 0.8504392129866803 0.9233109727226534 0.8421702100409836 1.0058616305490116
0 0.8444742571721311 0.9807676553549981 0.8583839491547132 0.8945385579787971 0.8939100922131148 0.9018189288560144 0.8800003201844262 0.9880481164541759
0 0.8360563684682377 0.843608622187962 0.8957702836834016 0.8564967390174612 0.8892979956454918 0.8945934129307558 0.8295840804303278 0.881705205879296
0 0.6674766665599385 0.7750738556968311 0.7049222752305327 0.7790934244791666 0.7035739786116804 0.7950502608497321 0.6661284099641394 0.791030601845436
0 0.7213106749487705 0.812065671482354 0.6489075707607582 0.8085176026653732 0.6522262423155738 0.7224843771653271 0.7246292264344262 0.7260325362042683
0 0.647689709272541 0.6736528688418099 0.7213293256915984 0.6759268682441796 0.7201316758452869 0.7251970357394447 0.6464920994492828 0.722923036337075
0 0.6480171378714139 0.682540002612828 0.6480171378714139 0.6362528437961936 0.6807312211834017 0.6362528437961936 0.6807312211834017 0.682540002612828
0 0.7176997150358606 0.6367378770556171 0.7167426037397541 0.6788132040921794 0.6792344390368853 0.6777292323482539 0.6801916303790984 0.6356539053116916
0 0.6473210969518443 0.6331146984565549 0.6473210969518443 0.5860429694717757 0.691171875 0.5860429694717757 0.691171875 0.6331146984565549
0 0.6876917104252049 0.6150705319198079 0.6876917104252049 0.5805512940716232 0.7391989786116804 0.5805512940716232 0.7391989786116804 0.6150705319198079
0 0.6480171378714139 0.5860429694717757 0.6480171378714139 0.5319105149725147 0.686299548539959 0.5319105149725147 0.686299548539959 0.5860429694717757
0 0.6850712410348361 0.5280339931084858 0.7361505026895492 0.5261149268985588 0.7377373367059427 0.5797693854513118 0.6866580750512296 0.581688451661239
0 0.6480171378714139 0.5272033195185467 0.6480171378714139 0.47934706547660294 0.737110815829918 0.47934706547660294 0.737110815829918 0.5272033195185467
0 0.7236679527407787 0.4840710873261964 0.6449396052126024 0.4812980702605322 0.6461632700435451 0.43716238942396524 0.7248916175717213 0.43993540648962953
0 0.7083480884989755 0.43634285824614283 0.6467064629226434 0.44020268904748705 0.6447810738985655 0.4011404146023882 0.7064227394979509 0.39728053869006374
0 0.6954474577356557 0.3216528148890775 0.6979284067622951 0.39994980050120105 0.6453447185578893 0.4020664979155118 0.64286376953125 0.3237695123033883
0 0.719013671875 0.43462891166331763 0.719013671875 0.38128098222122137 0.7489435514856557 0.38128098222122137 0.7489435514856557 0.43462891166331763
0 0.7064848552766393 0.382065507278386 0.7064848552766393 0.3326402031221129 0.7517277151639344 0.3326402031221129 0.7517277151639344 0.382065507278386
0 0.6390794697745902 0.3009535513889851 0.6425904921234631 0.24159320794646158 0.6828747758709016 0.2446202223863059 0.6793637935450819 0.30398061093980966
0 0.7591202132428279 0.3300690125819937 0.7093413005891394 0.3276295912151238 0.7106138735911885 0.2946393900418052 0.7603928662909836 0.2970788339641653
0 0.6550919329533812 0.22096517468415097 0.7725461866034836 0.2674409876201035 0.7500280161372951 0.3397377843074418 0.6325737624871927 0.2932620164824695
0 0.7166290983606557 0.25371484411088785 0.6394974705430327 0.2461551009331116 0.6440863937628074 0.18667369089739813 0.7212180616034836 0.19423340024193922
0 0.7244929879610655 0.2737719979183989 0.7258525710809426 0.22626885007419853 0.7671905417520491 0.2277718577134724 0.7658309586321721 0.27527498300218267
0 0.6483123078893442 0.14204289449732654 0.7165246381915984 0.14831912878787878 0.7133062243852459 0.19275714341394123 0.6450938940829918 0.18648092040113406
0 0.7184986552254098 0.13792737466004365 0.7752483830686475 0.14776807560888996 0.767620069159836 0.20365550512749445 0.7108703413165983 0.19381490567835366
0 0.7413583824282787 0.81679609909114 0.736103515625 0.8671398628048781 0.7158707415471312 0.8644569323667314 0.7211256083504098 0.8141133490969142
0 0.781326684170082 0.7604751304970436 0.7311312916239754 0.7669410677372044 0.7268709176485656 0.7249235278663156 0.7770663101946721 0.7184576808481153
0 0.773604956454918 0.7584462190502587 0.7701654553022541 0.6886641790667729 0.8188542200307377 0.685615398578968 0.8222938012295082 0.7553973934514736
0 0.8817626953125 0.7496452923624585 0.820479236039959 0.7511149178763628 0.8195573450307377 0.7022792593426644 0.8808408043032787 0.7008096338287602
0 0.7334658363217214 0.7698152687315225 0.7123939389088115 0.6417681573499862 0.7650532306608606 0.6307590030689902 0.7861252081198771 0.758806204672487
0 0.7678310706967213 0.625723174124053 0.8196887006915984 0.6271844541066149 0.8190627401383197 0.6554098079932327 0.7672050300973361 0.653948573121651
0 0.7378068167264344 0.6244848777167636 0.7378068167264344 0.5664297528206994 0.7656486136014344 0.5664297528206994 0.7656486136014344 0.6244848777167636
0 0.7375563524590164 0.5391585412769078 0.790126953125 0.5430439951150222 0.7886026351178279 0.569245174207779 0.7360319544057377 0.5653597203696646
0 0.7419973904969263 0.5466890976504758 0.7355419921875 0.4860551584586336 0.7787153400358606 0.48021572251189487 0.7851708183913935 0.5408497068147173
0 0.7385028976690574 0.5421093858266353 0.7385028976690574 0.44796592785707684 0.8046270651895492 0.44796592785707684 0.8046270651895492 0.5421093858266353
0 0.751031714267418 0.438551582060121 0.751031714267418 0.3687285136401169 0.7900101658555327 0.3687285136401169 0.7900101658555327 0.438551582060121
0 0.7839804527407787 0.4376302805109017 0.7921980660860656 0.31606155700006927 0.8437837794569673 0.3204915905915096 0.8355660860655738 0.4420602689913618
0 0.7538158779456967 0.3687285136401169 0.7538158779456967 0.3177341368140244 0.7886180840163934 0.3177341368140244 0.7886180840163934 0.3687285136401169
0 0.8326604924436476 0.7941045542602088 0.8171516393442623 0.8560804548919069 0.7870301293545082 0.8465046568967111 0.8025389824538934 0.784528756265013
0 0.7957873335040984 0.763268041504989 0.833582543545082 0.7490680522594466 0.8463202004354509 0.7921387079637842 0.8085249103483606 0.8063386520983463
0 0.9183308785860655 0.8065826122794254 0.8510485239497951 0.7943947080850425 0.8588278848616804 0.7398362254884978 0.9261102394979508 0.7520241296828807
0 0.9010795017930328 0.7482680992470436 0.9061248078893442 0.7113045680461244 0.9324859919313525 0.7158757087837213 0.927440685835041 0.7528392399846406
0 0.8916326203893442 0.7115675650608602 0.8916326203893442 0.664495836076081 0.9361794793801229 0.664495836076081 0.9361794793801229 0.7115675650608602
0 0.8899273981813525 0.7039831461768986 0.8525894915471312 0.6976704960475564 0.8578991098872951 0.6577726760266537 0.895237096567623 0.6640854163779564
0 0.8155838563012295 0.6957775039842018 0.8259226114241803 0.6413962624289773 0.8647109535092213 0.6507646852480599 0.8543721983862705 0.7051459268032844
0 0.8429095158811475 0.6605732107902578 0.8429095158811475 0.6142860068626432 0.8916326203893442 0.6142860068626432 0.8916326203893442 0.6605732107902578
0 0.893279088755123 0.6147675214656089 0.9409749615778689 0.6192474478011826 0.9376195088370901 0.664631123905788 0.8899237160604508 0.6601511524592341
0 0.949281506147541 0.5640982369185376 0.9453194640112705 0.615454697027439 0.8644633709016394 0.607529960908629 0.8684254930840164 0.5561734556887472
0 0.821105676869877 0.6102961662162787 0.8266615170338115 0.5426655591018801 0.8687336705942623 0.547056346140521 0.8631779104764344 0.6146869532549196
0 0.9652270908043032 0.9916883018927846 0.9724905545594262 0.9339747573390151 0.9995194832223361 0.938296389244965 0.9922559394211066 0.9960099337987343
0 0.8938343685963115 0.9837027561726256 0.9114250608350409 0.9162917041990022 0.970503650102459 0.9358766362654749 0.9529130379098361 1.0032877784610588
0 0.9863639056096312 0.9006090523662694 0.9762599257172131 0.9335086706912878 0.9159155673668032 0.9099647989999076 0.9260194672131148 0.8770652708968496
0 0.9933785060194672 0.9150262509816149 0.9156732678022541 0.8880785753880266 0.9338780737704918 0.8213889382102273 1.011583311987705 0.8483365235818552
0 1.0179417744620902 0.7210467804473855 0.994501232710041 0.8201235752148004 0.9620794377561476 0.8103786110437454 0.9855199795081967 0.7113018162763304
0 0.9311745965676229 0.7964513176736882 0.944646436347336 0.7483672531815873 0.9720481397284836 0.7581205177730045 0.9585762999487705 0.8062044920431448
0 0.9487738537397541 0.707387040301067 0.9543871670081967 0.6580376579245196 0.9989918192879098 0.6644832050016167 0.9933785060194672 0.7138325873781642
0 0.9856109919313525 0.6385602704349131 0.9822431320440573 0.6613368494635763 0.9518404200819672 0.6556256189226487 0.9552084400614754 0.6328489496720251
0 0.9641136494620902 0.5921460790979536 1.0000385021772542 0.598472939186068 0.9956238793545082 0.6303182236811715 0.9596989465932377 0.6239914087040374
0 1.007235767802254 0.5241376675241362 0.9989918192879098 0.5759073442119365 0.9671722111936475 0.5694700975552014 0.9754161597079918 0.5177003757564209
0 0.9602862448770492 0.5706122624636225 0.9041881723872951 0.5627085931725795 0.9084888095543033 0.5239298863492009 0.9645868019979508 0.5318336007512241
0 0.9090921170594263 0.5522672507997275 0.8558822681864754 0.5457483532687777 0.8609056416495902 0.4936583886213507 0.9141154905225409 0.5001772861523004
0 0.8622528176229508 0.4994791035112943 0.8229600249743853 0.4931522885341602 0.8294714555584016 0.44177828025394955 0.8687641681608607 0.44810514034206395
0 0.9560706166752049 0.5275398925420363 0.9080570408555327 0.5177003757564209 0.9187267065829918 0.4515570325491962 0.966740282402664 0.4613965042238313
0 0.8630637647284836 0.4893629661949141 0.8686770779969263 0.4400136289293468 0.9159155673668032 0.4468397322356569 0.9103023341444673 0.4961891146122044
0 0.9664349065061475 0.47973935056067535 0.9434669569672132 0.4719729539824695 0.9484724801485656 0.45316659232377127 0.9714405097336065 0.46093294379099686
0 0.8933490490522541 0.3855475787312916 0.8887826588114754 0.4395887286065687 0.8384526287141394 0.43418605717040837 0.8430188588627049 0.3801448170731707
0 0.9123503938268442 0.4474040254873429 0.8878492411629099 0.4430436432493764 0.8944668128842214 0.395804326973046 0.9189679655481557 0.4001647543219928
0 0.9820704725922131 0.4016955052141075 0.9754161597079918 0.4556973183146249 0.9156648629610655 0.4463435565641168 0.9223192558913934 0.3923416983526192
0 0.9470199634989754 0.3976911388321092 0.8968304943647541 0.39242885276642187 0.8994574474897541 0.36059922178145787 0.9496468365778689 0.36586153040263536
0 0.986642626152664 0.39622498686368257 0.9495951267930328 0.39622498686368257 0.9495951267930328 0.36585611708500787 0.986642626152664 0.36585611708500787
0 0.9563310867059426 0.3190375058102943 0.9914541976178278 0.3231328159284345 0.987868372182377 0.3622029622395833 0.9527451812243852 0.3581076521214431
0 0.952963146772541 0.3633253910941542 0.9015600986168033 0.35937509022196046 0.9046890208760245 0.30764914862949233 0.9560920690317622 0.3115994720571762
0 0.9009651159067623 0.3340367262925559 0.8957078477202869 0.38736740078471454 0.8433402439805328 0.3808090762570445 0.8485975121670082 0.3274784017648859
0 0.850048107710041 0.27088460196236375 0.891586193647541 0.2746806909486442 0.8878492411629099 0.32662966122736514 0.8463111552254098 0.32283359479657475
0 0.9507177734375 0.2456460911876963 0.9507177734375 0.3089145116249192 0.8900945344518443 0.3089145116249192 0.8900945344518443 0.2456460911876963
0 0.9515332831711065 0.263731331271942 1.0065464907786885 0.28036722322789637 0.9954652279713114 0.3269211909370958 0.9404520203637295 0.3102852313146711
0 0.8429432152920082 0.2684226927718496 0.8406475730020492 0.32017349051442395 0.798037109375 0.3177721202593773 0.8003328317110656 0.26602132251680294
0 0.8429432152920082 0.19250057471388812 0.8415564965420081 0.26440007899834855 0.7991597560194672 0.2633612407901423 0.8005464747694672 0.19146178161666205
0 0.7659871285860655 0.2822247355053007 0.767165247182377 0.20254972222462814 0.7992081038678279 0.20315168314480553 0.7980299852715164 0.2828266964254781
0 0.924896740522541 0.2456460911876963 0.8837675300973361 0.2403480772256675 0.8878492411629099 0.20009279779742933 0.9289784515881148 0.20539081175945814
0 0.9589206582991803 0.23517235913103982 0.9577493436219262 0.1717996308297822 0.9966978579661885 0.170885050816617 0.9978691726434427 0.23425777911787463
0 0.8521024109887295 0.15399939064087906 0.8925178502817623 0.15906091028905672 0.8867266745645492 0.21780794739987527 0.8463111552254098 0.21274649541816795
0 0.885604027920082 0.27095346387368346 0.8377758388831967 0.25863155751253003 0.8463111552254098 0.21654258440444846 0.8941392642161885 0.22886446821011178
0 0.6721298668032787 0.08324528233879862 0.6856017065829918 0.017446092209460026 0.7261874039446722 0.02800265789384412 0.7127155641649591 0.09380184943290085
0 0.9350006403688524 0.2140118809690849 0.9861569063780737 0.23195035247915513 0.9778206647028689 0.262151702632749 0.9266643986936476 0.24421320856718864
0 0.9126567302766393 0.087374876801913 0.8935716572745902 0.15697020807710296 0.8575377017161885 0.14441658916600264 0.8766227747182377 0.07482126916855772
0 0.8721321881403689 0.07482126916855772 0.8571563620645491 0.17750547060857239 0.7946692494877049 0.16592782775472908 0.8096450755635246 0.0632436263147144
0 0.7432137711321721 0.16315142736554764 0.7589437916239754 0.04549165487465644 0.8101158267161885 0.05418276451996143 0.7943859663165984 0.17184254264972515
0 0.7632349033043033 0.052044650667786865 0.7495286885245902 0.11641383541132552 0.7127155641649591 0.1064555301370219 0.7264217789446721 0.0420863482129195
0 0.9571067334784836 0.21685707560311576 0.8818890080686476 0.18269215067139574 0.9136702740778688 0.09380184943290085 0.9888879994877049 0.12796676872574833
0 0.7264598008452869 0.02595121915130728 0.7051292744620902 0.14489591588642714 0.6363752321337091 0.1292321542766653 0.6577055984246927 0.010287458951263541
0 0.8283487288678278 0.0684943808860807 0.798967004994877 0.05703089136770718 0.8047730692879098 0.038125587232185135 0.8341547931608606 0.04958907393112239
0 0.09845227851242315 0.1421778327169369 0.04922830550397029 0.10519015586385001 0.07962619969102203 0.0537967216677782 0.12885016769659324 0.09078439852086509
0 0.03917211313716701 0.10008344629122783 0.08981026071016905 0.12476468984937986 0.06382280193391393 0.19250057471388812 0.013184650608750641 0.16781934243348115
0 0.08164712374327612 0.04695977199015931 0.04701331466924949 0.10148452567067397 0.0 0.06354682849057938 0.03463380657258581 0.009022080448937257
0 -0.030108414947009478 0.11408830799178908 0.008061775457663614 0.06473894253185918 0.04922830550397029 0.10519015586385001 0.011058113223216573 0.15453952696265244
0 0.36694460008965163 0.7375169797729583 0.3679831582991803 0.7059105128071878 0.40181036276895493 0.7073225767103196 0.40077180455942624 0.7389290887870704
0 0.5542008596951844 0.7229010672897035 0.5048042072233606 0.7229010672897035 0.5048042072233606 0.6739735176892785 0.5542008596951844 0.6739735176892785
0 0.4396734519082992 0.6504028049646619 0.5075132876536885 0.6598137674381005 0.5022796730917009 0.7077428306021342 0.4344397973232582 0.6983318230177152
0 0.40369696945440575 0.3008520742389597 0.45908119076588116 0.3261594920359271 0.4374450883709016 0.3863129316218588 0.38206090708247953 0.36100551382489143
0 0.22230242619748974 0.3093830568210689 0.18562908235143444 0.28070136025845344 0.2031850145683914 0.2521837999974016 0.2398583384029201 0.2808655191155072
1 0.09132368244108606 0.4533448258066565 0.04813164382684426 0.4649360019545686 0.037175660680551996 0.4130712313204453 0.08036770179623463 0.40148005517253327
1 0.04720585056992828 0.23527047551303815 0.009791520540831518 0.20891382142692166 0.028131163550204917 0.17584026643988473 0.06554549420466188 0.20219686413727597
1 0.06959753818199282 0.14600001840527993 0.11272466940957991 0.12748199485446116 0.12415909563908811 0.16131307597699557 0.08103196941438269 0.17983109952781434
1 0.5575035620517418 0.2653904003473185 0.5283532514728484 0.22158231544917545 0.5607610783811475 0.19418657504446138 0.589911388960041 0.2379946373871143
1 0.7566431064293033 0.488478339872621 0.717090564164959 0.4713319269534137 0.733415247182377 0.4234918677533721 0.7729678694928279 0.4406382355615992
1 0.8039310642930327 0.533479565086844 0.8039310642930327 0.48091611559093217 0.8575264952612704 0.48091611559093217 0.8575264952612704 0.533479565086844
1 0.7566109278944673 0.587387592459465 0.8022801933913934 0.5602202715031411 0.8232787685706967 0.6050648262830285 0.7776095030737705 0.6322321472393524
1 0.7903709336577869 0.5662923447749215 0.8027473424692623 0.5279305987418006 0.8322555391905738 0.5400249427631882 0.8198790503329918 0.5783866887963092
1 0.7482475505891394 0.8449375014435514 0.7482475505891394 0.7829597061506837 0.8018429015112705 0.7829597061506837 0.8018429015112705 0.8449375014435514
1 0.7671635662141394 0.7717455675755266 0.7483089459528689 0.8071647243683019 0.7203647701075819 0.7882668325307187 0.7392193903688524 0.7528476757379434
1 0.7822728291495902 0.7496677125196323 0.811136974897541 0.768502900094697 0.7970630283043033 0.795902768154102 0.7681988825563525 0.7770675805790374
1 0.7664838146772541 0.8829086766098485 0.7312918641137295 0.8531593384781504 0.7497509765625 0.8254184314082132 0.7849429271260245 0.8551677695399114
1 0.7900101658555327 0.8818103144632299 0.7900101658555327 0.8504291317327236 0.8310767802254099 0.8504291317327236 0.8310767802254099 0.8818103144632299
1 0.8376171074538934 0.7709888759931633 0.9009571913422131 0.8015854885555248 0.8787797771516394 0.8599110988890428 0.8154397733094262 0.8293144863266815
1 0.9057042456454918 0.8412007785072524 0.9199408459272541 0.877305351533629 0.8939790919569672 0.8903107569117239 0.8797424116290984 0.8542062741073079
1 0.8871160188268442 0.8442273643927846 0.8947775518698771 0.8204796812927291 0.9174675813268443 0.8297794903108833 0.9098059682377049 0.8535271734109386
1 0.9487082159323771 0.6997996440924104 0.9487082159323771 0.6637113110189163 0.9779420946465164 0.6637113110189163 0.9779420946465164 0.6997996440924104
1 0.7169255090932377 0.7021532192639043 0.7169255090932377 0.6762638021555109 0.737110815829918 0.6762638021555109 0.737110815829918 0.7021532192639043
1 0.6132149318007172 0.6354682736280488 0.6132149318007172 0.6025180858941934 0.6424488105148566 0.6025180858941934 0.6424488105148566 0.6354682736280488
1 0.515387183017418 0.6428170327512934 0.49045566246157785 0.6774027641843358 0.4647757508324795 0.6538853275273697 0.48970719134221313 0.6192996412053077
1 0.5041202532658812 0.6304150318447431 0.479144507236168 0.6135245786273559 0.49284023597592214 0.5877966137172025 0.517815941982582 0.6046870669345898
1 0.3682073674436475 0.7923740068366593 0.3682073674436475 0.7594238642137842 0.40161749167520494 0.7594238642137842 0.40161749167520494 0.7923740068366593
1 0.09874820896836578 0.8834440537232077 0.1053156017866291 0.8501338352561437 0.1353846715708248 0.8576652938493163 0.1288172887583248 0.8909755123163803
1 0.6438408923539959 0.8323850103069568 0.6438408923539959 0.8088491683700573 0.6668103627689549 0.8088491683700573 0.6668103627689549 0.8323850103069568
1 0.17216744845030738 0.42373032439486324 0.11166802077996926 0.435095404309867 0.10514031081903176 0.3909497539466694 0.1656397384893699 0.37958467403166574
1 0.1917397020683914 0.5955496574452606 0.17094028160220287 0.5896887035609525 0.1783101866675205 0.5564616246304509 0.19910958712218238 0.5623225334037787
1 0.2514325451460041 0.5406610075844189 0.22033545322105533 0.536279693851626 0.2241476490458504 0.5019053073609572 0.25524472095927253 0.5062865759827697
1 0.07934904004706711 0.6268384979992379 0.07934904004706711 0.5883965897542498 0.10649476098232583 0.5883965897542498 0.10649476098232583 0.6268384979992379
1 0.8027981717469262 0.16359856740157866 0.8461737961065574 0.16767272046999146 0.844167200307377 0.19481203878533815 0.8007916559938525 0.19073788571692535
1 0.9633251953125 0.11297213828572501 0.9633251953125 0.05570154408569787 0.9995194832223361 0.05570154408569787 0.9995194832223361 0.11297213828572501
1 0.5230048507940573 0.8928247918398928 0.49164842949538934 0.8892905269828622 0.4947426917904713 0.8544139650602827 0.5260991931352459 0.8579481396953529
1 0.2334613937628074 0.6702644026728797 0.26335034980148564 0.6500513002067165 0.28042390416880125 0.6821246658178585 0.2505349681416496 0.7023378133950019