0 0.12057044319198831 0.92373046875 0.1749798678612524 1.0398185063334344 0.30901707953979596 0.9600002251782463 0.25460757601374084 0.8439121875948119
0 0.142784098938146 0.8996271522299757 0.21960015506399386 0.8491187827101031 0.18135445370538597 0.7752158748293386 0.10453832529414635 0.8257243628640777
0 0.25233671071712155 0.8292053815230582 0.21321010014602174 0.7445278723263046 0.18042791269649008 0.7637735014980279 0.2195545232675899 0.8484510699522148
0 0.15463417178079242 0.6741943359375 0.13509265725516123 0.7713718451342536 0.18595343432890557 0.7843665261870449 0.20549494885453676 0.687188957732858
0 0.10882421160031762 0.6409022655301881 0.07358389368969033 0.7948263520175971 0.12450568620548692 0.8096387548354066 0.15974599754471497 0.6557147276054308
0 0.11107153814481724 0.6105761481720267 0.1059377836215917 0.6481895668992719 0.15698557614664083 0.6570419163379855 0.1621193240984671 0.6194284976107403
0 0.15956264236279338 0.6812273636604975 0.23229806983809753 0.6886806451001214 0.23723308553375322 0.6274915972959648 0.16449765805844907 0.6200383158563411
0 0.24235181126689007 0.727215813201608 0.26834616385894433 0.7906999606530644 0.32232773786572727 0.7626165593712075 0.29633343784486704 0.6991325304346178
0 0.29110715144877797 0.650086871397148 0.23357491899830427 0.6756336397337682 0.2494060243644353 0.7209315624051881 0.30693830938610306 0.695384794068568
0 0.3341414051565192 0.7565320061248483 0.26538248908201445 0.7868596641762743 0.2840316207320602 0.8405800236081614 0.35279051052096794 0.8102523655567354
0 0.32617468755887974 0.8201891852814017 0.28345428387940086 0.8412564472087378 0.3011540060511547 0.8868585382850425 0.3438744623018276 0.8657912763577064
0 0.39237454305118163 0.9285601273323726 0.366928061157542 0.8697601614646542 0.31535238155920275 0.8981188727814017 0.3407989160240364 0.9569187793916869
0 0.21153664075537656 0.7415082913000607 0.2477757127812769 0.8339539759367415 0.27968235328010604 0.8180626730317051 0.24344334696819822 0.725616929137591
0 0.40982413148181795 0.7787517066140777 0.39311934544237187 0.7410928966929612 0.33715833455298505 0.7726321322246663 0.3538631205924311 0.8102909421457828
0 0.42636021655967377 0.844536405396693 0.4047160777010659 0.7865935390435376 0.34942156440938577 0.8128365229634406 0.37106575583918766 0.8707793300591626
0 0.4250728005894703 0.842316147887591 0.3695133547655577 0.8679356843522451 0.3904128226609604 0.9255208728382889 0.445972268484873 0.8999012771162015
0 0.4070346513562527 0.962054443359375 0.4605702902098137 0.9455969356796117 0.450756194568933 0.9050352818757585 0.397220608286566 0.9214928488129551
0 0.36258575938879467 0.9526592958320692 0.3775772239297346 0.9936977349438714 0.4102042737857316 0.978554379361347 0.3952128092447917 0.9375159402495449
0 0.47689690536512164 0.978686997496966 0.45055253376332366 0.899500459837682 0.39181883924485894 0.9243268355582525 0.41816318456106 1.0035133732175363
0 0.30173478631702194 0.644019265776699 0.27923746955076445 0.5798767682418082 0.24060076993667906 0.5970944302753337 0.2630981129885336 0.6612369278102245
0 0.3049033310370236 0.663550989836165 0.29814774860707366 0.6940102586468446 0.3204207966596684 0.7002867467195085 0.3271764053752153 0.6698274186513956
0 0.37092105362766475 0.7317372146162014 0.3401442469449828 0.6676920770441445 0.3086630125481132 0.6869132328959344 0.33943981923079514 0.7509583704679915
0 0.3867997884955722 0.7147566415731189 0.4214179460392442 0.6893929787052487 0.38815026361299526 0.6317024897603155 0.35353210606932334 0.6570661526281857
0 0.46623236551868 0.7125769754057949 0.4510722000161499 0.6749826968294903 0.3814307713077358 0.7106639084306735 0.3965909368102659 0.7482581870069781
0 0.3965995059148902 0.747369384765625 0.418037302836994 0.7956981473756068 0.48931111969073 0.7555287777798847 0.4678732701974322 0.7072000744273361
0 0.43006640688085435 0.7041172064623786 0.44136040791882 0.692544111233313 0.4361637716761547 0.6861007542286104 0.42486977063818904 0.6976739087151093
0 0.45160816333912035 0.67967529296875 0.43741186439323587 0.6812754806962985 0.4382801828047615 0.6910630309466019 0.452476481750646 0.6894628432190534
0 0.4834534269689384 0.7561665655339805 0.430808869853911 0.7786748497231493 0.4417124246339363 0.8110766364532767 0.4943569554633667 0.7885682930066747
0 0.4414936233244509 0.8088002621548848 0.44894117409560724 0.8339845527722998 0.4994731840647879 0.8149982933859223 0.4920256332936316 0.789813943511074
0 0.4471579066234658 0.8325757665541565 0.4592292516217162 0.8699939912962682 0.5076263979731912 0.8501567359109526 0.4955551055461348 0.8127384519114078
0 0.44636586901445413 0.8323369590981493 0.46634202902939276 0.8998873516193872 0.5166651736447567 0.8809795490746359 0.49668901362981804 0.8134291565533981
0 0.5069748831657784 0.9745228591474514 0.5736864666606105 0.9379990068454187 0.5415806601932601 0.8634920286900789 0.4748690766984281 0.9000158809921116
0 0.4946009383747847 0.9491575963288835 0.4832539192876561 0.9214454428663531 0.4603900761567345 0.9333401281856796 0.47173709524386304 0.9610522223907767
0 0.42364399439296674 0.8474302421495753 0.4401087929317399 0.8938273309503945 0.4656699588851206 0.882302412014563 0.4492052392031385 0.8359053232137439
0 0.4781745956644326 0.9579445848187197 0.4781745956644326 0.9995261775637136 0.5143682856071006 0.9995261775637136 0.5143682856071006 0.9579445848187197
0 0.5122801577808732 0.9673592872989988 0.5122801577808732 0.9995261775637136 0.5540421360222868 0.9995261775637136 0.5540421360222868 0.9673592872989988
0 0.5457593341206395 0.9487653121207524 0.555225408457149 0.9807752294447816 0.5888437933186639 0.968143855715261 0.5793777715533484 0.9361338791337985
0 0.5540421360222868 0.9697129925477852 0.5540421360222868 0.9995261775637136 0.5971961994811854 0.9995261775637136 0.5971961994811854 0.9697129925477852
0 0.6352279886513512 0.9069072834496359 0.5802664875881514 0.9203751351069478 0.5886214171679856 0.9636956964881674 0.6435828656599913 0.9502279633457221
0 0.5944120816174095 0.9548063704111044 0.5944120816174095 0.9995261775637136 0.6500947017488964 0.9995261775637136 0.6500947017488964 0.9548063704111044
0 0.5920280831112726 0.8889522219167172 0.5762330678698321 0.8147693819212682 0.5358768433563469 0.8256867343939623 0.5516718585977874 0.8998695743894114
0 0.536277698710702 0.8267163915541565 0.551410527192345 0.9006322768128034 0.6260854374428025 0.8812078679649575 0.6109526089611595 0.8072919827063106
0 0.6247839849637974 0.8746987944667779 0.5667939625558517 0.899431661957676 0.5792718931686046 0.9366031387477245 0.6372618630053564 0.9118702712568264
0 0.51690673828125 0.9127633400333738 0.5529448700608312 0.903736299681432 0.5373537784809701 0.8246528699560073 0.5013156467013888 0.8336799695653823
0 0.6205135217316698 0.7677782373520935 0.5576605587350614 0.7798087999658677 0.5644906082613318 0.8251456547709345 0.6273435712579404 0.813115032899727
0 0.6288801221165752 0.6965814979331008 0.5324266484644165 0.7050753399006371 0.536090860687177 0.7579431626403216 0.6325443869105297 0.7494493799302184
0 0.5389341737154124 0.760374554384102 0.5275109789681578 0.7088707192430218 0.4801807649991925 0.7222082045471784 0.49160390717525304 0.7737120396882585
0 0.4463510965089363 0.6411702276433556 0.4655586656673934 0.7262256214919599 0.5114350232659076 0.7130628271010315 0.49222745410745045 0.6280074332524271
0 0.5382319277057763 0.7041106881447209 0.5229967956805824 0.631126270479369 0.49184421010309 0.6393885936551881 0.5070793421282838 0.7123730113205401
0 0.533161173187177 0.6441216626213592 0.533161173187177 0.7021788958206917 0.5797953445473999 0.7021788958206917 0.5797953445473999 0.6441216626213592
0 0.632240472837936 0.6964460946981189 0.6290874629057654 0.6383982834306735 0.5246054742174042 0.6456087279088288 0.5277583790071867 0.7036565391762742
0 0.6363807697936854 0.5757138150409588 0.5079853540859173 0.5856948408108313 0.5117200642798504 0.6467352709723908 0.6401154799876184 0.6367542452025182
0 0.6367353624973083 0.5029366206196906 0.3621129603554317 0.5263873942847391 0.3670325201200474 0.5995849016800667 0.641654922261924 0.5761341280150182
0 0.381893187530281 0.5940067032008495 0.34301968097276053 0.6242257423771238 0.3615282372500135 0.6544764250227548 0.4004017438075339 0.6242573858464806
0 0.3455606044930286 0.6230570080210862 0.29214992736763834 0.6402580779733009 0.30073874618963986 0.6741420708813713 0.35414939702943316 0.6569410009291565
0 0.3763137541384044 0.5869572019114078 0.35912894052641847 0.5385310793385922 0.32156719040192994 0.5554666759898361 0.3387519777283188 0.6038927985626517
0 0.28356378967653156 0.5924977719205097 0.29623155487086833 0.6353346148740898 0.32650898778161336 0.6239584913531553 0.3138412225872766 0.5811217076570085
0 0.31841454846811745 0.5804801866846178 0.3083835177951389 0.5352527803587682 0.2712071670939653 0.5457289019834648 0.2812382240525409 0.5909563083093143
0 0.27379256584436906 0.5554606317316444 0.2333315932268115 0.5678988262287621 0.24012597319794357 0.5959800349855886 0.2805868932443072 0.5835417219736043
0 0.28528407685824453 0.551520723509557 0.27039517871682545 0.4822925456519266 0.22475581206092538 0.4947638354255158 0.23964473648794143 0.5639919836544296
0 0.26629841070971955 0.4633341668878944 0.2762497697381702 0.5306365077935377 0.31383557118392014 0.5235754513046117 0.3038841858698724 0.4562731400276851
0 0.32227456210298233 0.5548111702631978 0.3789682314377423 0.53531494140625 0.368267049469073 0.49577778936589806 0.31157338013431307 0.5152740182228459
0 0.36472122757523145 0.457396986878034 0.30760888125134583 0.4681263155150182 0.3200998758058113 0.5526041271617111 0.3772121695585029 0.5418747392672937
0 0.3062544632943718 0.422876450621966 0.3062544632943718 0.4723035793859982 0.3842101314784534 0.4723035793859982 0.3842101314784534 0.422876450621966
0 0.46090995269433677 0.4466777320047027 0.37034500476925875 0.46161673832865596 0.3792106372133398 0.5299034340867719 0.46977555885282085 0.514964398134102
0 0.4898868794075689 0.49187761325280643 0.4854107576644595 0.44949571924302184 0.45875921257603897 0.45307205348338897 0.4632353343191484 0.49545394749317356
0 0.5533185461078811 0.4335495143260771 0.48330175907420864 0.4414417452025182 0.4863753339322244 0.4760865146673999 0.5563921209658969 0.4681943726771086
0 0.48095871352820846 0.4981939519493325 0.46286186855687445 0.4981939519493325 0.46286186855687445 0.5138850832448423 0.48095871352820846 0.5138850832448423
0 0.5047182120915429 0.5480265497003944 0.5852368836973784 0.4988196511870449 0.5544635992846954 0.4348410004550971 0.4739448751076658 0.4840478989684466
0 0.5540421360222868 0.43621393592612256 0.5540421360222868 0.4848564962738926 0.6396541677601475 0.4848564962738926 0.6396541677601475 0.43621393592612256
0 0.6205072131883882 0.4297440019626062 0.6071601230250054 0.3126107817714654 0.501861388266446 0.32785546756485134 0.5152084784298289 0.44498871738470874
0 0.33262017880093936 0.3694010021617112 0.2915960109819121 0.36279504276016383 0.2851089622109846 0.4139795395934466 0.32613315631560885 0.42058555825242716
0 0.24007371743109387 0.4126717872989988 0.28696235965594047 0.41707612565420205 0.2908313103937877 0.36474345679422027 0.24394269445453812 0.36033908881030036
0 0.0787172210719645 0.4209750573611954 0.053266990195051746 0.5500670794144418 0.12703831661989934 0.5685456803701456 0.15248854421111246 0.4394536879456159
0 0.18412117050394325 0.39846286218143206 0.11009605335429452 0.3776028827556129 0.09834531378273713 0.4305835909056432 0.1723705097891769 0.4514435407027457
0 0.02333995579235724 0.3445300352226183 0.01706988312477289 0.42227193591664136 0.07819528111499717 0.42853556512628943 0.08446526999724106 0.35079363480354975
0 0.10174153120121393 0.4404250950489229 0.17556196240697 0.4423162367737409 0.1770061193921256 0.3706910364836165 0.10318568161497026 0.36879989475879854
0 0.23633900723716086 0.5545224087909587 0.17838620523457688 0.5497426449673847 0.1738418460816376 0.6197483692354369 0.23179456922743055 0.6245281330590109
0 0.028345579530122872 0.3495886941557949 0.09926293740284843 0.35484770247079794 0.10216839615380734 0.3050682882660801 0.0312510415667814 0.2998092799510771
0 0.18322207165832258 0.30784876554915047 0.11920990069091165 0.30128935286142294 0.11468568944807817 0.35738519464881674 0.17869786041548907 0.3639446073365443
0 0.2408031427480351 0.38320105098983614 0.24732956734327896 0.2924708394170965 0.18477803443034696 0.2867540378015018 0.1782516229779016 0.3774842790029581
0 0.24652154809128715 0.26998750260732707 0.19264281648279366 0.2608778277647148 0.18879338280072405 0.2898047882376365 0.24267212755201603 0.29891446308024877
0 0.2669821253734658 0.3468648966076305 0.31664142723642064 0.3580599294125455 0.3230395255470769 0.32200044798619537 0.27338032882651003 0.31080544480999694
0 0.2566364561043147 0.2676562559257433 0.2529451434310401 0.3134242381864381 0.33496866546552 0.32182931251896235 0.33865992556760066 0.2760613302582676
0 0.32583938848345984 0.4194676667741201 0.3866832644440407 0.4209585837947512 0.3884247903881352 0.33065778121207523 0.3275809669987484 0.3291668641914442
0 0.3897783934916021 0.29185536208662016 0.3897783934916021 0.33735967839805825 0.4322364143417582 0.33735967839805825 0.4322364143417582 0.29185536208662016
0 0.3890823771684566 0.37109564623786406 0.3890823771684566 0.44013671875 0.43084432912427323 0.44013671875 0.43084432912427323 0.37109564623786406
0 0.4064831795310481 0.3350060324067051 0.4064831795310481 0.37188021465412624 0.4378046763549069 0.37188021465412624 0.4378046763549069 0.3350060324067051
0 0.48743306635578165 0.38168566064927184 0.4330885671111246 0.38399720423429917 0.43380760961724807 0.4054753572038076 0.48815213514750216 0.4031637839900637
0 0.4884544195130814 0.44104199455779736 0.48481838545031225 0.35497318008570994 0.42889795952270404 0.3579747468522451 0.4325340461566672 0.4440435020668993
0 0.1910495544486165 0.2276863320359906 0.12062091153824155 0.21826764449332525 0.11561205960059351 0.26585474106871965 0.18604068936816995 0.2752734137970267
0 0.1842583024635282 0.2702822490803246 0.1149704018920583 0.26662129522527306 0.11344383956028613 0.30332902334268813 0.18273174013175603 0.30698994756902304
0 0.07896676338714942 0.2439144393772755 0.07291989322369927 0.30071443724400787 0.10431817684781439 0.30496141748520933 0.11036513901085405 0.24816143443283525
0 0.035497676905222125 0.2698877427184466 0.035497676905222125 0.30048549615063713 0.07517155032030577 0.30048549615063713 0.07517155032030577 0.2698877427184466
0 0.0793729810032939 0.23398625642350576 0.04620427699257442 0.23220591128451154 0.044720875611087556 0.26731931816027005 0.07788957962180704 0.269099648484906
0 0.0 0.27773333799491806 0.0 0.3459898124620752 0.021577018586650787 0.3459898124620752 0.021577018586650787 0.27773333799491806
0 0.0 0.2102613875009481 0.0 0.2753796623748483 0.028537346103086645 0.2753796623748483 0.028537346103086645 0.2102613875009481
0 0.0 0.13415931775731949 0.0 0.2102613875009481 0.032017509861304576 0.2102613875009481 0.032017509861304576 0.13415931775731949
0 0.11183647530331477 0.24569774738793235 0.11482919566493728 0.19172506980525636 0.03999342741789641 0.18645298041186287 0.03700078919876453 0.24042564318018053
0 0.06294475230135659 0.19071652310565837 0.11445304877176868 0.1922052327869008 0.1152656548604382 0.1564810595466095 0.06375744381821638 0.15499236467972544
0 0.04072514286747685 0.14932021354008645 0.0387474145486784 0.18721703094186135 0.06310618529537441 0.1888321515425895 0.06508382818598259 0.15093531932645632
0 0.10977717620560468 0.12412170854587 0.04055334349113944 0.12015418635988698 0.039050993479910236 0.15345830824768658 0.1082748294800751 0.1574258304336696
0 0.0 0.10199246452850046 0.0 0.12866741291527609 0.03132147710966099 0.12866741291527609 0.03132147710966099 0.10199246452850046
0 0.0 0.07767118435461544 0.0 0.12945198133153824 0.03340957865029137 0.12945198133153824 0.03340957865029137 0.07767118435461544
0 0.043154037173301574 0.05962636262467764 0.043154037173301574 0.11454538141639488 0.09674856890695656 0.11454538141639488 0.09674856890695656 0.05962636262467764
0 0.04245800442165799 0.0 0.04245800442165799 0.061195477235664444 0.08630807434660315 0.061195477235664444 0.08630807434660315 0.0
0 0.03791475912089188 0.07011546903443568 0.03915847528607141 1.9762941717522815e-05 0.005052610474552808 -0.000749109613085256 0.003808808881183003 0.06934659643080628
0 0.12885537422699317 0.11335986979956766 0.12467288888804776 0.0586714253842252 0.09231976780985883 0.06181520628697664 0.09650233857699451 0.11650365440590868
0 0.08770013984989032 0.0 0.08770013984989032 0.061195477235664444 0.12667798051333037 0.061195477235664444 0.12667798051333037 0.0
0 0.12876608205396076 0.0 0.12876608205396076 0.12709830571146843 0.2366511749872147 0.12709830571146843 0.2366511749872147 0.0
0 0.23715178418221092 0.04529901152675592 0.23413603763761034 0.12688210496624697 0.27912607119064925 0.128995106521162 0.28214181773524977 0.047412013081670965
0 0.3236191755322728 0.13182472303075699 0.3250701930582472 0.06803586645033753 0.28028584430178727 0.06674150633580476 0.2788348267758129 0.13053036291622422
0 0.32226320672507536 0.018044819878143013 0.274932966470513 0.018044819878143013 0.274932966470513 0.06982561129968143 0.32226320672507536 0.06982561129968143
0 0.21716224479839577 0.0 0.21716224479839577 0.03216685322881902 0.2735409075386251 0.03216685322881902 0.2735409075386251 0.0
0 0.27284489121547967 0.0 0.27284489121547967 0.019613936340924606 0.3229592493338178 0.019613936340924606 0.3229592493338178 0.0
0 0.3229592493338178 0.0 0.3229592493338178 0.13180564213724968 0.3751617089927864 0.13180564213724968 0.3751617089927864 0.0
0 0.3719382536606374 0.0031832451959258145 0.37572082992671996 0.05008306040347201 0.4125592004215789 0.046308180429403066 0.4087766767266904 -0.000591633447165628
0 0.46131874629898795 0.051514708880081916 0.4589251798355405 -0.002445627879170538 0.4093176605986892 0.00035021391887109254 0.4117112533477336 0.054310548652723
0 0.4381290669075689 0.07161528948441293 0.37635941222040536 0.06858807906363774 0.3736974172403235 0.13760100429497876 0.43546701935629306 0.14062821471575396
0 0.40996334000356643 0.06433370645763804 0.40996334000356643 0.12239095447132889 0.4433729383680556 0.12239095447132889 0.4433729383680556 0.06433370645763804
0 0.437923408396587 0.052736100872743476 0.44361860355768196 0.13618993666565535 0.48385748916612836 0.1327009626962606 0.47816229400503335 0.04924713060693833
0 0.5211037595553403 0.042691995565173696 0.4771572904890719 0.048883964020071675 0.4830789097827842 0.1022821518981341 0.5270253788490525 0.09609017973964654
0 0.5087999973083549 0.0 0.45590149504064387 0.0 0.45590149504064387 0.04158154459832941 0.5087999973083549 0.04158154459832941
0 0.5262008522421404 0.0 0.5262008522421404 0.03530508245079263 0.5644826700110357 0.03530508245079263 0.5644826700110357 0.0
0 0.5046237942270941 0.0 0.5046237942270941 0.036874197061779426 0.5275928848884313 0.036874197061779426 0.5275928848884313 0.0
0 0.5678399716031438 0.035074334005707676 0.536117251426572 0.03782489739575432 0.5403303069148363 0.09956033947398361 0.5720530270914083 0.0968097723803474
0 0.5735538821093077 0.10149086517037698 0.6255794922716139 0.09615973315192658 0.6219738443589847 0.05145282189822891 0.5699482341966785 0.05678395391667931
0 0.5667531673092969 0.03698782689363054 0.5688028655927002 0.06471245774945009 0.5903462780435778 0.06268884603259633 0.5882965797601745 0.03496420776959762
0 0.5644826700110357 0.0 0.5644826700110357 0.03452052514529923 0.6013724025624462 0.03452052514529923 0.6013724025624462 0.0
0 0.6272397431497632 0.10160784675079643 0.5743967034917367 0.10504422234100046 0.5763300617227874 0.1428186657359299 0.629173153952008 0.13938228273854672
0 0.6287142599994616 0.13832720413948726 0.5808731065958764 0.14232171808631675 0.5828539366151216 0.17246348556962984 0.6306950374475129 0.16846898643715869
0 0.5818834723736273 0.17024896121719507 0.5818834723736273 0.20476948265890474 0.6326938468151109 0.20476948265890474 0.6326938468151109 0.17024896121719507
0 0.5832755575911122 0.20555405107516686 0.5832755575911122 0.24085912611878035 0.6347819746413382 0.24085912611878035 0.6347819746413382 0.20555405107516686
0 0.5825795149823697 0.23850545049871055 0.5825795149823697 0.3138229814547937 0.6389581777225991 0.3138229814547937 0.6389581777225991 0.23850545049871055
0 0.5182069290515988 0.19814876815647756 0.512798036613103 0.27435936788910803 0.5810181505201604 0.28051105980734226 0.5864270429586563 0.2043004897034284
0 0.5232321569161822 0.20474281681394113 0.5795150875121124 0.20756241881731644 0.5816872241063739 0.15247327193473148 0.5254042935104436 0.14965364030263956
0 0.5784033119011089 0.10669980836146087 0.525504809633398 0.10669980836146087 0.525504809633398 0.15141958588535345 0.5784033119011089 0.15141958588535345
0 0.43674407880127586 0.17824268526243933 0.43306301751083387 0.2985697625910194 0.4809123983062823 0.3004295867623635 0.48459348588232126 0.1801025242481417
0 0.4364125911374219 0.14200489821943266 0.4364125911374219 0.18044820248501972 0.48374283139198426 0.18044820248501972 0.48374283139198426 0.14200489821943266
0 0.39534665550475073 0.14200489821943266 0.39534665550475073 0.19300111937291414 0.4357165748142765 0.19300111937291414 0.4357165748142765 0.14200489821943266
0 0.36680930283026486 0.14200489821943266 0.36680930283026486 0.18986289015094054 0.39604269811349324 0.18986289015094054 0.39604269811349324 0.14200489821943266
0 0.3172350611592243 0.2100288613328656 0.3665415840247497 0.2126754168167855 0.3694895400146695 0.14289595224324939 0.32018296457795004 0.1402493967593295
0 0.2549702121100479 0.27037101671533675 0.31641550253014644 0.27383402111460864 0.32033481647185885 0.1854783734071602 0.25888947348056635 0.18201536900788834
0 0.29022687309061423 0.13820932629038987 0.2837745213077358 0.18184768528614229 0.3161682076335056 0.18793330516630005 0.3226206119875781 0.14429494617054764
0 0.28647894124138673 0.18307877327631977 0.2896111066951308 0.1371821727567506 0.2639561011604355 0.13495772278424606 0.2608239619922884 0.18085433811817353
0 0.2385327243065649 0.1945193688846329 0.24118320619515773 0.13476778789631372 0.19584555876450124 0.13221260737446905 0.19319507687590842 0.19196417354842993
0 0.1935978116504495 0.193038584885088 0.1897197660960379 0.2520505738489836 0.2532771042356401 0.2573573140264715 0.2571551760756487 0.19834532506257585
0 0.24379630996480675 0.13730080613812196 0.20545679531048128 0.12577659829148968 0.19887192469029258 0.15361048133627883 0.23721142620181956 0.1651346891829111
0 0.19412952984950338 0.22930979312044902 0.2003161605322392 0.13168217927506826 0.12334973764871339 0.12548537763577064 0.11716318582276862 0.2231129914811514
0 0.3998020116262247 0.22859237819042022 0.39825352710654877 0.2879366383969205 0.4331886889501238 0.2890948249298392 0.43473717346979973 0.2297505647233389
0 0.48730421435925386 0.17048751682911104 0.4772193244980082 0.28700469674415957 0.5118273620868324 0.29081053502351334 0.5219122519480782 0.17429334029410648
0 0.48235074617449936 0.13965122259936286 0.48235074617449936 0.1765254196611423 0.507407964662064 0.1765254196611423 0.507407964662064 0.13965122259936286
0 0.5067119220533215 0.1443585590251441 0.5067119220533215 0.17495629764297632 0.5268968948508829 0.17495629764297632 0.5268968948508829 0.1443585590251441
0 0.6762408799492625 -0.0010550077679087814 0.6294621903766957 0.005076178763676616 0.6352395543140342 0.061080769659246054 0.682018243886601 0.05494958081291717
0 0.6877424583467916 0.05483357327655681 0.6348853296087694 0.060791545238309694 0.6385378184552648 0.10196139881911787 0.6913949471932871 0.09600341204300668
0 0.6440177345768734 0.10276469258428778 0.656311140298638 0.16373513230999698 0.7024598692533376 0.15191281513103003 0.690166516102767 0.0909423828125
0 0.7176072599557224 0.18304760386642902 0.7101689091435185 0.13833080402855735 0.6592770493513135 0.1490866355525637 0.6667154527347114 0.1938034502047937
0 0.6947395791276378 0.13618458868230432 0.8582230599967701 0.10759004018839123 0.8406175454046888 -0.02029760601451096 0.6771341171067506 0.008296950812478667
0 0.7169472286148794 0.1335818836989912 0.8580693418254737 0.10465995270071678 0.8502069517623546 0.055916980632300516 0.7090848911229544 0.08483890422339578
0 0.7915200456065622 7.194631452699309e-05 0.7997889687129899 0.082625609462701 0.8504253850734819 0.07618146729700774 0.8421565145382482 -0.006372186512623019
0 0.8444604996870962 0.018722678619681053 0.8583699439128445 0.10495495101780568 0.8938954539795974 0.09767426425970874 0.879985957182655 0.011441985380302356
0 0.8360427475304156 0.15588676674852092 0.895755738250969 0.14299809724381826 0.8892834882711563 0.10490012307768887 0.8295705501217969 0.11778879258239154
0 0.6674657488156761 0.22442398812006978 0.7049107908894542 0.22040423050667476 0.7035625500477767 0.2044468555635619 0.6661175605451928 0.20846661317695692
0 0.7212988617705641 0.18743075768924453 0.6488969722356804 0.19097903353496662 0.6522156340001884 0.27701537493363165 0.7246174183926841 0.27346709908790956
0 0.6476791079551572 0.32584865533032464 0.721317577115633 0.3235745624431129 0.7201199001736112 0.2743026288967688 0.6464815361555233 0.2765767217839806
0 0.648006573922669 0.316961195862409 0.648006573922669 0.3632500805901092 0.6807201559640127 0.3632500805901092 0.6807201559640127 0.316961195862409
0 0.7176880618809216 0.3627650288702215 0.7167308981515127 0.3206881032406705 0.6792233489280524 0.32177212909587377 0.6801805126574613 0.3638490547254248
0 0.6473105313139266 0.36638832462644116 0.6473105313139266 0.4134617481416869 0.6911606373815676 0.4134617481416869 0.6911606373815676 0.36638832462644116
0 0.6876804769090493 0.38443313154202063 0.6876804769090493 0.41895366779808857 0.7391868939592754 0.41895366779808857 0.7391868939592754 0.38443313154202063
0 0.648006573922669 0.4134617481416869 0.648006573922669 0.4675962281458586 0.6862883916915644 0.4675962281458586 0.6862883916915644 0.4134617481416869
0 0.6850601183146264 0.4714728494292324 0.7361385007031923 0.47339201991997876 0.7377253096233043 0.419735599258571 0.6866468746635443 0.41781642876782465
0 0.648006573922669 0.4723035793859982 0.648006573922669 0.5201615713175061 0.737098818704242 0.5201615713175061 0.737098818704242 0.4723035793859982
0 0.7236561541101422 0.5154373909663228 0.6449290562251023 0.5182105203276699 0.646152755908161 0.5623478269114077 0.7248798012220069 0.5595746382926274
0 0.7083365401761682 0.5631673572132888 0.6466959214847114 0.559307387268659 0.6447705540751507 0.598371072417324 0.7064112253378014 0.6022311016193871
0 0.6954361474483204 0.677861600709193 0.6979170346650247 0.599561732023665 0.6453341698461725 0.5974449972504551 0.6428532826294682 0.6757448066785497
0 0.719001921161714 0.564881319212682 0.719001921161714 0.6182312604293082 0.7489313327680879 0.6182312604293082 0.7489313327680879 0.564881319212682
0 0.7064733644891258 0.6174466920130461 0.7064733644891258 0.6668737911483616 0.7517155032030577 0.6668737911483616 0.7517155032030577 0.6174466920130461
0 0.6390690503707741 0.6985616443226639 0.6425800175629846 0.7579241410042475 0.6828636938287306 0.7548969750265473 0.6793527266365202 0.6955344190875303
0 0.7591078542204995 0.669445089692051 0.7093297151734765 0.6718845997041869 0.7106022534957741 0.704875997895176 0.7603804451139912 0.70243648788304
0 0.6550812372146856 0.7785528979255157 0.7725335908901271 0.732075396787773 0.7500157713582042 0.6597759950508192 0.6325634176827627 0.7062534369311286
0 0.7166173969436369 0.7458020256560983 0.6394870439343777 0.753362088990443 0.6440758783174526 0.8128456486081614 0.7212062838979059 0.80528564453125
0 0.7244811538578004 0.725744154846784 0.7258407500773848 0.7732490613622572 0.7671780056423612 0.7717459965678095 0.7658184619939707 0.7242411493097695
0 0.6483017611770564 0.8574780510467233 0.7165129905523255 0.8512016222314928 0.7132945820548019 0.8067619842233009 0.6450833526795328 0.8130384130385315
0 0.7184869863163491 0.8615937168158374 0.7752357502624354 0.851752657103307 0.7676075648686477 0.7958631793272148 0.7108587483513673 0.8057041797823119
0 0.7413462557533915 0.18270011827783678 0.736091554626938 0.13235457337018355 0.7158591100411822 0.13503760180427032 0.7211138111676356 0.18538314671192355
0 0.7813139791431147 0.23902321232175364 0.7311193710971146 0.23255711527704034 0.7268590541054317 0.27457613157994537 0.7770536621514319 0.281042243439017
0 0.7735923221663706 0.24105224609375 0.770152851798019 0.31083682162090415 0.8188408745659722 0.313885735076608 0.8222803975055178 0.24410114473509556
0 0.881748301319579 0.249853515625 0.8204659027441322 0.24838376832239836 0.8195440142859065 0.29722124118249393 0.8808264128613533 0.2986909440420206
0 0.7334539001096846 0.22968270014790657 0.7123823141250808 0.35773451721783983 0.7650407763209248 0.36874407425667477 0.7861123623055286 0.24069224237238318
0 0.7678185330702251 0.3737800968503489 0.819675389699747 0.372318808546344 0.8190493719214309 0.3440923894493325 0.7671925152919089 0.3455536777533374
0 0.7377948087417905 0.37501845869045813 0.7377948087417905 0.43307569188979067 0.7656361450931309 0.43307569188979067 0.7656361450931309 0.37501845869045813
0 0.7375443595735088 0.460347918167855 0.7901140290226637 0.4564622897546268 0.788589779823428 0.43026016383495147 0.7360200052318853 0.4341457922481796
0 0.741985311187823 0.4528170983768204 0.7355299891324828 0.5134532150712986 0.7787026627940622 0.5192928573460255 0.7851580374205964 0.4586567110228307
0 0.7384908513505329 0.457396986878034 0.7384908513505329 0.5515438931659588 0.8046140054707688 0.5515438931659588 0.8046140054707688 0.457396986878034
0 0.7510194605943152 0.5609585363888047 0.7510194605943152 0.6307841773172027 0.789997268400759 0.6307841773172027 0.789997268400759 0.5609585363888047
0 0.7839676678745424 0.5618798709610133 0.7921851237820305 0.6834530135960255 0.8437699770537253 0.6790228686286408 0.8355524160038491 0.5574497259936286
0 0.7538035784580911 0.6307841773172027 0.7538035784580911 0.6817804132850425 0.7886052357544682 0.6817804132850425 0.7886052357544682 0.6307841773172027
0 0.8326469112530954 0.2053925449408374 0.8171383038766419 0.1434144103411332 0.7870173228392818 0.15299061895574181 0.8025258776445413 0.21496873874108768
0 0.7957744220533215 0.2362302465346253 0.833568904853709 0.2504307422823119 0.8463063794513082 0.20735851398949484 0.8085117389373385 0.19315803305616658
0 0.918315930165267 0.192914055389108 0.8510346852121017 0.20510239091891688 0.858813907646291 0.2596629022394569 0.9260952051706502 0.24747456670964807
0 0.9010647979920328 0.2512307176312197 0.9061100554815353 0.28819562300895024 0.9324707241534776 0.2836242972068416 0.9274255718063631 0.24665940664346936
0 0.8916180698549203 0.28793257926274274 0.8916180698549203 0.3350060324067051 0.9361641659601099 0.3350060324067051 0.9361641659601099 0.28793257926274274
0 0.8899129757482773 0.29551726406060375 0.8525755994798396 0.3018301658260012 0.8578851323616494 0.3417294104122421 0.8952224560588932 0.33541650864684464
0 0.8155705257287629 0.3037232334173999 0.8259091767435132 0.35810644649764867 0.864696834541209 0.3487376981568568 0.8543582360976529 0.2943544554478914
0 0.8428957706684701 0.33892881523058255 0.8428957706684701 0.38521769995828276 0.8916180698549203 0.38521769995828276 0.8916180698549203 0.33892881523058255
0 0.8932644945090439 0.3847361444269569 0.9409596051356589 0.3802560454433404 0.9376043012489234 0.3348707476865898 0.8899091906223083 0.3393508466702063
0 0.9492660640746124 0.4354072941159739 0.9453040886089578 0.3840489359735285 0.8644492767885982 0.39197402509670815 0.8684113573966409 0.4433323536104369
0 0.8210922359496124 0.3892077103401851 0.8266480123041828 0.4568407966095267 0.8687195297359496 0.4524498208055218 0.8631638585237672 0.3848167345361802
0 0.9652113277885443 0.007801648482535649 0.9724747742382644 0.06551724035763046 0.9995032022165697 0.061195477235664444 0.9922397557668498 0.0034798918418513917
0 0.8938197514602175 0.015787463512235474 0.9114101781196167 0.08320105098983617 0.9704877933893196 0.06361532118713971 0.9528975770146964 -0.003798260735076608
0 0.9863477866265612 0.09888417512467763 0.9762440237066645 0.06598338154913153 0.9159005992274979 0.0895281226889601 0.9260043621473945 0.12242891626450622
0 0.99336236104382 0.08446646384822512 0.9156583511654823 0.1114150926904771 0.9338628093709626 0.17810719314130766 1.0115668192493001 0.15115857170623484
0 1.017925200022879 0.2784530491504854 0.9944849663207903 0.1793726059996966 0.9620636801181632 0.18911786125701607 0.9855039138202519 0.2881983192221632
0 0.9311593882899979 0.20304574318302487 0.9446310721831934 0.2511315206879551 0.9720323350694444 0.24137793976126365 0.9585606511762489 0.19329217707069174
0 0.9487583314828273 0.29211325043613473 0.9543715681524548 0.34146444079945387 0.9989755977134475 0.3350186838687045 0.99336236104382 0.28566749350538534
0 0.9855949671282838 0.3609425665105431 0.9822270461549849 0.33816510543082523 0.9518249143720392 0.3438765738774272 0.955192835345338 0.36665406458586164
0 0.9640979750417205 0.4073584695464199 1.0000221850438737 0.4010313459970419 0.9956075715977606 0.36918489030263957 0.9596833615956072 0.37551195459458436
0 1.0072193917891366 0.4753693515814624 0.9989755977134475 0.4235977617282312 0.9671564619670543 0.43003525224704187 0.9754002560427433 0.4818068421002731
0 0.9602705818327412 0.42889303559238473 0.9041734378364557 0.4367969698118932 0.908474076933947 0.4755771081424454 0.9645711157878445 0.46767311466550365
0 0.9090772788140612 0.4472387221253034 0.8558683436456987 0.4537578693871359 0.8608916263761036 0.5058497160383798 0.914100561544466 0.49933056877654736
0 0.8622387106515127 0.5000287991125607 0.8229466322472545 0.506355893033222 0.8294578900530254 0.5577317321184769 0.8687500210284776 0.5514046381978155
0 0.956055002927164 0.47196696753640777 0.9080422571463178 0.4818068421002731 0.9187116861138027 0.5479526556811286 0.9667245370370371 0.5381127811172634
0 0.8630497264615633 0.5101452873748483 0.8686629105599968 0.5594964777381675 0.9159005992274979 0.5526700806849211 0.9102874677002584 0.5033188903216019
0 0.966419203542205 0.519769287109375 0.9434515848743001 0.5275359218560376 0.9484569933987403 0.5463429867642597 0.9714246120666451 0.5385763520175971
0 0.8933344141970823 0.6139644882054005 0.8887681854274333 0.5599213535345874 0.8384389425535638 0.5653242092688107 0.8430051187520188 0.6193674031970571
0 0.9123355362766473 0.5521058314054915 0.8878347313065246 0.5564662896313713 0.8944522880665913 0.6037073820540049 0.918952987894326 0.5993468053132585
0 0.9820544023538437 0.5978160080400485 0.9754002560427433 0.5438121610474818 0.9156499397744401 0.553166302430977 0.9223041912279285 0.6071700901661105
0 0.9470045564505276 0.6018204476069479 0.8968158889494509 0.6070829817392294 0.8994427663719315 0.6389137638425364 0.9496314338730082 0.6336512889676881
0 0.9866265190972222 0.6032866542779126 0.9495795986757106 0.6032866542779126 0.9495795986757106 0.6336566813941141 0.9866265190972222 0.6336566813941141
0 0.9563155457646964 0.6804769867832221 0.9914380450581395 0.6763815277988471 0.9878522690568475 0.6373099614115595 0.9527296646210164 0.6414054203959345
0 0.9529475196490095 0.636187507110892 0.9015454038477068 0.6401379631560983 0.904674336173019 0.6918657913948726 0.9560764519743217 0.6879153353496663
0 0.9009505082162468 0.6654772119614685 0.8956932836724806 0.6121446331727852 0.8433264864610249 0.6187031866277306 0.8485836584335971 0.6720357654164139
0 0.8500343079612134 0.7286316510543083 0.8915717020618001 0.724835442107858 0.8878347313065246 0.6728845688903216 0.8462973372059378 0.6766807778367718
0 0.9507023090950689 0.7538711103420813 0.9507023090950689 0.690600348907767 0.8900800470028531 0.690600348907767 0.8900800470028531 0.7538711103420813
0 0.9515177934566107 0.7357852083965413 1.0065300782932278 0.7191486840109224 0.995449016876615 0.6725930223187196 0.9404366268976099 0.6892296059617719
0 0.8429294162326388 0.7310936196336468 0.8406338424748331 0.6793409625303398 0.7980241011587532 0.6817424292703277 0.800319780058947 0.7334950863736347
0 0.8429294162326388 0.8070185096518507 0.8415427984193314 0.7351164290048544 0.7991467590069176 0.7361552710672027 0.800533429391419 0.808057351714199
0 0.7659746510113856 0.7172910819933253 0.7671527714692346 0.7969690415465716 0.7991950719342162 0.7963670452821602 0.7980169514763673 0.7166891449863471
0 0.9248816517280362 0.7538711103420813 0.8837531038032945 0.7591693174491808 0.8878347313065246 0.799426032501517 0.9289632792312662 0.7941278253944175
0 0.9589050976394272 0.7643452172140474 0.9577337062944121 0.8277202717308859 0.9966816010914621 0.8286348509557039 0.9978528872940892 0.7652597964388653
0 0.8520884747961078 0.8455211454224818 0.8925033687621124 0.8404594347314928 0.8867122311719423 0.7817102524840716 0.8462973372059378 0.7867719039176274
0 0.885589520752584 0.728562793916869 0.8377621935730243 0.7408851401319781 0.8462973372059378 0.782975635713744 0.8941247695278854 0.7706532894986348
0 0.6721188777690299 0.916277839142142 0.6855905090910315 0.9820794262932342 0.7261755234408646 0.9715224775295813 0.712703944690057 0.9057208903784891
0 0.9349854146479328 0.7855064614305218 0.9861408664069229 0.767567340147148 0.9778047573145456 0.7373648930521844 0.9266493055555556 0.7553040143355583
0 0.9126418160529716 0.9121480701039139 0.8935571057749246 0.8425502147489381 0.8575237054028046 0.8551042575280643 0.8766085208232397 0.9247021721404733
0 0.8721179420017765 0.9247021721404733 0.8571423539614287 0.82201419571071 0.7946562327566483 0.8335922685641687 0.8096318207969961 0.9362801857364987
0 0.7432016509037198 0.8363687755992112 0.7589313727221954 0.9540328238774272 0.8101026484105835 0.9453414176274272 0.7943729791633021 0.8276773100917779
0 0.7632224438623761 0.9474796035914745 0.7495165027286552 0.8831080760770631 0.712703944690057 0.8930667025371662 0.726409938394972 0.9574382893090109
0 0.9570911811611758 0.7826611565154733 0.8818746298987942 0.8168273333206918 0.9136553886735572 0.9057208903784891 0.9888718347935508 0.8715547135732706
0 0.7264479473682439 0.9735739698687803 0.7051178162514804 0.8546249241504854 0.6363648407218992 0.870289271086165 0.6576948666962747 0.98923831680446
0 0.8283352322048612 0.9310292660611347 0.798953980438469 0.942493149840716 0.804759943105351 0.9613991746624697 0.8341411423005491 0.9499352908828883
0 0.09845066645554075 0.8573431218712075 0.049227501789523447 0.8943321450242718 0.07962490216500794 0.9457274798050668 0.12884806683102526 0.9087384566520025
0 0.03917147351379131 0.8994390691368325 0.08980879672738008 0.8747569260087985 0.06382175810269299 0.8070185096518507 0.013184435710529126 0.831700712037318
0 0.0816457914340917 0.952564661711165 0.04701254924343743 0.8980379271275789 0.0 0.9359770247079794 0.03463324219065427 0.9905037592915655
0 -0.03010792366704686 0.8854336933024879 0.00806164392410528 0.9347848244083737 0.049227501789523447 0.8943321450242718 0.011057933376946397 0.8449810139183859
0 0.36693862796753873 0.2619822381769569 0.367977145619684 0.29358988641535194 0.40180381755188144 0.2921777225235134 0.4007652473285422 0.2605700742851183
0 0.5541918062116441 0.2765986766630006 0.5047959648874892 0.2765986766630006 0.5047959648874892 0.3255280429877124 0.5541918062116441 0.3255280429877124
0 0.4396663011917259 0.34909958330172935 0.5075050110862134 0.3396882584951456 0.5022714961509475 0.29175746880688713 0.43443270739966894 0.3011687936134709
0 0.40369038742026003 0.698663093048392 0.4590736934586294 0.6733547173657464 0.4374379659910637 0.6131991191975121 0.38205465995269433 0.6385074356227245
0 0.2222988184519003 0.69013180038304 0.18562606036098325 0.7188145313448119 0.20318169803274386 0.7473331192164745 0.2398544429808624 0.7186503882547026
1 0.09132219654645106 0.5461647996624697 0.048130860110996716 0.5345731568567961 0.037175052849821345 0.5864398252616808 0.08036639257097532 0.5980314088099211
1 0.04720508138441403 0.7642470869045813 0.00979136024231956 0.7906046747003944 0.02813070463169042 0.8236794480999696 0.06554442413093507 0.7973219195615898
1 0.06959640148074128 0.853520780396693 0.11272282563438711 0.8720394986347088 0.12415707347518304 0.8382071782084345 0.0810306493215372 0.8196884599704187
1 0.5574944863331718 0.7341260595229065 0.5283446529628284 0.7779357317581918 0.5607519026566538 0.8053324579035194 0.5899017885981912 0.7615228449256675
1 0.7566308047009582 0.5110300008533071 0.7170788668846899 0.5281769687689624 0.7334033266210432 0.576018813049909 0.7729552644373116 0.5588717858768204
1 0.8039179628620263 0.46602712094205095 0.8039179628620263 0.5185924344849818 0.8575124551672857 0.5185924344849818 0.8575124551672857 0.46602712094205095
1 0.7565985785590278 0.41211707846632284 0.8022670696564115 0.43928539683517903 0.823265318825366 0.394439223206159 0.7775968277279823 0.3672709048373028
1 0.7903580645052756 0.43321313950621965 0.8027342172864179 0.4715762832789745 0.8322419553456072 0.4594814856075546 0.8198656974220768 0.42111834183479974
1 0.7482353427305394 0.15455781510732705 0.7482353427305394 0.21653784594489534 0.8018298350357989 0.21653784594489534 0.8018298350357989 0.15455781510732705
1 0.767151089191026 0.22775241888842537 0.7482967458851475 0.1923319548079111 0.7203530534190622 0.21123054282179157 0.7392073441537468 0.24665100690230582
1 0.7822600503505868 0.24983108668651396 0.8111237387119132 0.23099520785137287 0.7970500620760659 0.2035942744282843 0.7681863737147394 0.22243016807778368
1 0.7664713436524279 0.11658523707713896 0.7312799760948266 0.14633565365689472 0.7497387737369455 0.1740775987939927 0.7849301412945467 0.14432718221423696
1 0.789997268400759 0.11768361063836848 0.789997268400759 0.14906591026528368 0.8310632040334303 0.14906591026528368 0.8310632040334303 0.11768361063836848
1 0.8376034811382967 0.22850910668234223 0.9009425173947567 0.19791136806451 0.8787654643424311 0.13958358023930523 0.8154264280859711 0.17018131885713744
1 0.9056894859294251 0.15829457403386682 0.919925870410745 0.12218874588753413 0.8939644273861435 0.10918289480857479 0.8797280954760175 0.14528870814054914
1 0.8871014682924203 0.15526792655870753 0.8947629838232127 0.17901654289764107 0.9174526060171727 0.1697163702214806 0.9097911956287683 0.14596776869690534
1 0.9486928277750861 0.299700927734375 0.9486928277750861 0.3357905711942506 0.9779261967727175 0.3357905711942506 0.9779261967727175 0.299700927734375
1 0.7169138459066806 0.29734725211430524 0.7169138459066806 0.3232376543063562 0.737098818704242 0.3232376543063562 0.737098818704242 0.29734725211430524
1 0.613204969197486 0.36403464900637134 0.613204969197486 0.39698604842991503 0.6424383381951173 0.39698604842991503 0.6424383381951173 0.36403464900637134
1 0.5153787565272394 0.3566856310205552 0.4904476563341139 0.3220986671818113 0.4647681526230082 0.34561693506333435 0.4896992002449397 0.3802038989020783
1 0.50411201365337 0.36908809328542175 0.4791367010860788 0.38597915797557647 0.49283223312338503 0.4117080540332979 0.5178074931194822 0.3948169893431432
1 0.36820138804774977 0.2071231582789745 0.36820138804774977 0.24007457251687653 0.4016109601266419 0.24007457251687653 0.4016109601266419 0.2071231582789745
1 0.09874660284944282 0.11604989061077822 0.10531388183383465 0.1493612641269721 0.1353824691049607 0.1418295258457221 0.12881518354916963 0.10851813010799075
1 0.6438303708414083 0.16711073199522147 0.6438303708414083 0.19064745856720267 0.6667994615027455 0.19064745856720267 0.6667994615027455 0.16711073199522147
1 0.17216464099341894 0.5757803611385012 0.11166619720590412 0.564414844698119 0.10513860290159345 0.6085621065306432 0.16563704668910825 0.6199276229710254
1 0.1917365810975856 0.4039547522091171 0.17093749789715224 0.40981590493211467 0.17830726958676518 0.4430441847125303 0.19910635278719854 0.437183091246966
1 0.2514284381981455 0.4588453570615898 0.22033186722787468 0.46322685167627425 0.224143988504993 0.49760250350804003 0.2552405594752638 0.49322109777950546
1 0.07934774683016728 0.37266478307038836 0.07934774683016728 0.4111081021503337 0.10649302742996676 0.4111081021503337 0.10649302742996676 0.37266478307038836
1 0.8027851062022233 0.8359216190078883 0.8461599686759798 0.8318473149271844 0.8441534313428618 0.80470699569554 0.8007785688691053 0.8087812997762439
1 0.9633095122739018 0.8865498663152306 0.9633095122739018 0.9438225903557342 0.9995032022165697 0.9438225903557342 0.9995032022165697 0.8865498663152306
1 0.5229963225398363 0.10666874265207828 0.4916403915838986 0.11020313003688183 0.4947346269211617 0.14508098120828278 0.5260906104482935 0.14154658641630005
1 0.2334575800932655 0.32923723239343144 0.2633460650250996 0.34945109839578276 0.28041932256338825 0.31737656084079185 0.2505308639171512 0.2971626652097239