0 0.07577215456495098 0.1205464298723469 -0.0402798521752451 0.17494502163796102 0.03951363357843137 0.3089555436401792 0.15556564031862746 0.25455686692653967
0 0.09986797257965686 0.1427556663730863 0.15036065793504902 0.2195564116051235 0.22424057904411765 0.18131833219163188 0.1737477979473039 0.10451750201156924
0 0.170267884497549 0.25228646105167013 0.25491909849877453 0.21316764051082984 0.23567942899816177 0.18039197397464335 0.1510281671262255 0.21951079451548364
0 0.3252307846966912 0.1546033674756437 0.22808344822303922 0.1350657463737387 0.21509282130821078 0.1859163989104906 0.31224015778186276 0.20545402001239563
0 0.35851246553308824 0.10880253525682847 0.20463623046875 0.07356923739779053 0.189828431372549 0.12448088261677975 0.34370461856617646 0.15971418047581767
0 0.3888291781556373 0.11104941052866214 0.3512274528952206 0.10591668093793494 0.34237788181678924 0.15695430407859257 0.3799796070772059 0.16208703366931976
0 0.31819991766237743 0.15953086263700417 0.31074893727022057 0.23225180905314893 0.3719189931832108 0.23718584521246522 0.37936997357536767 0.16446489879632045
0 0.27222574869791666 0.24230353900269658 0.2087613453584559 0.26829270778966596 0.2368359853707108 0.3222635437733777 0.3003003408394608 0.296274417460421
0 0.3493307195925245 0.29104917947003306 0.3237918868719363 0.2335284079788622 0.2785080614276961 0.24935634881154314 0.30404689414828434 0.30687716277672666
0 0.2429186772365196 0.3340748446470512 0.21260043275122548 0.26532963571568374 0.1588967715992647 0.2839750477068111 0.18921501608455882 0.3527202566381785
0 0.17928126914828432 0.3261097355194198 0.1582205499387255 0.28339782587421714 0.11263260186887254 0.30109402862952334 0.13369332107843138 0.3438059807487387
0 0.07094401041666666 0.39229639487376045 0.1297257008272059 0.36685497095457115 0.10137580422794118 0.3152895657321025 0.04259411381740196 0.3407310321253045
0 0.25793772977941176 0.2114945042025487 0.16552073759191177 0.24772636610016527 0.1814071116727941 0.27962664323460334 0.2738241517310049 0.24339486628501217
0 0.2207059015012255 0.4097425106422886 0.2583529603247549 0.3930410492644181 0.22682353898590688 0.3370911791329593 0.18917643229166667 0.35379264051082987
0 0.15494159773284313 0.4262753077157272 0.21286645029105392 0.40463547782924497 0.18663162530637256 0.34935198248303756 0.12870682061887254 0.37099185484353253
0 0.15716117110906863 0.4249881327608516 0.13154957490808825 0.3694397694714466 0.0739822686887255 0.3903350723893093 0.09959396063112745 0.44588343567871436
0 0.03746007582720588 0.4069535820203766 0.05391247319240196 0.4604785682927757 0.09446155024509804 0.45066643424886915 0.07800905713848039 0.3971414904504828
0 0.046852309283088235 0.36251353222044624 0.00582663143382353 0.377502016666123 0.020965265012254902 0.41012256810792885 0.061990942861519606 0.3951340836622521
0 0.020832663143382352 0.4768019260095903 0.09999463848039215 0.45046281383198505 0.07517597273284314 0.39174079231363085 -0.003986002604166667 0.4180799044912361
0 0.3553964652267157 0.301674690857146 0.41951904296875 0.27918185537360823 0.4023066980698529 0.2405528451472251 0.33818412032781864 0.2630457231047756
0 0.33587081609987746 0.30484261509438065 0.30542097503063725 0.2980883551208029 0.2991464652267157 0.32035697029129695 0.3295963062959559 0.32711123026487476
0 0.267705748314951 0.3708471883562761 0.3317310049019608 0.3400765075895964 0.3125158452052696 0.3086015227443241 0.24849058861825982 0.33937220351100383
0 0.2846810853247549 0.3867227425571938 0.31003686044730394 0.4213340085002392 0.3677094343596814 0.3880729489469163 0.34235361136642156 0.35346168300387093
0 0.2868600643382353 0.466139504705441 0.32444264131433825 0.4509823559553323 0.2887724992340686 0.3813547918841336 0.25118992225796566 0.39651194063424233
0 0.25207845052083333 0.3965205203848078 0.20376469630821079 0.4179540539916058 0.24392156862745099 0.4892136395267919 0.29223527496936275 0.4677801059199939
0 0.29531719132965684 0.4299807405836813 0.30688668045343137 0.4412724993340075 0.3133280196844363 0.4360769082044842 0.301758482689951 0.42478514945415796
0 0.31975150314031864 0.4515182080995564 0.31815180759803924 0.4373247522235995 0.3083673215379902 0.4381928785691762 0.3099670170802696 0.4523863769191458
0 0.2432840265012255 0.4833571527596555 0.22078268612132354 0.4307230589036404 0.18839096966911764 0.4416244390032403 0.2108923579197304 0.49425849038524267
0 0.19066664751838236 0.4414056978378349 0.16549019607843138 0.4488517745302714 0.1844705499387255 0.49937367820872475 0.20964704924938726 0.491927643990301
0 0.16689855238970588 0.4470688428991606 0.1294919002757353 0.45913779113387265 0.14932301240808823 0.5075252907261222 0.18672966452205883 0.49545638496542277
0 0.16713723575367648 0.44627695740638046 0.0996078431372549 0.4662491301322199 0.11850978477328432 0.5165622740382524 0.18603917738970588 0.496590101312413
0 0.024995500153186273 0.5068739092673539 0.06150802313112745 0.5735722105786796 0.13599188112745098 0.5414728152727035 0.0994793581495098 0.4747745139613779
0 0.05035290287990196 0.4945024186401792 0.07805644914215687 0.4831576523220033 0.0661654603247549 0.4602983935309021 0.03846200980392157 0.47164315984907795
0 0.15204867493872548 0.42355960429171013 0.10566597732843137 0.440021129971838 0.11718730851715686 0.4655772337253175 0.16357000612745098 0.44911575051920233
0 0.04156862745098039 0.4780793319415449 0.0 0.4780793319415449 0.0 0.5142658315935977 0.04156862745098039 0.5142658315935977
0 0.03215686274509804 0.5121781489213639 0.0 0.5121781489213639 0.0 0.5539318023660403 0.03215686274509804 0.5539318023660403
0 0.05074505974264706 0.5456506441099078 0.0187451171875 0.5551148310417754 0.03137254901960784 0.5887265135699373 0.06337258731617647 0.5792623691120825
0 0.02980392156862745 0.5539318023660403 0.0 0.5539318023660403 0.0 0.5970772442588727 0.02980392156862745 0.5970772442588727
0 0.09259009267769608 0.6351014670184194 0.07912645526960785 0.5801509254577679 0.035819355085784314 0.5885041621134525 0.04928289675245098 0.6434547036741041
0 0.04470588235294118 0.5942936673625608 0.0 0.5942936673625608 0.0 0.6499652052887961 0.04470588235294118 0.6499652052887961
0 0.11053959865196078 0.5919101531918711 0.1846993719362745 0.5761183152699852 0.1737854243259804 0.5357701269055541 0.09962565104166667 0.55156196482744
0 0.17275610830269608 0.5361708692153793 0.09886316636029412 0.5513007071753219 0.11828153722426471 0.6259607621672756 0.19217447916666666 0.610830924207333
0 0.12478860294117647 0.624659570788209 0.10006338082107843 0.5666810993361822 0.06290345435049019 0.5791565238724339 0.08762867647058824 0.637134952850448
0 0.08673588771446078 0.516803781274465 0.09576009114583334 0.5528347410920103 0.1748189529718137 0.5372467359570721 0.16579465379901961 0.5012157761395268
0 0.23167595358455884 0.6203899556095599 0.21964910768995097 0.5575494839237561 0.17432636335784313 0.5643781583675844 0.18635320925245097 0.6272186300533882
0 0.30285055721507353 0.628754872618737 0.29435934627757354 0.532320599964118 0.2415079273897059 0.5359841109815371 0.2499990904564951 0.6324183836361561
0 0.23907729204963235 0.5388268117035273 0.29056516161151963 0.527405931954593 0.27723182827818627 0.480085124717293 0.22574395871629901 0.4915060044662274
0 0.35824462890625 0.44626221892397355 0.2732156192555147 0.4654659518120433 0.28637436810661765 0.5113331709127088 0.37140332988664215 0.492129438024639
0 0.29532370174632355 0.5381247162735951 0.368285462622549 0.5228926433650835 0.3600257065716912 0.491746237482059 0.28706394569546567 0.5069783528645834
0 0.3552941176470588 0.5330549756437022 0.2972549019607843 0.5330549756437022 0.2972549019607843 0.5796798886569241 0.3552941176470588 0.5796798886569241
0 0.30298593558517156 0.6321145245492997 0.3610157207414216 0.6289621882747259 0.353807492723652 0.5245009643299844 0.29577770756740196 0.5276532581305454
0 0.42368068321078434 0.6362540418270486 0.4137027516084559 0.5078841961334377 0.3526812863817402 0.5116181290639136 0.36265921798406864 0.6399879747575243
0 0.4964353075214461 0.6366085299370433 0.472991823682598 0.3620408389331072 0.3998170381433824 0.36695941455180064 0.4232605219822304 0.6415271055557368
0 0.40539349724264706 0.38181712151237385 0.37518382352941176 0.3429513611392006 0.34494255514705885 0.3614562266223034 0.3751522288602941 0.40032198699547666
0 0.3763522039675245 0.3454917743128045 0.3591564702052696 0.292091746585769 0.32528301164215684 0.3006788451553801 0.34247874540441176 0.35407887288241563
0 0.41244083180147056 0.3762387970544102 0.46085190716911767 0.3590574218070416 0.44392156862745097 0.32150313152400833 0.3955104932598039 0.338684506771377
0 0.4069019512101716 0.2835073238789579 0.3640784409466912 0.2961725647779663 0.375450989966299 0.32644396352535665 0.4182745002297794 0.3137787226263483
0 0.4189158241421569 0.31835113504153617 0.46412918390012253 0.30832208621477036 0.45365626914828433 0.2711531626489649 0.40844290939031863 0.2811822114757307
0 0.4439276003370098 0.2737380461138657 0.4314932310814951 0.2332851168341162 0.4034207931219363 0.24007815558128914 0.41585521024816174 0.2805309999130132
0 0.4478662588082108 0.2852272665492345 0.5170729453890931 0.27034131437021575 0.5046055453431373 0.22471105778640396 0.4353988587622549 0.23959700996542277
0 0.5360254384957108 0.2662453754294972 0.46874401616115197 0.2761947430084377 0.47580283969056375 0.3137730735826592 0.5430842620251225 0.30382366352970597
0 0.44457682291666667 0.3222103663094772 0.4640669998468137 0.3788927432639614 0.5035918830422794 0.36819370936086465 0.4841017061121324 0.31151133240638046
0 0.5419607843137255 0.36464857341684065 0.5312347771139706 0.3075476150671973 0.44678323184742647 0.3200361215993606 0.45750928691789217 0.3771370374749913
0 0.5764705882352941 0.30619345859429364 0.5270588235294118 0.30619345859429364 0.5270588235294118 0.38413361169102295 0.5764705882352941 0.38413361169102295
0 0.5526766907935049 0.4608181480243128 0.5377423215379902 0.37027124074406315 0.469476868872549 0.379135099980428 0.48441123812806375 0.4696820072606776
0 0.5074908566942402 0.48978933229492866 0.5498595952052696 0.48531405794678584 0.5462843711703431 0.4586678161833464 0.5039156326593137 0.4631430905314892
0 0.5658008291207108 0.5532083425077201 0.5579110657935049 0.48320552053431626 0.523277037377451 0.4862784728791536 0.5311667528339461 0.5562812948525574
0 0.5011764705882353 0.48086290883785665 0.5011764705882353 0.4627696590118302 0.48549019607843136 0.4627696590118302 0.48549019607843136 0.48086290883785665
0 0.45135933670343137 0.5046176897127261 0.5005509918811275 0.5851203424696634 0.5645097560508578 0.554353144572025 0.5153181487438725 0.47385049181508787
0 0.5631372549019608 0.5539318023660403 0.5145098039215686 0.5539318023660403 0.5145098039215686 0.639526791927627 0.5631372549019608 0.639526791927627
0 0.569605162377451 0.6203836269816675 0.6867019952512254 0.6070391841455723 0.6714620672487746 0.5017614397806845 0.5543651865042892 0.5151058826167797
0 0.6299294385723039 0.33255393520028703 0.6365332988664215 0.29153792793417277 0.5853647269454657 0.2850521886688848 0.5787607709099265 0.32606819593499914
0 0.5866720760569853 0.24002591254566805 0.5822691195618872 0.28690520242095074 0.6345855353860295 0.2907733957055715 0.6389884918811275 0.2438941058302888
0 0.5783713905484069 0.07870154224839074 0.4493194699754902 0.05325638061608386 0.4308465935202206 0.1270130133579071 0.5598985140931373 0.152458174990214
0 0.6008766084558823 0.1840844947427366 0.6217300953584559 0.11007412224904314 0.5687658452052696 0.09832572538817849 0.547912358302696 0.17233618282989735
0 0.6547926719515932 0.023335307525443633 0.5770749080882352 0.01706648304301496 0.5708132276348039 0.07817970652835769 0.6485310393688726 0.08444844606276096
0 0.5589274088541667 0.10172126785947286 0.5570368508731618 0.1755270005599774 0.6286398016237745 0.17697086214770355 0.6305303117340686 0.10316512944719902
0 0.4448655311734069 0.23629193714117955 0.4496437940410539 0.178350672924278 0.37965983072916665 0.17380722778575156 0.3748815199908088 0.2317484070546277
0 0.6497355621936275 0.028339935493867433 0.644478209252451 0.0992431640625 0.6942421587775736 0.10214804673908316 0.6994995595894608 0.03124481817045059
0 0.6914625459558823 0.18318557473795233 0.6980199237898285 0.11918615714161447 0.6419414924172794 0.11466284468510786 0.6353841145833333 0.17866226228144572
0 0.6161336741727941 0.24075519134372825 0.7068356981464461 0.24728030401878914 0.7125507429534313 0.18474122792710507 0.6218486711090686 0.1782161152520442
0 0.7293120500153186 0.24647244829723383 0.7384189261642157 0.19260444189826897 0.7095008999693627 0.18875578665949025 0.7003940716911765 0.2426237930584551
0 0.6524585439644608 0.26692895218989215 0.6412669462316176 0.31657835469946066 0.6773152190563726 0.32297519585616735 0.6885068167892157 0.27332587829462424
0 0.7316425398284314 0.25658534082506956 0.6858887676164216 0.25289477386156056 0.6774863089767157 0.3349019410963596 0.7232400811887255 0.33859246558585593
0 0.5798783126531862 0.32577448813717813 0.5783878580729167 0.3866062363403575 0.6686605775122549 0.3883474160169842 0.6701510799632353 0.3275157102878175
0 0.7074509803921568 0.38970076548364646 0.6619607843137255 0.38970076548364646 0.6619607843137255 0.4321503131524008 0.7074509803921568 0.4321503131524008
0 0.6282352941176471 0.38900487125956856 0.5592156862745098 0.38900487125956856 0.5592156862745098 0.43075852470424497 0.6282352941176471 0.43075852470424497
0 0.6643137254901961 0.40640222686151706 0.6274509803921569 0.40640222686151706 0.6274509803921569 0.43771746694502434 0.6643137254901961 0.43771746694502434
0 0.6176485906862745 0.48733599084735996 0.6153377757352941 0.43300229937315154 0.593866277956495 0.43372121451211293 0.5961771407781863 0.48805490598632134
0 0.5583106904871323 0.48835715106069505 0.6443527879901961 0.48472180031369605 0.6413521560968137 0.42881253533837854 0.5553101064644608 0.43244788608537754
0 0.7716000785079656 0.19101149652596555 0.7810158164828431 0.12059688899943459 0.7334435317095588 0.11558903300604557 0.7240277458639706 0.18600364053257654
0 0.7290174057904412 0.18422160085573244 0.7326772173713235 0.11494750551822373 0.6959808708639705 0.11342124434585943 0.6923210592830882 0.18269533968336812
0 0.7553770297181372 0.07895103459899096 0.6985946595435049 0.07290536857928845 0.6943489583333333 0.10429740167775749 0.7511313285079657 0.11034315264548539
0 0.7294117647058823 0.03549060542797495 0.6988235294117647 0.03549060542797495 0.6988235294117647 0.07515657620041753 0.7294117647058823 0.07515657620041753
0 0.7653021120557598 0.07935717110842902 0.7670818972120098 0.046195076004697286 0.7319794060202206 0.044711968429236255 0.7301996208639706 0.07787406353296798
0 0.7215686274509804 0.0 0.6533333333333333 0.0 0.6533333333333333 0.021572720946416143 0.7215686274509804 0.021572720946416143
0 0.7890196078431373 0.0 0.7239215686274509 0.0 0.7239215686274509 0.028531663187195546 0.7890196078431373 0.028531663187195546
0 0.8650980392156863 0.0 0.7890196078431373 0.0 0.7890196078431373 0.032011134307585246 0.8650980392156863 0.032011134307585246
0 0.7535942287071078 0.1118141976013396 0.8075501685049019 0.1148063219000087 0.8128206380208334 0.03998546029597251 0.7588646982230393 0.03699342094532881
0 0.8085584214154412 0.0629322155532359 0.8070701210171569 0.11443025699156228 0.842783203125 0.11524269990648921 0.8442715035232843 0.06374474341618824
0 0.8499418849571079 0.04071703269071851 0.8120568129595588 0.03873969750347947 0.8104422296262255 0.06309361680149617 0.8483272058823529 0.06507086704070981
0 0.875132506127451 0.10975531230971643 0.8790987859987746 0.04054526778335943 0.845804993872549 0.03904321679823417 0.8418387140012255 0.10825326132459116
0 0.8972549019607843 0.0 0.8705882352941177 0.0 0.8705882352941177 0.031315240083507306 0.8972549019607843 0.031315240083507306
0 0.9215686274509803 0.0 0.8698039215686274 0.0 0.8698039215686274 0.033402922755741124 0.9215686274509803 0.033402922755741124
0 0.9396078431372549 0.04314544189283229 0.8847058823529412 0.04314544189283229 0.8847058823529412 0.09672929714683368 0.9396078431372549 0.09672929714683368
0 0.9992156862745099 0.04244954766875435 0.9380392156862745 0.04244954766875435 0.9380392156862745 0.08629088378566457 0.9992156862745099 0.08629088378566457
0 0.9291219554227941 0.03790720685455811 0.9991959635416666 0.039150676050365346 0.9999645756740196 0.0050516042264700765 0.9298906632965687 0.0038080500826374393
0 0.8858910654105392 0.12882971182911448 0.9405624808517157 0.12464806033076722 0.9374196729473039 0.09230138132285143 0.8827482575061274 0.09648311776922408
0 0.9992156862745099 0.08768267223382047 0.9380392156862745 0.08768267223382047 0.9380392156862745 0.1266527487821851 0.9992156862745099 0.1266527487821851
0 0.9992156862745099 0.12874043145441894 0.8721568627450981 0.12874043145441894 0.8721568627450981 0.23660403618649964 0.9992156862745099 0.23660403618649964
0 0.9539307598039216 0.23710454995215727 0.8723729511335784 0.23408940473860473 0.8702606081495098 0.27907048851230865 0.9518184168198529 0.28208563372586115
0 0.8674319278492647 0.3235547112854471 0.9312009803921568 0.3250054536632307 0.9324949257046569 0.2802300290590205 0.8687258731617648 0.27877928668123697
0 0.9811764705882353 0.3221990257480863 0.9811764705882353 0.27487821851078637 0.9294117647058824 0.27487821851078637 0.9294117647058824 0.3221990257480863
0 0.9992156862745099 0.21711899791231734 0.9670588235294117 0.21711899791231734 0.9670588235294117 0.27348643006263046 0.9992156862745099 0.27348643006263046
0 0.9992156862745099 0.27279053583855256 0.9796078431372549 0.27279053583855256 0.9796078431372549 0.32289491997216424 0.9992156862745099 0.32289491997216424
0 0.9992156862745099 0.32289491997216424 0.8674509803921568 0.32289491997216424 0.8674509803921568 0.3750869867780097 0.9992156862745099 0.3750869867780097
0 0.9960334329044118 0.37186418611636657 0.9491481885723039 0.3756459872591554 0.9529219324448529 0.4124770300539318 0.9998071767769607 0.4086952713851557
0 0.9477169500612745 0.4612268754485256 1.0016605392156863 0.45883376215096555 0.9988655598958334 0.4092361354628784 0.9449219707414216 0.41162924876043844
0 0.9276226447610294 0.4380417985060021 0.9306489353553922 0.3762844566180628 0.8616573797487745 0.37362299250826375 0.8586311848958333 0.43538029192219035
0 0.9349019607843138 0.40988169798190677 0.8768627450980392 0.40988169798190677 0.8768627450980392 0.44328462073764785 0.9349019607843138 0.44328462073764785
0 0.9464959597120098 0.43783618181052103 0.8630680338541666 0.44353024795309237 0.8665559895833334 0.4837611230944459 0.9499838196997549 0.47806705695187457
0 0.9565369370404412 0.5209999588851557 0.9503468711703431 0.477062249233429 0.8969652841605392 0.48298270186369174 0.9031553500306373 0.5269204115154184
0 0.9992156862745099 0.5086986778009742 0.9992156862745099 0.4558107167710508 0.9576470588235294 0.4558107167710508 0.9576470588235294 0.5086986778009742
0 0.9992156862745099 0.5260960334029228 0.9639215686274509 0.5260960334029228 0.9639215686274509 0.5643702157272095 0.9992156862745099 0.5643702157272095
0 0.9992156862745099 0.5045233124565066 0.9623529411764706 0.5045233124565066 0.9623529411764706 0.5274878218510787 0.9992156862745099 0.5274878218510787
0 0.9641522097120098 0.5677268944768833 0.9614025160845588 0.5360104873434238 0.8996862553615196 0.5402226776569024 0.9024359489889706 0.5719390847903618
0 0.8977563955269607 0.5734396491850426 0.9030858417585784 0.6254548966760177 0.9477787990196078 0.621849957322112 0.9424493527879902 0.5698347098311369
0 0.9622393918504902 0.5666402818099774 0.9345233034620098 0.5686895679747304 0.9365463196997549 0.5902286919771007 0.9642623123468137 0.5881794058123477
0 0.9992156862745099 0.5643702157272095 0.9647058823529412 0.5643702157272095 0.9647058823529412 0.6012526096033403 0.9992156862745099 0.6012526096033403
0 0.8976393995098039 0.6271148235663492 0.8942041015625 0.5742822911229993 0.8564413871017157 0.5762152834409795 0.8598766850490196 0.629047858358342
0 0.8609314682904412 0.6285890115991432 0.8569381893382353 0.5807574118851122 0.8268057789522059 0.5827378476752784 0.8307990579044118 0.6305694049152967
0 0.8290196078431372 0.581767571329158 0.7945098039215687 0.581767571329158 0.7945098039215687 0.6325678496868476 0.8290196078431372 0.6325678496868476
0 0.7937254901960784 0.5831593597773138 0.7584313725490196 0.5831593597773138 0.7584313725490196 0.6346555323590815 0.7937254901960784 0.6346555323590815
0 0.7607843137254902 0.5824634655532359 0.6854901960784314 0.5824634655532359 0.6854901960784314 0.6388308977035491 0.7607843137254902 0.6388308977035491
0 0.8011284562653186 0.5181037409071634 0.7249415498621323 0.5126959071361779 0.7187917432598039 0.5809024181644703 0.7949786496629901 0.5863102519354558
0 0.7945364679074755 0.5231279493954419 0.7917177447150735 0.5793996875951418 0.8467897901348039 0.5815713838644964 0.8496085133272059 0.5252996456647965
0 0.8925490196078432 0.5782881002087683 0.8925490196078432 0.5254001391788448 0.847843137254902 0.5254001391788448 0.847843137254902 0.5782881002087683
0 0.8210283586090686 0.43665710321796714 0.7007386450674019 0.4329767724915188 0.6988794424019608 0.48081661216401356 0.8191691559436275 0.4844969428904619
0 0.8572549019607844 0.4363256784968685 0.8188235294117647 0.4363256784968685 0.8188235294117647 0.4836464857341684 0.8572549019607844 0.4836464857341684
0 0.8572549019607844 0.39526791927627003 0.8062745098039216 0.39526791927627003 0.8062745098039216 0.43562978427279053 0.8572549019607844 0.43562978427279053
0 0.8572549019607844 0.36673625608907445 0.8094117647058824 0.36673625608907445 0.8094117647058824 0.3959638135003479 0.8572549019607844 0.3959638135003479
0 0.7892520680147059 0.31717188655293144 0.7866063495710784 0.3664685848610386 0.8563641237745098 0.36941594155032187 0.8590098422181373 0.320119200768202
0 0.728928653492647 0.25491942509894744 0.7254667394301471 0.3163524778999217 0.8137949027267157 0.32027100288959204 0.8172568167892157 0.25883790761460507
0 0.8610493259803922 0.2901690754528749 0.8174244600183823 0.2837179949819502 0.8113407628676471 0.3161052366719946 0.8549655330882353 0.32255635961693196
0 0.8161937997855392 0.28642189063043666 0.8620761527267157 0.2895534146387874 0.8642998429840686 0.2639035282652662 0.8184174900428921 0.26077200425691544
0 0.8047567210477942 0.23848521020898572 0.8644897939644608 0.24113516386134307 0.8670441750919118 0.19580655771572722 0.807311102175245 0.19315660406336987
0 0.8062370749080883 0.19355925770376653 0.747243412990196 0.18968197498042796 0.7419382850796569 0.25322666579679887 0.800931946997549 0.25710394852013746
0 0.8619575291053921 0.24374774038252436 0.8734781901041667 0.20541587834899094 0.8456529564950981 0.19883232143245477 0.8341322954963235 0.23716418346598817
0 0.7699771178002451 0.1940908624467206 0.8675743910845588 0.20027626796820633 0.8737692440257353 0.12332516473121086 0.7761719707414215 0.11713984415775053
0 0.7706943167892157 0.3997223813581898 0.7113684800091912 0.3981742035952723 0.710210631127451 0.4331024106210856 0.7695365157781863 0.4346505883840031
0 0.8287811159620098 0.48720716716684065 0.7123001397824755 0.4771242612919711 0.7084955193014706 0.5117254184199939 0.8249764476102941 0.5218083242948635
0 0.8596078431372549 0.4822546972860125 0.8227450980392157 0.4822546972860125 0.8227450980392157 0.5073068893528184 0.8596078431372549 0.5073068893528184
0 0.8549019607843137 0.5066109951287404 0.8243137254901961 0.5066109951287404 0.8243137254901961 0.5267919276270007 0.8549019607843137 0.5267919276270007
0 1.0002703737745098 0.6761061761971555 0.9941411037071078 0.6293368090667406 0.9381539139093137 0.6351130199498739 0.9442831839767157 0.6818823870802888
0 0.9443991268382353 0.687605505447547 0.938443053002451 0.6347588716319806 0.8972859221813726 0.6384106173478818 0.9032420917585784 0.6912572511634482
0 0.8964829388786765 0.643889467668102 0.8355313648897059 0.6561804275671973 0.8473500689338235 0.7023199475632829 0.9083015471813726 0.6900290301382003
0 0.8162249157475491 0.7174643116355689 0.8609278301164216 0.7100274518038883 0.8501753982843138 0.6591457507638526 0.8054723881740196 0.6665826530695459
0 0.8630733953737745 0.6946012301833246 0.8916591030943627 0.8580521044004437 1.019507027420343 0.8404501090053061 0.9909213196997549 0.6769992347881872
0 0.8656752642463236 0.7168044353742606 0.8945882161458333 0.8578984334224948 0.943316099877451 0.8500375979960421 0.9144031479779412 0.7089436424218206
0 0.9991437844669118 0.7913623828396834 0.9166157322303922 0.7996296945676757 0.9230578852634804 0.8502559993693458 1.0055859375 0.8419887725893789
0 0.9804988128063725 0.8442923081941545 0.894293332567402 0.8581989795363605 0.9015717869178922 0.8937174479166666 0.9877772671568628 0.8798106916264353
0 0.8433773743872549 0.8358762524736865 0.856261967677696 0.8955772999847773 0.8943481924019608 0.8891063841499217 0.881463503370098 0.8294053366388309
0 0.7748614142922794 0.6673328290818545 0.7788799211090687 0.704770400777988 0.7948323567708333 0.7034224030369259 0.7908138020833333 0.6659848738148052
0 0.8118431181066177 0.7211552183911796 0.8082959941789216 0.648767735448743 0.7222863530177696 0.6520857203728471 0.7258335248161765 0.7244731183672581
0 0.6734682329963235 0.6475501329266702 0.6757416130514706 0.7211739069567675 0.7249982766544117 0.7199764795907272 0.7227248965992648 0.6463527905086552
0 0.6823529411764706 0.6478775226165623 0.636078431372549 0.6478775226165623 0.636078431372549 0.6805845511482255 0.6823529411764706 0.6805845511482255
0 0.6365633616727941 0.7175450972077244 0.6786271637561274 0.7165881577015919 0.6775434666053921 0.6790880642587639 0.6354796645220588 0.6800450462389092
0 0.6329411764705882 0.6471816283924844 0.5858823529411765 0.6471816283924844 0.5858823529411765 0.6910229645093946 0.6329411764705882 0.6910229645093946
0 0.6149019607843137 0.6875434933890049 0.5803921568627451 0.6875434933890049 0.5803921568627451 0.7390396659707724 0.6149019607843137 0.7390396659707724
0 0.5858823529411765 0.6478775226165623 0.5317647058823529 0.6478775226165623 0.5317647058823529 0.686151704940849 0.5858823529411765 0.686151704940849
0 0.527889284620098 0.6849236538116519 0.5259707222732843 0.7359919007154663 0.5796104760263481 0.7375783900378392 0.5815290383731617 0.6865101006600122
0 0.5270588235294118 0.6478775226165623 0.4792156862745098 0.6478775226165623 0.4792156862745098 0.7369519832985386 0.5270588235294118 0.7369519832985386
0 0.48393841911764707 0.723512016407881 0.48116613051470586 0.6448006201885439 0.4370425474877451 0.6460240416503567 0.4398148360906863 0.7247354378696939
0 0.43622324027267156 0.708195462688109 0.4400820503982843 0.6465671143767397 0.4010304649203431 0.6446421496471599 0.3971716547947304 0.7062705404325418
0 0.3215646541819853 0.695297634095555 0.3998401596966912 0.6977780314892137 0.4019562844669118 0.6452056523736517 0.32368077895220587 0.642725254979993
0 0.4345098039215686 0.7188587334725122 0.3811764705882353 0.7188587334725122 0.3811764705882353 0.7487821851078637 0.4345098039215686 0.7487821851078637
0 0.3819607843137255 0.7063326374391092 0.3325490196078431 0.7063326374391092 0.3325490196078431 0.7515657620041754 0.3819607843137255 0.7515657620041754
0 0.30087105545343135 0.6389417548766962 0.24152697993259803 0.6424520196562935 0.24455317478553923 0.6827276624070329 0.30389729817708333 0.6792173976274356
0 0.3299785539215686 0.7589566649541145 0.32753978056066174 0.7091884201570111 0.2945586320465686 0.7104607292074417 0.2969974054074755 0.7602290164785578
0 0.2209046128216912 0.6549507624255175 0.2673676853553922 0.7723797271877174 0.33964465571384805 0.7498663767560456 0.2931816310508578 0.6324374544678584
0 0.2536453067555147 0.7164746671396572 0.2460876225490196 0.6393596566876523 0.18662252987132352 0.6439476145914883 0.19418016620710785 0.7210626250434934
0 0.27369695925245097 0.7243368617345164 0.22620682061887254 0.7256962000369693 0.22770943435968138 0.7670251983026705 0.275199525122549 0.7656659449482429
0 0.14200396369485294 0.6481726320568023 0.14827847349877452 0.7163702660164405 0.19270431219362746 0.7131525197623086 0.18642980238970588 0.6449548858026705
0 0.13788957184436273 0.7183438634905619 0.14772757735906863 0.7750813292395181 0.20359968596813727 0.7674546955190936 0.19376177619485294 0.710717144822112
0 0.816572265625 0.741198620036317 0.8669021905637255 0.73594492445742 0.8642199946384804 0.715716506012961 0.8138901654411764 0.720970201591858
0 0.7602667356004902 0.7811583410805932 0.7667308134191176 0.7309737660110038 0.7247248391544118 0.7267143021213901 0.7182607613357843 0.7768988771909795
0 0.7582383099724265 0.7734382645322286 0.6884754136029412 0.7699994835160056 0.6854274854473039 0.8186777601991997 0.7551903339460785 0.8221166261634482
0 0.7494398169424019 0.881572683569285 0.7509090647977941 0.8203024761330028 0.7020867800245097 0.8193807900574113 0.7006175321691176 0.8806509974936935
0 0.7696043007046569 0.733307797956898 0.6415922755821079 0.7122404328135873 0.6305861289828432 0.7648884156717554 0.758598201976103 0.7859557808150661
0 0.6255516620710785 0.7676656214661621 0.6270125325520833 0.8195121197046799 0.655230162377451 0.8188862226535316 0.6537693397671569 0.7670397244150139
0 0.624313725490196 0.7376478775226165 0.5662745098039216 0.7376478775226165 0.5662745098039216 0.7654836464857342 0.624313725490196 0.7654836464857342
0 0.5390107517616421 0.737397450743737 0.5428951727175245 0.7899566629153618 0.5690891639859068 0.7884326953396834 0.5652047430300245 0.7358733982200331
0 0.5465392348345588 0.7418375141353514 0.4859219420189951 0.7353835029575505 0.48008410883884806 0.7785475484679454 0.5407014495251226 0.7850016445937718
0 0.5419607843137255 0.7383437717466945 0.44784313725490194 0.7383437717466945 0.44784313725490194 0.8044537230340988 0.5419607843137255 0.8044537230340988
0 0.4384313725490196 0.7508698677800975 0.3686274509803922 0.7508698677800975 0.3686274509803922 0.789839944328462 0.4384313725490196 0.789839944328462
0 0.4375103400735294 0.7838115227579158 0.31597493489583334 0.7920273559825156 0.3204037415747549 0.8436019355917276 0.4419390988817402 0.8353860174191023
0 0.3686274509803922 0.7536534446764092 0.3176470588235294 0.7536534446764092 0.3176470588235294 0.7884481558803061 0.3686274509803922 0.7884481558803061
0 0.7938869102328432 0.8324810497944938 0.8558457797181372 0.8169755716662317 0.8462725949754902 0.786860562233603 0.7843137254901961 0.802366040361865
0 0.7630588426776961 0.7956159003675192 0.748862735523897 0.8334029057661361 0.7919215782015931 0.8461378040459725 0.8061176853553922 0.8083507136993302
0 0.8063615387561275 0.9181330394811239 0.7941770067401961 0.8508651616594902 0.7396334539675246 0.8586428329690762 0.7518179859834558 0.9259107107907099
0 0.7480630074295344 0.9008853622999304 0.7111095952052696 0.9059295760481907 0.7156794768688726 0.9322850407206854 0.7526328890931373 0.9272408269724252
0 0.7113725490196079 0.8914405010438413 0.6643137254901961 0.8914405010438413 0.6643137254901961 0.9359777313848295 0.7113725490196079 0.9359777313848295
0 0.7037902113970588 0.889735679122086 0.6974792719822304 0.8524057790481472 0.6575923904718137 0.8577142661034273 0.663903377757353 0.895044166177366
0 0.6955867991727941 0.8154081107015484 0.641220463771446 0.8257446713802628 0.6505863204656863 0.8645246342477818 0.7049526558670343 0.8541880735690675
0 0.6603921568627451 0.8427279053583855 0.6141176470588235 0.8427279053583855 0.6141176470588235 0.8914405010438413 0.6603921568627451 0.8914405010438413
0 0.6145990349264706 0.8930866238800452 0.6190777228860294 0.9407721979384134 0.6644489602481618 0.9374175154673364 0.6599702244178921 0.8897319414089684
0 0.5639436370251225 0.9490769717456071 0.6152860274969363 0.9451157603731732 0.6073634248621324 0.8642770957017658 0.5560210343903186 0.8682383920222251
0 0.6101288679534314 0.8209287129762526 0.5425168026194853 0.8264833794091423 0.5469064031862745 0.8685464985103514 0.6145184685202206 0.8629919170254872
0 0.9914164943321079 0.9650190827244259 0.9337187882965686 0.9722810345718076 0.9380392156862745 0.9993041057759221 0.9957369217218137 0.9920421539285403
0 0.9834330958946078 0.8936417592260352 0.9160405177696078 0.9112286338726514 0.9356201171875 0.9702945249978253 1.0030127910539215 0.9527077352992345
0 0.9003621897977941 0.9861513481591423 0.9332528147977941 0.976049583822634 0.9097153607536764 0.9157182219630741 0.876824831495098 0.9258199013515571
0 0.9147754863664216 0.993164487240127 0.8878351907169117 0.9154759501946329 0.8211638327205882 0.9336768291688413 0.8481040326286765 1.0113653662143354
0 0.7208491306678921 1.0177224516951549 0.819898801317402 0.9942869054997391 0.8101565372242647 0.9618720981754524 0.7111068665747549 0.9853076443708682
0 0.7962330058976715 0.9309739528966597 0.7481621476715686 0.9444428870639787 0.7579127412683824 0.9718387102035491 0.8059835516237746 0.95836977603623
0 0.7071931487438725 0.9485694072938413 0.6578573069852941 0.9541814985919015 0.664301087622549 0.9987765785381872 0.7136369293811274 0.993164487240127
0 0.6383852251838236 0.9853986237060717 0.6611555989583333 0.9820314538752609 0.6554459156709559 0.9516353514265832 0.6326754940257353 0.9550026062054193
0 0.591983762254902 0.9639059237995825 0.5983089192708333 0.9998230532630915 0.6301454790900736 0.9954093237593511 0.6238203699448529 0.959492194295842
0 0.5239939970128676 1.0070187456506612 0.57574951171875 0.9987765785381872 0.5693140127144608 0.9669637978699113 0.5175584980085784 0.9752059649823852
0 0.5704558727787991 0.9600793550474078 0.5625543811274509 0.9039933557052453 0.5237862859987745 0.9082930849588987 0.5316878255208334 0.9643789993530358
0 0.5521158854166667 0.9088962159392397 0.5455987668504902 0.8556978548245042 0.49352309283088236 0.8607201519822112 0.5000402113970588 0.9139185130969467
0 0.49934220856311273 0.8620670029249304 0.4930170994178922 0.8227827036306107 0.44165718826593137 0.8292926955571504 0.447982297411152 0.8685769948514701
0 0.5273953067555147 0.9558645738191545 0.5175584980085784 0.9078613790938153 0.45143324908088234 0.9185287273834377 0.4612700578278186 0.9665320070568023
0 0.4892288507199755 0.8628778318273748 0.43989300896139705 0.8684899231254349 0.4467172660079657 0.9157182219630741 0.4960531077665441 0.9101062156130393
0 0.4796078431372549 0.9662267038535143 0.4718435968137255 0.9432636385753741 0.4530423751531863 0.948268096647747 0.4608066214767157 0.9712311619258872
0 0.38544189453125 0.8931565361049495 0.43946825214460783 0.8885911743758699 0.4340670477175245 0.8382719566860213 0.3800406422334559 0.8428372334670755
0 0.447281374463848 0.9121538028172843 0.44292221966911766 0.887657935368824 0.3956958486519608 0.8942741123271137 0.400055051317402 0.9187699797755741
0 0.4015853821997549 0.9818588394876478 0.4555724379595588 0.9752059649823852 0.44622122970281863 0.9154675403401183 0.3922341739430147 0.9221204997934064
0 0.3975821461397059 0.9468159101535316 0.39232129863664217 0.8966372814457203 0.3605003925398284 0.8992636195470164 0.3657612400428922 0.9494422482548278
0 0.396116392846201 0.9864300626304802 0.396116392846201 0.949390514907359 0.36575583065257355 0.949390514907359 0.36575583065257355 0.9864300626304802
0 0.31895005170036766 0.9561250244650313 0.3230442421109069 0.9912405843608646 0.3621036783854167 0.9876555228449025 0.35800948797487747 0.9525398780010439
0 0.36322581571691176 0.9527577696861952 0.35927657781862743 0.9013658283315936 0.30756481694240195 0.9044941243149791 0.3115140548406863 0.9558860656695807
0 0.3339451688878676 0.9007710222577419 0.38726122089460785 0.8955148631861082 0.38070470473345586 0.8431585068991388 0.3273886527267157 0.8484146659707724
0 0.27081035539215687 0.849864983608429 0.2746054017310049 0.8913941194219729 0.3265401443780637 0.887657935368824 0.3227450980392157 0.8461287995552801
0 0.24557875689338235 0.9505129331669712 0.30882984834558824 0.9505129331669712 0.30882984834558824 0.889902771888048 0.24557875689338235 0.889902771888048
0 0.2636590456495098 0.9513282643147617 0.28029038373161763 1.0063296472686152 0.32683158126531864 0.995250725795929 0.3102001953125 0.9402493428420755
0 0.2683491306678922 0.8427615447764439 0.3200857364430147 0.840466419026183 0.3176850202971814 0.797865154184064 0.2659484145220588 0.8001603648823504
0 0.1924478209252451 0.8427615447764439 0.26432760799632354 0.8413751930019137 0.26328905292585786 0.798987572443676 0.1914093137254902 0.8003740091662317
0 0.28214738434436276 0.7658220794189283 0.2024942076439951 0.7669999687391267 0.2030959903492647 0.7990359078701288 0.2827491670496324 0.7978580185499304
0 0.24557875689338235 0.924697483091945 0.24028219784007354 0.8835771171766267 0.20003796147365197 0.887657935368824 0.20533452052696077 0.9287783012841423
0 0.23510790058210784 0.9587140703831768 0.17175254672181373 0.9575429769050104 0.17083821614583333 0.9964830668004089 0.23419357000612745 0.9976541602785751
0 0.1539571844362745 0.8519187720185282 0.15901731004901962 0.8923255745204853 0.21774825750612745 0.8865356020572372 0.21268817976409313 0.8461287995552801
0 0.2708791934742647 0.8854131837976252 0.258560671338848 0.8375953456637091 0.21648322610294118 0.8461287995552801 0.22880174823835783 0.8939466376891962
0 0.08322246476715686 0.6719850076928932 0.01744131050857843 0.6854539418602122 0.027994983149509805 0.7260308952570459 0.09377613740808824 0.7125620035637396
0 0.21395321116727942 0.9347991624804279 0.23188677619485293 0.9859444147692675 0.2620798387714461 0.9776099941012091 0.24414627374387254 0.9264647418123695
0 0.08735093060661765 0.9124600404488518 0.1569271790747549 0.8933790999314979 0.14437701056985294 0.857352897203375 0.07480076210171568 0.8764339226687543
0 0.07480076210171568 0.8719442496303061 0.17745682061887255 0.8569716504653793 0.16588235294117648 0.7944979843532533 0.06322629442401961 0.8094705835181802
0 0.1631067133884804 0.7430536300669798 0.04547918581495098 0.7587802279053584 0.05416791130514706 0.8099412805269224 0.17179543887867646 0.7942147676365693
0 0.052030388327205884 0.763070442980167 0.11638193167892157 0.7493672221587944 0.10642635569852942 0.7125620035637396 0.04207481234681373 0.726265266859125
0 0.21679764093137255 0.9569005149889092 0.18264208026960785 0.881699001283055 0.09377613740808824 0.91347338544385 0.12793169806985294 0.9886748991497043
0 0.025944106158088235 0.7263032386264787 0.14485619638480393 0.7049773766418754 0.12919672947303923 0.636238114072286 0.01028463924632353 0.6575638911088639
0 0.06847560508578432 0.8281702772975382 0.05701526118259804 0.7987948253740431 0.03811513863357843 0.8045996637417363 0.049575482536764706 0.833975030717206
0 0.14213886335784315 0.09843106093967467 0.10516132429534314 0.04921769664448504 0.05378197763480392 0.07960904200374043 0.09075951669730392 0.12882240629893008
0 0.10005600873161764 0.03916367309825156 0.12473048789828431 0.08979091232820112 0.1924478209252451 0.06380904907141614 0.16777334175857844 0.013181809841466597
0 0.046946901807598036 0.08162953078788274 0.10145670572916667 0.04700318657032881 0.06352941176470588 0.0 0.009019607843137255 0.03462634421755393
0 0.11405704273897059 -0.030101927436717118 0.06472120098039216 0.008060038546016005 0.10516132429534314 0.04921769664448504 0.15449716605392158 0.011055730661751913
0 0.7373148360906863 0.36686554698373347 0.7057170075061274 0.36790386669819936 0.7071287147671569 0.4017237993106298 0.7387265433517157 0.40068543712215116
0 0.7227029239430147 0.5540814383127827 0.7227029239430147 0.5046954171559673 0.6737887752757353 0.5046954171559673 0.6737887752757353 0.5540814383127827
0 0.6502245136335785 0.4395787206555541 0.6596329273897059 0.5074039424718381 0.707548828125 0.5021714414252784 0.6981404143688725 0.43434617713498175
0 0.3007696174172794 0.40360998526661446 0.32607010186887253 0.458982251299365 0.3862070599724265 0.4373508312673974 0.36090657552083333 0.38197856523464685
0 0.30929826325061277 0.22225453078788274 0.2806244255514706 0.18558909416862387 0.2521146886488971 0.20314122507285143 0.2807885263480392 0.2398066616921103
1 0.4532205499387255 0.09130400655662839 0.4648085650275735 0.04812127248064544 0.4129580269607843 0.0371676493454245 0.40137001187193627 0.08035038342140745
1 0.2352059876685049 0.04719567879588552 0.2088565602022059 0.009789410447112038 0.17579206878063725 0.02812510193763048 0.2021414483762255 0.06553137028640396
1 0.14595999923406863 0.06958254161773661 0.12744705499387254 0.11270037540231385 0.161268861060049 0.12413234086856298 0.1797818053002451 0.08101450708398573
1 0.2653176700367647 0.5573834530081115 0.22152157054227942 0.5282393995058063 0.19413334865196077 0.5606402328799147 0.23792940027573528 0.5897842863822199
1 0.4883444393382353 0.7564800902215988 0.47120275160845587 0.7169360198656054 0.42337579465379904 0.733257253881785 0.4405174823835784 0.7728013242377784
1 0.5333333333333333 0.8037578288100209 0.4807843137254902 0.8037578288100209 0.4807843137254902 0.8573416840640222 0.5333333333333333 0.8573416840640222
1 0.5872266103707108 0.7564478949199722 0.5600667317708333 0.8021072886764962 0.6048989928002451 0.8231013436738865 0.6320588714001225 0.7774419499173626
1 0.5661371208639706 0.790200633644311 0.527785883884804 0.8025743329201461 0.5398769244025735 0.8320761875054367 0.5782281613817402 0.8197024032815762
1 0.8447058823529412 0.7480862908837856 0.7827450980392157 0.7480862908837856 0.7827450980392157 0.8016701461377871 0.8447058823529412 0.8016701461377871
1 0.7715340169270833 0.7669982697786186 0.8069434551164215 0.74814770830615 0.7880507525275735 0.7202095769724252 0.7526413143382353 0.7390601384448938
1 0.7494622204350491 0.7821042373434238 0.7682922602634804 0.8109621858961813 0.7956846469056372 0.7968913100208769 0.7768546070772059 0.7680333614681193
1 0.882666685814951 0.7663186855754175 0.852925474877451 0.7311343177790101 0.8251921530330882 0.7495894461932411 0.8549333639705883 0.7847738139896486
1 0.8815686274509804 0.789839944328462 0.8501960784313726 0.789839944328462 0.8501960784313726 0.8308977035490606 0.8815686274509804 0.8308977035490606
1 0.7707775639552696 0.8374366627522617 0.8013657992493872 0.9007630371433543 0.8596754365808823 0.8785904132415623 0.8290872012867647 0.8152640388504697
1 0.8409702435661764 0.9055090833224599 0.8770648552389706 0.9197426346664057 0.8900667317708333 0.8937864257132916 0.8539721200980392 0.8795528743693458
1 0.8439959597120098 0.8869248339096207 0.8202547679227942 0.8945847672560021 0.8295520258884804 0.9172698825950331 0.8532932176776961 0.9096099492486517
1 0.6996078431372549 0.9485038274182325 0.6635294117647059 0.9485038274182325 0.6635294117647059 0.977731384829506 0.6996078431372549 0.977731384829506
1 0.7019607843137254 0.7167710508002784 0.676078431372549 0.7167710508002784 0.676078431372549 0.7369519832985386 0.7019607843137254 0.7369519832985386
1 0.6352941176470588 0.6130828114126653 0.6023529411764705 0.6130828114126653 0.6023529411764705 0.6423103688239388 0.6352941176470588 0.6423103688239388
1 0.6426408356311275 0.5152761184596816 0.6772170840992647 0.49034998926256956 0.6537061025582108 0.46467559538372044 0.6191299019607843 0.48960168210681976
1 0.6302422257965686 0.5040116280255089 0.6133564070159314 0.4790412833811761 0.5876355219822303 0.4927340555954245 0.6045213407628677 0.5177043577657446
1 0.792156862745098 0.36812804453723036 0.7592156862745097 0.36812804453723036 0.7592156862745097 0.40153096729297144 0.792156862745098 0.40153096729297144
1 0.8832018803615196 0.09872693491214335 0.8499008118872549 0.10529290758742171 0.8574302045036765 0.13535550408837857 0.8907312729779412 0.1287895314131002
1 0.832156862745098 0.6437021572720947 0.8086274509803921 0.6437021572720947 0.8086274509803921 0.6666666666666666 0.832156862745098 0.6666666666666666
1 0.4236141907935049 0.17213035376435282 0.43497616038602943 0.11164396175843772 0.3908426202512255 0.10511765981102122 0.37948065065870096 0.16560405181693633
1 0.5953864123774509 0.19169838625935107 0.5895270852481618 0.1709034494334986 0.5563091203278187 0.17827175620868127 0.5621683995863971 0.19906669303453375
1 0.5405128389246323 0.2513783666601427 0.5361327167585784 0.2202879839998695 0.5017677217371324 0.22409934705549756 0.5061477960324755 0.2551897297157707
1 0.6266666666666667 0.07933194154488518 0.5882352941176471 0.07933194154488518 0.5882352941176471 0.10647181628392484 0.6266666666666667 0.10647181628392484
1 0.1635537300857843 0.8026252167873609 0.16762676164215687 0.845991438598208 0.1947586358762255 0.8439853060303584 0.19068560431985293 0.8006190842195111
1 0.11294117647058824 0.9631176061238692 0.05568627450980392 0.9631176061238692 0.05568627450980392 0.9993041057759221 0.11294117647058824 0.9993041057759221
1 0.8925800398284314 0.5228921761509439 0.8890467984068627 0.49154248964313674 0.8541797832414215 0.4946360843581463 0.8577130246629902 0.5259858133399661
1 0.6700807100183823 0.23341109475578461 0.6498731426164216 0.26329360144289315 0.6819377106311274 0.28036348240692416 0.702145325903799 0.2504809757198156