0 0.8788267981169391 0.9235605442338574 0.8244239335726604 1.0396272093158383 0.6904028862196311 0.959823598081474 0.7448058239914517 0.843756932999493
0 0.8566158594452984 0.8994616856036596 0.7798090284286893 0.848962542654454 0.8180501350901694 0.7750732752017833 0.8948570393343206 0.8255725006866971
0 0.7470763903859853 0.8290527838964249 0.7861983511500825 0.7443908732674104 0.8189765367239052 0.7636330006814148 0.77985464918735 0.8482949938461376
0 0.8447672037858054 0.674070284768002 0.8643063623603404 0.7712299174114688 0.8134517383632649 0.7842221933897482 0.7939125797887298 0.6870625607462812
0 0.8905716171218881 0.6407843764526284 0.925807685142659 0.7946801279105392 0.8748920626031044 0.8094897576487492 0.8396559945823335 0.6555941299944008
0 0.8883245567683339 0.6104638523310725 0.8934577342344031 0.6480703399018551 0.842416087095081 0.6569210153080629 0.8372829828565537 0.6193145277372802
0 0.8398393563474805 0.6811020382358224 0.7671126175155594 0.6885539809943374 0.7621782528259973 0.6273761617726293 0.8349049184303764 0.6199242190141143
0 0.7570601602335782 0.7270820622834263 0.7310689229341631 0.7905544979980138 0.6770938536901995 0.7624762627303077 0.7030850177620726 0.6990039095514283
0 0.7083106816136773 0.6499672993523918 0.7658359685484778 0.6755093773770284 0.7500067369338632 0.7207989489572769 0.6924814499990627 0.6952568709326403
0 0.6652815921190762 0.7563928032824121 0.7340322218759373 0.7867149368502789 0.7153853409005699 0.8404253791360294 0.6466347111437087 0.8101032455681626
0 0.6732473573644646 0.8200383163771975 0.7159625936140896 0.8411016767294203 0.6982650344931014 0.8866953923945656 0.6555497250159343 0.8656320320423428
0 0.607055480993645 0.9283892958449543 0.63249886643765 0.8696001012878212 0.6840683376996476 0.8979535931425372 0.6586249156418716 0.9567427876996704
0 0.7878716004845906 0.7413718821310852 0.7516368552461383 0.8338005679777298 0.7197341049368251 0.8179121965327079 0.7559687037201934 0.7254834281503549
0 0.589607993928558 0.7786084446574966 0.6063107568915904 0.7409565624471771 0.6622650567542742 0.7724899900693036 0.6455622937912417 0.8101418722796231
0 0.5730738739947323 0.8443810680252705 0.5947154319136173 0.7864488417268847 0.6500032513028644 0.8126870259148918 0.6283616567702085 0.8706191696775692
0 0.5743611775691737 0.8421611876162103 0.6299139342053465 0.8677760621355223 0.609016953933432 0.9253506612100659 0.5534642339110303 0.8997357041550457
0 0.5923971211617052 0.9618774166455375 0.5388679344209283 0.9454229327776369 0.5486808277992838 0.904868764922456 0.6022100145400607 0.9213233313260649
0 0.636840673857416 0.9524840276897397 0.6218509960117351 0.9935149217957657 0.5892279063718506 0.978374323867478 0.6042175476037605 0.9373435122971603
0 0.5225432818709695 0.9785069587506339 0.5488844735935625 0.8993349932914977 0.6076111315822773 0.9241567821902468 0.5812699398596843 1.003328747649383
0 0.6976843400851079 0.6439008009925414 0.7201788890268821 0.5797700604689613 0.7588109575350555 0.5969846156741253 0.7363163353657394 0.6611153149298512
0 0.6945161504808414 0.6634289146356279 0.7012709518643147 0.6938825688545892 0.6790005524285768 0.7001579238241633 0.6722457510451035 0.6697042283373479
0 0.6285063543931838 0.7316026255599223 0.6592794966397345 0.6675692359042216 0.6907569413851604 0.6867868502128761 0.6599837991386098 0.7508202398685767
0 0.6126295614900458 0.7146251129088489 0.5780155614384935 0.6892661403529623 0.6112792456157206 0.6315862669825474 0.6458932090535018 0.656945280806288
0 0.5332065666944736 0.7124458400682471 0.5483648875693611 0.6748585420496324 0.6179979092072211 0.710533157565289 0.6028395883323335 0.748120496851758
0 0.6028310207099206 0.7472319174167512 0.5813957813905969 0.7955517875253549 0.5101305910692862 0.7553898293557725 0.5315658303886098 0.7070699592471686
0 0.5693681576184763 0.7039876632226166 0.5580755186853255 0.6924167346760902 0.5632715253824235 0.6859745750401454 0.5745641643155743 0.6975455861223799
0 0.5478290084170666 0.6795502431171823 0.5620235816118027 0.6811501565537315 0.5611553958739502 0.69093587899869 0.5469607494516722 0.6893359655621408
0 0.5159875495604004 0.7560274177019946 0.5686257767977655 0.7785316039131169 0.5577235505047428 0.8109274471507353 0.5050853598811488 0.7884231784039046
0 0.5579423177864428 0.8086514424600659 0.5504956259724617 0.833831106189782 0.49996975702515745 0.8148483885068036 0.5074163756115965 0.7896686422413793
0 0.5522787166199573 0.8324225517928077 0.5402088039423365 0.86983392494929 0.49181751784408745 0.8500003466499746 0.5038873572941661 0.8125889734934922
0 0.5530706724865965 0.832183858524552 0.5330969084503412 0.8997218381560599 0.48277981122525493 0.8808174468602096 0.5027535752615102 0.8132795497644101
0 0.49246895005764474 0.9743436100194388 0.4257653962371588 0.9378264287261241 0.4578673254606891 0.8633331649604885 0.524570879281175 0.8998503462538032
0 0.5048414023250037 0.9489830280172413 0.5161870579985566 0.92127595582953 0.5390481107879986 0.9331684434953939 0.5277024551144459 0.9608753506116886
0 0.5757898102996588 0.8472743572779328 0.5593269773779619 0.8936628918135142 0.5337688809894271 0.8821400815848969 0.550231640683582 0.8357515470493154
0 0.5212657907871551 0.9577683764103702 0.5212657907871551 0.9993422729409652 0.48507644662473753 0.9993422729409652 0.48507644662473753 0.9577683764103702
0 0.4871642736882311 0.967181326329023 0.4871642736882311 0.9993422729409652 0.4454073296668791 0.9993422729409652 0.4454073296668791 0.967181326329023
0 0.4536891449835033 0.948590818331643 0.4442242288846918 0.980594782026496 0.41060989462263797 0.9679657457002198 0.42007477410767846 0.9359616169339503
0 0.4454073296668791 0.9695345844426132 0.4454073296668791 0.9993422729409652 0.40225851314112177 0.9993422729409652 0.40225851314112177 0.9695345844426132
0 0.36423130412979904 0.9067404271784145 0.41918615788561037 0.9202057978363759 0.41083225005389545 0.9635183915969405 0.3558773962980841 0.9500531034746873
0 0.4050422947637035 0.9546306989255832 0.4050422947637035 0.9993422729409652 0.34936640601567187 0.9993422729409652 0.34936640601567187 0.9546306989255832
0 0.4074259977106141 0.8887886630271721 0.4232190915332559 0.8146195169878296 0.46357046949985004 0.8255348644037356 0.4477773756772083 0.8997040104430781
0 0.46316969516253 0.8265642497570149 0.4480386515470343 0.9004665578515889 0.3733727375618626 0.8810457406292258 0.38850374456358727 0.8071434325346518
0 0.3746740275968244 0.8745378825695149 0.4326570598966144 0.8992662410465264 0.42018062451962734 0.9364308324353449 0.36219766544737925 0.9117024739583334
0 0.4825383067917666 0.9125954277858773 0.4465044979285393 0.9035700655531609 0.4620937262742764 0.8245011871936274 0.49812753513750374 0.833526631962052
0 0.3789439621841257 0.7676369729599815 0.44178937649970007 0.7796653144016227 0.4349601759335633 0.8249938428361646 0.3721147616179889 0.8129654188588151
0 0.37057837455946313 0.6964533085594151 0.4670202556168454 0.7049456551882607 0.4633564620083796 0.7578037512149256 0.3669145809509973 0.7493114871217884
0 0.4605135125318686 0.760234675429978 0.47193528823532166 0.7087403169107083 0.5192598321156081 0.7220752811496366 0.5078380564121551 0.7735697222046146
0 0.5530853912225367 0.64105224609375 0.5338801502394833 0.7260920464629818 0.4880093195228142 0.7129316452469997 0.5072145605058676 0.6278918861456221
0 0.4612156914320261 0.703981142901665 0.476448960696142 0.6310101677389706 0.5075977968468807 0.639270960438324 0.4923644909689937 0.7122419768688726
0 0.46628581998444063 0.64400314527077 0.46628581998444063 0.7020497247929344 0.41965723066324234 0.7020497247929344 0.41965723066324234 0.64400314527077
0 0.36721847525026247 0.6963179499978871 0.3703710673880849 0.6382808208143171 0.4748405177362965 0.6454899435191641 0.47168796221224507 0.7035271139705882
0 0.36307862939130925 0.5756079085055358 0.4914585930470156 0.5855870946506296 0.4877243545431539 0.6466163083296357 0.3593443908874475 0.6366371221845419
0 0.3627240982467569 0.5028440567026918 0.6373134308685138 0.5262905118270369 0.6323944439627699 0.5994745941884296 0.357805147954784 0.5760281390640847
0 0.6175355505070861 0.5938974087749324 0.6564043636585183 0.6241109253507438 0.6378980795637748 0.6543560118349603 0.5990292664123426 0.6241424952591489
0 0.6538638073166617 0.622942384793357 0.7072679946432588 0.6401403090533089 0.6986802346561938 0.6740180396646805 0.6452759741020546 0.6568201566725829
0 0.6231143175661743 0.5868491894333164 0.6402970870669616 0.5384319684568332 0.6778543217137822 0.5553644578790567 0.6606715522129949 0.60378167885554
0 0.7158531184388123 0.5923887798317063 0.7031868772729829 0.6352177143419329 0.672913073635273 0.6238437159952882 0.6855793148011022 0.5810147814850617
0 0.6810065477138947 0.5803733964962602 0.6910363776854004 0.535154269143002 0.7282082157787193 0.5456285457340264 0.7181783858072136 0.5908476318194303
0 0.7256231370913317 0.5553584327723546 0.7660792304429739 0.5677943768091828 0.759285691689787 0.5958703836127662 0.7188296715656869 0.5834343570402298
0 0.7141330034774295 0.5514192922926174 0.7290201627643221 0.4822038156588066 0.7746540291551065 0.49467281524678836 0.7597668698682138 0.5638882506127451
0 0.7331164382357903 0.4632489125095081 0.7231662798299715 0.5305388723377282 0.6855849533218357 0.5234791392648115 0.6955351849551965 0.45618922070444556
0 0.6771470168856853 0.5547091243555612 0.6204601853066887 0.5352164597991675 0.6311600472874175 0.49568660135120857 0.6878468788664143 0.5151792246397482
0 0.6347055051880249 0.4573128205686908 0.6918109053970456 0.4680401929090602 0.679321435517584 0.5525024496598209 0.6222160353085633 0.5417750360515974
0 0.6931651755586383 0.4227986571110125 0.6931651755586383 0.4722166648178668 0.6152189239886398 0.4722166648178668 0.6152189239886398 0.4227986571110125
0 0.5385283416949422 0.446595558852582 0.6290823622384898 0.46153183963509975 0.6202178021426965 0.5298059139806246 0.529663781599149 0.514869674465961
0 0.5095548761341482 0.491787119279285 0.5140305068869039 0.4494129977893636 0.5406788149206097 0.45298869227782707 0.536203220781625 0.4953628137677485
0 0.44613085439552713 0.4334697813662103 0.516139203799865 0.44136052521763014 0.5130659903175615 0.47599894618407707 0.4430576775269946 0.46810824360051134
0 0.5184820091645733 0.49810229772808906 0.5365766812457821 0.49810229772808906 0.5365766812457821 0.5137905613484618 0.5184820091645733 0.5137905613484618
0 0.49472534692280296 0.5479257621017157 0.41421635106572435 0.498727877128761 0.44498597839025944 0.43476101125390887 0.525494974247338 0.4839588549590095
0 0.4454073296668791 0.43613366261779496 0.4454073296668791 0.4847672922213066 0.3598056145606816 0.4847672922213066 0.3598056145606816 0.43613366261779496
0 0.37895029636650795 0.4296649677516481 0.3922957962118514 0.31255325616574753 0.49758180688081133 0.3277951666759107 0.4842363070354679 0.44490683699395706
0 0.6668026013937838 0.3693330570037821 0.7078218877708833 0.36272830202258705 0.7143080905303314 0.41390337115449627 0.6732888773807738 0.42050816740354546
0 0.759337902927227 0.41259588173227263 0.712454994352692 0.41699936810661764 0.7085864565368176 0.36467635107652974 0.7554694383388947 0.36027282343433065
0 0.9206750202693836 0.4208976121429175 0.9461221769318011 0.54996587973821 0.8723597077459508 0.5684410853511663 0.8469125510835332 0.4393728177558739
0 0.8152837450088107 0.39838954675350746 0.889299947627662 0.3775333922968433 0.9010493067402144 0.43050435590453856 0.8270329576662793 0.45136051036120267
0 0.9760455867810813 0.34446663692079743 0.9823148895611503 0.4221942481195064 0.9211969129611578 0.42845672751859365 0.9149276101810888 0.35072909568595756
0 0.8976534527078959 0.44034405670269183 0.8238419210689112 0.442234867242964 0.8223979471683788 0.3706228425165864 0.8962094788073636 0.36873207324416835
0 0.7630722146586307 0.5544203731802527 0.821018047367089 0.5496415144047921 0.825561816347668 0.6196343536067445 0.7676161300942936 0.6244132536500592
0 0.9710405575134973 0.34952436322050373 0.9001317656390597 0.35478242431805695 0.8972266825931688 0.3050121542083967 0.9681354744676065 0.2997541137447705
0 0.8161827595418416 0.30779212193363337 0.8801872193920591 0.3012339170918906 0.8847108507985902 0.3573194481860632 0.8207063909483728 0.36387765302780595
0 0.7586086298365327 0.3831305513517368 0.7520829574319511 0.2924170194242837 0.8146269671846881 0.2867012771905637 0.8211525663617276 0.3774148297519439
0 0.7528908769027445 0.26993782089883367 0.806763134677752 0.26082981978823316 0.8106121207399145 0.289751466824607 0.756739862964907 0.2988594679352075
0 0.7324327859037567 0.346801097526834 0.6827794597330534 0.35799405379743493 0.6763821552095831 0.321941218398728 0.7260353349252024 0.3107482621281271
0 0.7427772013956584 0.2676070124978871 0.7464680891946611 0.31336658366875847 0.664454413804739 0.32177010124160116 0.6607635992332783 0.27601055070465685
0 0.6735825930517022 0.4193905101102941 0.6127460665093544 0.4208811462691219 0.6110047521745651 0.33059696509597913 0.6718412421031419 0.3291063083032243
0 0.6096513241297054 0.2918016744514347 0.6096513241297054 0.3372976265701593 0.5671984255492651 0.3372976265701593 0.5671984255492651 0.2918016744514347
0 0.6103472420750224 0.37102739129056794 0.6103472420750224 0.44005575947377873 0.5685903346674415 0.44005575947377873 0.5685903346674415 0.37102739129056794
0 0.5929485245529019 0.3349443890904961 0.5929485245529019 0.3718118106617647 0.5616308256903307 0.3718118106617647 0.5616308256903307 0.3349443890904961
0 0.5120084015423478 0.3816154433554133 0.5663463498706509 0.38392656698994254 0.5656274018633773 0.4054007488299738 0.5112894169213033 0.4030895839275904
0 0.5109871702417329 0.4409608460504353 0.5146228078603029 0.35490787859459516 0.5705364664371814 0.3579088769465221 0.5669008288186113 0.4439618031345081
0 0.8083561998537793 0.22764443996550668 0.8787763443405069 0.2182274870650038 0.8837845956199385 0.2658058151028461 0.8133644511332109 0.275222768003349
0 0.8151466630502024 0.2702325146451361 0.8844262153428689 0.2665722416896446 0.8859525702281419 0.3032732093713024 0.8166730179354754 0.30693348232679385
0 0.9204254608062763 0.2438695777341109 0.9264716392658968 0.3006591177857188 0.8950771613255474 0.30490533236799566 0.8890309096383848 0.24811579231638775
0 0.9638893754452235 0.26983809712934204 0.9638893754452235 0.3004302049988907 0.924220258487365 0.3004302049988907 0.924220258487365 0.26983809712934204
0 0.9200193408583909 0.23394321444229632 0.9531840213988453 0.23216318745642114 0.9546672452618852 0.26727014300466956 0.9215025647214307 0.26905014935661764
0 0.9993827650485528 0.2776822289395284 0.9993827650485528 0.34592617775154244 0.9778083201719031 0.34592617775154244 0.9778083201719031 0.2776822289395284
0 0.9993827650485528 0.2102226994987111 0.9993827650485528 0.27532899145986517 0.9708488478085633 0.27532899145986517 0.9708488478085633 0.2102226994987111
0 0.9993827650485528 0.1341346395104378 0.9993827650485528 0.2102226994987111 0.9673690750131224 0.2102226994987111 0.9673690750131224 0.1341346395104378
0 0.8875597683197736 0.24565255537155595 0.8845673980438288 0.1916898014256888 0.959394156324985 0.1864186790523052 0.9623863801458459 0.24038141236424526
0 0.936445596622863 0.19068144204408596 0.8849434946994976 0.19216987037271804 0.8841309618935588 0.15645227438699078 0.9356329905893821 0.1549638460583587
0 0.9586624667254049 0.14929274532583778 0.9606399764968881 0.18718258830000212 0.9362841298927714 0.18879739943189022 0.9343067665763722 0.15090754614076235
0 0.8896187803454934 0.12409887513733941 0.9588342585389172 0.12013208519533891 0.9603364483353329 0.15343007467500738 0.8911209701419092 0.15739687493397142
0 0.9993827650485528 0.10197370321545914 0.9993827650485528 0.12864374517991464 0.9680650295722105 0.12864374517991464 0.9680650295722105 0.10197370321545914
0 0.9993827650485528 0.07765689357218507 0.9993827650485528 0.12942815423414786 0.965977165894946 0.12942815423414786 0.965977165894946 0.07765689357218507
0 0.9562338752952535 0.05961539247214915 0.9562338752952535 0.1145243099849719 0.9026458136107154 0.1145243099849719 0.9026458136107154 0.05961539247214915
0 0.9569298298543416 0.0 0.9569298298543416 0.06118422089757913 0.9130850587694961 0.06118422089757913 0.9130850587694961 0.0
0 0.9614725736493326 0.07010257042606914 0.9602289503036893 1.9759304967581057e-05 0.9943307236990102 -0.0007489718159281619 0.9955744202721956 0.06933383283943965
0 0.8705428592015971 0.11333901467881063 0.8747248841247376 0.058660629716090366 0.9070741027575735 0.06180383709333006 0.9028920046068911 0.11648222205605033
0 0.9116931496513198 0.0 0.9116931496513198 0.06118422089757913 0.8727199872525495 0.06118422089757913 0.8727199872525495 0.0
0 0.8706321968028269 0.0 0.8706321968028269 0.12707491675448465 0.7627601188746626 0.12707491675448465 0.7627601188746626 0.0
0 0.7622595353976079 0.045290680653828075 0.7652748991217382 0.12685876605154453 0.7202902681182514 0.12897138099077185 0.7172749043941212 0.047403290434573614
0 0.6758025592147195 0.13180046777938006 0.67435170192524 0.068023351497792 0.7191306367632724 0.06672922254334115 0.720581494052752 0.1305063388249292
0 0.677158367154694 0.01804150110003592 0.7244829110349805 0.01804150110003592 0.7244829110349805 0.06981276692048048 0.677158367154694 0.06981276692048048
0 0.7822466268465057 0.0 0.7822466268465057 0.03216093629497866 0.7258748201531569 0.03216093629497866 0.7258748201531569 0.0
0 0.726570701484703 0.0 0.726570701484703 0.019610326946225016 0.6764624125956059 0.019610326946225016 0.6764624125956059 0.0
0 0.6764624125956059 0.0 0.6764624125956059 0.1317814020307746 0.6242662600292441 0.1317814020307746 0.6242662600292441 0.0
0 0.6274892970624625 0.0031826594457826235 0.6237071677461383 0.05007384676156292 0.5868732381453396 0.04629965905324279 0.5906552942341219 -0.0005915246354800129
0 0.5381195855555452 0.05150523259883156 0.5405128813104566 -0.002445178067385949 0.5901143989952009 0.00035014948061465247 0.5877211032402895 0.05430055712428425
0 0.5613064642930788 0.071602115282906 0.6230686968075135 0.06857545864267717 0.6257303715038243 0.13757569762482041 0.5639681756031606 0.1406023439480857
0 0.589468788371232 0.06432187258995732 0.589468788371232 0.12236844179515825 0.5560632258313962 0.12236844179515825 0.5560632258313962 0.06432187258995732
0 0.5615120872309913 0.05272639998719046 0.5558175840417854 0.1361648838128328 0.5155835532112327 0.13267655337155065 0.5212780564004387 0.04923806954590834
0 0.4783417828153119 0.04268414108554925 0.5222829579591894 0.048874969172912966 0.5163620352101455 0.10226333133266777 0.472420860066268 0.09607250324530404
0 0.490644046483672 0.0 0.5435361536091219 0.0 0.5435361536091219 0.041573893951354114 0.490644046483672 0.041573893951354114
0 0.47324529234778046 0.0 0.47324529234778046 0.03529858798735685 0.4349681211218694 0.03529858798735685 0.4349681211218694 0.0
0 0.4948197372244301 0.0 0.4948197372244301 0.03686741383354594 0.4718534198433751 0.03686741383354594 0.4718534198433751 0.0
0 0.4316111875281194 0.035067880048874345 0.4633300634794916 0.037817938896834324 0.45911753928511173 0.09954202586206896 0.4273986633337395 0.09679195669714545
0 0.42589797470193463 0.10147219561821226 0.3738786300357116 0.09614203957950368 0.3774838416105841 0.051443356610053774 0.4295031862768071 0.056773507490280595
0 0.43269788425127476 0.03698102165670956 0.4306484284197848 0.06470055673636642 0.4091075949849093 0.06267731249372728 0.4111570508163992 0.03495777483482954
0 0.4349681211218694 0.0 0.4349681211218694 0.03451417635388274 0.3980828224003637 0.03451417635388274 0.3980828224003637 0.0
0 0.372218561658762 0.10158915903376436 0.42505527214869526 0.10502490391192845 0.42312210165388797 0.14279238769861394 0.3702853911639547 0.13935664282044985
0 0.3707442715558451 0.13830176425028523 0.41857961415529393 0.14229553305191958 0.4165990288270471 0.17243176525391946 0.3687637228413692 0.1684379964522851
0 0.4175694035997488 0.17021764171050963 0.4175694035997488 0.20473180516818795 0.36676512353779245 0.20473180516818795 0.36676512353779245 0.17021764171050963
0 0.41617749448157243 0.20551622453938473 0.41617749448157243 0.2408148073682598 0.3646772598605279 0.2408148073682598 0.3646772598605279 0.20551622453938473
0 0.4168734490406606 0.2384615698885966 0.4168734490406606 0.31376523113960025 0.36050156911976977 0.31376523113960025 0.36050156911976977 0.2384615698885966
0 0.48123822501124774 0.1981123175630705 0.4866464817388085 0.27430889137376396 0.41843462362215056 0.28045947298639284 0.4130263668945898 0.20426291980962644
0 0.476213607376181 0.2047051461344236 0.4199374724664442 0.2075242357853702 0.4177655801847443 0.15244521733632838 0.4740417517082521 0.14962611736841827
0 0.4210491397814187 0.10668017817478553 0.4739412469068686 0.10668017817478553 0.4739412469068686 0.15139172123927697 0.4210491397814187 0.15139172123927697
0 0.562691270339682 0.17820990448307555 0.566371906282806 0.2985148194514875 0.518528288971112 0.30037430769047924 0.5148476530279882 0.18006939272206726
0 0.5630227348085071 0.14197877132062414 0.5630227348085071 0.1804150110003592 0.5156981909282206 0.1804150110003592 0.5156981909282206 0.14197877132062414
0 0.6040837242707708 0.14197877132062414 0.6040837242707708 0.19296561776987195 0.5637186893675953 0.19296561776987195 0.5637186893675953 0.14197877132062414
0 0.6326176415107604 0.14197877132062414 0.6326176415107604 0.189827960919012 0.6033877697116826 0.189827960919012 0.6033877697116826 0.14197877132062414
0 0.6821858772776694 0.20999021704250126 0.6328852881767396 0.21263629121503128 0.6299377331564937 0.1428696617554619 0.6792383222574235 0.1402235978998954
0 0.7444432744310513 0.27032128179935766 0.6830053667000975 0.2737836547603955 0.679086521562875 0.1854442418467926 0.7405244292938288 0.1819818895196818
0 0.7091908034408744 0.13818390325890592 0.7156424428005024 0.18181423886230139 0.6832526561094031 0.18789873000655002 0.676801016749775 0.14426840472011812
0 0.7129382961298365 0.183045093879416 0.7098065738414817 0.13715693207509297 0.7354584747113078 0.13493289392972976 0.7385901969996626 0.1808210660510163
0 0.7608787568658143 0.19448359388205713 0.7582285788935963 0.13474299989897628 0.8035607478113752 0.1321882824385142 0.8062109257835933 0.1919288661046315
0 0.8058082475301814 0.19300306834748987 0.8096858655612628 0.252004214603406 0.7461361487468131 0.2573099607064 0.7422585307157319 0.1983088350844109
0 0.7556158201953359 0.13727554620481006 0.7939507313381073 0.12575345816363992 0.8005347660936563 0.15358221893620055 0.7621999281784269 0.1651043069773707
0 0.8052766155753225 0.22926760783785496 0.7990907189655819 0.13165795956212495 0.8760478861258998 0.12546230313582868 0.8822337095080984 0.22307194109459516
0 0.5996288901399408 0.22855031063139156 0.6011772132878112 0.2878836631130092 0.5662462478207484 0.2890416390997401 0.564697961286649 0.22970828661812245
0 0.512137245402482 0.17045614927342165 0.5222209342311225 0.28695189686866124 0.4876170395803652 0.2907570199921294 0.47753335075172465 0.1742612723968898
0 0.517090100046397 0.13962553384096096 0.517090100046397 0.1764929347783025 0.49203591898807736 0.1764929347783025 0.49203591898807736 0.13962553384096096
0 0.4927318735471656 0.14433200880028735 0.4927318735471656 0.17492411666983604 0.47254937440246325 0.17492411666983604 0.47254937440246325 0.14433200880028735
0 0.32322336802170815 -0.0010548136861361387 0.36999639866948486 0.005075244826187227 0.3642197341781644 0.061069532372485635 0.3174467035303877 0.054939471200320104
0 0.3117231290070111 0.05482348789630346 0.3645739357987777 0.06078036336015414 0.3609218952108016 0.10194263883826699 0.3080711250328059 0.095985747898971
0 0.355442607767509 0.1027457834982727 0.3431507057963407 0.16370500689668377 0.2970075052372338 0.15188487209606363 0.30929940720840204 0.09092564869765256
0 0.28186196256842383 0.18301393664955207 0.2892994094052283 0.13830535455359408 0.34018513680076484 0.14905920022238422 0.33274767165707486 0.19376780295226928
0 0.304726878110706 0.13615953962572366 0.14126309564747208 0.10757024325254078 0.15886645668913094 -0.020293870916875976 0.3223302483058076 0.008295424811496695
0 0.2825218708699666 0.13355731254820086 0.1414168277184407 0.10464070019003022 0.14927827117681933 0.05590669168984269 0.2903833051749025 0.0848232937310498
0 0.2079580726921022 7.193307867720774e-05 0.19969017060845642 0.08261040822326371 0.14905983341905837 0.07616745418112693 0.1573277263492614 -0.006371013855434415
0 0.1550240244919766 0.01871923404097799 0.14111618289135142 0.10493564154345736 0.10559494851517978 0.09765629126785412 0.11950279926924771 0.011439879896513428
0 0.1634407249409493 0.15585808950634403 0.10373499640892134 0.14297178937745628 0.11020640720488714 0.10488082751621662 0.1699121540438006 0.11776712764510437
0 0.3319973822618289 0.22438269067729463 0.2945568723169429 0.22036367626589967 0.29590500967189376 0.20440923498642452 0.33334546469612325 0.20842827003174655
0 0.27817081847302416 0.1873962732486583 0.3505639692374025 0.1909439055963172 0.3472456997858241 0.27696441588488846 0.2748525673283312 0.2734168041711566
0 0.3517816334194099 0.3257887029744549 0.2781521271429308 0.32351502991754355 0.27934958052334846 0.27425216870826996 0.35297912341359855 0.2765258417651813
0 0.3514542330791654 0.3169028879904602 0.3514542330791654 0.36318323884645454 0.31874462509841783 0.36318323884645454 0.31874462509841783 0.3169028879904602
0 0.2817811376689506 0.3626983002926386 0.2827381850290098 0.32062910697684244 0.3202412496016422 0.32171294526363886 0.31928420224158294 0.36378211794550797
0 0.3521501876382536 0.36632091633124153 0.3521501876382536 0.4133857071923597 0.3083054165534081 0.4133857071923597 0.3083054165534081 0.36632091633124153
0 0.311785152735078 0.3843623967973504 0.311785152735078 0.41887660152288286 0.2602849181140334 0.41887660152288286 0.2602849181140334 0.3843623967973504
0 0.3514542330791654 0.4133857071923597 0.3514542330791654 0.4675101898585404 0.3131770252394834 0.4675101898585404 0.3131770252394834 0.4133857071923597
0 0.3144051975737665 0.471386107985759 0.26333288640123537 0.47330489813112747 0.26174633847644535 0.4196583797514157 0.31281864964897643 0.41773954833819305
0 0.3514542330791654 0.4722166648178668 0.3514542330791654 0.5200658750501818 0.2623727634844125 0.5200658750501818 0.2623727634844125 0.4722166648178668
0 0.27581375204451297 0.5153425628063726 0.3545313642349655 0.5181151848535751 0.35330784184959885 0.5622443456436993 0.2745902296591463 0.5594717235964968
0 0.2911315258920872 0.5630637601551935 0.3527647863981891 0.5592044729731871 0.35468986524960633 0.5982609891343391 0.29305662305038993 0.6021203175841996
0 0.3040304109588239 0.6777368923391016 0.3015498279738584 0.5994514429222659 0.35412630608643897 0.5973350622913497 0.3566069256851755 0.6756204704403314
0 0.28046743556562126 0.5647774077977096 0.28046743556562126 0.6181175123605477 0.2505416275143409 0.6181175123605477 0.2505416275143409 0.5647774077977096
0 0.29299452609478105 0.6173330929893509 0.29299452609478105 0.6667511419640594 0.24775784589175914 0.6667511419640594 0.24775784589175914 0.6173330929893509
0 0.3603907026211945 0.6984330925931795 0.35688017425811713 0.7577846854663202 0.3166013647856366 0.754758101044836 0.320111893148714 0.6954065081716954
0 0.24036633103066887 0.6693219229367393 0.2901385055020246 0.6717609769190542 0.28886610373237853 0.7047463314528397 0.2390939292610228 0.7023072362026708
0 0.3443804525227767 0.7784096986720335 0.22694227633965394 0.7319406918209094 0.24945734730007124 0.6596545979652637 0.3668955051763085 0.7061235222806795
0 0.2828516877190968 0.745664811924231 0.35997275642527743 0.7532234320856576 0.35538446509916766 0.8126961048427992 0.2782633780861015 0.8051374846813726
0 0.2749888437839776 0.7256106156767664 0.2736294843082165 0.773106779417047 0.2322972051097593 0.7716039692412525 0.23365654627863489 0.7241078880366801
0 0.35115908947116825 0.8573203560788539 0.2829561101939768 0.8510450011092799 0.28617409452679776 0.8066135532876944 0.3543771104177602 0.8128888257215602
0 0.28098237164090617 0.861435256349307 0.2242403997227898 0.851596009497549 0.23186767065532207 0.7957167764061444 0.28860964257343846 0.805555940722194
0 0.2581258223452966 0.18266650258567868 0.2633798801763085 0.1323302232227751 0.28360988568887785 0.13501275754442402 0.2783558461647514 0.1853490369073276
0 0.21816291648896782 0.23897925448466023 0.2683514261503168 0.23251431499323869 0.2726112370299378 0.27452563014362535 0.22242270906170328 0.28099054900111986
0 0.22588364407196684 0.2410078996577079 0.22932268404717493 0.3107796463311887 0.1806405198452497 0.3138279789117964 0.1772014615631561 0.24405623223831557
0 0.11774070661941831 0.24980752672836376 0.17901571052976906 0.24833808161262888 0.17993744390770283 0.29716655738938896 0.11866245830423759 0.29863600250512384
0 0.2660172616355635 0.22964044226594194 0.28708629001738717 0.3576686980355181 0.2344341129332727 0.36867623783753806 0.2133650845514491 0.24064796143403483
0 0.23165668379995877 0.3737113287192571 0.1798060920042554 0.3722503228796907 0.1804320593400851 0.34402907386351633 0.23228263282890296 0.34549010033700983
0 0.2616768089253243 0.3749494468786976 0.2616768089253243 0.43299602640086204 0.23383886455130848 0.43299602640086204 0.23383886455130848 0.3749494468786976
0 0.2619273020395921 0.4602632245314613 0.20936387673637147 0.4563783100120436 0.2108879981816137 0.4301810222674738 0.2634514234848343 0.4340659367868915
0 0.25748685712076336 0.4527337807429006 0.2639413889683001 0.5133587757907581 0.2207738994193349 0.5191973517922794 0.21431934926491264 0.4585723154765678
0 0.26098087267312164 0.4573128205686908 0.26098087267312164 0.5514424022909271 0.19486572045942374 0.5514424022909271 0.19486572045942374 0.4573128205686908
0 0.24845378214396183 0.5608553522095799 0.24845378214396183 0.6306681397639875 0.2094806380520771 0.6306681397639875 0.2094806380520771 0.5608553522095799
0 0.21550958973244413 0.5617764919814908 0.20729302015573448 0.6833273247337728 0.15571439545098792 0.6788979221470377 0.16393098333458309 0.557347171930464
0 0.2456699822144946 0.6306681397639875 0.2456699822144946 0.6816549862132353 0.21087254717025344 0.6816549862132353 0.21087254717025344 0.6306681397639875
0 0.1668361762217869 0.20535476406012299 0.18234287712769945 0.1433880375880821 0.21246026673571536 0.1529624686199237 0.19695356582980278 0.2149291950919646
0 0.20370426647092457 0.2361867825996239 0.16591424146811262 0.2503846576682936 0.15317837921673477 0.20732037258599562 0.19096840421954672 0.1931224975173259
0 0.08117746262759166 0.19287856323159652 0.14845065349723024 0.20506465104562838 0.14067234160589756 0.25961512113600826 0.07339914158281625 0.2474290333219764
0 0.09842649390043866 0.25118449058300585 0.09338186683952272 0.2881425982637128 0.06702431333801599 0.2835721215176534 0.07206894039893193 0.2466140344708735
0 0.10787209623504987 0.287879598229378 0.10787209623504987 0.3349443890904961 0.06333135686095202 0.3349443890904961 0.06333135686095202 0.287879598229378
0 0.10957708055556857 0.295462896567571 0.1469099002465132 0.3017746291505557 0.14160094921933583 0.3416665511166751 0.10426812952839119 0.3353548185336904
0 0.1839104591191137 0.3036673586460446 0.17357307347124326 0.3580405626690331 0.1347900463852542 0.34867354387202076 0.14512743203312461 0.2943002985811782
0 0.1565885126197417 0.33886644467862576 0.1565885126197417 0.3851468161685472 0.10787209623504987 0.3851468161685472 0.10787209623504987 0.33886644467862576
0 0.10622580378943743 0.38466534411447767 0.05853650894576944 0.3801860899599603 0.061891465395885664 0.3348091336986034 0.1095807693929964 0.33928840848704783
0 0.05023106401668885 0.43532720621249577 0.05419261911777801 0.38397827561116044 0.13503760124439956 0.39190190994231744 0.1310760461433104 0.4432507992757987
0 0.17838941367000039 0.38913609709104546 0.17283435402763198 0.4567567362343644 0.13076788633972425 0.4523665793769016 0.1363229368286499 0.38474594023358266
0 0.034287753045094106 0.007800213141244678 0.027025189597090347 0.06550518188063884 0.0 0.06118422089757913 0.007262564592184102 0.0034792515133747464
0 0.10567063833327085 0.0157845582891107 0.088082444546247 0.08318573885305738 0.02901186425312594 0.06360362106436729 0.04660005346342841 -0.0037975617564151706
0 0.013153826754180415 0.09886598619276644 0.023256312177505904 0.06597124039119284 0.0835924520418182 0.08951164694393382 0.0734899666184927 0.12240639790398918
0 0.00614006589398673 0.0844509287248035 0.08383473451794016 0.11139459719603088 0.06563247744738161 0.17807442211798513 -0.012062186027760269 0.15113076396372127
0 -0.01841982753961903 0.2784018165118957 0.00501756776787953 0.17933959135580418 0.03743494922841604 0.18908307615206643 0.01399755449300765 0.28814530130815796
0 0.06833552112819624 0.20300839767817147 0.05486553446146708 0.25108532392954486 0.02746753658301543 0.24133354429460363 0.040937514096301836 0.19325661804323022
0 0.05073868191449601 0.292059516004004 0.045126188995599316 0.3414016321271235 0.0005275742265372914 0.3349570583217123 0.00614006589398673 0.2856149421985928
0 0.013906541811754837 0.3608761594616295 0.01727403733425678 0.3381028862076889 0.04767250742966641 0.3438133255221539 0.04430501076298412 0.3665865987760945
0 0.035401001617303494 0.4072835121386917 -0.0005189473927914918 0.40095756277996114 0.0038950693557272434 0.3691169785195867 0.039815018258555324 0.37544288661046316
0 -0.007715276135751853 0.47528187595081134 0.0005275742265372914 0.42351981286183654 0.03234288902717503 0.4299561537303499 0.024100039916333138 0.4817182168193247
0 0.03922786151998116 0.4288141484031651 0.09531824103929214 0.43671661232515635 0.09101820077878955 0.47548961832847364 0.03492783041292132 0.4675870718707742
0 0.09041500720851924 0.4471564302579868 0.14361754419135705 0.45367439894195827 0.1385948670861531 0.5057566593110844 0.08539233010331528 0.49923873189496704
0 0.1372478739115458 0.49993681891533553 0.1765353106136585 0.506262727006212 0.1700248329240402 0.5576291139098419 0.13073738706848473 0.5513032058189655
0 0.04344292121800249 0.4718801667353364 0.09144994121292929 0.4817182168193247 0.08078174099066905 0.5478518513749788 0.03277472099574226 0.5380137600231364
0 0.13643699787874455 0.5100514461576656 0.13082450953656924 0.559393521012931 0.0835924520418182 0.5525683956907116 0.08920494038399351 0.5032263208354463
0 0.03308002492519074 0.5196736653645834 0.0560449052157342 0.5274389136716109 0.05103999951962732 0.5462424875998352 0.028075121517444557 0.5384772805606618
0 0.1061559355609347 0.6138515304761452 0.11072159957656906 0.5598183323032877 0.1610448479151826 0.5652202531403187 0.15647916559266273 0.6192534925810302
0 0.08715714132564112 0.5520042228569768 0.11165491205958027 0.5563639240380959 0.10503827274095962 0.6035963036548132 0.08054049285357773 0.599236519937986
0 0.01744662549728824 0.597706019032074 0.024100039916333138 0.5437121078563429 0.08384312822494094 0.5530645178329953 0.07718971037335502 0.6070583877408722
0 0.05249232593666814 0.6017097437035159 0.10267492705072266 0.6069712713008156 0.10004834665391141 0.6387962150444768 0.04986574553985687 0.6335346874471771
0 0.012875056366900449 0.6031757016855772 0.04991750368188081 0.6031757016855772 0.04991750368188081 0.6335400935360674 0.012875056366900449 0.6335400935360674
0 0.04318251034851624 0.6803518299156948 0.008064163610759293 0.6762571096259086 0.011649536242653812 0.6371927113046189 0.046767886412951785 0.641287431594405
0 0.04655000701519852 0.6360704320117055 0.09794602969054626 0.6400201783299526 0.09481742872616883 0.6917384974935556 0.04342141978098521 0.6877887511753085
0 0.09854083870725855 0.6653548028519058 0.10379742288846919 0.6120319895199459 0.15615786144528906 0.618589327736752 0.15090129557096393 0.671912141068712
0 0.14945086849329353 0.7284976322156017 0.10791843096224506 0.7247020626003634 0.11165491205958027 0.6727607732209263 0.15318734959062874 0.6765563015683105
0 0.04879500326741292 0.753732429798428 0.04879500326741292 0.6904733076218095 0.1094099112306445 0.6904733076218095 0.1094099112306445 0.753732429798428
0 0.04797960543389369 0.7356498465496112 -0.0070261283055278595 0.719016342730519 0.004053685646537685 0.6724692983672456 0.059059422246410094 0.6891027609184838
0 0.15655484625731103 0.7309591771784145 0.15885021848169428 0.6792159734987745 0.20145478960848456 0.6816170197874408 0.1991594173841013 0.7333601409313726
0 0.15655484625731103 0.8068700742689318 0.15794137315115103 0.7349811422413793 0.2003322663104098 0.7360198541296906 0.1989457211096843 0.8079087036215348
0 0.2335003702384523 0.717159124223504 0.2323223953842044 0.7968224247538455 0.20028395443958083 0.7962205743692952 0.20146196590759974 0.7165572738389537
0 0.0746124670329606 0.753732429798428 0.11573606604362721 0.7590296540895453 0.11165491205958027 0.799278935038455 0.0705313222023564 0.7939817107473377
0 0.040593216500742824 0.7642045604610379 0.04176441323063512 0.8275679665050287 0.0028212678310895437 0.8284823796167173 0.0016500725314226704 0.7651190561084348
0 0.1473969091679711 0.8453655539532623 0.10698696747466913 0.8403047944662779 0.11277740789732678 0.781566441905426 0.15318734959062874 0.7866271188567021
0 0.1138999037350733 0.7284287974349223 0.1617214887100705 0.7407488200695149 0.15318734959062874 0.7828316317771721 0.10536576461563156 0.7705115266068712
0 0.3273448703813925 0.9161093030288624 0.3138748837146633 0.981898763681119 0.2732946696793454 0.9713437671674273 0.2867646563460745 0.9055542239794625
0 0.0645099816096351 0.785361928984956 0.013360743760061465 0.7674260942254056 0.02169582639258281 0.7372292498626606 0.0728450653863368 0.755165084622211
0 0.0868508945915895 0.9119802891522989 0.10593336044705122 0.8423951763490957 0.14196236375283536 0.854946959252451 0.12287989789737365 0.9245320720556541
0 0.12736989040180247 0.9245320720556541 0.1423436504105429 0.821862933279454 0.20482228627516685 0.8334388965041836 0.18984849880609816 0.9361079527446755
0 0.25627060256893935 0.8362149025154243 0.24054284602063963 0.9538573393392917 0.18937771893863414 0.9451674847606069 0.20510547548693386 0.8275250479367393
0 0.23625222465272572 0.9473053246756676 0.2499565577607135 0.8829456300974053 0.2867646563460745 0.8929024077977096 0.2730603415449723 0.957262102375972
0 0.04240695287456181 0.782517170728744 0.1176143341888263 0.8166770496587644 0.08583744371731122 0.9055542239794625 0.010630060114686047 0.8713943450494422
0 0.2730223913713351 0.9733948620531186 0.2943498763626181 0.8544677569303584 0.3630945563816924 0.8701291551776961 0.3417670713904094 0.9890563428361646
0 0.17114731960834395 0.9308580214143847 0.20052501950781718 0.9423197552188979 0.19471977796823448 0.9612223307291666 0.16534207806876125 0.9497605143889453
0 0.9009439323072885 0.8571854101958671 0.950161188465432 0.8941675976694557 0.9197674381139397 0.9455535042680866 0.8705501819557964 0.9085712342587897
0 0.9602159890287567 0.8992735867245605 0.9095847822622976 0.8745959877081221 0.9355686968075135 0.8068700742689318 0.9861999035739727 0.8315476732853702
0 0.9177467973202235 0.9523894417680866 0.9523758822454259 0.8978727081484533 0.9993827650485528 0.9358047990882775 0.9647536801233503 0.9903215327079108
0 1.0294870469265522 0.8852707435344828 0.9913220969087433 0.9346129009254563 0.950161188465432 0.8941675976694557 0.9883261384832408 0.8448255228141903
0 0.6324883216716032 0.26193404439496704 0.6314499551261623 0.2935358528513776 0.5976273251209133 0.2921239763921463 0.5986657648938962 0.26052214730180867
0 0.4452576891848193 0.27654779626357545 0.49464761588697886 0.27654779626357545 0.49464761588697886 0.32546815491754355 0.4452576891848193 0.32546815491754355
0 0.5597694181866751 0.3490353391491295 0.49193885588116754 0.3396257525605878 0.49717176925942935 0.29170380773537863 0.565002368178708 0.3011133943239203
0 0.5957409836392097 0.6985345289786173 0.5403643758552977 0.6732308553472575 0.5619974759930826 0.6130863006571163 0.6173740837769947 0.6383899742884762
0 0.7771107399613827 0.6900048349417892 0.8137790654759673 0.718682320719236 0.7962255449300765 0.7471956017051217 0.7595572194154919 0.718518157195529
1 0.9080715351070411 0.546064293005726 0.9512576976792142 0.5344748351926978 0.9622121718234478 0.5863319381497211 0.9190260092512748 0.5979213959627493
1 0.95218336703753 0.7641065080396383 0.9895925355944436 0.7904592517906948 0.9712554071217007 0.8235279261219574 0.933846238564787 0.7971751823709009
1 0.9297947051214757 0.8533637592968222 0.8866734953790492 0.8718790772639875 0.8752406257029844 0.8380529727381254 0.918361835445411 0.8195376547709601
1 0.441955419951166 0.7339909613495182 0.4711017757386023 0.7777926617171653 0.43869840533846355 0.8051843649636579 0.4095520495510273 0.761382747131719
1 0.2428431427972218 0.5109359813429682 0.28239026267012224 0.528079844714017 0.2660677520257667 0.5759128366796611 0.2265206321528663 0.5587689733086122
1 0.19556165671162642 0.465941392384001 0.19556165671162642 0.5184970363077882 0.14197359502708834 0.5184970363077882 0.14197359502708834 0.465941392384001
1 0.24287527138127063 0.4120412830406947 0.19721229704254462 0.43920456871460867 0.17621664265779657 0.39436663252989773 0.22187961699652256 0.36720334685598377
1 0.20911997410088295 0.4331334483550964 0.19674528839349317 0.4714895252281947 0.16724110622211497 0.45939697100553584 0.17961579192950472 0.4210408528645833
1 0.25123758207342906 0.15452937809013692 0.25123758207342906 0.21649801320043102 0.19764950208200546 0.21649801320043102 0.19764950208200546 0.15452937809013692
1 0.2323241345383267 0.22771050979995985 0.2511761807794691 0.19229656268488 0.2791164972571892 0.21119168934747928 0.2602644510160468 0.24660563646255917
1 0.21721694479463483 0.24978513891750126 0.18835672562753075 0.23095269812531694 0.20242875253074386 0.2035568268255578 0.23128897169784793 0.22238924698381507
1 0.23300370443489427 0.11656378796972722 0.2681908930713857 0.146308728695883 0.24973433047765448 0.17404558595730857 0.2145471601480485 0.14430063491418926
1 0.2094806380520771 0.11766196683583185 0.2094806380520771 0.14903848375961376 0.1684196485898133 0.14903848375961376 0.1684196485898133 0.11766196683583185
1 0.1618801361797953 0.22846705273569556 0.09854878389556464 0.19787496550007394 0.1207231454099805 0.13955790614501457 0.18405449769421114 0.17015001401456326
1 0.09380244922695148 0.15826544977669138 0.07956777479953228 0.12216627057780279 0.10552594986373819 0.10916280069409229 0.1197606242911574 0.1452619798929809
1 0.11238813943754218 0.15523935025249325 0.10472762320094575 0.17898359421219998 0.08204069635291691 0.16968515227177886 0.0897012217429561 0.14594091862903566
1 0.05080427548523499 0.299645806261621 0.05080427548523499 0.33572880846169284 0.021574417416321424 0.33572880846169284 0.021574417416321424 0.299645806261621
1 0.2825552809360003 0.2972925687819578 0.2825552809360003 0.323178181058253 0.2623727634844125 0.323178181058253 0.2623727634844125 0.2972925687819578
1 0.38625166812340656 0.36396765821765126 0.38625166812340656 0.3969130242007902 0.35702183293809986 0.3969130242007902 0.35702183293809986 0.36396765821765126
1 0.4840660896141084 0.35662004059436275 0.5089941728451185 0.32203941525761703 0.5346705683277407 0.3455533639573825 0.5097425217105016 0.38013396866020116
1 0.49533145128786743 0.36902020540166497 0.5203037639542404 0.38590816680928836 0.5066099206916429 0.4116323186063218 0.48163764463904096 0.39474435719869844
1 0.631225732392584 0.20708506328177823 0.631225732392584 0.24003040863099012 0.5978201698527482 0.24003040863099012 0.5978201698527482 0.20708506328177823
1 0.9006480198101005 0.11602853358477011 0.8940815596646295 0.1493337862067645 0.8640166009766796 0.14180343452541308 0.8705830611221506 0.10849817158645517
1 0.35562992381992353 0.16707998485964967 0.35562992381992353 0.19061238029020874 0.3326636064388685 0.19061238029020874 0.3326636064388685 0.16707998485964967
1 0.8272388735143597 0.5756744322863844 0.8877300223549041 0.5643109985103956 0.8942567931726155 0.6084501461212178 0.8337656443320711 0.6198135386293526
1 0.807669252282356 0.4038804410840306 0.8284658742079709 0.4097405176375507 0.821096986657356 0.44296266711830207 0.8003003647317412 0.43710267310049017
1 0.7479845583617651 0.45876095083777046 0.7790774120566512 0.4631416160887846 0.7752657720409043 0.4975109706463404 0.7441729183460183 0.49313034666318034
1 0.9200445311328359 0.37259623003296144 0.9200445311328359 0.41103244907876946 0.8929025230110228 0.41103244907876946 0.8929025230110228 0.37259623003296144
1 0.196694395251809 0.8357678065838404 0.153324761073176 0.8316942567032201 0.1553310126548909 0.8045589919022565 0.19870062852663842 0.8086325417828769
1 0.036189346450778204 0.8863867913814233 0.036189346450778204 0.9436489102645369 0.0 0.9436489102645369 0.0 0.8863867913814233
1 0.47644940006139397 0.10664912411455692 0.5078015524824723 0.11018285951233941 0.5047077254470981 0.1450542891001363 0.4733555364122488 0.14152055370235378
1 0.7659532790707484 0.3291766493605794 0.7360683869085558 0.34938681746270706 0.7189972161817636 0.3173181664065141 0.7488820351164143 0.2971079983043864