0 0.9237246072239813 0.8790561539342426 1.0398119507732195 0.8246391172129479 0.9599941886644181 0.690583090518119 0.8439068451151799 0.7450002067640472
0 0.8996214565551579 0.8568393570592426 0.8491134755586912 0.7800125967019544 0.775211014936674 0.8182636273412052 0.8257191751847008 0.8950905467477606
0 0.829200150858113 0.7472714302982492 0.7445231478294787 0.7864035143526059 0.763768670842511 0.819190327895969 0.8484457634969255 0.7800581643169788
0 0.6741900787129451 0.8449876418719463 0.7713669652280654 0.8645319339118486 0.7843615382078286 0.8136640020612785 0.6871846516927084 0.7941197100213763
0 0.6408982690035334 0.8908040894747556 0.7948213148747246 0.9260493275396987 0.8096336779265326 0.8751204002951954 0.6557106320553414 0.839875082705619
0 0.6105723107963932 0.8885564052320847 0.6481854723063509 0.893690913197272 0.6570377657942135 0.8426359394085912 0.6194246042842557 0.8375014314434039
0 0.6812230584905011 0.8400584665105864 0.6886763383638491 0.7673128308224756 0.6274876531525331 0.7623771344411645 0.620034418092075 0.8351227701292753
0 0.7272112562092741 0.7572577361563518 0.7906949439587923 0.7312597020052931 0.7626117812729442 0.6772705078125 0.699128093523426 0.703268462438925
0 0.6500828052582369 0.7084955370775652 0.6756294239285059 0.7660358242569218 0.7209270101986968 0.7502024697170195 0.6953803915284279 0.6926621825376629
0 0.756527266313326 0.6654552149073697 0.786854748158728 0.7342238236716205 0.8405747378625184 0.7155720365940553 0.8102472560171163 0.6468034675921214
0 0.8201839766313326 0.6734230265166938 0.8412511436249541 0.7161494649582655 0.886853009418594 0.6984472815299267 0.8657858424249725 0.6557208033260383
0 0.9285542716363803 0.6072139180832655 0.8697546512194843 0.6326639479845277 0.8981132339275881 0.6842468858153502 0.9569127647187041 0.6587967763894544
0 0.7415036104849256 0.7880771897903095 0.8339487039395191 0.7518330428033387 0.8180575153726138 0.7199219545246336 0.7256123322922403 0.7561660219869707
0 0.778746751961729 0.589761839627443 0.7410882398070393 0.6064690108407981 0.7726272829478708 0.6624378514988803 0.8102858847283406 0.645730720047842
0 0.8445310886735958 0.5732234594487988 0.7865886492176027 0.5948706213736767 0.8128314361348201 0.6501728865533387 0.8707738755908131 0.6285256848661441
0 0.8423108788488896 0.5745110427906148 0.8679302288397118 0.6300782840492671 0.9255150614330947 0.6091758703175896 0.8998956218164923 0.553608668821254
0 0.962048411544374 0.5925517228216612 0.9455909672987793 0.5390085822984527 0.9050295657523403 0.5488240294813721 0.9214870996237151 0.6023671700045806
0 0.952653299519319 0.6370068677473534 0.9936914205901248 0.6220132933377444 0.9785482487839574 0.5893816721167549 0.9375100380873715 0.604375246526364
0 0.9786808949385095 0.5226796700045806 0.8994948153278726 0.5490277318302117 0.9243209771647852 0.6077696759848331 1.003507056775422 0.5814216141592019
0 0.6440152295710582 0.6978663540818404 0.5798731060280149 0.7203668948493486 0.5970907113275514 0.7590090276364007 0.6612327900577046 0.7365084868688925
0 0.6635467932612885 0.694697376959487 0.6940058905647715 0.7014539488752036 0.7002823391324798 0.6791777470989414 0.6698232418289969 0.6724211751832248
0 0.7317326079381195 0.6286703799368892 0.6676878628051579 0.6594515424597923 0.6869088731673321 0.6909372137113192 0.7509536183002937 0.6601560511884161
0 0.7147521076398449 0.612789429903807 0.6893886392512161 0.5781664323340798 0.6316984963662123 0.6114387835275855 0.6570620543806214 0.6460618208596295
0 0.7125724534806351 0.533345712667956 0.6749784718876193 0.5485079985876425 0.7106594360172311 0.6181592114973534 0.748253462423137 0.6029969255776669
0 0.7473646883747476 0.6029883369172435 0.7956931048377845 0.5815475414164292 0.7555240849566355 0.5102637275422435 0.7071956236807085 0.5317045628053746
0 0.7041127657225128 0.5695167367543771 0.69253974724096 0.558221177091816 0.6860964602835903 0.5634185095175082 0.6976695235780332 0.574714108942386
0 0.679671008856461 0.5479719627951954 0.6812711875344163 0.5621702511069829 0.6910586812247613 0.5613018421086116 0.6894585025468062 0.5471035140345073
0 0.7561617723820668 0.5161222277712745 0.778669942668181 0.5687741754885993 0.8110715443167217 0.5578690817767712 0.7885632844048275 0.505217173821763
0 0.8087951391278909 0.5580879335683021 0.8339792663305341 0.5506392985291124 0.8149931203251193 0.5001002408005903 0.7898089931224761 0.5075487963151466
0 0.8325705283188785 0.552422837248066 0.8699885745055524 0.5403498050055985 0.8501514317180616 0.49194586440095683 0.8127333855313876 0.5040188568811075
0 0.8323317652406846 0.5532149821228624 0.8998817298205763 0.5332360481982898 0.8809740063727515 0.4829058221574715 0.8134240417928598 0.502884756082044
0 0.9745167915691538 0.49259744948595274 0.9379931210421255 0.4258765205109935 0.8634865826622155 0.4579868179967427 0.9000102531892438 0.524707746971702
0 0.949151620290703 0.5049731524837133 0.9214396875860408 0.5163217948391694 0.9333342833666024 0.5391887851180782 0.9610461264454846 0.5278401825249389
0 0.8474249258615547 0.5759400606932004 0.8938216826989263 0.5594729345862174 0.8822968828870686 0.5339081506387419 0.8359000364239171 0.550375236983408
0 0.9579386213977606 0.5214018284303746 0.9995198746959894 0.5214018284303746 0.9995198746959894 0.48520305024684446 0.9579386213977606 0.48520305024684446
0 0.967353182217098 0.48729140688619704 0.9995198746959894 0.48729140688619704 0.9995198746959894 0.4455235981397598 0.967353182217098 0.4455235981397598
0 0.9487593282511931 0.45380755992976385 0.9807689963633444 0.44434015230557816 0.9681377662961178 0.41071705771579803 0.9361280085581865 0.42018442557766694
0 0.9697068448283774 0.4455235981397598 0.9995198746959894 0.4455235981397598 0.9995198746959894 0.40236347210912055 0.9697068448283774 0.40236347210912055
0 0.9069015794213473 0.3643263627341205 0.9203692868942731 0.4192955787484731 0.9636896388296163 0.41093948811583875 0.9502219313566905 0.35597027210148613
0 0.9548003747074615 0.4051480271528909 0.9995198746959894 0.4051480271528909 0.9995198746959894 0.3494575624745521 0.9548003747074615 0.3494575624745521
0 0.8889465780160151 0.40753233471600164 0.8147643057085169 0.4233295453099552 0.8256815323570577 0.4636914380598534 0.8998638942903359 0.44789422746589985
0 0.8267111533188785 0.4632905543821254 0.9006266096790106 0.4481555851740635 0.8812022832346733 0.3734701448620725 0.8072869165003212 0.38860515383245114
0 0.8746933005804882 0.3747718040640269 0.8994259827287536 0.4327699543210505 0.9365972891428047 0.4202903126272394 0.9118645173687592 0.3622921623702158
0 0.9127575486417033 0.4826642263207451 0.9037306193213106 0.4466210380827565 0.8246476989835719 0.4622143077539699 0.8336747179297449 0.4982575357542752
0 0.767773419574844 0.37904287332043973 0.7798038880380415 0.4419046706407777 0.8251404615225771 0.4350737034303746 0.8131099034335995 0.37221186634771986
0 0.6965771197572503 0.37067509256667347 0.7050709101247017 0.46714213119655945 0.7579384242210444 0.4634773577463355 0.7494446786664831 0.36701035887876626
0 0.7603697923836729 0.46063371589983715 0.7088662482218245 0.472058463329601 0.7222036398104809 0.5193953424012622 0.7737071839723293 0.5079705949714983
0 0.6411661604602606 0.553229733942386 0.7262210705906984 0.5340194851257125 0.7130583148345723 0.4881366742162052 0.6280034943299146 0.5073469627951954
0 0.7041062678534554 0.46133603770103826 0.6311222922259315 0.47657327558784607 0.6393845792033774 0.5077302715289088 0.7123685100180112 0.4924929938797842
0 0.6441175822119356 0.4664075223941368 0.7021744737891199 0.4664075223941368 0.7021744737891199 0.4197667622022598 0.6441175822119356 0.4197667622022598
0 0.6964416952035151 0.36731430202819626 0.6383942591461316 0.3704677320846905 0.645604653155401 0.47496441272648615 0.7036521340256746 0.47181106219462543
0 0.5757102126066905 0.3631733748345888 0.5856911635433875 0.49158685044279316 0.646731204398403 0.4878516181672435 0.6367502534617061 0.3594381823213559
0 0.5029334517827643 0.3628187744935871 0.5263840371466594 0.6374797212184447 0.5995810980663776 0.6325594923783591 0.5761305127024826 0.35789854565350165
0 0.5940029687643401 0.6176967359909405 0.6242218241642575 0.656575693136706 0.6544723174645513 0.6380645453735749 0.6242534172517438 0.5991855882278094
0 0.6230531039917171 0.6540344039469667 0.6402540388961545 0.7074525715085505 0.6741378268831452 0.6988625591663273 0.6569368471658177 0.6454443916047435
0 0.5869534978432452 0.6232769397648615 0.5385276581572366 0.6404641614286442 0.5554631663138996 0.678031240457044 0.6038889611870182 0.6608440187932614
0 0.5924940291305295 0.7160399595378665 0.635330581104878 0.7033704130191368 0.623954560087991 0.6730887049572476 0.5811180529265326 0.6857582514759772
0 0.5804765115925569 0.6811843126526873 0.5352493711855268 0.6912167427982492 0.5457255045572916 0.7283982466408795 0.5909526001514317 0.7183658164953176
0 0.5554571165737426 0.7258125031809853 0.5678952927106278 0.7662791696355863 0.5959762595648632 0.7594838692233307 0.5835380386150881 0.7190172822933631
0 0.5515172569062041 0.7143193645663681 0.4822894977227882 0.7292104317233307 0.49476070095964114 0.7748561399379071 0.563988460143057 0.7599651523055782
0 0.46333127014787534 0.733307699893119 0.5306331505684425 0.7233549534303746 0.5235721627346045 0.6857638977249593 0.45627028231403727 0.6957167237123372
0 0.5548076881711178 0.6773237097923452 0.5353115714769181 0.620622089398412 0.49577468222283405 0.6313247531555375 0.5152707989170338 0.6880263735494707
0 0.45739409997074615 0.6348711144264048 0.46812338135841136 0.691991471778298 0.5526006085231966 0.6794987085199511 0.5418712823226414 0.6223783909303746
0 0.4228737896934655 0.6933460943861971 0.4723006149045521 0.6933460943861971 0.4723006149045521 0.6153794676939128 0.4228737896934655 0.6153794676939128
0 0.44667494629623256 0.5386688530639251 0.4616138609495457 0.6292465359069626 0.5299000565000918 0.6203796585530333 0.5149611418467787 0.5298020154723126
0 0.49187452677588106 0.5096878499083877 0.4494928704484444 0.5141646493917956 0.453069207951886 0.5408199148768322 0.49545081946643266 0.536343155155741
0 0.43354678609122616 0.446247312067386 0.44143896340973754 0.5162738812474552 0.47608353983113066 0.5131998962998778 0.46819140732550935 0.44317328735749184
0 0.4981908140028451 0.518617313148921 0.4981908140028451 0.5367166823595277 0.5138818682027808 0.5367166823595277 0.5138818682027808 0.518617313148921
0 0.5480231062431168 0.4948544381107492 0.49881649157374264 0.4143244541429153 0.4348382487696173 0.4451021175819422 0.4840448634389914 0.525632101549776
0 0.4362111812821219 0.4455235981397598 0.4848534224141887 0.4455235981397598 0.4848534224141887 0.35989950472058224 0.4362111812821219 0.35989950472058224
0 0.42974132028095174 0.379049195528807 0.31260882810348983 0.39239816075427525 0.3278533890733985 0.4977116786695847 0.44498590365730545 0.48436271344411647
0 0.36939865762091595 0.6669766404341408 0.3627927894984398 0.7080066196304967 0.4139769521928919 0.7144945573340798 0.4205829099411481 0.6734646179000408
0 0.41266917762252203 0.7595361169075733 0.41707347808255324 0.7126409176506515 0.3647411419256493 0.7087714080313517 0.36033686387206315 0.7556666072882736
0 0.42097242358147485 0.9209152967223126 0.5500636163787169 0.9463690642813518 0.5685421219656296 0.8725873816673453 0.43945092916838746 0.8471336141083062
0 0.3984603545739262 0.8154964881921825 0.37760049200968243 0.8895320134364821 0.4305808897760646 0.9012844023564739 0.45144070752741833 0.8272487975875407
0 0.3445278621455121 0.9763003072831841 0.4222692638066722 0.9825713017864414 0.42853285107493577 0.9214372964169381 0.35079140460088565 0.9151663814383143
0 0.44042229337314154 0.8978877462082655 0.44231344214620044 0.8240569173707247 0.37068868628682544 0.8226125909761808 0.3687976047331016 0.8964433402890879
0 0.5545189139076266 0.7632713889454398 0.5497391710547449 0.821232281911645 0.6197444786934425 0.8257772737683224 0.6245242215463244 0.7678164603267508
0 0.3495865204260738 0.9712939930272801 0.3548454699187202 0.9003666880853013 0.30506637057893954 0.8974607784507329 0.29980735386695806 0.9683880833927118
0 0.3078468311550684 0.8163957527483713 0.30128745640602056 0.8804168999389251 0.35738295500499034 0.8849417720633144 0.3639423297540382 0.8209206248727606
0 0.3831986078606828 0.7588065579193811 0.29246899665014686 0.7522792555221905 0.2867522162662904 0.8148395351944219 0.3774818722897164 0.8213669171162459
0 0.2699858095502363 0.7530873848483306 0.26087615563480865 0.8069736741653094 0.2898029881952093 0.8108236207247557 0.29891257489130185 0.7569373314077769
0 0.3468627033429699 0.7326239470938518 0.3580577026904942 0.6829576324562296 0.3219984505495136 0.6765586828175896 0.31080345120198927 0.7262248384059447
0 0.2676545981968727 0.742971056214373 0.31342229409014777 0.7466629078023208 0.3218273101224073 0.6646278406199104 0.2760596142291323 0.6609360685565961
0 0.41946500758592603 0.6737583818963763 0.42095593243793594 0.6129059732542752 0.3306557407463175 0.6111642247302524 0.3291647710814175 0.6720165538477199
0 0.291853514011736 0.6098103973686889 0.33735757567283864 0.6098103973686889 0.33735757567283864 0.5673464299801506 0.291853514011736 0.5673464299801506
0 0.3710933242775445 0.6105065560107898 0.4401339224256608 0.6105065560107898 0.4401339224256608 0.5687387075020358 0.3710933242775445 0.5687387075020358
0 0.3350039130615593 0.5931032659176506 0.37187788595011934 0.5931032659176506 0.37187788595011934 0.5617773994172435 0.3350039130615593 0.5617773994172435
0 0.3816832599835949 0.5121420198620725 0.3839947536653359 0.5664941644823901 0.40547281004783864 0.565775023221193 0.40316122674031757 0.5114228786008754
0 0.4410392324304791 0.5111205259441165 0.35497092360441906 0.5147571079117468 0.3579724685736165 0.5706853512444015 0.4440407101803414 0.5670487692767712
0 0.22768490605067226 0.8085671887723941 0.21826628966478523 0.8790057353165717 0.26585305279747157 0.8840152305578176 0.2752717139962486 0.8135767635382736
0 0.27028054392810436 0.8153593877239413 0.26661959968824567 0.88465699435057 0.3033271150967098 0.8861837877901059 0.3069880593365685 0.8168861811634772
0 0.2439128858927588 0.9206656688975977 0.30071252943310617 0.9267134377544788 0.304959536649057 0.8953107504580619 0.24815987070226458 0.8892629020765472
0 0.2698860560569819 0.9641409112886807 0.30048360278427866 0.9641409112886807 0.30048360278427866 0.9244614591815961 0.2698860560569819 0.9244614591815961
0 0.2339847917598775 0.9202594570694218 0.23220446526391567 0.9534327603318404 0.26731762767013123 0.9549163718953583 0.26909795416609306 0.9217430686329398
0 0.2777315831569498 0.9996435705924267 0.3459876420389363 0.9996435705924267 0.3459876420389363 0.9780635274582655 0.2777315831569498 0.9780635274582655
0 0.21026006354109306 0.9996435705924267 0.27537792054567045 0.9996435705924267 0.27537792054567045 0.9711021796111563 0.21026006354109306 0.9711021796111563
0 0.13415847755913868 0.9996435705924267 0.21026006354109306 0.9996435705924267 0.21026006354109306 0.9676215454499185 0.13415847755913868 0.9676215454499185
0 0.2456962372587991 0.887791378257329 0.19172386135823927 0.8847982300997557 0.18645179289203034 0.9596445089831026 0.24042415758936767 0.9626375776160423
0 0.19071530245474255 0.9366899620826548 0.19220405388158499 0.8851744611410831 0.1564801029871914 0.8843617193861971 0.154991351560349 0.9358771408031352
0 0.14931923842465125 0.958912723305171 0.18721585266740662 0.9608906599908388 0.18883092042808142 0.9365285270765472 0.15093441821755116 0.9345505903908795
0 0.12412095034875184 0.8898509867416531 0.1201534635344966 0.95908449651364 0.15345739513066722 0.960587034939943 0.15742488194492246 0.8913535251679561
0 0.10199181868991487 0.9996435705924267 0.12866660186722764 0.9996435705924267 0.12866660186722764 0.9683177040920196 0.10199181868991487 0.9683177040920196
0 0.07767069812388147 0.9996435705924267 0.12945116353980246 0.9996435705924267 0.12945116353980246 0.9662293076903502 0.07767069812388147 0.9662293076903502
0 0.059625986914277604 0.9564834843241042 0.11454465980921898 0.9564834843241042 0.11454465980921898 0.9028814160474349 0.059625986914277604 0.9028814160474349
0 0.0 0.9571795634415716 0.06119509345459343 0.9571795634415716 0.06119509345459343 0.9133233185311482 0.0 0.9133233185311482
0 0.07011507121126732 0.9617234419533794 1.9728736719458464e-05 0.9604795971600163 -0.000749117389824597 0.9945902572780945 0.06934612683087543 0.9958341815960912
0 0.1133591235996868 0.8707700847414495 0.05867105783694991 0.8749531599908388 0.06181482771594794 0.9073107790869299 0.11650288227546232 0.9031276243129072
0 0.0 0.9119310807715798 0.06119509345459343 0.9119310807715798 0.06119509345459343 0.8729477873065961 0.0 0.8729477873065961
0 0.0 0.8708593909049267 0.1270975009285231 0.8708593909049267 0.1270975009285231 0.7629591752341205 0.0 0.7629591752341205
0 0.04529871219405344 0.7624584881412867 0.12688134595336018 0.765474618917956 0.128994329735396 0.7204782293363192 0.047411695976089276 0.7174620985596498
0 0.13182387162935366 0.6759789482390065 0.06803541141459596 0.6745277032013437 0.066741069508019 0.7193183625559854 0.13052954092599922 0.7207696075936482
0 0.018044707008395427 0.677335081814943 0.018044707008395427 0.7246719608866042 0.0698251710239136 0.7246719608866042 0.0698251710239136 0.677335081814943
0 0.0 0.7824508219666124 0.03216665046680691 0.7824508219666124 0.03216665046680691 0.7260641986461727 0.0 0.7260641986461727
0 0.0 0.7267603572882736 0.01961381214830844 0.7267603572882736 0.01961381214830844 0.676638923172842 0.0 0.676638923172842
0 0.0 0.676638923172842 0.1318048149478593 0.676638923172842 0.1318048149478593 0.6244291721803746 0.0 0.6244291721803746
0 0.0031832220270770237 0.6276530610621947 0.050082740279546394 0.6238699549572475 0.046307845262703914 0.5870263910448901 -0.0005916705828231161 0.5908094573875203
0 0.05151441128768585 0.538260016922842 -0.0024455971304715644 0.5406539469666124 0.00035023295406728065 0.5902684115431596 0.05431024268510233 0.5878744814993893
0 0.07161483540583988 0.5614529389123575 0.06858762385386552 0.6232312926252036 0.1376001859376434 0.6258936580695236 0.14062729666061513 0.5641153838813111
0 0.06433330093361382 0.5896226317564128 0.12239018690918686 0.5896226317564128 0.12239018690918686 0.5562083688543363 0.06433330093361382 0.5562083688543363
0 0.05273577540281411 0.5616586293770358 0.13618909524926004 0.5559626377366653 0.13270007566208356 0.5157180835835709 0.04924685104302898 0.5214141149862581
0 0.04269174192095293 0.4784666378257329 0.04888369298366373 0.5224192665920195 0.10228153402409715 0.5164967887952973 0.09608958016058072 0.47254416002901056
0 0.0 0.49077208080975165 0.0 0.5436779904443201 0.04158128130628499 0.5436779904443201 0.04158128130628499 0.49077208080975165
0 0.0 0.47336883047892914 0.035304860746632936 0.47336883047892914 0.035304860746632936 0.4350816161314129 0.0 0.4350816161314129
0 0.0 0.49494887361309037 0.036873967286948764 0.49494887361309037 0.036873967286948764 0.471976552957044 0.0 0.471976552957044
0 0.03507414998462022 0.43172380776669383 0.037824681151806 0.46345099533031353 0.09955973352104557 0.4592373826216409 0.09680919675224853 0.4275101950580212
0 0.10149017199545705 0.42600912783743894 0.09615910735949545 0.373976199867671 0.0514525470929699 0.37758236366296827 0.05678361172893149 0.42961529163273615
0 0.03698755115839528 0.43281079022037866 0.06471207628516198 0.43076080421671414 0.06268844380427738 0.409214360240228 0.03496401390490203 0.4112643462438925
0 0.0 0.4350816161314129 0.034520310277280655 0.4350816161314129 0.034520310277280655 0.39818671906809855 0.0 0.39818671906809855
0 0.10160721206104878 0.37231572551913683 0.10504355409596985 0.4251662064841205 0.14281776192954984 0.4232325252570236 0.13938141989462877 0.37038200452972314
0 0.13832631160159117 0.37084102071457653 0.1423208093853249 0.41868888531911647 0.17246239615957118 0.4167077676481067 0.16846789837583748 0.3688599428058835
0 0.1702478887751239 0.41767836580059037 0.20476819905240456 0.41767836580059037 0.20476819905240456 0.3668608128053746 0.1702478887751239 0.3668608128053746
0 0.20555276072497936 0.4162860882787052 0.24085761026838978 0.4162860882787052 0.24085761026838978 0.364772456166022 0.20555276072497936 0.364772456166022
0 0.23850394765711042 0.4169822469208062 0.31382099437293504 0.4169822469208062 0.31382099437293504 0.3605956633626832 0.23850394765711042 0.3605956633626832
0 0.19814752026976643 0.48136383951292755 0.27435762066498026 0.48677350271019953 0.28050931014678554 0.4185437926252036 0.20429920975157168 0.4131341294279316
0 0.20474153538282397 0.4763379224348534 0.2075611176119677 0.4200470467732085 0.15247229577511243 0.417874632596193 0.1496527135459687 0.47416546849552116
0 0.1066991327092511 0.42115899996182815 0.1066991327092511 0.47406494935871335 0.151418632697779 0.47406494935871335 0.151418632697779 0.42115899996182815
0 0.1782415672896017 0.5628381387418567 0.29856789654747157 0.5665196918897598 0.3004276762974945 0.5186635964856474 0.18010133583640212 0.5149820433377443
0 0.14200400465910656 0.5631696769391287 0.18044706728314863 0.5631696769391287 0.18044706728314863 0.5158327978674674 0.14200400465910656 0.5158327978674674
0 0.14200400465910656 0.6042413668057818 0.19299990840245274 0.6042413668057818 0.19299990840245274 0.5638657958189128 0.14200400465910656 0.5638657958189128
0 0.14200400465910656 0.6327827180247353 0.18986170652504358 0.6327827180247353 0.18986170652504358 0.6035452479259975 0.14200400465910656 0.6035452479259975
0 0.21002752945461636 0.6823639015421417 0.21267406670882663 0.6330504774658998 0.142895052961666 0.6301021414393323 0.14024852691067824 0.6794156052778909
0 0.2703693182632962 0.7446374949104234 0.27383227915490777 0.6831836414647802 0.18547722456563762 0.679263792752443 0.182014263674026 0.7407177257227199
0 0.13820842009108847 0.7093758747709691 0.1818465626362312 0.7158292192589577 0.1879321194955431 0.6834309630751222 0.1442940665761805 0.6769776185871336
0 0.18307760633561054 0.7131243478980049 0.13718128624466547 0.7099917930578176 0.13495690882118438 0.7356504160728827 0.18085322891212946 0.73878297091307
0 0.194518169117394 0.7610773043057818 0.13476690216736648 0.7584265096956433 0.13221174959919352 0.8037705014505293 0.19196300534599853 0.8064212960606677
0 0.19303734957209068 0.8060185833163681 0.25204897977181995 0.8098971587438925 0.2573557222117061 0.7463308924572476 0.19834409201197686 0.7424522375050896
0 0.13729993957429906 0.75581301213864 0.1257757671429022 0.7941578818454804 0.15360947887627913 0.8007437143729642 0.16513364010445347 0.7623988446661237
0 0.22930834261856414 0.8054867225671825 0.13168136663899022 0.7992992289291531 0.1254846289994608 0.8762765294177525 0.22311161618225725 0.8824639435311482
0 0.22859093306173137 0.599785402776364 0.2879348284347467 0.601334105252443 0.28909303998457003 0.56639404296875 0.22974907739221961 0.5648453007303542
0 0.1704864501953125 0.5122708895307411 0.28700287716679285 0.5223572373778501 0.2908086566672976 0.4877442996742671 0.17429227450870732 0.47765799158947475
0 0.1396503420478272 0.5172250356270358 0.1765243037331647 0.5172250356270358 0.1765243037331647 0.4921643583316368 0.1396503420478272 0.4921643583316368
0 0.14435765606716341 0.492860477211421 0.1749552027944601 0.492860477211421 0.1749552027944601 0.47267267183682815 0.14435765606716341 0.47267267183682815
0 -0.0010550086018622535 0.3233077157980456 0.005076127255365537 0.3700929722490839 0.061080361252839346 0.36431479189993893 0.054949224082733915 0.31752953544890067
0 0.0548332483232809 0.31180447755496743 0.06079113325883639 0.36466907414240635 0.1019607969667768 0.36101607033794786 0.09600281120221871 0.3081515135128257
0 0.102764023208058 0.35553535188059854 0.1637341447513709 0.34324024709894135 0.15191184336568467 0.29708502455720687 0.0909418170497631 0.309380129338864
0 0.18304647258024734 0.2819355222223636 0.13832995264890785 0.2893749125229031 0.14908566243848087 0.3402738987428746 0.19380228319882295 0.3328344885611767
0 0.13618374010889892 0.304806389327158 0.10758932956689955 0.14129996532725977 -0.02029751821061413 0.1589079220054204 0.008296891631183821 0.3224143559458978
0 0.13358107467404895 0.28259561644314946 0.10465931717344668 0.14145373614680884 0.055916605541884636 0.1493172313180731 0.08483835744087566 0.2904590917332553
0 7.192369293361333e-05 0.20801234540411237 0.08262509921573857 0.19974228054382126 0.07618098321990295 0.14909873738739313 -0.0063721906071017315 0.15736879230710504
0 0.018722570590160668 0.1550644865253461 0.10495429802220999 0.14115301374503766 0.09767362619811742 0.10562250093839068 0.01144190086667233 0.1195339836592783
0 0.15588574962643975 0.16348339167790615 0.14299723755420568 0.10376207183937296 0.10489941343511953 0.11023516825821966 0.11778802633635624 0.16995648809675284
0 0.22442257246782077 0.33208401459436077 0.2204028338237656 0.29463375725264657 0.20444554624403452 0.2959822365826038 0.20846532970097972 0.3334324740431596
0 0.18742961015295176 0.27824341217935666 0.19097781636466363 0.35065544202972315 0.2770136358454364 0.3473363223992264 0.273465373617612 0.2749242925488599
0 0.32584662304400697 0.3518734413171824 0.3235725481254589 0.2782247238904723 0.2743008875461752 0.279422484158693 0.2765749624647233 0.3530712413477199
0 0.3169591962503442 0.3515459588762215 0.36324779717757666 0.3515459588762215 0.36324779717757666 0.31882781485392914 0.3169591962503442 0.31882781485392914
0 0.3627627200492153 0.28185466555120114 0.32068610506435846 0.2828119830898819 0.3217701512811468 0.3203248064370419 0.36384674385955856 0.3193675286606779
0 0.36638599905498576 0.3522420777560057 0.41345913924834804 0.3522420777560057 0.41345913924834804 0.30838585272674063 0.36638599905498576 0.30838585272674063
0 0.3844307382726459 0.3118665067691368 0.41895100373703653 0.3118665067691368 0.41895100373703653 0.2603528547752952 0.3844307382726459 0.2603528547752952
0 0.41345913924834804 0.3515459588762215 0.4675932896819934 0.3515459588762215 0.4675932896819934 0.3132587644098636 0.41345913924834804 0.3132587644098636
0 0.4714698735487794 0.31448724106779313 0.4733890303781204 0.26340161053287864 0.41973294385554333 0.2618146368269035 0.41781378702620225 0.312900267361818
0 0.4723006149045521 0.3515459588762215 0.5201583167704892 0.3515459588762215 0.5201583167704892 0.2624412312958062 0.4723006149045521 0.2624412312958062
0 0.5154341419012711 0.2758857254873269 0.5182072531634315 0.3546238802931596 0.5623442752070714 0.35340003594513436 0.559571119132021 0.2746619010204601
0 0.5631638133403313 0.29120749805959895 0.5593038550557544 0.35285684293566777 0.5983672961264455 0.3547824126501425 0.6022272992239125 0.2931331075363905
0 0.677857341570301 0.3041097535372557 0.5995579746151111 0.3016285253270053 0.5974412377535334 0.35421874204753667 0.6757405598958334 0.35669999013894543
0 0.564877771946127 0.28054064026872966 0.6182273383007526 0.28054064026872966 0.6182273383007526 0.2506070115278909 0.564877771946127 0.2506070115278909
0 0.6174427990346228 0.29307097891642914 0.6668696242457094 0.29307097891642914 0.6668696242457094 0.2478224962464373 0.6174427990346228 0.2478224962464373
0 0.6985572221170613 0.3604847662611971 0.7579193339298825 0.35697331630445844 0.7548922232069107 0.3166839699015167 0.6955300665811995 0.32019543973941367
0 0.6694408534381884 0.2404290513029316 0.6718803775468062 0.29021423538655333 0.7048715823897531 0.2889414833888945 0.7024320582811353 0.23915631918643118
0 0.778547961981461 0.34447029436838356 0.7320707660064473 0.22700149585835708 0.659771800216249 0.24952245457552932 0.7062489961912628 0.3669912729667142
0 0.7457973575452 0.2829255045042752 0.7533572920968704 0.36006670526262213 0.8128404883386104 0.3554771796111563 0.8052805537869402 0.27833599873396786
0 0.7257396008999862 0.27506059777076547 0.7732441771923183 0.2737008855863192 0.7717411528599945 0.23235783778883348 0.7242365765676625 0.23371753009212134
0 0.8574726928173183 0.3512507634364821 0.8511962890625 0.2830299402292854 0.8067568696367933 0.286248779296875 0.8130332733916116 0.35446960250407167
0 0.8615883086396384 0.28105570143907777 0.8517473083585719 0.2242989108306189 0.7958581955247338 0.23192818607491858 0.8056991061800202 0.28868497668337745
0 0.18269901583723386 0.2581931844208062 0.1323537728509889 0.263448609591307 0.13503678779770098 0.2836839110532879 0.18538194115816584 0.27842848588278707
0 0.2390216933823192 0.21821984903043568 0.2325556414768034 0.26842146385764454 0.2745744030206039 0.27268237384212135 0.2810404549261197 0.22248075901491246
0 0.24105073141806627 0.22594258560031555 0.3108348650379153 0.22938254291149227 0.31388373241900697 0.1806876614350061 0.244099643612048 0.1772477041238294
0 0.24985191580482516 0.11777143944358204 0.2483822098562546 0.17906243638029315 0.29721936465359994 0.17998440521936074 0.2986890481957255 0.11869341822322883
0 0.22968127548957187 0.26608668026007737 0.357732271482941 0.28716120517991656 0.36874176787209756 0.2344953008894035 0.24069072706583838 0.21342077596956432
0 0.3737777732367383 0.23171714757863396 0.3723164472986073 0.17985301064357695 0.3440902418677152 0.1804791478458367 0.34555150058651113 0.23234326489973534
0 0.37501608782752843 0.261745112416022 0.43307297940471273 0.261745112416022 0.43307297940471273 0.2338998800768526 0.37501608782752843 0.2338998800768526
0 0.4603450287806305 0.2619956547740228 0.4564594375229442 0.2094185198557105 0.4302574751485637 0.21094304684319015 0.43414306640625 0.26352016188034405
0 0.4528142674203836 0.2575540449409609 0.5134500063813555 0.2640102721969157 0.5192896188968429 0.22083151752086727 0.4586538351229809 0.21437527038375406
0 0.45739409997074615 0.2610489736550794 0.5515403803574707 0.2610489736550794 0.5515403803574707 0.1949165667307105 0.45739409997074615 0.1949165667307105
0 0.5609550308025881 0.2485186350073799 0.6307801906232792 0.2485186350073799 0.6307801906232792 0.20953532166123778 0.5609550308025881 0.20953532166123778
0 0.5618763390091548 0.21556583367263843 0.6834487354877937 0.20734712184446255 0.6790185779902028 0.15575503868078175 0.557446226324454 0.16397376044953685
0 0.6307801906232792 0.2457340998447679 0.6817760943666253 0.2457340998447679 0.6817760943666253 0.21092757930196457 0.6307801906232792 0.21092757930196457
0 0.20539127747567915 0.16687971978700122 0.14341354930278313 0.18239046276974755 0.15298964938753326 0.2125157061151262 0.2149673887636518 0.1970049631323799
0 0.236228730009866 0.20375743952946865 0.2504291730480222 0.16595753225519136 0.20735721896223386 0.15321835197920908 0.19315677592407765 0.1910182294317488
0 0.1929128593635279 0.08119864696788477 0.20510109160615134 0.14848939976397088 0.2596612557790703 0.14070905753766286 0.24747300113000184 0.07341829977128715
0 0.2512291279483297 0.09845218223546925 0.2881938021263537 0.09340623489031963 0.283622528837991 0.06704180590104591 0.24665785465996695 0.07208774827590594
0 0.28793075046175204 0.10790024549254378 0.3350039130615593 0.10790024549254378 0.3350039130615593 0.06334788667262571 0.28793075046175204 0.06334788667262571
0 0.2955153993222857 0.10960568108077158 0.3018282583631608 0.1469482322469208 0.34172728058175017 0.1416379052575326 0.335414376727985 0.10429534415080416
0 0.3037213116840469 0.18395846985062092 0.3581041960639225 0.1736183588978522 0.34873550123755276 0.13482521877226689 0.2943526168576771 0.14516529990329805
0 0.33892667661154324 0.1566293822049318 0.3852152775387757 0.1566293822049318 0.3852152775387757 0.10790024549254378 0.33892667661154324 0.10790024549254378
0 0.3847337182222834 0.1062535289056138 0.38025368397806536 0.05855178584493333 0.3348686229464941 0.061907616034392814 0.33934872441004726 0.10960935909507329
0 0.43540454926119676 0.05024417541702718 0.38404651255334527 0.0542067636496081 0.39197153772026433 0.13507284854056392 0.4433295744281158 0.1311102553376934
0 0.3892052828302818 0.1784359611983408 0.4568379271923183 0.17287945576521782 0.4524469809735224 0.1308020079174725 0.38481433661148584 0.13635851335059548
0 0.007801566355028867 0.03429670054283515 0.06551683736792745 0.027032242069803543 0.06119509345459343 0.0 0.0034798234919969557 0.007264459715604006
0 0.015787394911532186 0.10569821833010994 0.08320048552077597 0.08810543097579907 0.06361492789964494 0.029019435919845533 -0.003798260737795837 0.046612215818722005
0 0.0988835854327276 0.013157259913143196 0.06598295304218578 0.023262381786632227 0.08952757265424238 0.08361426735545603 0.12242810981739286 0.0735091467245394
0 0.084465906308436 0.006141668189232046 0.11141440101657145 0.08385660873562195 0.17810605311008626 0.06564960790379427 0.1511576536293422 -0.01206533326388182
0 0.27845130057762024 -0.01842463365983497 0.17937146829613504 0.005018876973503187 0.18911669222793914 0.03744472043910322 0.28819651330620183 0.014001207631263361
0 0.20304447123657765 0.06835335100900855 0.2511299570226459 0.05487985517768984 0.24137640909651478 0.02747470470515447 0.19329096812333654 0.040948200536473175
0 0.29211143460042677 0.05075192032108866 0.3414623019628763 0.045137968280804665 0.3350165502965538 0.0005277119164358132 0.28566568293410427 0.006141668189232046
0 0.36094031424949524 0.013910170564434039 0.3381629977457324 0.017278545764836114 0.3438744229892277 0.04768494845213253 0.36665176189943555 0.044316573251730454
0 0.4073558925006883 0.035410241738981066 0.4010288053672219 -0.0005190827947486107 0.3691825474586431 0.003896085757774328 0.37550958977921944 0.03982540714624262
0 0.4753663543387482 -0.0077172897537678775 0.4235950979717327 0.0005277119164358132 0.43003255925339573 0.03235133167975112 0.48180381562041114 0.024106329504752392
0 0.42889032349887574 0.03923809784631387 0.4367942417945806 0.09534311698391694 0.47557410689702645 0.0910419575942844 0.4676701886013216 0.034936945912115734
0 0.4472359140538959 0.09043860419953685 0.45375502442123256 0.14365501776580314 0.5058465137005552 0.13863103910067182 0.4993274481461087 0.08541461559382635
0 0.5000256329731094 0.13728368305616348 0.5063526752936858 0.17658138710046825 0.5577282338415473 0.17006919438365228 0.551401191520971 0.1307715102205059
0 0.4719640252873761 0.04345426279869452 0.48180381562041114 0.09147380617620114 0.547949209787422 0.08080282304496642 0.5381093746414969 0.0327832722120254
0 0.5101420980893218 0.13647260137800285 0.5594929654517713 0.13085864933771885 0.5526666179102423 0.08361426735545603 0.5033157505477928 0.08922821939574002
0 0.5197660247309792 0.03308865923058327 0.5275326363315667 0.05605952856206738 0.546339575589666 0.05105331868224501 0.5385729639890786 0.028082446865616093
0 0.6139606134131792 0.10618363669330212 0.5599178364623486 0.11075049782420603 0.5653206577385049 0.16108686714296622 0.6193635243151157 0.15652000601206228
0 0.5521023339987151 0.0871798835282217 0.556462807452276 0.11168404743803441 0.6037035702608755 0.10506567939484934 0.5993430071815345 0.08056151548503665
0 0.5978122436702689 0.017451178833405436 0.5438087228111234 0.024106329504752392 0.5531627862288914 0.08386500852504071 0.6071663070880369 0.07720985536854896
0 0.6018166787123715 0.05250602498504937 0.607079146016887 0.10270172019734833 0.6389097418203928 0.10007445493816164 0.6336472745158774 0.049878759725862684
0 0.6032828668490731 0.0128784167261776 0.6032828668490731 0.049930530262304054 0.6336526968755736 0.049930530262304054 0.6336526968755736 0.0128784167261776
0 0.6804727114594805 0.0431937798614999 0.6763772614376835 0.008066268697235406 0.6373059332983434 0.011652576806879198 0.6414013833201404 0.04678009232014709
0 0.636183460028336 0.046562160032191574 0.6401338955379268 0.09797158505318608 0.691861414524252 0.09484217143602403 0.6879109790146614 0.043432751385319116
0 0.6654730305272577 0.09856654859909406 0.612140761948192 0.10382450861728929 0.6186992628458838 0.1561986171461472 0.6720315314249495 0.15094067700911035
0 0.7286270746575578 0.149489869356932 0.7248308851155241 0.10794659841332452 0.672880332375413 0.11168404743803441 0.6766765219174468 0.15322732832222108
0 0.7538663665278542 0.048807736872073494 0.6905959881349807 0.048807736872073494 0.6905959881349807 0.10943846065757329 0.7538663665278542 0.10943846065757329
0 0.735780556296462 0.047992127260090084 0.719144174180892 -0.007027961532145448 0.6725887797127387 0.004054743614569549 0.6892252514540886 0.05907483427066368
0 0.7310890500240914 0.15659570352262317 0.6793367046966777 0.15889167909901772 0.6817381378487518 0.20150734966663272 0.7334904831761656 0.1992113939713966
0 0.8070134682452276 0.15659570352262317 0.735111768725335 0.1579826031911645 0.7361506659553965 0.20038456124669177 0.8080523206623991 0.19899765163757124
0 0.7172865902624816 0.2335613238306698 0.796963998399642 0.23238302721651058 0.7963620716604717 0.20033623015065147 0.7166846187104212 0.20151452676481066
0 0.7538663665278542 0.07463194011476995 0.7591645048928506 0.11576626557092325 0.7994209995353799 0.11168404743803441 0.7941228611703837 0.07054972695217071
0 0.7643403936937867 0.040603811655448394 0.8277150516818098 0.041775313883728626 0.8286296827677588 0.0028220043120244427 0.7652550247797357 0.00165050317099506
0 0.8455158071195852 0.1474353802708927 0.8404541015625 0.10701488780664699 0.7817052989629222 0.11280684579855456 0.7867669148942272 0.15322732832222108
0 0.7285581972455488 0.11392963421849552 0.740880487248761 0.16176369135853522 0.7829707253521935 0.15322732832222108 0.7706484353489813 0.10539327118218139
0 0.916272044356874 0.3274303125636197 0.9820732307154001 0.313956791880853 0.9715163893286527 0.2733659874732797 0.9057152029701266 0.2868395081560464
0 0.7855014885049559 0.06452681948385332 0.7675625301142621 0.013364230227392738 0.7373602554836637 0.021701489675316828 0.7552993035001376 0.07286407271891542
0 0.9121423572870778 0.08687355463978522 0.8425448917607379 0.10596100748167753 0.8550988644055157 0.1419994143010739 0.9246963299318557 0.1229119614591816
0 0.9246963299318557 0.12740312507952464 0.8220090263915657 0.14238080450300286 0.8335869742910242 0.204875734807614 0.9362742778313142 0.1898980454435566
0 0.8363634913328286 0.2563374770969055 0.9540268145993943 0.24060561587057208 0.9453354441997063 0.18942714032598737 0.8276721209331406 0.20515900155232084
0 0.9474736464356186 0.23631389009059448 0.8831025290244127 0.2500217897495928 0.893061118328974 0.2868395081560464 0.9574322357401799 0.27313160849704804
0 0.7826562284898128 0.04241801706121488 0.8168222032454571 0.11764503503855354 0.9057152029701266 0.08585984419533794 0.8715492282144823 0.010632833673433683
0 0.9735678338094255 0.2730936354845277 0.854619545733526 0.2944266949880395 0.870283801825211 0.36318931952361566 0.9892320899011104 0.3418562799012622
0 0.931023372252432 0.17119198280359324 0.9424872265338198 0.20057734883957654 0.9613931574660426 0.19477059926582857 0.949929303184655 0.16538523322984527
0 0.8573377163924835 0.9011790322170196 0.8943265447182452 0.9504091542396172 0.9457215520603891 0.9200074435057003 0.9087327237346274 0.8707774010077362
0 0.8994334216685022 0.960466555120114 0.8747513780859949 0.9098221670144544 0.8070134682452276 0.9358128053745929 0.8316954222019548 0.986457273004886
0 0.9525586546955305 0.9179863249440147 0.8980323018481553 0.9526243924317996 0.9359710738172266 0.9996435705924267 0.9904975162903817 0.9650054235800082
0 0.8854281387665198 1.0297557321355864 0.9347789613160793 0.9915808065706433 0.8943265447182452 0.9504091542396172 0.8449756325429056 0.9885840798045603
0 0.26198056931012526 0.6326533712082655 0.29358801932762024 0.6316146999694625 0.2921758979427657 0.5977832906020969 0.26056844792527073 0.5988220016032166
0 0.2765969431872935 0.44537389301710095 0.2765969431872935 0.4947767027814536 0.32552598681568923 0.4947767027814536 0.32552598681568923 0.44537389301710095
0 0.3490974101376078 0.5599155289342427 0.33968614306568923 0.49206725875407165 0.2917556426598637 0.49730153037204805 0.3011669321382273 0.5651498403145359
0 0.6986586785001376 0.5958964493841612 0.6733505092178322 0.54050539495114 0.6131952540639913 0.5621441670271783 0.6385034233462968 0.6175352214601995
0 0.6901274245566034 0.7773135306392508 0.7188100044597788 0.8139914049776059 0.7473284347466961 0.7964333201852606 0.7186458548435205 0.7597554458469056
1 0.5461613547259315 0.9083084951394544 0.5345697837078974 0.9515059579855456 0.5864361330276019 0.9624632596192997 0.5980276592327459 0.9192658762978421
1 0.7642422534645742 0.9524318632939739 0.7905997613803231 0.989850827692386 0.8236742733858755 0.9715088685871336 0.7973168550959068 0.9340899041887215
1 0.8535154457484398 0.9300374083876222 0.8720340140590583 0.8869049171671417 0.838201895334297 0.8754690362886808 0.8196833270236784 0.9186015275091612
1 0.7341214038551992 0.44207075783794786 0.7779308884854533 0.4712247270714576 0.805327428069934 0.43881287217528503 0.7615179882525698 0.40965894270409203
1 0.5110267493518263 0.24290652197424675 0.5281736847237518 0.2824639634123066 0.5760151643234903 0.26613717840238194 0.5588682737644548 0.22657973696432207
1 0.4660241663368438 0.1956127054916531 0.5185891934253396 0.1956127054916531 0.5185891934253396 0.1420106471555629 0.4660241663368438 0.1420106471555629
1 0.41211448366946585 0.24293866980735954 0.4392826567662445 0.19726375617111155 0.3944367396148816 0.1762626324880395 0.367268588924548 0.22193752624312907
1 0.43321042053850034 0.20917453827997762 0.471573301699018 0.19679664835479438 0.4594785715514868 0.16728475862683226 0.4211156903909692 0.17966266843317386
1 0.15455683457518815 0.2513031502888335 0.21653648970235637 0.2513031502888335 0.21653648970235637 0.19770110189332246 0.15455683457518815 0.19770110189332246
1 0.22775098265705304 0.2323847767584487 0.1923307623282053 0.2512417373905741 0.21122920950778956 0.27918933781428135 0.2466494298366373 0.26033237718215596
1 0.24982948695335444 0.21727362517813517 0.23099373300695208 0.18840586510077362 0.20359300341725176 0.202481566189943 0.22242877977009912 0.23134932626730456
1 0.1165844753450234 0.2330645135637215 0.1463347447601184 0.2682608837413477 0.17407651164633237 0.24979949851766084 0.14432624223123738 0.214603148221193
1 0.11768287288985063 0.20953532166123778 0.14906497008649963 0.20953532166123778 0.14906497008649963 0.1684636119134263 0.11768287288985063 0.1684636119134263
1 0.2285076707120159 0.1619223827647852 0.19791012398471916 0.09857450106244911 0.13958273059996215 0.12075465696254072 0.17018027732725885 0.18410254860545602
1 0.15829361342823628 0.0938269301423809 0.12218801355572 0.07958854153412562 0.10918218133733136 0.10555349343762724 0.14528778120984764 0.11979187210530334
1 0.1552669732406101 0.11241746337095379 0.17901539627500918 0.1047549567704092 0.16971530998330808 0.08206211052810719 0.145966886948909 0.08972463203952057
1 0.2996990411117038 0.05081753311405741 0.33578845232768906 0.05081753311405741 0.33578845232768906 0.021580048104450834 0.2996990411117038 0.021580048104450834
1 0.2973454009068695 0.28262901678924063 0.32323562241160747 0.28262901678924063 0.32323562241160747 0.2624412312958062 0.2973454009068695 0.2624412312958062
1 0.36403235885015145 0.3863524993001832 0.3969835457822825 0.3863524993001832 0.3969835457822825 0.35711498943912867 0.36403235885015145 0.35711498943912867
1 0.35668340338484306 0.4841924114413681 0.3220966131851712 0.5091270024302728 0.34561475398081865 0.5348101190324716 0.38020147696115547 0.5098755678058835
1 0.3690857740225771 0.4954607339169381 0.385976738166529 0.5204395406020969 0.41170547642196675 0.5067421381947272 0.3948145122780149 0.4817633315095684
1 0.20712186166368393 0.6313904405028502 0.240073048595815 0.6313904405028502 0.240073048595815 0.5979761776007736 0.20712186166368393 0.5979761776007736
1 0.11604911815402441 0.9008830415309447 0.1493603318448284 0.8943148634721091 0.14182864061711292 0.864242066622557 0.10851743812953148 0.8708102446813925
1 0.16710967569449225 0.35572275167956025 0.19064624579117337 0.35572275167956025 0.19064624579117337 0.33275043102351387 0.16710967569449225 0.33275043102351387
1 0.5757767149355268 0.8274547663884365 0.564411269760692 0.8879616404977606 0.6085582850788134 0.8944902152890879 0.619923685440758 0.8339832616551303
1 0.40395221906261475 0.8078800164138844 0.4098132969524367 0.8286820700580212 0.4430413827321953 0.8213112498727606 0.4371803496552634 0.8005092757532574
1 0.4588424973900973 0.7481797606626629 0.46322394327620225 0.7792807314993893 0.49759937347994676 0.7754680819930782 0.4932179724067318 0.7443671111563518
1 0.3726624252162491 0.9202846663782573 0.4111055214499587 0.9202846663782573 0.4111055214499587 0.8931355926811889 0.3726624252162491 0.8931355926811889
1 0.8359163483158958 0.1967457128270053 0.831842049978203 0.15336477671073392 0.8047019297505965 0.1553715510166429 0.8087762280882893 0.1987524970734935
1 0.88654433823192 0.03619879060925412 0.9438166457300844 0.03619879060925412 0.9438166457300844 0.0 0.88654433823192 0.0
1 0.10666811098611302 0.4765737527356474 0.11020242520190895 0.5079340931646987 0.14508005105801441 0.5048394318123982 0.14154573684221847 0.47347905162103016
1 0.32923517213168824 0.7661532026160424 0.34944887763428095 0.7362605290614821 0.3173745669282305 0.7191848406962541 0.29716079420630276 0.7490775142508144